1000 24414
100
719 326
847 386
43 183
66 36
400 133
330 741
924 75
714 399
630 164
707 369
588 364
511 102
683 291
867 581
19 732
634 979
180 475
571 374
825 88
740 745
774 523
318 823
424 187
857 360
153 570
35 491
588 677
344 918
227 734
175 340
422 535
641 764
65 29
222 889
310 58
876 461
509 326
315 820
262 561
747 375
824 365
71 121
775 519
256 814
600 53
830 908
527 760
173 346
943 63
408 841
362 789
410 418
819 942
892 687
278 868
409 646
790 283
529 815
716 956
867 319
550 77
376 106
514 133
695 570
614 926
633 875
221 439
20 190
76 813
714 113
541 295
720 112
628 259
489 547
75 44
855 343
640 859
993 194
131 274
62 816
628 454
851 948
729 258
101 141
542 443
48 378
618 210
912 564
477 131
388 414
433 176
90 801
454 62
766 552
995 75
452 190
443 264
42 243
336 6
921 755
