1000 24045
100
740 789
964 155
693 151
770 417
849 297
4 218
2 974
966 48
906 647
653 151
627 411
405 602
219 144
47 557
436 370
857 468
270 473
909 998
17 929
111 703
347 163
979 129
455 594
994 814
919 725
447 833
140 781
516 312
472 502
331 904
567 328
873 455
167 792
661 77
624 643
879 646
6 608
500 515
572 679
659 889
494 931
909 63
799 584
568 830
113 656
284 291
841 459
876 94
287 821
490 131
859 650
508 567
880 942
358 780
262 989
554 326
876 971
176 518
594 497
603 451
408 253
667 135
182 719
604 292
68 951
96 933
160 554
321 562
412 7
66 416
195 151
158 200
101 288
842 12
833 96
751 908
971 824
981 357
319 219
70 785
297 426
314 844
92 592
103 542
232 281
309 438
473 932
479 519
485 460
2 366
252 492
717 284
498 123
798 301
842 138
118 598
531 649
691 663
553 3
968 992
