1000 27303
100
31 898
428 231
605 96
840 346
269 448
572 791
646 114
421 387
348 287
849 936
467 939
715 923
723 28
434 462
725 524
22 680
676 228
416 364
997 50
495 881
688 435
14 756
392 790
425 43
942 343
807 907
977 951
366 401
992 83
654 351
725 482
932 176
930 863
633 438
432 474
299 941
581 760
117 855
221 803
623 7
578 807
694 819
755 823
713 76
67 343
714 786
276 787
488 508
679 70
897 74
548 643
984 60
899 131
725 388
82 119
570 120
849 103
975 600
885 678
532 620
534 447
659 105
314 589
172 563
976 15
788 517
650 671
229 578
415 469
987 779
340 251
858 574
279 39
699 445
907 687
381 155
27 951
537 296
758 614
262 748
964 419
603 41
412 671
133 896
812 421
613 369
386 451
892 574
724 897
740 5
872 848
499 114
69 110
209 396
470 325
862 819
403 693
805 855
573 275
29 399
