1000 25610
100
668 178
156 984
413 618
923 707
352 120
146 182
479 717
335 341
925 512
869 49
419 970
296 981
471 260
671 873
319 847
159 902
419 681
131 561
515 124
274 824
115 916
909 958
135 489
82 699
832 277
840 318
11 312
755 27
949 437
800 828
123 921
909 436
655 552
69 378
650 241
363 519
345 701
106 511
326 936
470 710
904 609
410 631
818 846
658 625
707 200
943 22
339 705
489 418
866 945
868 223
636 951
341 220
63 537
820 616
80 155
25 951
787 869
630 840
909 566
301 218
33 767
222 353
852 407
45 610
594 667
697 126
726 307
647 270
263 251
477 8
294 886
65 138
510 868
983 349
630 100
295 36
118 528
612 301
649 23
971 696
876 854
32 48
923 374
937 727
339 764
847 131
477 180
640 556
738 353
987 398
134 52
327 41
997 218
293 545
528 449
489 439
767 826
967 777
788 46
865 531
