1000 30144
100
513 578
221 115
237 973
81 196
233 914
103 557
589 915
222 135
316 594
773 987
879 318
872 860
9 35
225 117
37 24
465 796
786 621
707 607
190 109
410 852
674 315
976 704
724 873
770 445
737 426
839 820
390 795
795 663
575 353
686 542
748 366
264 10
326 93
832 251
103 239
490 11
60 325
550 581
725 914
566 401
981 285
937 440
897 279
562 368
538 465
735 301
673 320
989 255
818 936
448 371
923 818
121 836
128 849
933 906
62 533
822 224
11 657
811 627
941 498
949 519
326 27
432 228
446 498
988 329
925 688
414 217
584 415
348 514
27 466
180 154
161 760
362 880
210 201
928 218
750 693
434 869
359 117
132 70
847 256
403 791
964 873
585 468
899 837
802 677
44 450
38 803
464 672
823 847
185 893
191 304
601 967
870 920
980 681
925 217
565 161
593 568
264 932
189 569
576 120
864 428
