1000 27575
100
882 106
922 997
889 409
48 181
423 927
383 934
45 96
597 583
360 814
504 52
907 400
537 853
206 693
486 504
811 3
991 722
500 921
851 572
129 773
622 500
582 95
370 322
41 995
932 938
955 378
985 166
514 896
647 414
663 881
200 62
327 690
523 157
842 557
238 972
774 397
711 850
902 561
110 778
523 56
385 924
115 877
170 506
35 155
455 708
20 531
69 424
852 180
274 866
754 314
679 609
706 407
480 741
468 311
803 96
895 51
486 272
559 721
65 983
270 428
642 945
278 468
657 965
797 809
565 412
916 759
789 723
985 59
398 202
347 45
533 671
373 393
323 550
125 785
404 179
788 463
498 520
348 345
806 697
493 749
38 83
405 271
408 850
331 495
983 230
754 894
970 587
438 332
488 218
307 96
668 329
938 891
960 766
223 906
760 680
260 815
639 591
325 893
753 297
338 71
228 965
