1000 24219
100
608 517
678 930
918 573
371 718
387 782
771 155
711 967
72 944
918 482
538 512
52 515
328 501
829 649
878 741
874 3
583 281
253 249
422 225
865 165
119 652
652 498
309 664
443 507
793 257
695 841
928 759
741 146
775 479
58 147
316 796
489 172
768 352
765 284
228 302
310 438
249 266
953 266
685 207
363 830
666 27
810 900
47 246
678 920
304 130
542 230
339 229
946 357
188 802
82 14
470 640
325 54
643 32
411 901
1000 390
381 350
23 563
930 916
726 556
160 913
273 785
2 682
711 122
760 857
449 252
56 422
97 737
67 606
401 655
102 33
168 15
794 577
137 743
97 699
660 973
348 209
73 818
313 940
562 51
754 393
225 929
752 728
414 448
505 183
609 227
900 900
800 89
931 460
85 690
250 372
645 959
387 98
134 172
307 998
791 441
545 909
216 552
483 992
313 317
476 532
794 588
