1000 26048
100
497 159
981 613
824 700
354 109
96 612
956 39
970 50
185 941
965 647
174 280
672 310
463 623
575 252
27 54
404 459
11 733
26 221
610 536
877 95
202 673
75 719
407 383
117 999
441 39
252 319
602 841
822 907
397 118
111 659
401 595
439 603
539 968
329 951
846 427
171 28
36 785
865 996
499 872
205 224
419 410
625 306
339 950
101 650
740 59
705 385
442 947
929 891
442 178
878 889
550 617
49 81
287 128
864 452
990 713
503 539
365 393
513 649
42 763
59 448
893 770
850 124
597 74
840 574
510 150
969 665
947 570
691 355
441 586
816 391
961 81
616 705
524 157
822 197
915 756
644 849
164 430
294 19
938 233
381 832
512 917
869 45
328 245
415 676
607 566
6 388
843 436
345 248
167 274
977 485
915 141
614 792
932 979
857 33
412 917
581 269
398 833
275 856
372 531
274 561
885 950
