1000 24742
100
880 564
650 6
58 422
233 96
637 364
203 775
423 367
68 207
732 925
619 474
964 434
355 243
230 565
210 198
294 887
993 937
105 19
731 146
436 458
793 837
800 652
156 173
13 307
349 803
516 151
156 456
184 399
283 88
449 601
410 264
148 757
168 498
95 910
32 610
205 445
155 827
924 107
18 452
758 214
521 162
652 790
659 482
169 969
274 599
57 450
637 26
870 447
9 445
968 71
414 955
229 892
668 689
143 866
140 296
929 976
584 651
426 815
810 150
470 614
219 468
783 694
704 941
972 956
272 971
57 145
67 421
967 601
737 861
222 312
366 321
786 43
835 145
660 571
198 620
892 982
389 29
91 592
159 206
50 846
297 491
372 457
124 754
58 87
590 915
438 945
704 705
938 606
674 775
584 412
266 712
488 663
565 693
655 579
448 647
317 521
667 742
568 703
57 941
250 639
976 928
