1000 22525
100
127 127
168 940
134 42
820 428
805 407
366 843
40 852
711 290
75 688
774 717
351 655
771 785
913 434
147 112
413 359
749 176
243 52
605 773
94 551
550 105
458 154
934 639
557 699
776 497
478 439
441 560
345 889
269 338
209 2
160 824
193 350
162 171
461 308
186 137
767 867
556 147
18 865
518 192
981 807
949 1
251 814
486 711
17 909
688 9
697 691
574 793
298 754
991 522
692 342
815 138
72 118
315 861
539 135
335 599
126 920
35 985
628 471
98 751
340 936
799 618
862 640
351 233
999 411
714 416
716 337
568 696
543 525
501 282
24 748
829 729
240 475
117 832
850 972
92 813
148 108
277 976
231 930
93 914
120 232
556 852
74 663
87 163
27 377
426 438
360 37
609 738
938 93
579 528
122 94
30 296
510 819
755 265
497 534
284 170
597 804
230 67
507 99
902 510
908 988
557 138
