1000 13554
100
11 847
459 105
39 273
972 206
69 795
715 555
27 1511
66 658
70 1851
62 1170
273 344
48 1197
24 1665
72 623
86 555
82 1156
7 937
50 751
441 583
472 260
441 95
97 1209
71 1585
290 804
92 830
70 448
17 1314
999 691
715 732
742 524
53 52
36 1654
536 856
78 562
448 922
98 361
4 1670
60 542
761 190
25 1674
93 112
5 649
2 1084
171 443
62 159
28 143
30 140
95 1522
763 675
53 526
666 956
19 1030
75 1199
255 750
588 819
442 996
355 266
50 1918
349 834
63 1031
433 126
413 931
461 586
70 1322
80 1020
946 111
462 617
458 36
59 284
73 1531
47 1006
391 417
61 175
267 188
405 988
668 539
62 1933
541 43
50 318
563 176
111 272
64 1330
809 55
312 71
35 1202
829 152
26 1756
427 558
429 540
217 644
33 840
660 801
33 725
585 833
76 1986
58 1116
11 784
30 114
20 1587
71 348
