1000 15909
100
23 1201
371 127
15 349
77 826
12 1141
330 467
690 454
579 889
2 1029
926 789
27 1247
818 633
23 151
252 766
67 608
9 590
86 941
86 603
11 262
56 382
818 971
44 405
404 568
19 1597
81 1214
108 20
791 1
54 203
89 1369
290 515
91 157
934 479
89 1745
40 1075
632 386
853 567
9 120
26 64
595 63
819 889
31 1741
279 110
56 66
874 812
733 589
885 89
1 625
100 1947
229 138
12 209
66 177
745 390
93 1554
37 618
840 862
16 1584
21 319
67 390
220 734
65 268
6 734
37 70
336 559
233 121
67 1637
91 442
477 922
24 1924
713 273
250 305
973 209
58 863
468 812
387 50
476 10
93 568
36 47
868 144
862 781
18 341
10 1981
21 131
832 139
847 960
72 1195
81 526
14 1487
32 156
80 851
544 513
80 701
948 921
150 1
187 215
465 671
10 774
673 968
946 370
35 68
121 937
