1000 53976
200
108 817
419 626
74 226
472 704
910 942
261 250
759 732
864 41
953 866
747 928
968 74
906 749
229 108
668 456
749 363
711 564
215 644
276 898
261 130
916 441
455 629
344 888
74 20
143 488
749 691
874 951
217 119
504 151
821 954
547 593
722 260
115 872
739 783
302 14
945 427
105 656
200 935
204 904
106 951
808 23
665 193
332 161
503 523
365 108
556 485
924 851
568 72
454 162
506 50
870 895
643 971
637 655
244 686
665 418
730 347
791 885
891 942
527 749
915 283
174 336
146 733
109 497
925 380
111 68
858 559
333 909
334 997
37 575
446 943
612 208
268 916
518 633
511 201
679 156
130 485
816 713
914 540
138 496
47 804
596 587
431 350
2 204
891 909
138 34
131 282
181 794
849 431
442 235
220 69
603 995
277 21
224 907
192 971
664 821
671 936
553 352
770 230
120 618
106 1
791 998
998 918
328 637
622 620
236 126
855 15
656 305
411 670
757 118
815 433
366 748
20 549
315 339
647 7
384 504
107 202
468 304
905 429
79 69
418 763
75 721
584 193
455 430
149 671
251 664
200 579
176 708
174 500
663 764
900 880
933 499
52 127
100 771
816 152
20 200
882 616
699 277
956 999
442 652
119 466
63 603
843 379
796 352
272 765
364 387
802 529
872 378
229 887
993 403
630 839
664 362
68 769
245 659
755 178
373 372
270 778
826 447
876 783
432 36
334 320
270 345
510 239
244 6
265 37
321 515
805 917
303 701
644 887
782 658
170 565
625 874
982 287
115 443
64 749
757 108
516 670
642 657
878 579
973 122
39 830
589 319
366 566
163 25
105 504
892 333
95 21
973 636
279 510
749 608
891 564
774 584
886 848
997 892
537 252
395 787
756 272
916 708
959 524
170 45
725 356
840 250
