1000 47676
200
997 737
502 743
919 346
73 243
60 787
285 643
808 471
284 361
385 561
244 222
658 191
767 666
231 585
967 644
708 315
435 491
292 923
231 646
805 575
940 925
480 635
982 157
758 908
185 68
531 125
993 108
928 173
438 784
777 289
30 805
295 202
499 915
164 338
804 779
672 413
246 862
361 273
718 90
265 535
821 691
552 465
960 852
533 253
325 67
309 224
97 967
284 463
960 798
969 408
89 422
314 659
421 677
93 430
107 945
570 246
246 586
194 949
728 175
725 744
483 683
455 394
948 219
493 702
673 930
829 835
216 613
477 23
598 711
749 229
835 460
410 528
718 374
260 36
699 450
509 736
582 664
716 953
516 38
366 521
626 503
235 631
406 219
988 375
618 95
722 138
492 174
14 901
183 631
263 927
943 166
312 384
103 86
339 684
876 546
56 986
121 690
327 971
29 43
403 285
684 540
296 371
185 452
182 200
784 53
562 465
41 436
307 1
958 854
548 198
532 531
414 437
489 629
934 207
274 946
118 113
457 117
298 794
873 191
70 205
780 847
813 323
372 338
772 315
339 645
779 27
197 276
21 534
997 929
166 186
661 769
918 62
551 775
286 973
522 702
815 398
581 50
110 960
785 352
788 927
726 20
198 111
115 985
302 873
992 361
641 825
714 454
638 542
981 89
194 344
26 572
812 538
600 128
449 733
291 378
173 216
803 220
438 365
2 581
814 723
868 64
504 748
673 212
921 580
600 502
989 988
217 684
873 118
331 3
16 687
561 206
58 203
284 968
301 659
727 954
189 923
485 421
53 825
145 779
282 342
441 655
356 860
208 162
856 511
721 344
819 709
856 104
783 928
401 184
274 110
819 49
424 468
612 990
880 698
618 384
329 704
294 870
151 977
223 854
796 254
964 73
