1000 57159
200
823 784
405 397
510 781
917 908
764 94
775 378
323 998
401 584
50 430
999 839
613 396
768 60
852 389
570 66
287 152
408 802
774 490
916 476
739 413
15 333
454 493
448 22
242 688
782 310
400 502
386 350
988 899
821 824
163 991
722 354
565 340
478 450
646 20
752 979
914 951
790 615
102 786
264 924
289 426
21 325
124 159
861 7
994 1
82 197
288 831
818 109
433 150
394 439
621 368
39 600
6 878
250 269
214 826
728 852
830 148
720 587
432 730
782 866
766 376
481 813
196 268
824 284
655 253
462 841
353 318
474 204
505 231
713 315
795 632
587 917
368 823
852 517
865 282
753 218
88 505
798 956
516 670
462 589
608 459
728 456
15 84
716 763
39 874
822 790
489 664
665 824
620 374
521 338
49 902
216 721
523 983
392 465
604 939
614 965
537 383
677 868
571 770
976 556
295 652
204 626
726 478
159 554
913 343
592 455
536 698
185 297
982 296
76 11
140 705
478 334
438 46
133 996
861 852
649 316
754 562
295 976
585 238
787 694
723 607
550 634
877 945
988 40
93 276
497 201
954 190
559 286
786 311
982 726
853 777
517 887
193 743
141 872
79 285
82 374
719 792
687 242
544 913
422 930
420 803
491 67
644 990
170 962
392 801
296 49
766 295
754 767
749 145
201 706
677 707
975 47
204 2
730 725
165 746
12 661
910 656
267 907
364 257
581 664
145 340
251 921
321 205
425 630
869 976
80 387
967 904
198 215
74 85
678 998
290 931
329 919
812 186
947 710
29 578
578 668
339 617
196 363
877 572
814 367
23 668
42 417
71 212
604 654
849 766
279 703
60 180
254 556
53 514
630 364
409 93
24 778
902 649
365 621
329 876
906 994
967 874
917 146
149 668
979 545
91 370
865 85
