1000 50473
200
878 68
874 495
348 785
463 505
510 122
7 100
193 801
125 822
653 722
894 884
130 948
840 464
807 586
652 600
621 332
183 859
535 359
332 374
357 575
578 40
655 364
636 579
361 954
291 39
824 882
806 582
951 708
531 90
436 418
415 524
580 76
173 263
899 984
446 906
830 864
872 826
324 453
487 305
139 978
290 374
289 981
740 329
820 162
307 612
737 372
351 252
949 632
768 626
243 289
724 50
776 652
452 762
535 869
641 78
484 674
3 475
711 499
569 149
25 562
417 311
408 426
983 682
73 66
965 325
404 132
275 60
979 962
950 22
535 236
325 933
769 894
451 159
310 191
810 372
313 81
312 636
752 916
83 777
645 755
295 503
631 405
121 362
791 105
753 488
645 876
636 208
30 352
991 357
314 746
851 676
307 12
549 716
776 848
832 177
395 464
105 332
968 191
24 30
407 554
507 446
959 499
283 666
380 383
317 690
631 828
30 124
95 846
659 877
366 7
241 118
199 194
339 304
559 610
92 706
767 189
696 925
260 959
216 90
212 540
748 121
608 421
587 318
697 179
254 701
240 310
705 450
157 469
975 159
285 236
772 991
859 465
774 799
150 931
278 100
752 425
595 574
755 233
208 82
975 197
91 121
220 277
974 231
743 809
984 975
782 161
550 272
272 32
587 15
28 839
949 875
246 129
419 43
313 459
808 341
621 653
173 414
986 141
434 458
915 680
440 631
795 123
31 3
473 378
853 157
146 697
785 80
854 571
455 604
797 89
667 98
535 405
182 505
396 116
633 752
805 908
796 833
223 710
362 288
466 498
432 551
600 621
2 947
290 405
765 200
931 897
50 596
799 867
936 711
679 883
785 653
94 983
679 180
35 718
364 119
243 748
862 435
114 487
512 116
566 382
801 397
