1000 52486
200
827 74
144 561
195 971
39 678
325 694
365 6
829 111
146 879
200 548
120 779
668 32
928 627
863 897
361 678
965 654
742 515
866 842
712 690
235 412
59 130
907 688
48 161
464 45
518 651
266 248
636 668
750 115
885 313
829 448
374 784
169 120
619 19
109 694
351 744
667 649
776 398
893 764
268 492
59 898
389 692
987 405
949 82
206 148
387 266
826 468
935 340
472 156
661 785
224 740
751 443
883 700
214 216
669 422
3 684
973 467
726 88
349 528
227 141
632 172
778 555
565 40
416 984
57 897
312 282
115 60
949 317
829 938
724 799
735 148
542 621
120 663
945 856
67 740
449 147
828 683
197 523
113 152
445 206
378 388
978 308
280 852
151 526
923 965
927 882
787 940
574 548
65 691
548 62
546 464
369 339
188 319
490 146
985 279
670 728
587 256
375 769
465 826
42 833
875 566
644 248
48 268
192 430
840 788
926 3
235 931
926 781
562 150
382 265
338 227
441 872
397 590
812 514
362 877
6 543
159 473
289 596
322 919
687 190
380 686
495 159
401 882
257 566
318 978
305 950
372 247
481 216
754 944
620 417
741 691
919 8
983 816
370 281
620 102
688 637
441 366
939 609
289 769
287 447
524 758
860 270
947 974
147 418
592 354
529 337
422 944
860 860
267 964
59 573
246 208
273 54
738 788
20 956
518 472
14 703
639 568
474 319
825 845
490 709
659 963
395 731
234 83
922 532
33 107
565 912
353 899
981 554
158 40
756 423
994 34
714 441
738 411
350 206
76 35
368 98
521 53
212 527
923 852
692 996
604 977
388 377
971 730
260 990
431 549
34 53
218 743
411 57
345 691
983 961
421 783
542 709
894 272
444 699
708 570
199 715
184 289
894 463
125 792
191 179
475 651
261 789
