1000 57993
200
752 3
271 300
551 635
653 213
370 203
742 579
619 114
913 331
728 672
378 567
400 230
594 347
286 856
57 525
375 345
411 468
64 795
45 774
915 735
597 825
879 960
168 202
651 971
523 188
785 218
897 946
134 485
930 433
235 568
988 439
947 410
261 684
940 276
184 679
424 659
884 641
278 286
671 873
60 998
189 706
505 615
78 6
944 209
155 461
982 219
882 761
379 515
275 150
511 358
370 839
616 657
132 546
612 861
290 64
620 393
208 573
376 77
944 516
654 588
426 63
405 737
619 258
5 593
437 498
554 754
453 17
798 807
176 139
807 850
102 157
622 795
500 672
344 804
721 640
689 276
703 981
98 352
835 138
969 762
391 217
10 320
510 156
475 126
103 824
572 956
134 397
836 276
155 751
947 908
468 777
361 984
473 549
93 937
188 156
589 475
735 479
327 839
606 495
769 428
824 407
824 206
52 681
495 969
449 148
781 816
715 961
357 703
69 742
906 779
60 709
959 544
518 777
356 898
881 748
729 931
393 518
157 301
755 955
969 474
767 726
766 835
74 328
197 262
33 479
502 998
524 487
201 693
336 471
926 215
785 591
346 856
411 575
417 743
873 928
409 984
880 468
535 244
913 124
694 620
55 988
346 741
608 807
562 204
771 478
859 288
967 630
120 395
264 502
145 391
855 549
149 918
692 671
828 577
375 725
995 794
63 854
915 777
965 397
660 314
167 399
138 710
218 73
434 14
542 209
643 745
293 945
13 356
902 33
81 529
606 784
489 709
777 576
569 449
694 980
325 736
807 294
26 34
618 426
930 338
100 783
870 940
390 37
630 778
964 684
715 905
81 386
818 987
209 679
718 782
839 940
58 128
495 731
127 80
215 426
16 519
281 513
211 190
243 442
439 374
715 403
