1000 48782
200
775 276
385 461
193 622
455 90
917 818
349 892
833 624
47 5
668 32
829 148
401 601
386 482
261 850
418 635
452 533
514 503
257 614
707 55
642 55
205 428
423 10
967 254
968 254
589 826
955 707
838 312
492 838
631 764
806 303
366 622
91 750
252 449
104 113
982 627
826 940
766 351
518 615
660 285
890 330
377 345
307 745
957 282
792 657
718 550
190 888
369 371
607 884
115 154
306 245
941 1
880 234
419 462
766 109
694 676
408 974
951 724
703 749
178 618
466 422
68 899
173 41
252 845
147 196
547 334
313 164
304 814
198 111
787 581
849 253
990 844
883 162
257 605
469 729
840 157
687 558
405 124
565 653
181 545
637 376
692 609
802 77
255 450
702 602
983 249
799 556
628 263
207 669
662 66
58 253
449 57
830 138
107 958
935 197
856 876
290 667
777 550
394 788
594 141
664 815
66 451
156 104
888 238
65 734
194 854
397 676
98 836
114 196
445 552
452 488
205 615
601 560
748 850
100 58
188 496
349 607
956 14
487 261
787 589
735 183
592 941
179 927
905 5
10 741
117 249
722 732
209 135
822 775
48 928
597 518
757 457
933 149
767 147
167 557
556 909
14 882
978 864
259 906
148 88
974 807
781 390
235 540
562 256
252 291
205 663
377 244
751 622
775 954
915 374
253 724
815 760
444 668
29 732
28 345
1000 142
805 247
859 832
187 467
247 955
994 54
254 811
950 948
401 290
546 584
263 66
574 230
783 977
941 109
113 558
192 329
955 825
451 824
45 8
603 181
525 121
339 176
628 830
405 349
317 637
358 969
851 635
693 241
114 755
330 273
806 509
541 261
407 313
132 886
721 1
389 844
856 548
143 100
493 191
895 767
764 209
102 941
377 740
315 290
646 947
861 782
171 729
