1000 49983
200
663 342
655 413
148 459
488 427
470 392
687 759
67 556
405 855
373 789
564 769
249 491
230 40
893 150
641 932
939 196
286 443
656 379
584 403
960 994
348 283
320 781
433 167
899 791
102 125
331 819
930 292
579 721
964 37
740 292
669 900
439 220
696 331
552 839
226 459
411 358
454 32
599 29
931 469
114 190
850 195
373 883
505 454
394 406
814 150
951 318
718 331
809 32
195 267
309 504
42 885
487 124
201 87
79 623
380 984
910 491
324 476
938 726
897 637
472 379
848 669
706 979
716 907
495 107
690 2
996 377
636 38
8 927
991 449
910 370
526 57
938 497
506 484
979 327
346 135
739 360
22 884
433 953
105 198
248 493
969 363
500 798
964 436
850 762
118 266
773 271
476 512
547 952
714 795
890 709
196 684
647 842
668 157
672 920
10 944
219 878
148 749
915 699
276 809
749 825
877 333
643 968
22 909
988 121
704 333
246 326
660 968
545 483
285 93
759 934
214 232
840 327
461 934
803 140
133 230
308 246
117 191
875 526
400 87
37 961
777 391
556 678
88 46
579 317
949 15
917 999
517 203
777 942
880 563
800 59
760 728
672 303
9 628
380 357
306 436
706 214
492 12
951 545
695 651
197 282
963 533
642 856
918 374
809 115
387 926
275 317
329 412
381 309
416 937
118 329
790 264
651 556
303 456
649 2
661 384
53 993
937 568
310 509
732 981
395 862
719 591
265 503
410 228
313 596
300 744
1 727
24 133
645 488
958 598
538 713
378 933
942 811
642 130
486 877
345 89
827 328
384 313
41 275
192 264
81 873
176 469
514 666
960 45
99 66
221 122
707 458
484 619
272 947
879 340
503 31
524 347
750 792
148 82
255 487
258 841
675 156
82 893
863 259
18 268
323 882
639 237
