1000 57502
200
455 294
24 725
965 1
643 13
200 323
389 871
977 824
259 570
602 662
853 908
955 887
924 981
507 974
510 171
350 87
520 863
207 568
260 712
508 808
802 30
55 229
395 428
686 450
397 690
388 697
197 840
712 711
409 948
794 290
123 486
885 430
7 464
280 15
585 142
527 685
501 626
767 758
20 934
261 213
26 176
644 651
525 317
729 825
57 538
123 789
422 278
808 912
894 636
763 155
44 199
774 883
975 410
876 566
709 449
867 545
221 960
217 42
286 519
570 370
606 852
984 581
475 149
405 294
406 552
925 415
91 26
191 963
636 442
352 84
244 63
268 901
89 571
711 799
267 588
321 356
967 615
921 228
78 844
366 873
11 972
609 22
225 880
565 876
149 160
287 890
954 752
198 823
312 309
831 892
27 810
919 16
704 307
834 978
214 511
612 571
226 67
633 174
599 562
662 515
520 791
581 385
771 915
60 156
503 254
952 986
188 308
503 291
979 655
344 923
275 705
169 190
134 727
513 859
297 328
470 424
121 797
492 336
800 123
647 86
473 178
127 813
564 875
659 805
692 389
449 831
123 945
292 931
279 919
881 959
467 514
547 353
257 822
15 836
653 934
394 545
247 498
673 828
884 761
339 243
882 579
709 78
852 686
489 780
359 605
179 518
160 31
352 139
711 925
856 923
572 139
450 198
907 8
641 542
783 301
212 781
934 544
128 857
475 296
105 246
604 91
345 821
36 334
511 710
348 730
636 475
934 635
164 622
229 740
646 846
218 522
664 9
330 546
392 514
565 758
835 959
520 921
771 769
762 975
512 818
601 770
59 613
661 885
474 646
34 568
770 556
39 756
102 583
32 489
815 792
167 563
291 31
642 212
512 989
383 148
293 119
408 962
598 931
322 961
327 549
794 897
