1000 51964
200
363 508
171 259
312 783
779 42
917 145
880 159
173 801
58 760
984 926
519 609
53 818
507 303
723 137
275 387
365 762
946 581
555 895
42 336
776 299
609 653
189 240
811 527
634 155
891 7
622 392
467 886
53 190
892 452
853 813
74 631
283 883
962 755
243 328
800 902
978 280
460 385
630 175
198 120
169 115
774 400
855 860
505 694
887 570
2 438
588 836
534 621
118 790
412 252
955 214
467 46
635 159
312 141
934 780
446 944
171 789
931 32
544 105
240 952
47 498
863 661
504 747
988 126
351 524
190 508
657 177
36 99
769 35
144 993
444 617
805 590
421 853
378 853
912 757
424 142
380 120
579 845
538 641
3 790
755 769
627 486
130 964
964 430
82 94
769 329
79 233
885 472
219 486
928 861
895 516
300 282
293 919
619 706
176 122
771 337
656 966
775 772
364 610
937 391
249 648
699 514
695 912
114 9
695 644
707 386
933 506
280 525
258 401
181 113
166 414
816 78
723 414
718 249
479 177
535 959
572 850
712 204
482 542
556 923
696 372
454 527
212 309
428 69
254 419
923 810
549 802
364 787
650 295
939 325
48 275
266 876
929 127
282 525
461 607
169 93
841 600
615 82
995 882
480 501
383 371
213 107
101 811
14 740
127 424
351 332
395 33
188 496
18 852
938 611
647 510
190 20
444 718
691 610
718 951
752 374
582 371
28 944
890 247
676 398
670 773
491 520
899 829
74 255
172 320
553 764
503 195
659 997
118 444
54 654
644 65
447 331
740 259
979 736
594 308
697 518
48 108
939 326
482 15
483 935
760 471
48 40
741 470
917 227
341 738
706 201
896 152
819 508
420 395
839 293
30 706
479 156
923 189
653 601
395 682
528 249
286 10
998 805
732 719
714 136
296 144
759 75
