1000 58922
200
588 502
188 247
386 749
909 621
299 333
69 452
526 549
864 560
985 898
109 868
529 749
582 372
968 903
461 897
995 200
434 61
137 662
782 508
780 318
197 762
828 314
7 522
505 749
475 328
748 555
10 431
467 809
417 674
372 225
559 859
607 403
382 188
229 373
259 182
748 888
734 605
665 982
2 507
868 611
607 568
56 377
643 781
569 50
941 724
630 926
81 111
447 207
695 374
397 294
161 14
992 579
11 664
770 410
95 199
874 811
251 451
687 836
74 694
75 199
543 246
359 789
983 303
886 392
479 653
426 779
67 866
962 986
414 680
937 251
429 335
941 423
784 668
123 177
42 835
22 93
949 648
997 608
946 485
800 654
442 576
655 808
167 72
910 377
484 256
830 61
895 328
171 199
471 586
526 82
563 132
250 715
514 987
894 699
605 889
210 719
126 130
937 260
736 629
112 54
408 212
736 12
344 693
845 201
662 376
488 880
48 362
815 728
711 567
661 5
641 332
755 854
789 368
185 263
909 348
896 428
947 68
157 740
246 310
425 654
656 635
922 967
210 128
550 418
897 991
347 26
432 944
272 127
120 305
728 329
671 763
355 262
247 800
975 790
538 459
259 668
938 919
633 84
633 859
475 517
345 961
11 278
939 975
825 110
883 190
7 578
227 64
702 884
658 971
433 113
780 126
239 970
16 800
658 66
193 2
4 775
924 681
258 266
202 623
237 269
584 113
438 455
694 165
197 131
636 874
347 326
782 114
163 450
426 168
494 532
32 609
697 156
599 864
947 580
108 610
646 504
930 879
911 442
780 685
79 253
332 673
562 718
999 979
178 702
562 208
592 923
569 902
262 787
574 217
146 251
759 888
784 415
916 680
159 30
614 500
191 574
482 527
715 986
558 551
166 308
858 954
