1000 51720
200
765 651
183 583
890 954
996 928
319 540
723 667
481 932
619 482
335 652
41 970
22 843
80 274
469 60
836 738
703 517
928 172
971 874
653 492
436 509
21 359
423 257
846 592
387 446
283 708
681 719
354 609
603 615
487 168
133 236
768 557
22 13
630 899
721 505
427 238
284 395
85 912
260 232
257 203
546 553
73 707
748 559
440 218
393 254
865 114
339 567
108 229
1000 828
851 254
876 655
509 2
207 725
830 539
141 709
761 146
869 170
353 705
371 844
551 378
366 938
378 845
719 570
618 133
773 703
195 372
363 968
162 732
975 57
538 400
820 304
921 575
257 370
331 37
869 968
78 430
214 951
710 471
451 660
854 202
802 846
297 232
541 593
175 944
979 732
982 955
211 585
804 325
115 435
505 558
624 805
117 177
186 21
62 96
547 761
427 454
132 613
398 562
67 912
647 254
79 587
400 660
233 230
756 310
178 971
154 276
703 205
367 481
718 500
475 316
133 302
35 230
666 810
674 252
68 713
697 646
627 780
441 569
405 768
233 985
523 810
317 391
267 340
709 498
623 996
232 914
672 78
721 578
220 122
131 512
313 824
799 601
252 839
230 121
148 610
402 822
943 962
754 396
67 743
519 176
669 982
890 5
689 950
226 482
19 739
580 474
686 339
343 483
549 787
297 645
40 301
144 674
503 204
883 775
325 686
182 659
534 647
703 770
582 605
759 145
970 878
933 513
971 111
808 753
120 625
516 999
406 229
678 710
724 658
994 91
37 313
818 408
192 753
465 103
320 756
585 634
664 628
430 612
484 599
178 177
474 815
32 537
752 296
276 157
719 294
520 652
716 425
869 336
903 383
463 594
169 309
672 126
141 562
993 363
929 665
160 564
265 39
613 240
286 791
733 954
318 356
743 550
