1000 9631
200
42 783
14 232
72 394
17 1458
83 1190
48 470
68 969
51 234
83 1048
40 64
98 179
3 476
5 455
97 1539
70 726
27 1619
31 565
57 649
49 554
87 438
99 894
4 1358
12 1573
31 232
27 422
19 1350
19 531
4 107
21 1346
32 115
36 220
65 1849
77 1838
64 1652
28 1582
48 696
9 1170
66 485
45 280
69 339
20 503
86 452
23 189
79 1710
68 1008
22 1999
25 541
90 887
57 819
47 1990
24 59
80 1814
12 888
84 156
30 539
87 754
41 1272
42 648
28 1675
2 11
82 15
48 1087
4 369
25 997
85 870
49 1019
36 1107
39 201
84 1008
79 1484
25 502
24 1134
34 1991
83 983
28 720
84 680
75 475
7 767
21 130
4 549
100 753
77 1350
53 1427
96 408
78 940
6 742
91 1061
3 419
67 1981
53 1243
99 6
92 1532
97 1689
26 1224
63 72
13 1846
37 36
58 1033
29 959
68 1487
13 540
60 758
68 1995
44 49
6 470
24 1654
57 1995
86 1836
78 625
99 107
7 388
26 746
16 367
56 53
24 1029
99 638
6 859
61 1530
49 1281
96 833
2 1816
56 1242
74 1498
52 1408
43 1782
20 729
92 661
12 669
83 170
81 993
74 1150
74 8
83 878
55 1935
59 1042
41 668
29 131
53 1073
39 1761
11 1613
90 1292
53 1602
7 1435
57 635
1 578
23 592
28 732
53 683
46 872
32 1768
4 619
59 1598
89 872
57 275
65 1721
92 1870
99 1038
24 271
37 1392
35 1846
54 411
26 339
89 1472
90 1940
11 20
98 869
59 1619
61 795
60 1117
37 100
30 246
46 1629
15 1109
60 1059
48 1621
98 316
33 1752
87 304
56 930
90 900
81 1567
20 320
2 1691
92 1024
11 747
37 1900
93 1152
34 1608
76 476
80 1089
11 55
20 1769
17 1899
21 1018
18 1412
51 984
93 1963
85 840
37 1126
22 89
