1000 10435
200
21 1219
50 1956
19 582
43 1633
52 1459
38 107
45 1620
61 267
95 1369
40 528
70 1198
79 676
7 1230
72 347
1 1581
99 1850
45 547
92 441
66 714
76 1599
42 1758
42 1151
70 622
77 46
12 874
69 965
96 1791
36 829
27 881
8 377
10 744
29 1445
66 444
7 262
18 860
74 1379
82 1638
7 1139
78 550
38 804
51 752
21 1367
55 1827
5 1887
60 1521
59 1234
9 325
61 1371
29 1985
78 1634
80 776
13 46
53 1550
46 1457
24 1080
11 1196
99 564
62 836
52 94
34 1869
64 59
39 1497
48 1935
14 162
40 649
19 1639
10 1817
13 299
44 1443
83 1711
93 160
100 259
98 1626
93 1228
33 182
34 462
90 569
88 1246
69 316
48 108
79 1151
42 74
78 1277
16 476
78 803
58 369
71 1169
54 1297
37 1985
4 1436
2 949
96 1056
36 1993
25 1556
25 1839
70 85
51 330
100 989
3 776
68 684
7 1465
36 1274
45 1930
45 1145
100 266
6 1179
49 1437
38 118
82 1398
19 1473
35 893
62 1741
52 363
95 1958
74 1862
16 1056
65 1390
59 279
71 188
19 1522
62 1158
80 989
3 469
32 576
25 516
89 1766
56 1646
71 179
37 59
81 1774
88 397
59 1082
33 959
3 89
18 265
60 1057
79 1634
77 1551
98 915
35 1956
42 1191
96 1413
65 419
22 77
61 1907
40 268
63 1622
17 1613
99 1580
71 1295
23 1345
25 183
23 1596
79 1036
58 1335
92 989
58 1960
31 15
47 659
32 1272
86 1699
28 1297
99 209
3 173
33 805
19 26
62 351
42 845
30 1271
5 450
21 554
48 781
24 1130
15 980
89 1940
31 985
50 882
44 342
25 1019
54 1458
71 1983
70 266
87 43
39 771
71 1363
54 634
1 1041
15 334
81 99
59 1154
15 1912
99 1526
37 1081
74 1919
84 466
98 917
59 473
76 1992
91 537
37 1304
