1000 119826
500
518 671
367 370
500 372
204 478
350 971
153 549
182 419
159 384
734 139
922 27
777 214
848 551
589 845
432 553
285 170
356 614
732 779
649 294
753 955
158 285
646 809
248 665
757 287
239 524
925 325
9 880
876 345
814 447
452 37
702 424
678 448
20 502
551 178
553 452
133 480
338 101
277 452
350 151
21 561
858 396
342 248
514 166
16 850
538 911
16 885
312 661
981 698
87 260
168 681
358 761
345 839
255 768
429 680
457 391
11 873
773 802
551 370
783 922
95 913
515 822
633 72
987 660
164 502
253 825
451 763
907 410
947 15
504 871
536 266
926 467
237 441
332 41
823 846
979 750
946 512
600 98
671 86
808 967
233 739
162 275
152 591
824 488
794 179
18 123
117 749
729 143
632 889
853 457
984 528
648 728
111 136
383 558
219 676
66 416
63 964
32 73
307 382
692 615
326 273
569 592
419 232
846 998
191 531
244 216
267 591
322 689
802 159
558 626
731 782
850 758
756 361
290 927
143 535
803 910
968 927
697 757
434 986
699 431
738 996
51 409
963 523
590 406
421 159
911 79
657 527
617 613
868 867
48 623
296 294
501 867
609 15
468 92
633 381
378 620
383 192
714 729
630 87
741 749
219 904
271 783
626 459
496 977
843 850
239 882
355 379
154 804
406 43
709 137
206 828
401 368
989 147
17 76
749 372
29 446
569 128
570 432
696 212
419 404
192 286
992 354
299 497
696 268
95 269
215 614
175 510
303 423
939 920
851 117
287 457
828 983
689 647
631 751
171 250
136 696
416 267
594 88
656 590
563 31
716 930
663 93
670 303
815 222
116 658
204 583
235 671
637 587
369 531
355 526
356 48
152 453
473 680
283 573
765 906
470 45
922 904
588 743
278 538
662 799
795 744
110 238
513 677
433 260
383 534
577 377
166 1000
913 936
408 915
134 39
433 590
204 233
373 5
107 718
313 41
101 155
46 208
521 791
108 126
157 401
170 44
355 700
799 806
328 906
213 446
165 670
834 558
169 579
53 445
282 137
999 886
193 56
827 352
212 975
950 670
768 218
446 484
975 300
438 856
864 451
879 918
172 351
299 56
12 959
788 23
318 824
298 835
491 78
110 147
109 831
143 573
87 684
998 833
137 849
864 965
349 361
689 745
87 882
940 577
893 737
540 674
386 86
166 207
830 244
619 267
394 348
259 539
408 779
444 162
895 219
433 200
521 956
222 91
144 377
479 512
706 270
810 371
983 480
673 314
123 388
957 436
684 722
530 282
805 317
665 877
706 278
598 699
126 79
166 77
330 717
511 580
660 670
669 400
387 998
714 718
114 104
252 558
330 823
703 637
834 551
941 248
680 929
17 547
701 808
250 435
235 604
608 197
782 98
843 254
52 698
108 457
486 902
393 450
433 710
177 161
18 599
925 203
314 894
828 398
594 472
687 798
745 710
619 749
232 121
576 37
87 209
388 814
360 113
325 492
831 10
465 322
721 298
217 991
152 995
336 664
718 18
29 695
866 217
174 838
412 801
358 285
572 448
317 289
761 527
403 89
677 309
284 940
294 388
558 893
893 994
531 51
283 907
939 836
362 172
524 4
354 490
65 222
841 280
750 159
372 241
15 523
97 306
763 201
262 957
539 238
75 885
254 219
94 941
852 599
537 173
812 619
2 93
260 833
780 345
144 880
830 125
182 834
721 65
13 514
170 856
133 407
398 91
461 662
351 453
240 214
682 223
754 765
641 216
49 443
187 616
606 309
919 872
801 760
390 843
730 917
232 825
477 65
570 207
438 532
27 480
598 243
33 188
351 850
551 500
130 565
56 263
720 915
970 711
818 1000
781 350
567 727
432 636
118 549
814 832
244 199
216 72
863 49
374 501
3 155
654 753
175 353
929 525
636 803
964 437
483 891
250 250
76 466
736 90
666 191
189 61
420 139
107 119
895 996
475 295
711 800
564 672
145 565
368 614
825 186
676 308
394 837
547 819
660 179
609 844
33 264
297 872
821 543
662 768
78 863
976 849
316 186
570 967
721 208
298 81
955 397
547 386
574 774
388 611
412 236
574 105
787 626
165 287
141 655
874 50
433 815
69 781
633 306
311 390
673 956
133 472
636 218
494 58
597 368
755 35
43 295
42 847
951 408
329 366
973 920
584 648
580 51
782 553
471 658
445 428
855 943
223 888
723 141
446 844
577 501
108 843
187 810
501 825
364 1000
208 275
169 628
739 362
871 412
115 200
401 605
146 135
314 700
159 107
