1000 131062
500
739 152
533 723
278 727
185 544
191 279
705 729
56 171
408 295
742 427
606 664
778 259
983 20
679 319
794 503
542 333
146 280
979 41
853 715
174 340
313 411
437 965
270 476
708 177
550 865
569 603
323 473
126 917
701 37
837 987
658 720
35 435
765 472
519 706
351 843
472 14
161 559
610 765
72 873
114 166
424 938
894 748
92 643
775 656
955 704
700 819
712 402
266 355
290 306
179 18
359 301
376 475
839 283
26 275
1000 273
441 515
156 169
599 259
37 148
519 147
620 501
119 431
704 424
13 224
899 712
506 731
482 86
608 994
75 321
44 656
495 111
26 646
553 641
414 999
739 376
641 625
557 882
13 927
953 871
244 210
226 668
395 445
175 53
999 72
23 960
426 246
45 243
766 791
301 975
633 135
133 332
214 246
372 75
186 544
530 932
830 186
754 100
184 594
185 232
185 586
551 818
401 856
623 76
689 368
359 136
404 553
287 123
608 362
362 223
70 780
879 809
124 468
640 856
45 874
439 654
507 953
874 737
269 691
586 979
830 663
213 629
522 500
818 647
771 416
709 189
483 972
800 444
898 936
921 434
660 468
281 834
137 549
983 384
190 189
980 664
836 496
743 376
723 424
559 193
798 613
350 468
922 410
622 612
641 675
465 119
708 993
361 495
9 693
823 83
472 928
946 577
328 638
640 453
140 245
346 423
820 649
978 244
819 55
437 497
347 413
651 226
255 454
50 58
919 385
919 524
837 833
445 735
234 762
867 341
345 618
459 817
816 355
110 516
380 234
406 975
820 618
94 983
406 796
983 26
802 463
810 72
54 884
60 944
276 81
77 780
466 591
972 685
435 62
678 183
486 720
740 894
555 134
176 296
755 26
459 68
101 129
232 905
740 784
786 140
944 836
348 246
332 575
785 20
681 973
768 369
188 928
34 310
659 912
220 118
33 225
12 928
611 693
133 367
331 447
596 98
318 558
289 236
470 483
79 451
355 290
963 150
867 993
584 88
686 590
175 835
1 575
463 389
613 870
168 750
248 600
900 404
140 225
929 436
419 125
832 132
419 909
490 800
352 403
363 781
790 988
803 560
796 734
787 814
438 937
170 209
902 914
569 294
484 752
99 706
475 889
157 214
899 299
113 705
415 239
109 637
115 837
530 8
989 464
232 942
44 775
729 643
998 968
889 822
410 499
677 341
555 218
172 342
352 296
633 151
492 246
528 504
998 863
735 615
467 431
62 272
694 920
157 222
801 101
293 270
626 438
193 353
263 661
998 298
864 167
721 192
652 303
984 255
533 196
322 802
714 322
430 663
340 771
723 763
611 193
584 612
733 722
960 430
234 679
507 983
211 458
764 682
210 327
719 442
403 279
451 497
780 816
162 970
305 804
228 417
856 890
356 652
863 5
898 505
425 792
164 826
336 46
849 223
384 507
531 902
753 699
929 101
189 192
471 725
144 392
842 968
39 45
397 906
739 934
817 863
76 392
878 742
119 492
827 917
923 831
357 614
614 845
329 112
443 19
135 852
359 771
685 760
326 777
902 403
227 815
738 900
947 181
566 713
862 403
68 589
464 482
562 103
535 976
453 965
706 794
341 375
332 21
991 221
812 161
641 301
731 347
809 449
156 826
590 688
885 224
944 984
618 563
797 931
270 555
349 456
179 787
338 726
618 32
965 243
90 416
40 389
756 58
104 537
920 801
591 335
130 48
566 402
535 298
294 782
234 336
675 819
488 42
470 324
664 956
808 676
869 361
311 875
547 196
347 950
600 268
485 282
452 690
733 143
491 507
478 405
472 534
21 854
191 361
400 13
337 823
224 248
35 401
826 819
220 982
170 696
598 933
584 32
712 464
485 389
395 155
845 117
397 266
935 809
967 520
921 906
535 877
197 258
993 38
863 843
37 472
515 922
507 483
574 819
919 436
652 283
442 600
522 612
415 248
582 606
864 380
185 796
500 836
2 77
76 383
78 249
591 612
29 562
973 940
662 632
950 338
634 521
996 862
760 163
417 102
294 252
526 273
611 263
117 720
408 216
592 687
103 127
597 256
504 603
456 383
865 494
237 378
876 158
788 699
755 937
262 925
994 940
822 580
484 80
177 897
960 594
842 578
242 873
436 752
165 418
389 511
662 414
491 689
408 599
794 580
760 333
744 726
564 713
556 494
802 327
585 817
597 606
709 974
607 287
26 434
96 830
877 235
476 584
214 359
484 397
499 67
353 102
739 325
766 106
370 763
756 652
562 874
841 130
