1000 122407
500
76 179
345 591
88 350
757 644
862 102
780 168
429 139
463 510
119 43
582 288
891 961
438 755
457 130
731 516
782 261
326 446
805 655
653 354
309 445
922 332
253 788
398 550
981 481
701 861
393 997
51 871
951 67
212 440
852 107
705 260
652 719
453 382
195 457
996 105
647 296
936 713
530 24
65 288
226 54
663 336
284 815
252 256
240 55
637 915
443 4
938 133
410 446
98 565
834 534
853 881
305 23
76 183
989 231
161 710
307 951
722 281
465 2
428 114
869 789
738 276
651 91
587 638
882 50
425 629
73 199
190 779
181 819
414 447
809 336
255 960
990 378
381 46
661 526
137 325
589 800
253 448
607 253
869 332
29 54
263 107
753 396
288 29
221 346
644 888
937 188
469 219
100 34
81 646
95 671
292 982
43 297
823 84
12 874
961 74
385 797
284 263
996 144
560 419
82 884
862 10
257 443
213 501
670 288
437 817
781 290
925 143
889 932
430 453
856 943
214 53
734 185
319 403
110 168
915 824
661 591
355 108
740 301
533 54
151 540
729 569
344 59
152 889
971 162
767 831
3 226
619 278
192 57
572 836
527 355
50 344
851 700
236 646
117 639
826 744
304 448
177 530
824 761
408 165
683 363
972 951
722 158
382 325
744 24
678 706
696 139
402 934
821 38
899 440
627 687
936 30
425 190
449 629
997 629
866 947
351 213
735 923
831 666
907 256
19 798
238 10
410 125
860 226
779 623
191 558
37 263
397 547
759 189
467 128
815 261
251 36
49 471
240 633
397 435
276 769
956 259
104 578
917 482
131 37
85 631
271 120
982 441
854 238
314 334
913 628
369 944
776 363
970 474
347 164
669 929
622 394
888 859
117 196
620 479
321 706
325 993
43 980
406 496
562 574
371 122
834 745
969 117
332 261
4 341
180 838
226 62
121 232
920 328
310 489
61 510
442 992
477 934
217 114
913 729
813 146
478 106
390 164
753 571
549 263
666 107
252 74
550 390
505 22
535 599
105 66
273 604
929 344
405 386
97 244
298 48
288 242
484 739
535 584
872 594
937 771
419 724
525 968
573 739
534 389
637 970
505 854
903 387
137 784
856 618
914 884
607 703
706 899
411 989
137 469
550 60
406 45
163 334
880 196
764 188
906 376
995 573
240 579
754 498
744 808
480 950
985 704
968 554
680 445
284 239
828 550
388 663
488 963
398 84
686 809
663 670
509 767
598 912
318 805
196 395
862 286
116 323
508 849
662 600
927 717
60 667
961 613
78 504
667 4
40 572
974 586
435 152
908 837
256 252
112 611
819 125
417 495
73 700
613 302
860 163
860 605
351 64
606 860
866 422
673 684
878 161
960 849
526 465
527 665
368 847
206 551
478 457
730 115
967 783
375 267
933 60
86 806
340 398
600 626
896 545
501 74
992 699
374 675
381 569
308 794
888 949
241 134
178 824
49 450
149 722
237 972
449 987
300 223
976 121
378 290
213 324
712 970
509 125
238 697
123 221
258 732
290 740
654 251
227 734
597 442
368 362
877 270
598 751
435 821
792 909
30 517
837 247
830 385
940 129
392 74
87 426
201 437
219 964
126 611
926 519
599 447
514 472
993 173
90 184
401 342
746 306
612 650
54 158
599 205
258 849
844 195
906 766
709 997
260 635
278 69
259 822
827 471
635 506
664 160
821 339
107 52
863 701
844 630
549 460
53 252
641 523
124 611
617 706
405 126
891 236
81 294
588 27
537 908
739 244
276 766
14 881
893 267
970 378
118 903
568 172
107 154
881 702
276 300
600 636
381 946
276 677
641 915
633 513
930 311
834 229
715 672
632 350
890 470
630 233
564 229
705 145
510 665
312 322
916 153
34 705
682 750
144 95
920 316
223 516
645 411
681 243
277 626
693 996
502 842
891 101
973 753
478 883
365 999
590 409
837 963
434 586
520 78
199 164
462 346
683 733
86 328
22 30
682 447
972 682
468 483
991 339
186 770
125 897
81 254
548 986
10 154
789 628
402 278
648 709
204 438
805 448
571 818
978 471
71 157
557 463
509 552
881 508
768 174
617 991
24 410
723 800
974 429
64 232
978 514
494 823
25 819
368 9
581 356
774 313
607 826
790 250
333 503
472 813
340 477
340 216
595 304
992 345
17 228
696 139
421 403
473 787
83 883
921 909
222 555
29 197
403 336
422 341
390 830
501 105
155 325
421 470
270 406
758 755
412 920
880 38
275 632
374 399
436 113
852 519
476 828
966 672
697 506
