1000 133512
500
195 533
668 202
792 449
753 792
433 525
982 592
870 761
882 21
238 380
583 983
632 642
548 160
302 901
889 379
60 255
750 126
994 507
722 466
107 474
975 343
492 543
538 695
941 330
415 785
749 624
86 176
610 9
390 993
427 197
854 650
167 736
546 716
94 294
427 986
506 219
25 235
668 337
676 813
655 212
2 372
404 794
87 929
351 139
829 325
53 774
6 816
383 295
681 883
808 235
191 272
635 869
711 675
811 3
551 89
808 975
241 275
932 885
15 578
243 720
134 686
55 436
895 378
753 893
145 742
567 393
84 888
192 386
84 85
492 949
549 246
14 116
749 458
566 185
300 265
244 229
864 983
513 880
338 693
122 762
441 360
430 352
254 690
70 481
861 726
139 198
828 127
956 994
517 489
696 475
427 878
9 30
923 286
637 986
733 588
976 395
182 748
570 30
301 92
363 789
731 286
968 517
520 180
811 163
985 953
939 885
522 167
526 356
276 974
580 370
35 145
880 775
117 739
67 360
353 49
886 417
950 445
845 507
810 823
963 526
367 782
819 640
564 472
419 917
543 711
250 619
73 417
381 896
882 639
311 309
971 350
393 752
704 209
542 474
997 540
132 853
922 496
368 564
634 717
882 446
359 540
272 591
944 510
151 898
1 330
636 836
722 396
639 241
958 880
227 842
260 883
445 888
987 418
876 887
20 949
349 973
501 825
615 285
671 856
41 523
628 663
840 137
677 466
956 750
527 676
933 926
497 354
794 637
186 965
314 189
777 235
224 952
758 271
503 545
668 512
2 292
257 523
260 456
968 538
149 725
837 731
302 617
683 235
405 382
3 472
340 633
182 273
751 286
444 111
32 577
383 950
857 49
368 430
282 488
503 674
585 432
515 698
932 854
807 988
409 315
253 175
397 816
61 866
646 886
625 975
41 743
720 514
297 932
689 449
998 522
110 709
756 719
554 591
679 371
22 444
574 760
647 240
168 628
895 404
580 532
638 237
776 563
680 387
663 219
325 518
286 180
810 290
367 514
965 168
765 564
471 532
68 609
496 631
900 713
741 351
860 971
257 935
728 750
560 581
986 221
739 582
118 102
553 645
480 591
836 990
790 535
892 949
89 711
692 269
124 264
214 847
268 737
64 117
471 347
164 267
765 827
84 876
240 823
544 501
974 549
324 168
271 78
368 188
43 304
820 705
484 27
382 781
585 725
683 201
929 454
519 506
903 825
14 99
704 469
538 81
112 960
755 184
352 896
212 57
880 829
946 660
65 160
792 280
601 963
661 408
202 175
598 130
517 759
219 103
173 240
914 796
71 805
230 152
849 214
823 687
891 523
617 589
202 454
176 817
516 322
812 6
348 366
976 896
741 838
166 141
679 323
325 524
391 422
381 151
819 45
397 720
428 205
608 664
385 531
17 105
729 150
768 564
508 983
257 511
360 2
908 669
885 681
581 421
691 568
559 35
802 31
118 899
351 125
20 745
330 318
626 396
357 322
258 604
78 723
459 53
944 877
435 972
737 694
703 368
113 655
285 150
575 720
742 742
879 439
221 680
791 739
740 344
598 472
676 292
192 68
89 69
560 853
124 370
86 532
612 644
946 249
970 778
956 606
675 619
881 947
259 994
230 885
72 169
892 374
520 92
122 915
933 595
951 1
51 322
81 342
558 451
862 133
102 247
588 819
19 396
731 791
7 318
230 492
795 498
880 3
695 266
211 185
441 719
970 59
434 578
203 192
645 343
187 790
899 718
172 283
78 388
446 166
113 606
509 426
65 346
189 770
529 987
193 572
852 909
968 67
65 743
231 628
483 900
780 506
643 243
380 85
23 898
439 118
521 709
21 318
218 51
808 279
35 944
723 411
547 194
258 108
953 724
513 512
21 659
221 35
617 330
82 929
157 655
974 234
627 994
449 803
476 265
799 48
409 274
68 23
305 577
928 346
723 785
986 353
160 228
627 459
295 140
795 187
564 406
378 673
367 229
459 645
814 433
438 668
117 984
493 972
72 253
373 646
50 858
514 371
771 920
31 372
457 239
154 752
41 68
927 152
790 279
544 56
630 46
524 79
155 343
957 452
821 805
426 561
330 353
684 133
262 873
236 101
801 641
641 223
875 195
283 775
391 876
11 251
543 874
708 867
682 681
837 758
546 790
607 788
766 609
84 211
650 562
511 967
468 833
777 957
648 69
270 243
888 409
903 778
647 35
328 617
887 209
918 86
530 14
192 414
521 254
29 246
444 419
361 936
253 538
