1000 122852
500
55 303
418 709
646 481
172 727
442 851
174 460
720 306
338 743
344 105
673 596
578 611
972 191
276 105
639 507
784 635
99 156
488 334
940 786
907 887
256 119
156 145
195 298
982 647
532 785
431 634
314 831
78 377
616 29
507 301
276 929
578 886
685 593
88 135
202 483
314 62
424 13
742 319
273 415
700 625
531 62
490 71
632 495
2 735
950 264
466 861
678 773
410 154
823 145
608 743
664 300
305 216
539 124
797 436
582 620
281 372
105 471
92 962
953 969
295 195
940 893
311 202
196 955
223 100
986 967
753 491
324 481
947 558
110 130
366 925
150 929
232 950
145 14
106 252
694 428
470 675
792 44
66 313
148 415
710 613
985 990
295 656
615 682
204 123
198 637
397 871
997 298
107 680
698 225
175 718
968 969
21 904
387 684
810 466
398 528
779 528
959 931
318 956
286 990
224 275
679 380
818 596
138 731
99 460
636 517
241 149
369 840
737 348
569 87
88 494
261 176
45 492
973 392
218 557
837 725
478 710
503 355
560 483
446 3
760 986
890 786
180 912
517 17
157 838
172 966
393 664
623 703
328 566
967 791
519 45
997 554
428 200
540 819
251 171
986 502
29 204
231 688
990 849
982 564
506 323
976 559
583 335
844 736
74 762
410 678
525 646
83 901
974 48
689 958
635 449
55 675
283 504
47 983
340 638
846 161
386 684
400 722
969 393
255 602
251 61
528 712
925 495
571 182
7 234
47 99
208 761
109 306
136 752
957 181
341 762
397 631
970 390
144 861
787 43
823 46
459 436
428 593
800 357
967 446
547 682
850 997
325 461
249 888
237 556
364 397
885 501
490 395
313 48
370 117
434 543
535 410
986 671
117 422
520 487
116 730
260 754
289 919
72 413
367 606
757 993
693 513
469 243
594 517
30 99
209 904
292 650
923 979
310 689
767 678
719 239
94 273
812 806
420 833
852 868
889 924
977 790
753 253
464 96
387 870
985 276
268 141
836 648
362 655
830 10
213 870
942 956
543 177
300 833
22 763
822 247
857 970
641 523
720 63
61 828
553 271
457 559
917 372
169 257
97 875
616 588
950 296
709 339
9 425
8 29
441 592
143 811
716 498
454 955
259 802
355 679
280 305
672 298
868 872
324 923
41 409
74 101
778 528
394 569
400 680
199 738
123 945
605 855
48 245
54 336
253 26
845 707
158 902
261 425
473 803
819 382
306 583
769 85
900 453
247 240
132 826
761 245
58 545
219 465
418 487
716 63
117 488
326 748
443 658
621 993
667 448
612 499
880 433
331 241
508 993
273 616
253 371
4 757
449 608
772 338
508 252
157 675
761 608
275 758
81 539
56 51
173 898
366 911
101 41
129 379
111 581
481 531
102 877
840 409
932 646
31 402
842 403
887 977
970 551
408 405
673 883
248 829
357 788
918 110
911 799
663 391
805 581
129 664
644 659
948 976
374 979
569 154
929 807
411 980
970 489
176 886
837 94
365 270
109 753
420 952
403 446
495 162
95 775
121 961
992 6
893 752
54 61
25 37
89 686
875 443
492 211
674 644
422 814
355 187
512 305
816 975
996 716
510 205
55 215
129 837
76 934
538 411
593 931
779 601
644 225
295 170
638 997
361 448
342 608
333 316
47 13
492 58
445 95
211 436
114 770
796 843
450 338
45 159
339 68
959 632
56 278
972 622
19 357
354 813
602 671
296 134
292 10
620 463
293 1000
389 498
389 67
153 838
959 51
163 382
425 704
780 187
773 235
248 194
883 334
384 315
430 781
359 840
154 580
521 460
306 797
268 173
953 78
8 277
482 383
47 810
449 97
416 772
110 816
350 809
949 469
154 491
887 291
253 924
102 326
28 296
925 712
213 687
766 950
883 828
486 674
496 793
12 821
494 82
342 82
415 245
437 30
633 26
484 405
12 301
911 143
668 783
637 286
357 114
740 673
629 380
944 269
759 838
746 799
676 928
976 584
819 96
450 932
626 955
472 685
724 348
382 342
184 868
170 12
396 887
422 780
372 91
190 97
703 165
885 805
909 212
662 189
658 526
742 185
178 792
198 649
150 734
975 196
925 963
163 706
925 263
940 895
716 575
68 663
912 243
146 280
780 275
387 493
430 851
865 574
438 130
163 469
69 95
956 988
360 299
313 888
948 98
356 160
516 67
496 344
25 150
234 161
53 14
403 233
379 829
440 201
319 378
795 143
991 634
861 853
346 555
529 463
46 250
941 132
640 93
735 226
729 256
418 71
