1000 24508
500
29 1134
40 565
90 844
57 1304
85 1371
61 660
68 1368
54 1959
12 701
29 1219
13 135
55 217
35 585
18 1946
74 1128
42 1267
41 893
62 1253
36 1515
72 769
43 1840
54 562
75 1581
90 1265
8 693
43 1852
7 975
47 1606
26 1785
57 95
37 1334
90 1535
64 825
56 1609
14 1015
23 1167
61 1184
9 549
47 598
23 1984
55 1504
11 1833
10 1325
17 198
58 1967
9 1225
79 933
6 1992
15 313
52 1956
94 1154
62 15
34 1944
34 1107
18 1999
50 1370
28 1317
44 1757
57 972
97 885
29 630
60 1366
24 373
40 1383
13 1129
69 658
30 896
19 866
28 669
74 1961
98 1326
83 753
78 988
75 1873
83 792
44 1258
66 1754
72 1896
79 277
57 1587
44 1156
37 1216
59 1026
99 540
64 746
21 79
80 1443
31 1266
100 439
17 1023
52 1307
54 1967
81 1301
26 725
2 1968
60 277
7 1157
32 849
18 498
74 1425
40 1959
8 1798
95 380
31 652
56 1832
22 1336
54 87
36 1849
29 1214
85 641
35 752
15 1840
16 1964
79 961
94 1376
54 1206
63 1210
9 1001
67 605
90 153
26 420
91 1558
1 1976
3 1957
11 273
90 607
52 1710
23 453
26 1131
47 778
53 1788
79 222
21 590
42 1225
58 191
77 1505
74 745
52 1158
90 1195
43 1100
37 1182
27 589
10 741
19 1194
95 676
37 1222
1 228
24 1207
26 1051
28 1512
49 1235
37 459
53 843
74 501
78 1363
35 1489
29 659
1 1051
51 399
40 298
80 939
49 1889
63 1647
66 1151
53 1942
3 1634
20 1044
28 1238
19 893
85 1369
74 354
74 1139
66 1168
31 10
81 1991
30 1665
100 1450
55 1871
43 320
80 1008
37 231
63 40
82 1957
25 296
66 944
90 454
36 938
84 106
18 1273
54 1481
76 856
82 1148
63 1499
18 419
47 1465
80 27
67 688
49 43
44 341
6 1119
37 1074
23 1052
76 1672
34 58
38 947
62 850
51 1700
11 1910
24 61
52 81
72 1416
46 661
13 760
7 186
82 1409
79 1369
63 894
34 1492
47 1747
69 791
42 1269
11 415
98 1006
29 1489
33 1162
63 1746
41 1922
40 1971
95 819
92 65
11 765
17 26
54 24
11 676
45 479
47 118
6 633
32 365
92 1173
26 1647
100 1311
40 1425
98 169
15 409
69 1836
14 733
5 482
46 1829
81 676
89 766
58 1468
25 1430
87 1270
65 1371
18 1775
75 339
98 1595
46 1800
41 774
97 160
61 888
96 367
80 1994
59 227
52 877
66 885
57 413
90 83
57 316
41 277
72 1253
23 1249
71 216
44 1689
41 1178
86 1448
8 1819
38 1917
22 10
98 1647
86 890
14 1339
35 676
2 33
88 1786
4 1882
63 535
69 1260
6 1093
84 1645
24 235
12 1262
13 992
6 1045
20 455
77 1417
86 1183
17 445
31 1070
37 1877
18 419
35 1964
10 795
6 1794
49 1304
6 1245
100 243
88 763
24 693
95 4
3 1603
3 1420
77 843
4 1419
42 354
10 1851
31 853
34 854
99 1433
89 817
38 377
98 914
51 1845
42 158
12 1636
10 916
61 943
51 1350
20 1501
16 147
16 1452
59 1215
2 900
78 1719
66 182
65 1764
23 255
53 478
79 430
48 1262
38 1587
65 717
45 1890
88 1418
89 1165
86 994
53 182
69 1921
5 1265
67 1162
89 121
84 1249
8 1819
35 40
2 535
84 146
40 1293
29 1977
12 1172
19 648
17 1578
18 939
85 231
64 593
63 261
95 966
5 816
66 926
84 1126
22 1303
36 1720
33 1480
69 1401
31 1443
86 1342
61 50
54 727
6 159
10 835
48 1914
47 1941
28 220
56 335
100 888
67 825
100 1450
67 210
58 565
19 1424
3 945
11 1732
22 436
14 1518
11 857
37 1858
39 1817
37 1849
67 1746
12 780
71 691
39 2000
30 1952
22 641
18 1205
7 1921
6 567
9 1093
41 556
96 365
95 1043
42 534
51 99
12 244
21 1464
62 194
14 425
45 1640
24 406
79 144
32 333
23 945
49 118
73 507
69 506
27 894
37 1338
78 1917
69 1339
39 843
91 1336
61 1329
90 876
62 1249
4 517
39 990
80 955
47 1400
42 1393
1 1766
24 600
2 35
72 1420
64 1183
11 437
40 1996
1 425
81 377
33 835
76 1896
44 319
63 667
84 969
67 91
98 290
69 660
91 534
86 1810
72 1649
98 1254
24 1685
84 1172
21 1754
77 899
61 412
12 78
67 911
50 1767
11 1491
8 495
93 1270
88 1841
10 915
20 1438
25 1129
28 1523
79 535
23 1618
83 1669
4 1858
100 1096
38 984
69 1555
40 743
31 1252
32 1391
40 1332
9 1779
92 332
60 799
32 1767
72 507
44 989
75 1052
20 1957
76 1794
1 1633
76 175
77 1703
10 639
55 1808
