1000 26007
500
51 1230
11 1741
40 608
73 474
14 1768
44 159
84 1449
10 1722
65 1771
31 1134
89 1386
45 741
38 1860
59 1293
5 340
76 1812
45 589
96 580
40 1358
56 647
96 512
13 796
82 1283
16 1244
82 129
92 226
54 716
37 519
97 1721
19 1077
15 1191
3 1091
71 1742
24 1900
57 621
39 1514
41 594
57 983
48 1103
11 1043
47 448
67 1026
64 1081
26 801
46 15
1 920
31 1465
78 208
86 1918
17 1805
33 1322
30 536
95 1374
79 709
86 176
47 166
61 676
25 644
62 601
34 1984
15 88
20 57
12 1667
35 9
52 349
43 485
42 726
31 1077
79 1029
28 21
10 1904
86 752
16 1715
76 1961
4 1144
42 1843
83 706
36 698
47 278
91 335
73 786
5 1350
6 415
79 1067
85 229
4 472
44 776
99 1898
24 1857
41 1745
88 1177
65 1408
7 925
44 1190
12 1508
16 616
25 194
46 1708
31 1780
13 1896
11 1266
73 784
50 1946
99 1259
25 1018
85 901
88 1982
30 1279
3 338
15 1258
30 570
21 314
77 582
57 1661
84 1982
98 1436
89 619
50 1185
8 1091
20 1561
27 330
37 236
4 1245
63 465
50 336
54 918
61 1586
9 1680
47 307
53 1018
58 719
16 1096
34 768
86 870
44 1533
62 663
31 1067
50 216
83 1399
85 1400
48 1399
34 1558
71 1835
31 90
28 1773
1 1438
80 1081
73 1095
61 1084
26 30
93 1477
41 218
36 1555
45 1515
71 1142
6 1268
29 1530
36 1379
10 1465
24 247
65 511
83 612
45 1263
19 156
35 1633
14 756
89 1437
77 269
15 1056
10 121
23 1468
75 330
72 1250
98 28
88 355
51 52
69 1213
60 868
76 1560
44 1924
91 1630
57 409
15 488
46 1413
67 1811
80 1017
59 628
30 1821
67 1628
45 311
96 1945
33 1595
31 1718
28 1950
63 1220
1 9
1 1773
55 643
2 1777
50 1642
35 1464
39 1154
35 1738
15 1966
27 537
90 1142
53 553
27 193
91 112
25 823
76 293
86 1231
93 1969
26 324
73 833
59 344
62 1093
65 1745
69 1655
65 1617
32 936
91 292
95 1107
94 323
45 1632
99 1513
6 1456
14 485
29 243
56 318
87 864
57 1265
57 1535
33 1929
72 190
24 320
40 1643
40 1380
70 90
14 734
46 568
34 952
92 669
61 564
7 929
51 245
66 1244
100 132
27 1090
83 1533
65 349
69 1486
83 1706
73 1630
67 1449
99 544
42 1221
91 1090
29 1740
67 1479
7 794
23 691
85 1020
15 751
59 802
97 955
35 1750
18 471
97 1153
35 1772
11 49
30 489
20 1415
81 149
47 1663
63 1315
90 946
24 1801
91 753
90 303
16 1140
61 1428
91 1061
48 1514
5 161
89 1250
68 1724
28 250
42 439
54 1416
87 422
22 547
36 1532
22 1226
23 1555
65 936
75 1504
11 839
19 192
80 144
43 1179
11 446
56 267
72 377
73 1575
99 205
70 1980
72 1085
47 1667
93 979
81 517
62 1482
15 1916
37 982
64 173
20 1629
54 76
60 1224
9 1565
92 1624
5 126
29 767
62 1861
52 1905
10 234
6 1643
81 1444
84 1417
19 1467
83 408
72 1553
40 306
22 1692
64 392
9 1341
92 466
33 358
29 1736
30 1738
10 419
97 1176
64 331
95 720
95 717
75 1457
28 997
88 1968
3 1697
18 1448
81 1436
32 1581
44 1808
1 1328
86 1754
71 1087
31 1912
42 760
37 1173
75 1630
31 268
11 98
86 1165
86 1934
6 253
2 1602
2 310
100 1965
9 378
66 820
94 717
56 1835
100 1485
29 563
98 1156
83 1969
28 1486
92 1728
84 1650
71 324
13 1836
57 1219
51 1875
76 691
2 14
68 721
20 192
29 745
10 1424
38 386
69 1679
81 1136
70 1133
18 1929
13 747
19 100
78 1464
17 858
11 896
29 1921
99 1993
29 843
42 1826
96 1196
69 508
79 1129
97 1816
93 1367
57 964
66 916
63 1151
63 1148
14 226
38 1140
100 416
72 1765
97 469
92 1409
9 922
69 1234
67 715
58 911
40 526
18 1722
93 260
83 1479
71 1223
85 490
79 363
73 473
47 1143
92 1018
95 26
13 1522
50 242
21 335
62 1487
80 1989
78 158
86 1058
23 665
39 1327
23 1773
25 767
85 625
12 1395
1 1884
60 913
14 626
7 1836
5 1058
5 17
49 1274
30 341
99 373
98 816
37 1831
96 469
73 599
23 768
75 986
63 1018
76 533
63 1867
22 1925
36 797
64 1872
61 474
82 1430
87 91
5 1296
39 234
70 1316
82 569
25 422
10 1431
52 888
63 449
100 1342
58 730
57 214
33 1165
47 1223
86 1985
91 332
8 1299
11 1929
57 1094
87 1303
31 1240
77 130
6 1419
30 1643
69 1800
44 202
28 32
82 97
72 31
86 1180
43 1419
76 718
