1000 69583
500
18 1411
170 614
48 838
685 55
304 335
76 64
52 316
964 348
34 1271
305 379
7 112
95 1863
47 9
84 1127
302 385
744 956
632 88
20 927
19 1111
16 927
301 349
351 2
52 1906
15 1772
60 1390
945 645
12 1780
796 670
264 860
61 311
97 283
34 1391
62 227
10 975
69 1868
639 277
636 712
54 649
343 450
44 924
65 800
19 377
312 516
688 202
843 339
89 1769
14 709
37 450
93 745
82 1194
11 1552
320 40
5 1696
741 814
47 1951
72 1087
49 558
648 103
656 912
204 565
54 1164
238 577
342 815
213 595
72 410
843 301
49 979
49 1806
77 524
80 738
75 31
52 1649
81 35
25 1412
888 230
62 703
892 198
89 1789
7 1270
632 105
72 76
820 219
85 1970
281 441
66 1933
70 92
297 903
23 1483
52 1564
81 1974
595 347
87 559
470 590
54 1435
820 92
53 688
75 554
639 653
256 52
56 1736
100 425
869 616
574 62
78 1851
565 6
66 241
19 1219
13 895
188 202
34 1015
62 716
25 1381
987 587
915 331
76 1767
27 1772
29 44
82 968
116 694
975 317
951 987
98 1501
135 893
21 1315
998 781
59 1151
336 207
324 848
374 210
36 817
443 200
173 425
72 617
956 971
69 955
22 36
922 268
29 87
22 1531
55 1567
96 1314
27 1755
976 643
754 780
100 171
399 636
31 157
4 1376
77 133
658 947
568 743
11 1756
51 801
113 131
97 1062
641 118
689 915
515 435
39 1340
531 383
34 485
29 911
285 358
231 875
766 440
774 78
84 995
17 1476
86 638
24 1077
829 796
986 747
24 590
70 535
59 405
535 679
64 1579
175 995
31 1729
48 318
95 1931
14 616
40 175
9 1495
95 1213
237 545
60 842
444 187
77 332
639 656
60 1703
4 67
99 1561
77 1368
47 989
182 835
836 570
503 86
82 1126
10 1050
37 1734
6 1076
329 947
446 297
401 957
43 491
325 16
162 295
59 549
79 211
25 1576
491 498
33 1477
8 1080
267 227
935 710
27 940
91 1005
50 1658
742 576
21 492
346 337
5 1228
47 499
272 167
626 66
55 115
45 820
10 1892
82 583
896 876
12 1059
24 863
326 385
187 91
857 723
65 1710
20 1865
45 533
59 165
2 1780
627 759
17 1517
28 1467
75 641
144 42
780 426
909 70
25 947
83 1144
9 1626
624 62
100 1914
498 987
230 421
63 1291
696 403
107 113
476 824
661 662
368 933
73 1052
97 1019
76 304
55 1235
90 1404
39 705
92 1800
17 1188
663 223
17 1944
592 391
90 948
663 498
61 1401
25 733
457 500
27 1976
447 113
87 841
727 184
35 863
759 21
432 945
34 359
29 556
476 294
741 818
951 337
79 1463
98 454
698 51
28 99
75 1324
163 791
781 333
522 276
25 1725
488 419
5 126
356 731
143 833
517 533
36 692
97 815
432 473
41 1023
43 487
37 526
92 774
37 1310
10 1958
619 122
165 134
61 313
65 1683
44 34
41 1140
442 104
52 793
989 608
94 1765
357 552
740 221
723 863
47 1520
8 721
556 546
614 422
24 412
783 764
28 237
636 178
68 1480
13 192
81 1721
27 1026
88 1517
29 120
640 725
49 587
324 713
61 1890
697 263
636 162
36 336
889 794
84 1135
766 755
739 71
379 286
32 1031
96 685
388 50
88 599
98 964
87 42
165 528
472 424
66 1301
747 275
70 1960
649 977
19 1854
701 996
61 526
40 825
49 56
590 231
744 164
235 10
18 1297
94 1000
15 1871
65 1061
22 240
54 288
66 1330
550 709
928 283
80 1527
1 926
46 1310
62 363
630 98
30 1132
17 1411
82 628
9 1067
524 207
847 286
510 880
424 530
558 460
19 1998
12 80
928 553
83 207
500 499
3 505
20 632
61 420
51 1653
42 1602
24 514
51 196
922 539
94 349
456 317
53 1288
804 356
30 920
718 608
843 853
971 432
342 745
34 1015
225 177
247 118
96 854
959 133
594 235
2 1394
26 855
31 876
579 84
352 897
95 1715
994 512
438 406
95 1737
974 270
111 482
557 271
38 429
39 889
802 429
85 610
836 440
31 951
93 188
99 1763
5 1266
278 555
85 866
84 766
630 287
502 312
10 229
46 276
37 1885
354 715
5 1358
491 854
159 173
424 736
24 921
476 887
55 149
48 1546
98 1287
507 193
36 731
12 646
52 436
83 1164
93 658
573 96
26 166
69 681
299 436
63 642
824 574
100 1709
39 1746
80 519
68 494
61 1001
37 1319
63 1367
435 983
401 103
91 32
858 878
78 183
510 682
25 485
75 313
703 309
585 792
497 235
1000 696
83 1864
89 1066
413 848
155 520
765 517
74 1181
42 1749
40 267
