1000 258899
1000
534 960
498 810
251 404
517 980
441 584
75 362
843 581
51 622
179 446
545 649
215 352
604 328
504 597
42 722
777 919
195 618
164 382
583 623
13 953
194 959
363 572
796 478
242 652
787 289
426 929
802 582
355 393
379 787
717 949
399 351
346 823
549 776
777 290
997 613
577 471
180 633
849 212
81 690
645 880
303 518
38 6
494 359
543 581
523 50
118 321
467 586
842 373
516 578
733 715
853 818
628 762
572 923
934 939
984 619
234 361
647 871
846 287
363 639
691 70
511 947
750 965
847 624
182 633
935 337
22 29
324 140
879 105
669 53
730 127
340 222
904 767
107 668
523 721
119 19
739 218
14 914
525 79
797 17
602 271
57 714
960 613
800 267
117 927
422 219
390 747
790 47
231 73
36 575
619 256
611 265
567 498
506 666
392 184
30 355
568 679
625 943
395 466
420 193
460 120
757 855
779 304
314 663
240 788
819 161
24 836
1 205
948 193
832 187
629 822
695 17
86 883
314 800
252 531
465 720
238 822
105 931
26 560
452 531
483 271
515 793
822 968
903 397
609 229
442 858
488 227
473 587
31 188
8 844
749 708
940 744
816 276
519 997
225 717
890 643
197 151
751 127
268 956
188 542
961 955
340 587
565 723
754 581
201 860
948 386
92 630
152 774
433 295
13 729
667 229
872 861
627 351
238 817
960 101
746 159
452 933
965 339
19 411
702 295
247 272
632 862
366 751
229 513
916 368
533 495
593 313
407 541
727 49
108 889
683 229
842 297
871 338
827 925
145 454
914 745
891 794
26 72
935 565
205 517
220 412
577 13
994 967
772 690
644 723
824 268
844 132
735 22
761 504
687 384
251 716
243 987
919 700
703 941
605 716
623 694
690 453
918 847
80 601
171 310
236 211
191 444
976 73
199 772
287 882
507 555
484 640
613 763
504 982
829 337
928 845
807 372
406 714
833 356
191 286
404 363
280 46
239 333
678 246
246 333
576 990
612 530
789 451
326 452
361 655
741 569
746 421
387 743
781 927
204 59
11 700
655 489
645 671
844 140
226 279
9 769
10 637
504 572
902 86
795 562
93 635
628 101
280 535
544 81
977 233
878 583
779 155
500 26
79 630
935 530
49 194
671 549
929 417
673 102
402 63
915 676
318 690
187 211
45 206
686 272
795 400
322 865
91 611
974 390
747 251
538 86
292 455
485 215
173 892
127 509
682 270
98 780
168 391
365 288
149 107
91 289
72 385
889 381
570 428
254 825
126 448
483 212
873 212
549 997
767 780
241 560
916 695
466 881
488 440
13 216
288 263
271 760
748 578
530 638
449 91
74 540
192 278
956 404
420 23
21 256
295 783
709 494
579 93
101 930
63 915
990 247
901 913
185 827
330 415
67 409
688 676
911 630
814 832
998 146
768 199
641 552
6 171
209 23
427 903
687 13
446 785
15 145
360 725
38 570
228 264
669 862
917 638
995 127
425 414
909 538
902 282
365 627
38 103
798 190
500 707
322 535
546 339
315 460
873 336
620 321
795 339
167 677
681 144
226 732
140 74
801 480
542 478
794 273
112 478
649 630
859 927
166 229
103 600
776 204
382 394
661 592
774 507
767 898
614 178
226 937
218 463
502 339
444 620
699 756
670 923
742 803
885 160
882 69
253 393
620 716
452 629
586 986
801 550
22 767
826 246
298 573
924 377
459 179
926 309
374 478
919 426
738 794
758 588
992 911
516 824
515 147
814 125
739 344
124 494
20 797
455 339
433 639
459 977
471 588
365 858
766 366
610 768
395 569
514 313
153 597
194 527
281 966
633 88
719 575
837 34
814 888
143 765
85 286
994 75
38 83
68 84
921 965
312 507
941 234
424 665
5 242
706 502
569 205
758 439
672 836
909 872
213 29
49 272
27 72
946 898
529 189
401 306
402 903
639 813
606 648
583 458
628 913
434 326
492 59
370 322
61 321
538 626
528 260
612 265
655 89
774 735
438 571
400 707
105 348
970 830
58 214
234 828
850 297
239 920
878 433
173 456
493 975
49 564
805 409
636 192
149 831
714 720
134 481
829 323
893 59
681 306
265 834
35 982
802 737
360 264
742 988
409 405
71 385
970 717
390 612
695 62
776 664
542 963
897 492
453 415
709 164
460 483
549 382
732 383
476 994
746 197
5 594
356 912
996 505
885 123
477 416
542 131
704 130
202 111
301 69
34 477
497 469
802 910
807 344
955 738
648 485
44 651
389 214
185 26
57 315
119 121
409 586
760 94
267 180
537 388
557 316
480 85
714 639
135 273
44 434
34 88
503 250
234 516
236 451
450 503
36 525
367 438
918 79
25 253
219 947
634 924
271 455
537 223
556 36
763 220
872 981
415 209
406 441
175 459
162 909
689 553
895 927
264 46
98 45
217 118
310 623
490 426
879 726
822 896
399 404
482 510
290 13
465 277
599 128
228 620
741 783
434 80
983 41
545 190
1000 488
305 572
262 720
58 449
162 304
189 909
981 254
867 711
317 943
805 310
370 5
97 468
718 867
984 447
512 850
156 614
430 979
249 467
461 605
176 303
265 329
211 292
728 26
49 525
161 658
335 552
480 766
75 628
427 830
222 408
26 745
355 173
969 958
514 346
260 160
202 840
966 854
625 345
263 302
546 578
424 24
835 54
394 402
231 868
386 600
901 246
639 75
654 444
544 203
418 231
821 640
449 395
826 214
368 711
624 427
325 53
618 331
643 239
544 787
162 166
952 398
676 565
971 409
617 777
955 541
239 113
763 391
505 840
544 606
121 161
647 299
731 958
559 352
404 285
931 513
170 212
240 841
780 93
821 871
784 924
52 613
483 552
327 830
684 374
397 824
227 638
589 499
222 728
148 298
661 45
827 412
368 163
993 743
890 785
845 818
525 959
395 806
58 131
730 915
255 868
934 687
456 958
98 62
564 953
123 550
716 266
223 950
199 205
582 178
99 168
21 472
416 932
214 807
138 506
904 248
827 735
357 668
751 288
938 638
187 37
484 482
652 367
661 501
329 554
888 801
519 543
614 939
941 885
803 323
603 52
954 916
320 713
711 761
319 735
350 119
859 241
729 429
470 393
725 493
553 8
605 5
87 987
543 732
133 477
422 201
328 220
91 45
50 59
831 598
447 583
798 83
412 57
264 410
331 602
879 768
107 396
670 166
820 55
542 309
672 587
269 307
629 554
715 797
715 14
721 697
834 674
233 303
298 621
956 353
153 721
105 657
67 15
783 113
2 233
493 25
988 186
628 869
391 914
467 85
218 152
248 235
443 76
208 448
450 37
911 404
802 326
715 429
179 390
673 907
663 679
309 995
402 876
948 312
656 5
150 68
436 438
688 367
206 392
4 218
708 3
986 879
855 797
226 30
142 773
825 836
493 112
94 18
858 611
917 263
700 770
23 531
127 347
993 424
566 450
604 808
520 656
626 652
841 123
303 131
802 396
712 834
98 326
682 964
905 14
137 566
449 16
335 61
669 129
35 196
696 913
129 493
685 689
137 121
751 165
135 779
788 852
295 75
89 409
694 808
970 327
773 181
172 604
572 877
135 862
662 789
652 712
409 744
977 325
811 946
499 670
741 579
310 399
522 466
693 532
273 717
9 262
682 961
589 220
987 28
569 584
875 521
115 820
590 442
256 95
870 287
483 931
610 729
894 581
951 440
141 808
531 823
696 429
514 308
81 97
629 901
25 393
973 578
289 207
747 23
620 587
715 735
570 416
949 217
133 142
750 41
326 898
586 302
464 222
60 111
137 648
979 721
376 197
688 393
11 715
607 115
846 684
757 797
169 974
140 315
320 860
11 182
934 944
109 127
360 713
467 669
827 422
455 486
936 369
712 632
715 588
144 666
161 779
78 569
686 7
567 629
931 601
128 904
205 757
393 783
717 423
739 261
86 424
747 270
276 526
747 452
436 13
553 715
209 185
442 384
452 79
817 249
966 375
543 119
894 134
758 814
594 567
106 333
302 996
90 365
95 705
184 342
509 574
22 487
532 131
293 25
597 838
381 381
533 517
626 892
319 104
19 162
175 950
332 146
595 529
648 562
914 561
423 831
300 284
645 227
523 442
431 742
590 779
240 636
733 374
894 604
209 922
37 572
226 199
68 932
471 938
812 657
753 887
934 808
889 303
520 914
597 948
573 407
683 821
688 711
93 833
549 604
113 36
748 353
808 902
667 752
593 46
763 790
190 907
130 700
103 97
572 626
371 507
37 936
962 802
366 247
816 112
637 550
643 348
610 475
431 160
407 797
664 817
992 610
901 882
866 611
28 815
115 335
311 459
310 203
339 82
567 502
665 283
69 432
978 893
470 499
710 176
661 802
863 246
420 229
170 165
727 341
872 281
388 155
297 533
405 556
860 748
214 264
723 604
877 422
183 394
495 566
451 914
699 740
282 647
246 524
699 858
101 652
852 831
262 9
769 554
208 692
202 896
800 545
994 952
835 432
707 669
958 609
589 645
202 668
104 506
738 745
94 490
589 617
