1000 247016
1000
608 113
51 197
237 806
226 314
371 320
273 511
167 461
488 189
468 301
667 100
428 196
698 451
921 939
279 448
944 725
254 434
623 110
369 799
328 439
706 858
828 607
811 967
658 445
148 999
83 481
692 990
83 210
659 283
446 902
653 722
513 464
644 223
454 849
791 320
166 876
983 525
263 181
120 293
380 290
881 127
343 328
615 835
303 905
171 695
335 938
448 477
667 673
817 469
300 764
734 938
876 234
234 232
225 866
666 13
748 796
439 457
312 626
363 467
359 950
370 655
554 223
50 634
342 768
215 614
24 696
812 355
199 482
808 891
713 921
741 741
408 232
454 908
24 820
895 826
826 209
334 848
415 397
139 1000
353 443
764 609
330 275
625 343
713 882
660 53
920 875
443 400
169 418
386 977
939 970
478 319
537 701
546 287
255 270
915 292
495 937
134 793
175 306
16 462
189 212
663 77
516 563
832 278
969 722
445 56
742 481
861 686
344 986
683 44
996 109
944 558
119 3
297 927
23 641
385 640
91 645
845 65
489 944
917 168
111 840
367 891
658 121
699 351
679 93
759 290
634 693
160 89
173 824
407 493
617 603
274 384
817 46
889 835
835 397
166 591
582 753
569 280
530 201
887 355
156 401
564 419
911 631
443 970
352 564
122 878
539 825
416 371
453 575
464 106
764 181
82 576
972 542
507 51
913 530
476 716
703 121
737 122
824 665
682 862
698 597
936 576
74 576
704 130
856 529
464 500
218 207
321 243
265 707
431 570
22 670
653 994
502 663
299 363
488 821
848 25
62 438
610 977
562 318
606 321
232 993
10 62
132 368
15 825
514 672
142 531
494 181
492 900
523 736
653 309
771 761
919 867
162 400
245 824
662 665
510 186
276 133
611 68
71 251
769 692
667 316
689 504
532 13
75 915
751 314
477 569
654 69
124 856
864 830
704 616
14 331
848 828
395 242
306 144
601 732
339 650
331 332
594 567
836 292
385 707
924 214
513 617
851 847
444 621
806 999
692 668
96 395
88 122
338 456
862 93
58 682
483 14
715 999
227 752
92 662
225 542
201 825
910 113
717 675
798 404
427 329
629 980
282 368
526 685
1 921
347 55
814 300
306 976
500 728
951 174
627 191
714 107
798 974
182 562
520 322
789 191
13 276
798 588
951 409
640 477
277 304
324 790
440 724
61 714
22 973
276 101
825 524
465 312
386 544
580 373
313 152
534 503
784 362
787 452
165 342
128 553
748 887
295 253
844 330
480 439
44 785
298 882
597 792
186 935
847 581
216 880
868 779
114 395
651 943
168 694
961 299
238 334
787 814
53 528
878 454
102 181
787 519
58 841
182 65
48 149
287 703
331 113
989 426
854 415
704 597
478 89
642 358
758 777
535 459
729 821
8 200
414 71
951 594
921 394
610 159
72 441
572 814
150 95
970 373
240 176
537 413
64 823
972 699
216 81
889 836
958 172
713 610
455 707
426 390
22 668
100 326
203 907
448 957
97 552
509 622
734 171
677 486
5 731
760 872
893 84
621 523
388 945
677 792
547 578
4 581
198 111
686 130
715 330
459 47
339 252
933 328
108 718
56 318
110 789
358 773
720 258
889 948
804 492
24 59
56 428
851 630
495 333
290 40
284 900
459 100
551 552
912 381
770 273
970 23
689 153
604 76
575 281
325 633
607 101
985 360
627 348
171 423
994 488
183 556
418 310
657 514
496 276
118 618
291 934
801 751
778 317
290 332
649 740
401 973
647 313
617 789
520 385
774 119
744 48
323 82
133 403
705 903
545 614
98 847
694 308
166 782
351 165
151 390
878 232
637 1
74 81
925 503
320 550
242 382
712 914
635 248
630 391
930 122
942 280
113 76
142 286
760 206
579 497
771 652
99 564
357 6
968 162
617 935
570 96
358 824
781 597
248 567
10 116
706 223
406 682
220 600
462 849
685 805
223 15
978 730
652 50
646 958
119 240
103 409
416 157
353 402
454 712
698 31
632 37
481 973
337 882
801 652
991 789
385 733
58 3
922 994
750 954
194 319
297 331
239 255
307 153
678 279
646 180
423 279
389 95
450 982
202 738
266 416
584 568
615 840
981 423
997 621
111 56
880 63
565 294
737 827
390 750
761 58
136 694
793 127
901 19
105 955
373 431
399 684
840 260
931 545
934 362
485 872
974 447
732 636
94 382
559 44
940 61
599 528
956 449
388 302
122 284
417 281
299 888
274 953
764 548
11 882
402 117
675 532
689 214
604 511
70 612
748 423
12 475
972 134
363 860
574 109
556 644
705 669
180 313
642 226
594 961
342 217
437 47
619 633
490 51
524 108
667 93
487 175
970 539
13 948
214 234
169 412
389 706
940 555
671 678
235 439
958 998
647 866
820 667
924 183
163 733
501 337
63 45
120 60
674 773
291 56
979 126
702 507
988 902
824 653
950 746
596 428
232 219
353 327
527 181
88 406
666 467
651 514
451 476
49 894
969 646
347 229
984 527
197 475
837 283
222 294
484 279
882 233
687 846
835 446
530 848
967 759
713 354
230 986
142 14
441 921
407 17
790 842
644 996
70 818
28 206
397 517
852 467
512 89
769 280
810 222
189 818
108 592
470 259
45 732
315 731
200 525
996 263
114 563
924 554
625 866
253 4
464 441
669 965
277 743
918 221
510 617
19 842
726 445
943 625
815 442
179 106
418 254
981 634
782 116
773 333
194 775
722 776
824 333
874 397
769 10
902 275
669 357
672 485
189 995
267 633
258 152
404 198
498 11
196 904
848 407
506 497
516 362
638 45
220 313
777 545
191 461
272 506
357 169
658 695
371 421
380 744
805 74
804 624
421 263
988 50
787 67
809 851
295 80
656 591
263 636
203 708
781 979
336 801
432 819
203 889
398 433
139 235
121 41
797 103
87 697
211 249
359 312
298 322
536 399
868 392
807 500
913 715
22 65
446 522
860 609
446 788
698 692
584 651
273 675
675 910
236 246
963 603
374 191
913 867
811 792
277 535
89 109
816 182
335 111
434 847
596 73
694 18
348 982
136 687
262 486
160 982
360 262
253 65
260 514
410 52
647 73
466 984
884 895
982 418
130 389
934 183
918 110
573 898
74 867
331 13
706 900
367 629
661 912
772 315
340 213
702 21
317 196
246 183
838 239
617 655
273 263
468 706
58 742
381 635
371 127
977 371
995 879
184 452
28 353
235 286
445 981
813 361
79 141
149 305
823 607
451 961
154 453
63 597
885 552
180 288
729 108
343 20
557 927
595 885
517 398
675 985
394 480
103 14
360 578
791 240
49 3
800 356
936 353
155 382
810 969
204 599
756 197
842 793
630 269
720 335
209 264
472 778
442 630
859 127
3 337
385 395
769 566
638 183
485 892
975 501
578 315
632 737
888 778
139 180
619 693
762 728
346 355
525 596
586 178
629 356
333 906
702 218
174 324
956 49
561 850
876 730
440 583
994 687
99 897
735 443
550 862
295 596
978 311
87 529
498 752
313 440
790 418
594 415
789 761
54 441
671 827
746 674
568 546
512 803
635 737
280 868
5 378
836 784
350 156
6 283
326 119
220 842
490 564
203 704
190 658
714 700
228 843
636 708
640 55
682 141
570 741
498 575
784 622
789 583
266 334
375 438
646 99
153 415
124 236
143 549
270 919
996 481
437 279
720 601
703 393
404 938
986 585
977 406
581 820
504 998
924 264
735 25
61 344
953 602
484 103
863 267
296 329
663 648
662 400
845 100
602 464
467 843
840 86
995 307
170 526
60 553
823 418
889 903
713 966
642 297
80 926
573 706
872 84
692 183
938 112
745 580
412 436
874 673
120 928
521 177
625 649
443 446
238 795
970 550
8 593
525 307
506 189
490 598
192 633
357 672
313 10
749 53
496 293
609 403
411 802
799 943
35 938
464 722
581 79
487 932
957 994
960 415
619 633
596 815
311 357
484 78
475 114
444 544
524 395
482 834
762 497
612 203
560 544
108 150
142 277
624 140
643 223
586 70
382 935
547 609
914 76
249 401
403 209
504 769
278 144
263 895
802 287
394 536
801 697
187 91
951 149
895 711
138 130
438 65
761 662
8 104
181 943
550 73
681 861
734 66
673 58
968 348
50 644
788 393
638 383
843 797
145 801
729 841
765 28
971 465
427 206
425 415
238 584
621 768
752 578
521 536
289 106
382 421
904 969
590 483
24 417
384 527
723 317
936 682
219 897
451 732
686 266
529 998
266 885
775 746
111 6
749 922
674 287
567 649
765 950
7 627
688 937
8 80
707 346
611 909
15 384
425 365
7 349
403 542
414 6
332 108
830 481
206 3
341 568
629 13
447 850
449 163
507 88
353 247
222 959
875 938
500 152
134 172
867 781
935 159
275 165
460 130
588 202
532 295
986 717
712 745
532 347
625 15
124 783
860 306
477 986
756 490
11 63
860 175
988 319
938 557
960 691
412 973
408 867
194 170
613 943
822 7
698 544
790 857
854 217
608 551
87 357
271 122
128 205
516 501
