1000 242887
1000
191 320
691 339
465 134
586 910
703 652
976 32
501 216
114 726
225 864
475 566
276 82
979 640
642 861
891 979
532 825
891 207
381 107
757 234
792 879
752 688
962 957
167 767
536 726
257 51
83 718
678 878
505 180
571 625
89 716
923 120
162 457
73 605
256 516
864 614
89 963
855 97
463 606
577 156
997 193
413 882
587 435
524 35
80 883
428 958
467 32
216 236
393 281
432 269
575 705
407 968
282 298
294 134
918 793
532 161
775 794
92 552
750 100
441 706
977 72
25 679
337 976
152 451
569 686
55 406
198 974
416 996
654 185
510 53
48 145
880 582
124 35
350 143
813 736
320 332
228 961
698 996
685 983
994 618
468 257
964 871
403 795
547 215
218 30
741 761
298 193
952 389
212 934
284 788
868 863
523 485
627 356
249 215
391 66
308 134
255 958
270 649
83 233
689 579
650 509
360 54
72 723
293 510
903 905
789 48
897 497
255 433
103 580
286 658
355 502
594 149
937 28
897 894
698 81
701 796
347 153
349 186
652 357
19 130
779 355
717 276
958 930
924 796
876 373
656 72
670 234
702 590
59 831
603 75
933 940
481 250
809 893
467 102
746 715
861 870
286 271
722 265
92 36
811 74
360 435
872 515
652 371
666 328
7 317
665 122
432 395
821 469
243 422
470 838
521 930
282 449
860 858
195 855
390 725
48 528
632 196
877 674
574 8
20 24
438 799
448 504
86 824
751 366
974 276
884 119
138 565
502 219
893 648
444 747
82 74
773 889
759 509
795 966
997 405
977 637
104 469
945 985
494 750
225 28
659 16
881 351
646 250
517 282
563 739
657 641
459 322
304 389
151 983
937 650
963 604
872 42
698 147
661 38
76 144
425 658
847 79
466 204
214 778
239 92
843 226
194 147
172 138
251 519
392 926
275 62
750 815
538 279
539 452
14 53
599 296
137 815
364 382
342 804
727 347
739 186
641 999
134 631
124 730
170 660
548 385
316 211
101 195
819 786
866 531
640 671
41 327
276 370
944 190
926 160
163 311
856 666
461 867
291 769
624 25
334 814
49 38
405 240
632 591
285 980
301 328
199 123
373 261
761 781
361 711
79 68
395 476
223 56
781 204
652 841
955 416
948 232
936 408
193 662
117 185
807 728
566 939
635 107
174 562
654 362
590 382
841 510
87 577
354 1000
959 796
855 375
878 440
33 692
256 783
504 237
507 6
717 442
528 389
751 676
519 110
256 25
832 56
489 151
134 439
288 678
125 759
813 344
435 405
73 1000
398 701
993 274
105 290
394 865
347 1000
684 376
171 46
387 939
831 352
598 468
653 23
778 868
289 97
989 547
21 621
312 992
175 437
65 748
559 450
576 80
984 272
413 531
963 864
823 474
554 181
324 592
966 467
468 531
659 800
954 120
136 494
39 104
11 21
457 246
491 889
605 73
420 292
428 108
337 546
753 482
743 386
963 114
736 631
503 839
162 361
148 473
880 456
743 944
780 829
277 328
804 139
236 8
694 958
473 589
308 91
932 669
373 417
419 20
333 587
122 810
518 218
292 778
323 832
365 136
762 637
979 501
535 673
179 93
538 718
874 503
207 454
552 72
288 440
960 387
781 963
37 853
432 365
647 473
795 963
17 498
96 582
667 749
440 318
724 808
735 600
979 499
59 102
312 152
57 319
196 651
249 4
684 995
40 914
816 637
728 383
159 574
698 894
555 643
477 110
215 628
227 706
574 584
888 996
679 340
230 236
455 605
622 83
802 893
419 579
519 272
82 766
527 716
801 845
581 962
904 735
605 443
629 840
108 979
408 374
142 357
460 622
86 317
8 70
581 976
478 729
256 921
416 982
69 17
171 449
658 759
803 284
19 1
313 550
399 36
626 974
232 468
270 152
396 445
853 489
247 911
73 206
705 775
373 542
767 48
71 549
949 340
174 259
874 625
414 2
681 385
530 451
265 306
244 550
524 473
671 272
359 501
178 123
525 700
485 655
677 478
505 681
707 126
14 467
420 872
259 914
69 645
663 312
98 528
724 334
190 735
596 869
853 811
748 600
12 437
467 625
428 681
337 826
337 930
7 493
129 964
975 165
640 6
196 28
718 594
760 72
773 550
454 206
81 452
265 491
252 63
653 96
381 908
836 640
487 746
488 611
541 18
485 219
688 291
272 15
549 256
787 771
642 202
416 820
710 250
944 898
276 37
676 847
726 189
490 729
222 480
857 993
419 154
823 143
270 924
143 369
767 117
518 50
825 488
453 279
775 200
17 388
153 378
198 863
967 289
377 989
289 186
474 845
798 200
747 947
473 387
255 654
164 464
645 154
205 405
283 676
902 367
540 357
726 140
443 296
691 105
705 686
190 843
501 936
567 905
218 734
97 999
961 718
961 900
980 658
729 508
442 620
942 147
653 578
333 966
37 181
334 310
143 588
608 374
770 162
99 579
857 164
542 553
361 446
296 342
333 291
499 91
652 231
485 240
343 575
5 773
732 402
572 560
580 334
324 372
818 591
770 762
549 480
577 434
598 504
218 467
232 92
195 623
983 809
458 831
138 769
533 787
704 204
624 63
790 231
877 421
46 628
947 456
418 340
568 688
552 283
941 819
167 730
812 623
130 389
338 594
875 656
575 322
118 417
573 670
920 710
510 946
108 614
66 635
178 486
82 474
999 748
11 304
411 570
554 177
145 984
25 526
761 923
119 267
43 502
185 788
534 422
748 2
433 609
993 475
187 831
544 627
273 56
338 587
472 20
459 441
386 336
671 234
357 462
10 916
759 697
780 145
976 127
680 488
693 741
350 78
354 629
510 363
78 318
811 169
992 643
857 598
541 383
431 906
67 73
126 973
519 493
501 579
113 385
304 438
284 189
244 701
711 669
503 768
833 634
95 255
670 779
993 155
126 974
478 958
279 750
334 735
573 822
751 832
802 592
748 329
751 510
300 639
504 750
452 219
114 485
911 961
460 709
458 438
822 216
607 883
304 4
996 830
800 588
219 440
523 347
269 724
726 17
863 625
13 150
933 857
977 754
268 863
761 13
131 451
235 716
821 406
93 879
110 555
93 927
292 767
259 601
333 879
844 217
804 211
955 468
838 545
991 336
312 952
472 888
220 682
496 348
190 176
612 400
707 162
932 336
505 231
352 123
55 549
265 21
119 602
871 109
709 421
226 362
916 537
153 338
93 486
793 136
557 506
680 963
837 344
775 768
864 354
595 801
359 105
417 13
68 84
654 235
977 833
846 976
669 335
278 551
916 967
531 305
995 831
799 506
882 62
637 747
86 747
387 158
587 636
169 465
634 825
215 46
960 579
44 968
979 975
51 635
268 545
604 994
504 609
262 26
334 810
674 112
72 45
299 879
777 243
239 215
349 810
770 962
322 709
208 651
160 888
77 663
114 179
808 642
598 515
18 793
385 156
631 478
757 332
986 605
852 481
326 338
814 814
599 459
192 964
925 887
619 873
318 396
232 451
915 681
112 386
394 798
439 778
678 953
282 3
949 619
975 736
234 368
105 88
117 859
746 710
768 229
627 775
953 823
787 900
923 56
87 874
551 664
649 120
651 481
809 703
686 645
112 998
201 791
52 271
532 343
717 344
11 877
222 160
502 443
611 848
40 629
854 51
876 446
204 214
788 477
357 933
240 386
252 705
648 267
498 280
687 734
978 149
248 111
251 352
891 57
680 582
620 458
56 932
575 761
83 91
880 326
386 378
190 655
795 27
634 396
706 391
432 937
397 41
858 613
762 406
32 498
53 910
780 451
3 371
789 620
679 164
747 56
507 888
957 768
477 722
328 548
654 961
244 76
532 487
537 358
837 409
246 246
602 187
4 546
845 378
310 119
139 215
948 332
963 41
365 60
607 358
91 125
745 924
569 227
124 78
200 265
687 244
404 979
287 742
422 687
195 295
599 7
251 965
884 228
338 77
65 638
316 672
5 978
721 290
606 42
894 908
477 488
322 301
95 734
908 48
954 152
810 829
3 505
481 849
120 789
704 653
537 698
19 431
863 174
308 701
324 849
416 296
6 620
60 333
95 70
588 946
590 949
234 330
237 312
848 107
187 189
565 935
519 336
359 217
706 890
382 560
292 634
110 765
657 425
152 424
2 195
661 279
847 457
609 406
203 544
366 721
709 877
155 879
677 513
606 619
143 653
62 321
698 24
648 595
239 689
577 296
374 602
179 969
80 82
388 34
566 873
906 790
32 667
245 653
148 977
876 26
388 615
589 30
424 246
16 820
157 402
915 952
376 461
894 597
278 221
179 761
419 778
865 718
560 628
919 48
326 759
415 734
380 498
601 249
482 541
415 41
452 428
578 331
738 742
974 290
998 766
120 246
369 556
787 409
334 266
274 378
58 879
63 683
25 579
308 241
465 22
881 451
275 160
389 189
569 707
260 43
668 132
67 52
260 650
286 63
94 836
975 920
629 409
630 617
190 775
395 592
808 232
463 588
221 385
365 438
993 968
994 457
859 47
591 685
156 325
303 168
