1000 253070
1000
551 527
140 672
322 579
10 686
25 770
846 732
932 290
282 763
244 982
3 524
361 939
676 912
782 22
77 603
785 976
470 305
42 174
275 889
738 911
846 662
590 729
248 985
944 138
651 599
609 456
664 979
900 905
283 456
462 703
357 479
109 493
401 598
196 849
641 775
277 85
785 585
801 445
980 872
807 306
724 641
763 352
431 559
613 825
638 496
917 562
358 460
134 362
16 85
875 570
377 960
806 904
998 927
513 731
231 171
19 182
290 171
762 383
172 244
589 364
404 350
574 201
420 953
386 720
745 152
763 810
700 731
236 554
309 262
295 891
954 64
808 421
236 751
881 685
253 994
432 287
504 594
955 526
292 436
87 151
602 651
861 439
342 161
259 86
315 165
22 999
3 310
862 291
855 448
135 257
838 649
742 57
55 902
960 721
328 417
667 607
704 424
163 350
234 398
423 746
11 249
785 244
41 433
480 895
611 47
101 920
882 404
239 296
695 419
953 933
732 211
820 358
482 855
311 749
733 131
343 888
649 74
791 450
814 132
903 806
43 445
515 216
189 472
315 639
757 511
107 994
192 308
558 661
687 778
327 576
320 440
829 748
487 61
216 399
148 613
745 883
841 384
464 995
551 591
124 362
193 3
994 391
488 632
442 622
743 152
899 517
673 75
648 218
899 595
288 114
117 110
871 231
979 186
527 114
762 182
718 280
19 238
39 904
14 699
490 326
343 146
552 423
328 14
499 712
910 881
825 52
458 176
907 258
814 644
293 922
804 196
831 196
768 570
765 8
371 549
897 221
985 410
848 490
600 459
685 877
956 646
47 331
923 327
161 126
354 117
590 223
24 94
41 93
126 551
322 726
787 971
7 555
473 355
148 376
386 197
328 854
104 745
216 725
40 663
322 785
18 130
596 129
974 218
700 207
39 525
808 577
466 333
536 954
846 211
252 921
207 590
604 493
42 852
147 496
255 747
882 193
997 805
236 569
899 477
853 585
595 197
891 793
573 837
189 118
54 398
825 902
150 427
395 294
118 422
311 447
398 992
755 755
71 386
146 206
594 333
862 777
763 858
90 300
89 74
932 174
391 819
619 247
240 139
775 50
169 277
560 195
127 644
435 694
975 252
986 333
486 11
528 191
35 35
106 498
326 713
634 818
353 696
40 38
984 501
919 876
400 77
751 722
32 193
797 782
813 739
822 477
648 822
811 621
977 463
509 757
56 611
97 4
373 712
845 593
810 371
226 312
576 184
790 221
642 642
291 153
184 497
118 312
606 819
735 306
372 706
22 196
474 660
110 79
485 553
197 209
260 318
632 760
204 478
88 92
511 229
934 378
656 772
783 128
889 55
639 902
1 636
348 893
955 849
788 331
818 179
131 908
279 651
530 751
548 242
770 745
959 89
197 885
576 206
833 75
627 872
357 650
214 254
653 424
318 999
129 164
554 375
857 947
60 314
310 205
227 413
191 759
949 329
732 219
287 54
450 754
750 461
245 250
744 13
152 805
611 504
107 731
709 579
515 417
397 310
588 3
714 670
703 592
219 794
378 543
273 990
116 743
590 956
858 456
751 622
815 138
108 804
117 586
481 293
360 37
378 651
698 189
23 713
906 285
38 328
541 881
764 966
510 547
829 130
58 255
767 107
347 937
865 641
540 576
949 959
680 73
163 235
96 60
15 24
70 808
859 204
306 996
923 60
899 186
981 871
886 458
643 752
995 186
755 821
280 267
802 786
597 282
194 598
516 444
721 31
647 317
627 131
718 431
731 167
289 547
548 798
53 538
84 797
208 277
591 813
29 698
10 594
465 493
162 84
783 829
153 509
687 63
587 515
291 759
670 164
648 202
164 253
114 198
899 803
968 657
259 386
237 911
198 496
604 991
256 574
296 126
5 724
667 704
953 14
917 153
609 738
632 490
750 231
714 560
403 567
880 396
627 666
778 652
937 140
852 925
263 946
593 296
44 216
113 239
183 653
780 825
167 810
602 132
9 366
915 146
425 348
993 790
56 311
812 845
522 540
607 277
847 513
391 440
933 49
588 720
365 139
813 489
843 560
73 127
23 674
806 759
376 952
560 307
281 953
242 711
251 107
488 826
87 431
450 746
228 404
159 953
536 166
938 449
317 127
313 524
208 481
102 546
644 708
87 522
594 156
905 540
76 448
35 97
940 262
728 150
901 798
456 564
672 518
166 376
399 863
145 215
375 624
993 767
411 587
656 828
689 462
767 7
472 149
532 347
403 296
693 578
883 448
713 478
129 246
38 699
152 320
341 71
507 205
699 430
33 988
735 305
653 888
764 41
413 255
73 560
517 206
868 285
543 684
220 319
424 958
279 826
457 855
633 103
564 25
860 845
610 374
53 592
555 94
216 311
403 996
722 205
290 650
537 767
604 36
793 191
189 917
718 130
486 756
783 116
54 13
800 793
853 983
732 789
621 378
980 243
807 569
89 593
876 165
537 209
404 158
302 985
730 605
356 24
584 195
978 559
574 328
785 890
181 173
975 520
409 675
468 963
70 164
276 751
715 398
590 877
272 37
732 967
980 531
734 664
933 83
725 951
273 914
467 744
124 162
29 617
923 962
532 240
409 404
495 519
6 231
999 709
735 218
966 115
223 724
469 480
606 911
100 850
310 114
700 462
445 389
955 912
787 892
956 778
784 686
60 217
991 419
433 331
160 698
512 114
636 910
816 517
777 684
244 829
969 156
26 402
951 572
922 776
31 667
575 111
785 478
51 918
234 164
776 96
982 221
239 418
2 509
879 66
330 41
256 339
283 509
984 411
680 396
726 266
743 327
735 203
943 806
33 266
309 910
108 769
303 727
394 535
537 411
507 156
47 882
966 135
902 761
286 906
318 478
812 986
729 559
565 964
669 531
847 636
531 911
74 415
477 778
263 690
575 699
275 501
330 842
596 520
491 75
505 275
527 140
159 530
520 374
345 356
571 366
128 783
584 916
921 346
212 410
792 492
351 833
398 453
394 595
474 673
141 158
457 427
377 996
520 558
560 827
404 767
252 433
374 343
528 356
933 154
72 695
299 90
601 845
706 180
425 203
224 817
396 688
624 831
348 845
376 431
752 831
588 941
761 279
823 618
525 872
883 724
855 648
28 341
712 318
465 557
771 336
525 446
498 277
794 823
26 477
710 502
221 168
253 427
42 816
300 625
541 834
829 821
555 504
182 996
526 351
579 38
261 965
419 215
585 743
899 687
528 541
664 943
485 46
168 893
684 661
883 896
885 89
100 115
134 577
24 462
875 67
528 812
926 963
147 281
520 89
78 851
369 420
231 920
997 824
879 67
166 778
163 357
193 543
842 920
221 947
665 680
378 177
443 634
82 34
429 995
158 357
850 515
522 447
542 3
902 773
4 372
520 996
992 448
393 326
413 210
526 419
420 629
113 618
572 459
287 405
849 452
110 294
245 219
785 865
532 965
108 977
976 64
549 387
443 331
178 423
946 797
175 662
790 270
130 281
803 229
569 33
6 376
816 553
460 958
67 921
965 678
737 858
855 31
891 415
101 905
652 43
123 39
963 677
201 677
855 991
217 454
277 386
534 262
211 215
897 584
962 614
958 168
770 291
481 216
352 230
350 726
311 504
28 523
697 342
899 52
787 277
131 547
386 472
583 304
992 633
829 126
513 738
660 208
110 16
620 607
834 216
895 357
249 604
849 754
103 756
376 410
191 88
529 449
94 374
839 715
695 846
281 381
88 378
370 89
772 448
574 922
152 814
589 934
519 466
123 99
255 26
740 38
682 250
918 169
649 853
797 409
827 738
97 472
281 991
332 815
62 279
202 892
328 918
517 153
586 910
797 524
136 980
818 597
209 716
957 492
473 721
405 120
707 342
661 662
372 497
796 964
556 927
320 253
312 776
413 282
226 444
932 9
33 37
110 56
429 753
52 2
877 35
558 672
829 624
996 667
744 199
913 370
352 297
736 904
527 472
183 900
945 146
196 324
995 517
766 793
210 636
486 3
925 411
185 815
988 375
479 146
56 38
53 16
661 87
161 546
681 142
384 861
754 426
948 336
466 237
177 816
7 436
664 447
6 919
266 335
300 951
668 801
82 8
778 205
468 906
527 116
993 720
937 602
642 958
630 487
722 922
229 705
160 968
250 511
630 984
50 749
797 347
228 693
632 47
733 877
180 950
84 144
538 970
183 346
807 349
728 737
156 865
137 84
437 997
822 494
204 218
530 680
132 82
451 724
356 721
689 469
536 737
775 615
952 83
724 781
224 75
420 974
241 93
72 274
608 272
565 106
834 181
222 989
791 144
104 532
812 713
127 62
264 568
396 529
734 483
618 742
680 650
679 391
206 506
135 958
588 521
879 879
275 602
878 803
907 877
306 317
269 731
612 403
219 868
740 966
538 202
324 758
404 343
297 851
870 888
646 970
136 167
859 829
480 391
982 545
793 436
263 48
623 124
340 8
240 216
228 409
835 696
408 544
558 392
155 311
150 287
558 191
613 65
292 503
458 961
