1000 247946
1000
728 456
873 948
976 217
425 12
659 928
235 161
691 330
980 872
15 4
99 174
524 532
780 368
218 896
399 551
729 527
291 759
104 304
518 659
1 792
447 266
166 943
353 41
783 911
50 21
524 716
567 274
55 541
122 473
651 397
554 248
480 291
172 501
657 13
850 208
586 524
428 739
69 213
17 155
761 898
374 97
205 833
69 943
726 59
786 78
28 49
659 90
850 54
518 986
434 324
700 612
608 183
964 964
985 384
652 517
777 415
988 578
648 935
543 356
712 398
754 743
120 379
263 146
361 39
217 816
499 442
308 492
911 729
166 935
898 824
499 732
707 975
814 706
755 39
204 932
685 428
297 446
324 467
788 46
496 13
1 231
710 187
619 865
399 825
672 203
653 698
657 356
815 769
516 885
942 206
915 316
290 273
938 231
689 296
779 132
782 719
382 741
610 950
891 271
143 360
781 642
986 487
823 868
304 720
790 225
856 294
643 321
510 859
46 588
397 456
258 452
966 36
337 478
932 188
83 565
751 565
653 294
704 410
627 474
205 378
474 621
152 506
759 282
700 636
769 961
613 111
319 24
823 709
161 787
456 105
925 915
265 8
512 160
792 650
634 21
861 135
545 974
51 975
632 555
163 127
412 269
275 513
808 706
657 759
813 836
682 207
573 321
607 891
442 466
828 195
99 415
14 936
794 714
451 231
417 203
639 72
106 308
22 211
306 920
73 108
458 605
825 863
654 983
1 802
573 400
272 313
502 230
678 37
562 388
497 535
625 910
458 670
798 676
640 21
852 376
886 330
369 412
804 518
813 284
731 89
710 827
212 504
14 421
809 408
754 36
483 266
433 390
930 487
352 78
378 924
331 854
903 336
67 510
989 1
179 40
808 269
465 285
177 509
474 599
454 21
269 263
353 667
492 608
179 36
294 81
859 132
435 581
205 940
560 950
225 466
98 109
63 306
471 202
268 115
79 135
3 439
117 712
383 108
725 593
575 822
728 198
545 40
617 93
622 198
625 59
867 508
508 517
30 93
928 508
454 819
167 47
330 642
858 577
533 903
639 615
819 482
86 548
750 472
139 286
113 762
16 1
230 482
142 264
567 797
505 34
458 141
198 118
237 591
232 655
835 102
462 557
659 504
630 873
297 213
819 914
784 368
555 260
362 835
912 185
811 503
487 337
389 499
407 382
227 770
25 801
175 954
714 204
538 738
355 939
335 958
928 653
734 576
889 884
597 800
602 744
608 208
895 404
613 932
849 542
968 488
231 288
360 814
563 12
376 397
214 688
944 429
755 830
657 236
563 779
804 974
890 1
351 290
795 293
691 678
955 402
548 909
215 998
319 276
107 342
122 822
988 502
937 681
714 103
222 132
797 349
973 383
50 700
739 378
978 332
135 382
451 550
827 197
317 433
872 117
187 448
950 362
191 68
396 908
354 288
725 319
185 504
707 778
241 206
258 817
662 804
737 926
439 379
159 299
3 79
710 680
721 334
305 608
607 709
618 783
218 243
98 989
76 831
15 24
703 192
769 252
853 375
917 886
41 590
945 670
482 495
191 536
690 364
761 63
41 434
438 396
707 80
513 685
551 986
455 614
501 497
253 1
356 199
993 916
398 3
25 3
300 704
42 805
65 887
315 566
886 811
639 216
139 966
491 10
142 155
147 422
170 317
554 953
132 655
96 307
997 485
171 485
350 637
111 1
349 573
703 208
277 470
758 75
477 683
567 226
617 214
934 234
47 750
621 831
986 418
111 147
388 912
884 458
932 877
668 309
978 397
424 196
449 4
803 341
835 231
436 118
487 523
987 836
372 936
286 287
939 163
290 157
883 28
119 836
838 245
741 992
182 937
124 155
756 118
320 75
475 174
696 531
192 964
214 391
339 924
525 482
445 261
70 169
796 605
110 115
493 397
750 319
120 259
247 393
450 359
47 553
131 671
302 942
606 355
569 479
955 929
313 898
222 111
958 261
333 881
566 215
662 967
929 580
357 600
949 537
773 352
427 131
749 922
430 589
264 76
497 290
391 128
629 165
73 575
720 108
700 869
685 142
370 745
496 620
817 853
532 749
218 630
372 925
797 991
964 69
127 268
335 152
672 180
244 970
21 79
13 323
598 219
572 746
983 502
34 708
58 808
439 557
902 478
994 410
276 565
54 637
557 300
375 206
152 420
682 426
753 232
318 991
982 982
468 723
229 500
860 878
496 230
196 775
227 940
398 605
396 550
923 670
60 569
101 557
297 170
61 342
615 834
832 868
885 484
65 91
305 177
183 190
221 880
313 717
648 268
554 588
611 5
911 407
424 861
716 897
277 410
646 51
481 142
172 480
278 534
547 85
815 124
956 965
913 386
753 737
762 826
100 403
527 414
261 193
398 935
270 309
138 872
606 579
932 775
315 69
454 964
993 211
796 205
15 231
229 129
548 853
650 66
696 945
424 862
561 652
954 803
758 168
150 920
655 490
69 26
722 208
627 498
256 796
619 174
409 607
306 769
977 967
120 462
81 392
603 538
667 889
942 786
753 566
835 915
277 798
644 621
539 926
308 909
682 294
477 224
548 49
387 702
57 567
904 294
495 463
319 390
7 202
499 788
181 668
585 919
640 112
889 769
442 571
6 325
366 844
742 860
741 257
82 530
448 249
491 968
331 230
576 830
19 705
624 826
559 712
366 295
712 216
916 918
59 960
913 716
79 432
382 377
505 492
65 974
95 966
612 561
69 776
7 891
347 204
485 831
787 469
118 498
69 966
880 347
619 253
725 747
870 187
184 949
715 956
627 859
869 230
393 645
549 23
543 672
823 185
100 78
737 699
721 545
887 401
72 400
566 92
209 890
952 422
553 201
197 527
578 800
325 631
995 772
112 673
726 690
679 591
43 296
92 437
384 582
574 480
783 80
435 470
889 408
21 683
375 732
222 33
667 943
677 245
911 857
692 529
53 238
859 695
285 910
699 660
375 341
840 757
52 373
892 652
779 730
388 648
560 996
638 860
934 636
236 508
469 633
468 911
675 379
370 825
549 12
49 187
240 858
740 303
13 919
292 737
512 994
765 767
364 327
873 656
460 151
801 513
382 368
241 406
368 642
490 888
849 880
787 304
74 907
368 779
750 834
422 399
319 711
281 564
50 579
401 970
141 603
429 36
881 577
901 658
635 227
504 360
272 170
173 669
370 554
496 360
184 815
629 108
976 91
540 978
82 460
799 815
856 467
821 287
489 321
480 21
149 827
849 404
859 891
741 346
483 418
189 104
553 106
584 638
352 265
606 912
113 689
48 619
35 19
426 832
725 809
821 89
997 856
662 961
105 875
490 439
941 463
473 448
554 728
677 521
500 500
249 130
880 126
467 412
908 378
926 611
790 53
293 538
800 13
85 618
571 573
6 639
91 119
502 598
326 717
621 111
336 672
567 607
520 283
646 308
774 103
766 367
186 150
158 189
963 585
266 481
479 42
23 535
434 125
374 322
247 963
846 501
821 167
295 235
802 761
480 256
793 912
83 667
74 705
705 593
980 221
55 25
823 567
306 192
195 292
913 670
401 614
136 596
971 639
501 18
688 990
877 451
523 742
526 311
992 771
411 158
781 745
924 14
662 260
89 574
195 487
209 976
264 592
406 662
963 582
65 543
497 550
903 320
995 174
1 38
993 617
932 56
688 303
505 883
319 639
479 365
88 617
345 245
929 246
979 498
491 631
913 451
395 292
519 559
975 955
213 354
89 485
191 457
549 669
404 336
247 672
721 138
772 935
786 661
117 868
1000 615
789 960
788 641
390 782
237 331
964 131
303 84
497 710
706 487
452 699
749 953
159 919
972 337
867 907
682 595
133 182
921 297
335 249
791 205
32 999
20 160
476 656
213 290
725 930
247 340
97 118
465 668
713 244
902 599
551 116
469 592
594 363
455 713
22 407
329 304
688 680
748 568
484 358
134 770
116 635
351 573
142 590
498 353
127 466
12 469
618 634
813 575
598 829
695 453
133 305
347 765
280 281
272 419
380 966
53 241
812 405
411 991
608 474
341 393
587 130
623 727
731 905
906 982
765 842
197 111
66 978
639 259
223 611
900 292
772 170
231 653
555 373
427 252
358 500
169 537
602 896
873 713
446 219
498 678
671 436
885 566
296 251
954 394
103 966
250 537
870 363
215 967
230 186
184 366
232 784
520 119
90 571
399 948
355 424
597 190
38 425
69 984
727 895
158 116
909 855
21 154
637 719
165 835
301 826
593 14
160 548
696 504
458 344
228 735
578 712
655 652
873 752
197 358
565 586
574 648
881 346
968 685
351 294
735 95
333 69
398 239
168 639
900 639
292 669
313 368
284 248
364 217
458 634
529 371
819 369
415 925
198 547
366 752
904 622
533 327
324 965
317 160
964 644
792 498
805 804
192 136
77 908
62 737
560 665
120 3
996 864
572 111
235 549
53 520
247 299
918 293
830 369
101 508
635 842
359 459
424 518
173 711
862 173
444 175
966 369
195 387
182 127
792 728
31 386
