1000 265114
1000
921 924
988 680
196 446
377 262
93 952
699 836
633 453
294 743
284 292
393 515
341 641
699 752
894 329
29 12
791 509
931 425
832 392
94 68
744 976
664 541
503 547
67 836
309 816
44 106
416 648
431 364
61 881
931 131
400 387
682 22
716 952
168 576
744 492
218 812
959 31
50 125
881 539
728 110
45 746
369 863
218 334
163 959
316 227
280 493
196 808
741 505
841 86
272 264
175 657
867 237
282 459
164 32
114 811
733 585
630 307
35 64
280 773
428 862
63 896
447 236
219 38
304 957
827 318
225 675
868 396
288 935
948 965
4 335
525 177
596 719
720 243
754 211
885 534
489 354
789 795
491 760
421 701
925 783
242 996
129 994
859 332
314 150
591 538
394 142
605 57
491 791
896 202
195 380
24 844
712 923
173 21
92 462
158 450
303 873
928 233
884 936
204 845
790 604
82 699
521 3
489 163
902 915
114 37
333 604
438 389
903 923
179 589
962 814
413 861
463 872
761 845
185 606
340 443
779 434
100 260
447 632
266 467
352 443
722 719
361 831
488 78
661 646
751 562
549 546
995 525
895 3
941 317
924 622
993 476
163 994
419 505
924 34
199 911
131 932
623 409
759 983
23 728
747 348
308 465
152 876
441 652
667 419
424 210
657 248
399 682
278 837
826 876
816 120
741 332
510 884
260 805
917 23
764 21
55 248
289 418
97 473
382 501
310 935
544 754
267 214
426 374
249 176
823 685
963 751
533 509
791 149
439 700
59 999
770 298
578 839
886 780
796 802
103 464
805 49
617 961
891 463
971 436
335 821
86 132
80 334
342 465
228 869
921 584
802 760
275 628
817 727
130 494
487 576
812 770
350 508
251 455
789 886
605 983
639 275
823 368
437 776
489 616
373 155
99 934
236 327
418 307
117 176
452 893
739 718
957 957
424 375
738 830
425 204
814 274
145 220
791 700
837 814
71 661
402 944
217 378
156 928
665 926
328 845
122 731
688 359
535 63
586 225
436 600
381 250
332 918
180 630
874 533
687 926
605 279
41 997
688 591
275 886
670 52
894 926
297 865
206 910
537 769
496 593
499 566
925 442
531 584
192 579
635 649
275 95
3 175
137 806
50 99
216 903
71 712
545 820
396 204
342 505
544 643
855 441
394 487
84 256
141 511
677 398
497 282
789 189
19 940
122 102
307 856
439 750
343 727
614 868
852 816
347 432
613 830
809 929
658 220
608 712
452 458
738 663
507 90
224 627
107 275
617 223
527 446
24 27
268 538
554 245
801 235
494 336
190 392
810 696
354 852
895 968
533 887
316 407
367 282
238 20
434 952
576 79
758 924
575 60
755 748
140 529
355 346
891 651
314 613
126 948
280 226
873 230
821 622
372 820
674 686
599 923
890 218
354 686
25 191
764 66
813 76
980 534
241 583
368 802
29 153
192 569
1 94
657 669
856 116
875 60
833 275
565 878
342 531
152 282
262 93
399 770
876 351
656 518
290 557
945 852
210 437
863 765
848 691
663 74
507 371
197 630
318 325
187 752
815 888
966 97
671 636
353 635
534 707
579 314
983 758
403 641
900 583
594 211
801 191
426 79
96 211
156 796
725 591
224 939
452 43
350 282
614 349
790 183
128 433
556 712
206 385
558 679
691 359
99 984
39 747
190 427
22 934
5 907
292 755
480 280
951 254
175 257
64 939
437 639
587 641
53 326
877 409
499 861
581 31
733 969
796 649
736 655
491 500
959 957
917 122
598 625
191 161
167 435
14 252
657 102
302 79
657 822
900 978
623 824
923 755
657 499
336 568
226 523
151 227
894 572
207 732
56 729
731 983
642 424
769 310
519 190
813 198
85 224
739 223
159 691
794 965
21 878
575 811
296 547
720 451
975 176
696 604
257 417
341 729
265 794
109 427
925 198
948 595
388 867
661 283
130 917
720 709
625 449
718 824
297 497
94 72
314 359
474 686
960 668
442 593
980 561
574 212
544 761
951 173
174 709
493 29
757 927
449 672
910 804
698 918
216 582
293 207
257 401
591 379
581 865
701 452
250 120
142 631
303 236
428 631
799 697
951 757
309 648
153 200
736 16
173 442
787 826
17 544
628 630
825 923
841 414
973 469
635 17
41 247
824 266
750 565
417 569
520 962
938 403
310 374
191 955
64 434
319 426
165 183
892 736
404 828
954 45
555 774
517 203
397 478
395 774
339 837
252 665
423 15
732 262
823 624
789 83
940 999
313 227
213 598
221 859
221 649
102 427
711 750
681 488
334 52
716 559
659 673
660 536
532 444
56 883
473 336
1 978
199 834
169 206
965 507
59 716
161 401
714 527
723 375
461 212
840 955
840 240
521 835
286 50
977 689
353 592
972 101
60 818
471 300
448 646
119 612
305 752
218 537
819 394
139 534
17 61
435 757
795 652
543 674
496 420
858 587
199 982
743 725
345 412
520 143
887 130
31 225
169 248
594 294
453 876
585 749
910 712
779 13
579 593
775 704
250 174
890 372
906 39
153 748
926 586
790 792
778 998
552 923
886 955
814 851
233 322
593 810
619 63
393 316
505 324
250 435
327 637
397 564
756 394
64 741
742 319
420 93
355 349
643 154
868 821
222 572
577 671
235 743
963 988
790 6
579 951
393 828
347 823
142 424
876 445
259 771
930 483
295 177
963 230
432 174
734 895
396 749
893 290
626 958
565 471
372 430
675 182
331 865
729 152
950 283
197 316
945 205
60 326
809 598
81 646
608 535
255 806
607 502
90 75
845 406
302 648
72 759
277 985
895 497
228 919
89 155
971 841
917 84
691 123
143 279
277 640
580 697
537 803
895 958
568 807
973 811
426 616
912 91
401 741
204 117
731 510
606 964
592 847
523 166
894 135
17 920
905 833
653 588
838 595
136 121
440 477
974 219
701 460
235 349
987 207
435 915
593 203
961 304
227 876
220 974
204 41
198 242
831 449
774 698
982 650
236 876
768 727
845 220
914 386
675 986
861 631
583 363
91 275
906 859
75 971
276 53
607 524
735 72
639 978
708 978
527 791
458 817
408 714
565 595
517 398
11 529
151 649
444 866
573 610
575 859
44 139
72 125
935 357
57 877
339 996
193 602
858 721
941 422
208 537
594 278
529 584
565 991
808 410
764 335
704 423
229 761
477 530
486 61
236 462
778 400
325 995
616 814
751 744
482 796
925 275
190 431
400 144
905 954
361 839
519 960
510 788
483 799
944 321
911 785
107 838
520 172
54 208
952 558
955 663
432 292
49 804
518 101
736 822
260 517
627 60
690 611
572 852
82 430
321 682
346 602
376 830
642 874
226 243
928 205
647 431
591 502
859 301
375 167
284 802
75 425
305 348
563 344
271 654
587 987
554 996
670 91
922 305
168 885
874 232
987 115
792 55
740 392
478 29
818 325
541 300
247 852
683 120
734 304
731 762
182 497
654 589
770 603
677 966
707 592
106 873
755 630
861 105
344 428
135 498
6 661
76 877
78 330
50 864
539 988
314 835
803 294
755 712
863 207
528 8
8 820
979 816
130 170
592 41
997 250
922 411
654 481
931 767
250 161
875 602
949 930
641 749
996 889
23 325
905 627
709 990
145 990
644 693
443 985
909 989
464 365
950 331
197 864
99 54
113 954
977 866
335 650
409 285
60 51
55 174
701 881
513 535
225 273
291 562
222 605
275 451
72 727
401 273
321 201
617 924
488 401
72 219
191 358
288 113
57 371
502 919
4 283
288 69
612 584
485 24
933 399
724 878
813 858
854 37
438 740
373 191
529 24
99 943
153 685
604 234
239 356
674 897
73 183
547 120
390 955
728 619
913 485
915 287
161 687
190 412
35 671
875 17
548 277
66 913
401 924
565 230
676 64
73 526
932 145
464 871
581 400
567 641
37 584
937 717
301 50
337 257
801 875
34 783
676 402
772 863
127 189
278 147
401 541
1 112
438 414
781 376
24 641
193 617
754 830
390 120
989 795
859 393
839 278
174 295
168 395
453 994
99 66
262 263
689 288
591 62
35 197
787 542
15 743
383 93
226 583
144 715
661 888
190 477
72 667
584 454
96 748
513 453
410 141
599 782
941 435
439 510
112 476
614 850
250 810
872 10
939 487
744 855
817 407
132 439
322 711
682 112
86 204
669 810
933 982
670 406
321 541
162 760
429 924
6 424
442 47
455 547
984 615
811 764
103 310
76 82
964 703
775 117
919 983
129 476
441 977
172 385
272 618
632 750
143 352
561 400
172 821
928 237
742 915
798 180
866 798
531 242
719 691
524 511
132 510
987 141
851 311
657 819
263 241
366 645
979 198
260 587
952 788
458 210
281 307
304 760
741 58
280 571
851 354
170 662
628 887
631 58
11 33
396 909
959 855
925 741
127 666
456 35
285 639
759 922
753 645
880 1000
390 350
370 316
544 493
85 910
382 189
559 907
321 566
748 109
506 577
969 202
807 350
865 521
808 157
743 745
695 676
598 157
954 118
816 847
725 380
683 862
495 334
917 655
