1000 267552
1000
256 512
17 819
147 867
753 394
458 539
514 995
504 726
576 108
830 856
104 28
665 769
154 679
198 585
947 325
99 585
731 26
430 13
761 192
373 152
57 34
437 899
621 267
615 811
557 389
903 100
757 988
573 489
966 996
309 958
929 297
59 536
497 277
41 470
742 269
879 446
892 434
337 251
713 442
226 965
273 149
160 985
501 673
151 162
285 783
850 754
136 828
70 179
976 650
590 368
336 494
816 144
509 433
35 934
464 92
719 370
963 521
398 613
666 711
954 406
284 944
969 27
302 777
115 137
92 864
111 814
426 834
873 702
198 447
215 243
396 73
390 676
523 36
458 672
317 11
783 952
235 980
986 772
16 191
564 978
106 947
785 354
872 265
288 353
93 291
355 914
47 797
931 276
841 393
905 707
830 494
597 137
440 312
430 194
984 328
384 276
20 650
131 948
599 606
470 725
389 109
608 980
576 604
260 138
78 290
157 183
364 257
893 870
325 890
302 756
225 61
480 825
136 944
652 222
559 821
357 450
976 406
655 869
714 815
565 486
617 952
730 991
276 790
483 724
989 257
542 703
353 769
650 265
440 508
151 122
113 364
194 316
289 164
889 926
582 912
921 324
227 652
93 342
732 643
585 236
383 314
87 104
107 592
209 329
144 534
168 595
462 755
467 123
917 304
917 955
914 75
324 894
966 764
483 599
59 353
171 819
544 964
516 674
964 456
620 508
874 683
709 533
522 944
831 777
894 615
325 221
905 511
305 646
941 842
767 655
845 646
14 975
489 603
717 692
732 783
815 510
661 684
728 156
940 823
851 944
131 434
395 650
788 418
773 922
623 715
596 908
479 568
159 627
218 506
583 504
757 9
150 11
709 23
465 452
820 818
63 558
575 938
741 781
390 706
198 867
217 259
817 488
304 495
899 417
900 833
578 55
764 71
394 514
889 882
361 46
30 243
993 403
240 934
399 321
495 718
540 649
185 435
207 769
500 803
251 177
729 561
390 473
171 566
640 650
978 321
827 398
50 753
538 827
602 590
775 340
147 271
106 540
971 12
12 592
334 429
742 982
915 956
987 36
800 197
96 252
41 845
949 383
331 252
997 934
368 970
776 727
261 575
794 474
421 482
984 445
291 126
779 591
402 381
154 508
613 145
902 727
427 630
819 612
803 497
483 607
722 243
109 569
945 675
347 857
577 256
857 155
406 450
865 572
945 701
801 321
724 622
346 481
942 109
920 311
461 971
910 842
156 316
838 567
593 320
270 458
874 926
217 236
648 158
912 678
62 950
919 541
12 460
858 28
619 898
109 723
191 929
101 354
910 582
807 794
399 953
940 520
328 644
967 364
264 914
7 729
305 34
66 44
48 519
227 868
302 382
436 835
205 130
110 531
741 100
519 402
596 224
628 327
378 204
275 498
402 958
219 483
679 968
106 89
153 487
116 753
886 747
240 536
943 435
133 549
937 63
75 656
337 363
644 596
823 331
453 579
864 902
330 453
993 900
137 655
539 437
160 857
153 854
678 980
855 919
596 126
257 842
454 535
228 988
949 257
401 445
926 373
364 868
684 89
662 23
400 55
639 905
230 296
218 727
383 349
161 61
208 668
675 355
746 313
682 6
520 754
796 636
943 195
384 470
525 734
842 337
467 245
812 692
214 719
481 977
878 71
194 427
977 700
706 648
607 219
309 353
539 340
344 883
226 841
629 856
706 305
661 384
909 263
884 639
340 185
141 773
639 242
948 587
999 226
612 458
601 844
22 168
849 939
573 178
202 903
925 169
147 439
926 704
498 151
251 30
871 638
698 274
955 768
710 179
121 649
130 835
707 376
36 835
969 985
813 735
527 389
854 47
899 982
800 714
831 123
512 575
607 886
496 137
98 585
23 46
698 794
187 934
112 788
366 275
664 985
933 884
201 685
892 802
172 177
763 826
136 812
821 181
115 770
397 726
546 613
7 788
949 850
99 793
692 392
684 547
525 871
308 572
549 688
906 590
624 531
60 576
809 969
243 794
812 939
889 265
68 755
883 91
790 847
840 572
915 15
171 584
261 740
907 416
810 391
674 502
78 398
294 521
740 694
17 435
111 271
210 419
292 307
501 620
842 817
98 81
967 877
445 669
642 191
944 811
42 325
472 890
394 721
641 477
427 365
701 71
224 189
909 193
271 85
579 944
801 679
22 576
919 483
727 435
278 556
421 683
687 475
416 257
7 568
961 886
62 343
644 500
223 137
412 818
554 787
680 153
746 962
511 157
522 364
959 155
450 810
664 513
700 978
780 759
812 995
739 384
542 993
626 664
889 321
739 832
948 335
834 203
461 65
680 752
272 968
686 480
754 924
346 509
291 596
933 879
125 871
921 396
175 432
499 186
9 800
390 129
123 82
887 796
472 232
276 606
245 572
310 340
826 197
964 205
505 408
906 35
35 188
689 392
429 550
517 590
854 752
604 59
620 85
45 883
466 668
365 268
705 764
32 805
253 629
439 885
956 614
812 432
994 538
15 23
23 377
463 744
585 566
560 426
755 507
122 556
566 343
387 525
537 937
782 175
152 988
665 86
904 95
495 669
775 868
886 977
586 563
726 606
907 590
113 200
25 383
997 390
291 58
997 868
719 645
694 488
741 351
93 507
156 138
418 354
758 609
814 257
198 931
758 604
548 32
953 873
756 556
69 19
871 984
539 840
190 962
443 939
824 765
6 818
794 901
385 38
888 465
313 278
96 992
464 728
121 624
759 933
330 747
416 614
461 919
461 277
525 509
143 409
244 254
512 187
989 351
146 986
820 336
154 781
602 490
273 351
687 147
529 627
90 51
124 313
822 844
299 845
130 893
4 306
872 697
300 982
301 226
7 572
950 329
531 455
901 401
189 900
412 672
95 606
620 760
794 53
845 28
386 54
908 814
424 115
611 185
382 195
247 717
954 673
616 164
285 819
276 508
550 219
449 296
839 294
64 640
137 256
746 980
982 729
544 891
228 451
272 839
150 737
805 134
674 157
448 757
174 692
621 14
997 654
432 28
578 707
920 111
683 616
866 856
133 207
905 587
44 524
150 537
180 785
639 279
647 487
642 861
926 208
632 308
159 572
345 354
708 392
446 960
310 680
139 958
170 21
868 12
393 543
194 513
620 238
118 416
921 487
2 26
393 741
482 57
336 45
628 927
461 41
605 230
384 69
600 302
331 310
690 273
299 929
57 221
885 350
906 43
890 886
129 12
180 391
336 545
783 844
665 686
88 68
750 705
18 810
70 265
95 974
568 228
449 470
755 407
677 45
495 538
560 833
245 332
536 461
677 720
208 149
849 588
506 528
891 963
215 61
848 761
754 626
348 169
578 150
563 266
175 359
344 409
684 117
726 732
902 965
711 705
552 606
430 663
559 656
500 700
458 564
745 295
624 860
102 142
304 531
374 387
615 871
645 350
141 315
100 925
466 79
199 18
359 858
992 985
388 424
609 64
600 745
775 882
575 785
185 22
331 44
773 371
518 386
238 257
893 727
265 316
554 578
212 906
384 880
453 844
565 838
166 409
97 270
7 763
204 156
383 468
647 777
325 506
414 45
686 716
324 327
356 943
330 598
485 380
438 853
702 481
981 658
545 545
627 525
964 777
261 479
941 971
944 844
8 945
793 310
140 436
292 341
858 854
243 768
296 151
92 263
481 127
403 435
432 419
628 272
681 587
636 40
870 289
657 231
239 394
110 454
566 364
63 564
382 733
296 748
355 335
725 148
105 572
55 45
304 863
573 18
698 608
874 426
408 607
994 326
228 695
539 499
509 118
877 469
556 129
29 988
9 439
837 479
956 401
524 878
322 625
93 292
442 977
928 718
694 391
446 174
140 969
247 264
284 118
84 762
578 199
557 769
192 133
805 449
897 66
399 921
136 313
571 479
122 998
40 493
618 352
80 465
131 552
255 785
262 323
902 516
855 889
874 674
858 430
540 254
994 247
686 588
772 73
645 355
5 303
366 398
720 863
608 798
586 870
240 955
148 326
111 395
330 81
960 984
799 592
115 888
937 704
835 655
806 886
735 594
484 909
547 128
73 202
381 934
437 416
907 272
232 844
61 124
185 952
481 433
541 244
569 477
355 779
989 517
758 22
519 498
988 772
140 651
977 884
81 265
644 764
497 551
188 274
673 585
473 806
475 946
508 831
420 408
295 888
187 317
10 53
680 314
514 38
146 465
997 924
323 916
748 151
482 809
299 549
768 697
635 208
848 719
864 988
903 413
126 749
95 229
52 346
870 462
962 312
370 912
528 365
408 130
636 41
896 933
224 694
585 835
29 525
483 218
106 711
141 699
539 87
396 734
129 713
144 499
788 792
203 28
425 994
655 365
192 252
797 329
730 653
807 128
24 623
645 399
31 947
350 710
16 860
201 370
618 4
195 365
584 141
590 536
42 824
427 38
502 927
179 385
714 858
150 71
131 868
749 987
985 813
753 301
841 548
254 800
779 835
806 167
406 937
892 102
657 988
492 587
15 361
794 438
