1000 235757
1000
734 543
462 224
25 361
913 192
495 616
521 267
588 210
189 404
518 287
154 344
631 496
473 740
668 634
589 261
350 561
667 335
647 561
278 471
146 33
549 78
716 619
804 804
574 535
357 459
22 365
88 612
30 793
879 23
991 337
820 345
949 970
47 294
537 211
74 977
8 981
578 452
960 810
75 932
807 704
154 298
512 324
586 267
66 157
61 293
306 22
655 854
195 106
178 832
384 219
684 680
126 515
373 665
512 86
716 388
454 544
868 87
45 580
335 729
834 274
911 92
690 421
955 409
253 787
916 619
332 349
529 910
786 348
317 582
894 968
709 351
900 542
979 933
935 570
578 139
106 474
981 247
575 442
239 466
34 89
640 191
368 223
495 872
583 286
744 41
40 279
317 997
180 18
694 304
539 606
546 36
514 527
154 144
18 557
2 609
276 387
426 19
873 431
26 271
585 178
546 503
108 641
354 448
100 444
912 571
271 582
395 667
382 678
356 708
184 807
214 547
602 117
640 197
879 218
175 531
633 618
479 519
386 881
168 199
271 745
798 70
136 262
574 111
535 631
440 215
370 341
385 432
392 131
464 449
363 241
993 213
108 327
207 363
971 29
461 801
465 567
396 104
35 46
979 174
667 939
35 989
290 948
358 7
119 8
252 802
536 815
193 868
883 888
927 851
952 442
174 865
843 258
473 948
947 310
84 775
970 53
350 898
409 649
115 338
456 333
384 881
985 784
575 518
207 713
412 233
693 872
566 941
273 449
856 406
745 665
424 666
692 231
40 51
594 2
437 656
187 1000
272 111
466 770
32 758
25 775
864 794
550 118
643 336
527 428
146 60
462 300
675 72
498 273
264 414
224 656
254 923
562 214
436 878
560 734
641 723
673 82
971 180
422 16
994 741
360 884
886 826
975 507
290 543
393 611
144 212
603 438
233 771
136 531
996 529
122 84
391 454
701 409
532 150
504 379
320 861
970 920
854 412
277 380
537 924
244 504
940 989
174 110
12 542
871 885
292 559
626 391
5 793
614 66
958 153
99 897
131 144
246 500
182 932
738 572
836 108
653 260
903 614
628 643
634 923
726 490
201 649
101 68
406 153
784 217
74 642
729 185
350 910
384 235
991 954
266 378
44 453
342 632
94 56
785 418
669 246
236 264
206 221
843 844
694 851
741 945
502 994
381 48
334 382
183 77
505 496
338 674
729 169
815 295
679 897
619 29
669 5
613 520
755 641
271 891
568 681
713 874
39 622
257 584
616 39
561 232
527 767
720 905
312 736
61 383
108 472
390 635
465 820
311 24
198 409
659 784
440 790
427 684
677 332
689 289
102 142
314 469
54 484
871 172
66 291
939 737
674 250
722 792
817 337
741 202
93 53
590 757
988 663
851 961
204 359
836 364
217 76
17 227
594 777
66 471
886 13
652 182
91 96
508 599
871 260
68 880
610 940
286 642
385 356
841 429
858 24
634 908
145 907
385 1
842 325
703 496
567 309
736 271
755 743
698 801
519 870
487 579
61 504
116 819
480 86
255 449
857 764
1 731
423 133
823 541
576 795
95 674
127 176
498 541
435 197
859 48
215 881
612 740
611 134
999 760
137 118
213 429
155 978
26 258
627 681
463 913
767 664
95 354
710 321
606 32
438 943
645 941
154 635
970 153
301 692
560 902
321 859
750 534
223 31
738 516
296 400
158 175
822 147
860 847
841 608
473 795
565 729
618 774
724 222
909 318
10 966
528 909
167 760
368 244
317 813
229 504
280 137
87 53
647 66
307 834
246 32
107 203
174 167
815 370
546 954
440 540
426 892
694 356
24 671
711 815
179 880
730 93
901 172
868 210
181 589
95 997
18 440
526 58
379 913
848 65
376 398
142 739
358 450
213 613
565 723
270 977
274 763
167 896
594 933
124 603
828 167
34 437
28 111
971 375
588 852
723 212
282 249
650 325
373 122
93 408
780 841
712 401
916 49
69 242
208 147
167 833
198 557
684 34
737 35
333 764
420 612
873 387
966 129
204 913
254 569
299 21
768 740
546 890
426 837
190 463
19 745
934 166
226 362
675 290
419 625
841 645
467 686
307 376
116 502
729 597
753 338
230 588
373 150
92 865
22 761
563 806
983 233
816 103
72 383
142 954
400 258
676 804
821 122
785 409
330 744
849 252
712 490
827 817
82 988
327 592
312 250
980 712
893 526
727 236
16 502
638 940
762 399
68 542
834 733
35 287
925 522
46 945
154 484
312 893
423 821
363 487
576 81
323 748
910 993
388 60
271 66
873 67
922 507
611 859
591 982
887 616
56 938
59 758
747 356
190 508
377 241
610 167
728 369
549 859
132 484
961 92
565 839
444 129
82 755
429 741
83 101
192 750
403 346
636 744
635 196
848 297
728 838
49 348
508 525
276 974
132 205
514 16
540 124
38 366
607 369
820 44
669 716
981 549
298 350
985 390
121 759
676 890
376 876
8 279
379 40
195 764
447 958
157 787
743 538
311 450
203 648
736 857
115 623
921 377
434 379
290 366
422 550
933 773
101 976
624 364
749 590
441 78
317 34
496 815
950 31
711 902
238 869
748 2
899 668
400 212
674 10
482 150
699 46
102 479
45 16
620 175
99 201
745 433
161 742
231 908
778 832
56 616
130 667
351 8
976 785
157 926
611 193
365 494
410 77
746 750
598 433
532 730
56 282
281 47
937 644
167 46
882 580
936 733
216 283
532 255
18 555
203 293
783 903
814 732
859 693
871 870
558 639
460 114
774 581
640 637
324 328
695 775
424 271
672 784
733 411
753 165
136 607
464 838
885 238
987 747
402 88
81 657
560 533
668 740
938 564
396 337
305 400
250 331
390 130
557 315
423 439
508 225
303 767
233 30
541 156
645 792
653 451
610 417
770 558
238 366
248 812
660 8
678 534
595 986
122 931
246 843
967 167
529 288
948 337
320 596
80 733
733 93
836 593
621 665
914 407
584 877
885 347
426 31
777 732
848 204
832 568
51 101
589 153
968 288
442 993
413 20
833 597
831 371
410 482
808 364
8 263
648 903
610 401
609 536
868 432
821 533
902 194
192 94
147 786
70 666
187 739
246 786
595 172
200 130
614 762
241 617
814 694
640 682
353 749
933 68
89 249
476 892
676 709
529 95
416 430
508 419
989 93
341 246
630 603
924 856
424 557
75 916
903 94
281 281
831 777
80 492
336 789
107 776
342 176
804 627
527 99
488 443
353 618
329 899
544 36
197 515
15 956
442 193
607 944
115 668
688 379
402 606
346 452
386 633
182 28
300 466
890 93
335 596
185 849
117 769
945 565
375 131
44 258
510 504
799 954
247 902
889 220
874 465
781 765
374 662
462 277
122 702
74 212
219 231
927 940
770 722
351 858
454 947
960 391
402 86
129 682
511 914
392 855
263 204
112 966
992 562
270 540
888 575
989 458
436 509
721 869
528 761
868 511
678 226
197 249
254 982
717 452
683 877
483 78
398 789
805 725
580 201
452 669
122 411
187 8
123 301
108 810
72 693
356 490
482 496
913 372
501 181
844 527
18 624
453 233
524 191
653 941
615 476
627 492
971 735
157 572
41 394
29 343
871 147
135 334
876 154
448 931
525 62
503 974
379 964
550 716
796 911
595 459
572 421
625 803
746 632
925 638
52 467
994 536
402 182
397 832
237 374
693 948
614 132
466 297
345 283
384 389
588 302
146 483
460 871
590 390
261 230
372 67
97 176
286 395
187 975
966 132
425 116
279 293
416 94
695 135
806 330
841 171
553 195
49 46
483 83
759 219
247 206
222 849
233 130
16 595
129 358
992 67
212 105
334 603
842 524
784 256
14 274
796 325
823 99
561 140
104 165
62 631
455 890
482 44
181 84
241 730
858 538
383 513
613 253
433 216
902 426
578 32
317 772
129 642
870 829
438 105
499 397
989 287
282 799
759 184
684 759
1 894
638 449
67 873
893 109
709 239
901 554
439 694
729 287
32 787
927 553
978 890
725 141
827 679
903 615
928 539
49 299
862 992
876 37
33 901
378 928
828 351
162 61
9 336
624 941
970 984
795 542
838 179
10 591
817 672
538 739
86 379
880 19
816 842
462 540
435 220
55 449
3 284
240 819
303 614
561 663
475 811
819 166
243 422
762 957
538 846
851 458
626 574
563 569
855 504
157 435
685 259
812 187
487 141
392 779
545 437
936 680
753 978
912 572
869 519
928 234
959 607
453 374
522 603
214 252
659 457
833 812
493 645
534 246
400 693
351 503
695 324
783 591
371 45
305 408
110 232
706 672
10 724
932 733
202 651
825 802
177 233
914 364
192 247
811 678
40 295
272 895
323 225
332 829
813 908
421 700
399 375
351 899
410 589
987 891
624 748
936 409
50 637
858 268
157 393
114 471
387 568
583 683
529 834
114 97
377 48
134 160
497 766
863 267
368 75
626 302
363 288
587 390
584 468
715 375
630 391
157 795
631 640
201 147
595 194
710 395
78 475
837 178
922 488
473 269
961 176
