1000 243921
1000
943 500
452 245
31 575
343 977
605 100
582 255
968 192
77 6
480 728
677 116
366 915
591 354
250 598
232 176
177 942
219 476
31 763
621 480
288 856
988 963
264 559
755 294
226 425
577 472
934 896
736 131
602 105
479 929
107 915
305 167
129 796
940 139
809 713
89 770
220 421
382 660
316 155
615 327
498 59
997 667
18 298
950 807
410 911
119 30
490 60
429 390
101 999
96 719
802 282
360 717
751 341
398 480
811 643
833 467
712 120
360 857
208 707
39 767
582 824
42 93
502 736
641 721
232 778
912 472
87 887
160 838
792 741
476 743
599 137
638 773
815 175
688 804
813 14
19 30
711 826
793 91
451 230
595 807
450 813
974 580
202 957
571 108
856 196
843 374
344 377
595 802
142 931
385 751
162 511
300 414
563 786
158 722
127 504
400 40
434 542
97 842
955 353
766 971
283 116
58 738
50 222
776 231
467 225
623 408
554 260
324 188
161 275
393 447
292 160
153 503
915 320
797 238
88 939
18 77
791 727
530 832
130 57
480 406
160 242
117 9
222 826
152 490
495 635
917 36
516 951
736 984
483 901
705 601
397 599
65 869
831 541
420 816
453 921
804 43
414 691
280 2
265 23
605 180
850 33
15 411
275 533
815 165
112 977
903 973
454 269
868 769
380 456
659 345
867 221
618 242
915 637
98 138
937 315
876 345
67 63
564 749
625 861
440 179
954 798
299 928
863 686
749 361
327 39
69 609
879 970
627 794
953 521
575 987
572 698
619 662
205 360
697 410
399 87
454 15
515 232
807 849
771 44
848 1
291 516
486 126
824 741
556 119
678 951
777 514
462 845
597 847
78 587
276 919
124 541
133 893
322 332
686 787
400 954
139 36
820 984
423 333
882 465
955 116
930 251
119 999
108 454
2 237
274 582
857 411
406 271
982 555
8 189
102 790
427 649
968 429
717 702
503 471
606 568
392 289
320 132
790 474
95 652
448 731
404 434
195 26
208 251
85 637
26 454
867 216
876 634
593 611
928 922
863 242
21 568
847 388
948 23
134 370
404 586
183 621
802 983
817 15
897 43
519 449
299 393
19 898
310 676
410 558
715 424
667 397
351 485
440 703
498 915
801 467
310 393
387 559
826 391
51 661
229 554
355 310
422 527
845 709
981 732
790 973
237 833
99 817
450 792
37 844
108 904
974 445
784 561
823 60
363 80
414 510
830 967
350 98
106 486
76 721
881 358
800 400
514 808
677 330
761 936
726 669
437 425
654 46
766 285
474 576
148 240
788 700
776 278
122 706
898 356
138 984
700 935
267 711
794 845
650 113
740 86
675 677
990 229
585 796
163 694
862 468
995 110
670 76
820 630
340 323
390 244
201 865
677 76
538 799
914 8
482 3
887 640
679 475
809 777
267 912
341 557
991 578
633 627
637 749
289 465
573 179
397 479
510 408
605 654
858 213
543 658
28 237
973 474
492 994
30 94
380 38
46 405
856 111
459 123
180 289
353 406
56 574
948 199
382 157
681 294
431 523
165 195
182 788
691 928
118 606
917 846
301 958
438 333
334 368
400 709
792 897
544 545
549 908
389 736
953 958
352 517
699 370
971 582
728 30
738 713
171 441
520 47
319 754
258 930
275 406
255 129
652 457
479 682
361 781
465 636
456 28
783 612
28 154
624 842
180 299
480 862
341 108
123 210
22 459
493 41
822 314
200 432
563 629
433 959
242 808
141 349
864 354
682 117
482 401
1 390
578 349
512 559
465 838
315 828
367 87
200 184
31 494
529 570
259 285
651 603
912 737
411 415
592 911
768 691
652 363
251 15
444 150
210 591
40 985
575 463
611 3
751 96
844 472
795 144
328 254
528 65
836 207
353 813
44 330
216 728
810 836
419 857
682 708
860 982
474 268
200 286
606 429
820 233
228 530
38 98
362 380
161 603
607 570
597 750
440 681
297 158
980 699
53 347
885 969
644 129
483 263
255 594
292 896
413 736
788 841
199 717
673 816
904 626
241 590
252 572
8 543
15 699
675 851
524 604
96 694
58 3
699 69
407 762
898 851
225 109
892 942
553 589
348 783
358 615
415 935
85 634
138 792
873 318
407 898
696 581
599 560
829 128
194 536
277 109
678 787
354 185
410 713
120 539
131 596
17 909
951 193
335 687
219 180
286 509
904 400
930 837
893 295
807 454
484 933
347 534
671 881
479 348
371 206
758 600
762 162
84 903
726 548
211 141
533 956
665 512
632 410
221 550
247 245
184 394
184 483
847 692
469 529
301 587
419 276
248 85
627 241
294 237
582 238
439 648
617 860
987 319
528 874
941 194
893 181
78 273
728 709
136 668
303 934
867 770
144 649
502 806
314 761
217 988
520 773
340 387
789 159
662 338
114 145
524 52
754 721
931 524
870 940
977 20
476 641
655 46
650 654
490 853
140 128
118 609
339 950
977 262
552 553
872 379
866 401
601 755
904 782
299 483
258 371
226 350
232 689
62 318
571 70
348 998
858 293
200 288
125 741
661 9
398 749
555 967
275 30
799 817
611 191
944 222
154 180
529 36
242 732
582 194
594 903
417 230
328 11
474 181
302 891
909 832
692 825
730 260
922 514
991 795
3 776
731 113
707 858
116 783
990 123
941 280
297 240
633 848
61 84
2 987
689 146
51 231
305 262
865 48
663 661
390 982
700 614
527 497
843 820
445 695
661 116
433 723
721 723
439 916
544 38
516 975
537 153
590 273
561 978
33 867
398 394
924 236
797 426
868 23
848 330
984 483
996 674
779 41
886 961
496 664
236 405
909 114
60 62
56 996
30 202
788 424
647 206
762 466
346 637
492 880
856 342
656 195
440 420
141 127
216 841
38 202
457 132
411 811
641 11
173 650
657 305
467 339
719 648
68 23
719 983
563 357
229 78
170 502
148 438
605 634
792 8
133 514
807 732
624 205
754 874
219 186
744 157
123 209
27 43
352 256
754 416
70 840
463 880
371 987
699 563
400 788
595 222
335 450
185 989
560 811
822 869
219 439
740 550
873 862
892 430
144 559
640 684
742 869
472 500
672 290
979 96
336 879
799 184
382 746
497 687
340 506
47 655
189 391
884 49
904 873
959 260
69 203
308 290
864 193
730 966
101 516
633 312
247 291
553 987
998 695
756 724
225 336
815 637
965 600
823 81
315 497
570 243
127 566
749 991
332 245
773 894
364 57
354 321
180 757
764 601
18 457
5 381
461 619
347 192
204 123
804 376
987 117
403 699
912 997
379 906
683 842
278 903
786 696
491 613
159 422
310 452
794 793
249 291
826 339
551 802
871 387
166 716
629 952
240 792
359 111
64 664
302 348
600 113
852 940
57 74
130 495
378 412
899 45
992 396
534 619
932 621
899 277
850 169
887 39
147 417
815 280
226 50
727 986
720 431
637 832
618 395
985 476
34 831
225 543
409 263
516 275
964 776
663 448
123 829
358 724
927 276
805 796
487 344
410 135
285 667
962 57
602 110
480 787
78 349
915 180
488 174
738 248
875 352
672 562
6 408
806 602
360 830
931 585
965 246
506 722
425 969
216 522
252 290
859 69
440 973
812 453
641 612
457 554
240 933
560 617
177 735
741 564
678 174
81 768
511 675
870 42
749 269
651 703
928 880
56 894
602 603
572 15
264 706
220 349
729 394
872 522
546 171
398 214
913 94
654 378
686 34
602 413
650 294
716 61
638 220
853 361
99 278
841 731
311 140
960 112
618 732
637 380
309 616
48 3
779 505
55 266
401 136
346 678
984 439
172 158
596 151
171 705
502 213
830 390
624 259
826 391
550 479
397 832
842 769
847 514
769 907
99 207
992 402
37 982
101 427
805 176
90 445
787 723
685 8
553 674
768 195
927 80
148 461
671 451
290 215
699 138
526 258
701 97
185 980
126 333
293 135
230 365
434 257
517 194
91 152
710 24
939 614
160 228
929 990
537 291
790 724
268 282
616 473
963 480
75 765
527 841
23 788
672 930
849 25
87 961
472 672
957 246
612 225
233 380
900 936
714 109
778 158
67 102
758 331
402 1000
92 724
320 166
61 843
156 464
146 527
713 513
572 592
847 675
496 985
68 110
225 620
236 749
335 987
997 998
308 265
580 970
400 24
522 343
479 439
390 376
548 237
83 920
576 762
584 813
940 522
793 835
292 477
526 880
102 463
382 33
423 189
98 20
46 717
952 792
407 231
572 326
143 241
940 676
136 852
430 426
767 749
552 618
774 256
811 572
11 122
23 854
774 26
135 469
349 388
555 993
896 540
174 96
363 705
250 227
178 618
336 154
830 716
889 556
671 917
711 544
375 548
238 678
692 679
338 52
233 700
293 82
394 286
584 462
187 269
980 443
10 496
872 16
883 530
7 435
353 749
608 441
702 191
461 571
98 280
40 682
136 842
901 360
68 717
118 749
563 409
647 663
728 200
975 779
866 331
220 820
108 313
843 469
168 500
26 195
917 48
695 934
232 651
367 419
498 775
574 309
533 777
