1000 52333
1000
81 506
41 101
71 1738
49 1612
40 978
93 430
3 654
4 1177
74 1367
48 557
65 865
81 39
36 819
90 1789
41 1771
28 982
94 563
83 705
55 7
10 1639
95 898
15 742
6 1709
47 1231
58 71
50 70
89 26
41 909
73 986
30 175
90 420
5 1454
85 295
59 547
63 619
49 463
70 659
45 934
10 65
54 1251
25 1317
11 500
38 614
98 1516
5 793
6 1819
39 593
12 1348
42 130
59 641
39 1924
48 1158
24 121
13 1662
6 216
82 1808
37 960
38 526
14 620
9 1030
57 327
38 985
99 1988
83 536
52 1168
76 1519
31 957
44 1468
80 1777
83 1059
70 1606
41 133
19 1229
4 272
20 1700
39 1435
90 1446
70 167
75 1880
71 699
19 835
1 1861
32 840
76 338
93 1103
2 964
100 154
96 390
49 179
52 1975
96 1770
66 1305
27 1595
23 1356
23 1700
53 1461
41 1842
86 1629
75 1849
13 1791
29 611
88 817
86 851
69 9
30 1917
61 725
14 1549
62 1235
35 828
39 284
7 1063
7 2000
77 1259
100 1604
41 1591
39 859
95 1268
33 768
52 1548
73 1351
30 670
96 1818
76 1727
96 882
99 464
95 184
49 531
40 1797
51 809
58 1767
84 662
8 531
28 1764
28 1674
23 106
70 1561
80 843
55 1160
69 1263
89 209
84 79
41 1232
94 105
74 978
15 1836
20 764
50 338
43 1992
42 593
48 847
92 477
2 10
85 110
21 948
18 1428
67 18
55 1112
30 1872
54 308
41 745
36 1993
67 1829
26 1057
91 506
57 1678
86 688
51 395
37 364
84 1013
79 1774
2 1101
33 95
26 1136
98 20
40 1497
88 1838
81 1104
65 1910
98 1564
12 228
31 1663
42 738
63 173
96 1906
31 1458
73 863
1 1588
50 581
21 825
8 1729
39 1737
65 1959
63 624
93 300
69 803
77 74
52 167
79 1644
33 1184
67 1516
46 1232
45 626
56 929
54 1194
74 673
17 1321
18 517
26 1129
61 1168
76 1166
26 107
63 1359
26 1873
42 531
49 627
90 1084
32 954
46 1091
26 1421
46 1288
100 699
6 62
74 393
78 1970
76 639
44 1438
22 703
40 231
25 1847
76 1833
46 1160
95 1686
88 1133
7 1327
68 791
54 1366
47 1548
55 1295
30 1686
11 1577
85 1482
53 1037
96 257
18 1718
51 1593
48 1335
55 806
93 397
63 1216
49 1668
47 650
64 1162
78 757
46 264
47 1634
4 1555
86 1635
46 1530
12 776
56 1220
75 1109
6 874
75 5
64 569
82 1412
10 1622
9 246
84 1609
91 445
84 166
88 157
100 1862
72 1060
66 1297
76 1137
27 1579
94 904
11 1692
88 1792
12 1263
96 1624
58 3
81 1690
70 816
30 1201
86 442
94 118
74 613
50 921
6 1055
4 943
96 1272
79 1737
22 471
69 1815
18 1758
95 1277
11 1170
17 1724
59 1171
24 477
42 271
8 1156
15 882
81 954
54 355
73 258
6 328
3 1537
56 1414
38 920
50 346
61 771
4 235
33 530
66 1935
64 1748
18 1668
64 890
72 709
96 65
48 8
47 680
73 1371
31 1550
84 209
41 284
97 1002
94 1402
11 155
61 37
30 1631
63 1543
64 1055
84 320
53 1574
10 1056
68 1156
88 1992
69 1132
79 1823
7 240
43 1236
36 502
10 189
91 561
58 1763
29 205
38 1252
14 1049
31 415
74 588
16 361
93 1520
17 921
90 1706
86 1669
41 1607
11 1202
27 765
93 1894
10 335
44 1768
9 851
36 1881
50 915
12 543
38 782
68 282
79 1563
87 33
39 834
38 1825
44 1317
2 987
22 1701
65 648
3 1419
18 1370
23 6
82 404
22 521
22 585
99 1324
91 501
85 1506
78 885
92 186
14 1454
55 598
2 252
43 1584
20 1199
40 924
18 1261
34 1606
31 20
26 1745
95 688
81 1493
29 1847
77 869
20 810
15 1201
47 961
41 1779
83 1224
85 679
16 937
35 389
60 10
15 1637
32 431
91 449
82 83
82 345
29 157
8 1245
86 979
73 662
21 555
89 1288
12 1186
92 195
20 1108
10 1621
75 589
25 1434
63 921
36 1346
97 988
47 1053
94 1088
39 959
10 935
16 1395
81 245
75 1085
86 1881
66 295
84 1370
92 957
97 1284
37 869
80 1719
27 1009
48 1537
78 1519
53 937
30 1459
40 484
58 85
26 803
63 1234
3 1992
7 232
54 1618
57 1620
38 1426
75 588
65 1620
79 1285
49 1773
97 723
8 1402
86 1957
86 1148
78 1215
32 1743
46 1839
1 1117
47 1456
42 1141
58 1470
23 1396
63 1919
49 943
81 217
4 1155
42 1565
74 1779
38 611
81 488
87 1361
18 1890
31 1581
68 1035
29 756
33 701
44 704
35 1609
15 1821
5 602
31 1119
41 651
77 1284
8 722
57 561
85 213
46 175
42 879
49 1323
34 1184
28 1892
69 1449
67 1711
67 998
94 888
65 1028
34 562
67 1499
60 1380
71 1280
48 276
64 850
63 173
10 1808
16 1916
65 1770
35 172
25 1852
3 975
21 1628
42 681
15 676
47 1424
75 1571
42 288
23 1194
9 774
67 498
64 410
85 1815
92 1286
51 586
17 495
83 633
16 1822
10 1250
78 1582
79 1941
72 999
69 1720
34 1052
49 328
38 1239
36 374
52 1365
99 1478
92 777
32 3
90 1553
64 1244
18 1285
80 1070
68 477
66 1942
98 1328
99 1817
73 1241
63 1201
7 1085
96 190
68 1050
10 1891
4 478
33 1799
66 974
37 885
64 570
41 1453
55 1249
63 1661
93 1318
15 126
61 1425
31 162
89 586
11 789
14 645
10 789
71 1593
55 685
70 1200
98 1452
5 1655
51 516
29 513
6 1080
7 751
2 1802
86 1856
78 61
84 1706
98 1213
25 1728
91 1084
99 1179
76 68
79 1366
72 1564
86 555
58 1132
17 420
38 1474
86 584
54 981
96 1501
31 739
80 1
59 631
45 855
66 697
37 1727
38 1817
70 74
39 1980
95 1338
63 774
40 1536
45 870
72 459
50 313
77 1686
12 1509
52 1387
93 1703
73 504
5 1058
47 1875
30 676
42 1780
57 990
22 1562
62 344
36 672
30 784
96 994
75 1630
11 1743
77 231
86 1455
11 854
53 1823
18 1446
81 701
51 119
61 3
3 1028
9 699
26 1536
23 1508
59 1881
70 1308
76 1082
78 1186
27 1506
26 479
12 1100
45 803
15 348
44 334
84 957
4 298
53 1732
69 1307
12 261
10 366
26 623
52 1862
85 833
95 1320
45 1061
12 1965
96 1579
54 746
15 647
42 267
61 160
33 1637
17 48
38 412
58 1964
55 1109
74 101
38 140
51 231
51 968
8 718
73 1803
96 1796
86 1686
1 49
76 860
17 832
83 1683
63 810
29 45
24 788
65 949
41 1654
61 1442
21 1953
93 114
62 1974
90 1052
28 1405
30 202
61 1825
12 1386
59 1828
91 181
65 1355
89 361
27 819
75 1351
85 475
46 981
66 1756
81 830
51 1750
26 1162
22 1785
13 1859
66 1643
12 687
78 886
18 794
85 1259
25 838
5 1300
46 1513
77 778
6 501
21 561
84 515
79 1865
85 1114
63 881
82 1531
18 664
45 1281
14 196
32 1929
62 606
70 1087
13 598
25 352
37 291
59 1427
13 122
96 137
4 506
90 1678
19 244
8 1991
18 243
93 482
83 1483
44 1955
87 1911
34 1476
99 1882
76 1736
9 724
18 612
58 1968
96 769
82 302
8 620
98 1216
100 813
18 473
32 1705
4 565
5 1035
32 391
89 1947
44 472
41 1185
57 1828
26 24
73 775
78 1144
84 590
9 239
66 1216
20 1376
59 24
51 1590
27 1462
9 1887
20 1078
78 1956
87 724
5 567
32 736
29 998
65 1593
6 1911
96 1389
39 734
17 1615
35 1593
43 265
77 1367
76 220
19 943
11 1317
75 297
83 1636
54 1682
44 1272
40 1872
15 1946
94 1855
70 172
36 1729
61 33
99 5
63 411
45 1928
80 1862
95 1455
59 1241
92 688
46 676
86 406
5 1994
12 1123
18 336
20 1486
27 1781
59 986
85 1673
15 1071
93 1584
97 1979
96 1855
25 1705
67 564
30 578
61 449
12 259
65 183
40 790
35 1552
14 1286
93 37
50 843
56 596
9 453
56 1580
7 158
8 1567
1 342
29 789
43 367
95 1292
56 1425
51 473
62 692
1 1292
8 1361
46 889
28 70
35 135
24 855
58 526
9 1152
66 1342
76 200
100 1136
4 1942
87 953
7 65
4 1222
8 685
78 1481
34 1035
36 268
17 1848
4 1004
100 901
28 1654
81 1703
82 1243
32 1101
44 1082
71 22
75 1022
92 510
51 1974
30 938
83 750
74 1525
32 1112
52 790
70 646
62 1291
87 1713
84 896
6 1736
94 744
52 353
75 1931
70 63
62 728
46 1592
10 1224
89 1159
48 864
90 1596
25 57
53 1094
24 63
56 1163
14 1602
45 476
36 267
41 17
95 954
15 573
56 1113
98 1326
20 1143
38 1387
7 1345
40 476
37 462
18 1256
19 322
87 1871
29 1696
72 1266
2 1552
6 1735
65 1224
26 1707
98 1223
88 1186
41 119
16 273
57 1586
46 630
43 1894
74 1371
38 904
27 1002
56 1564
62 525
25 501
97 1218
48 1718
99 1119
25 847
55 636
30 24
15 701
72 337
21 322
71 51
1 1996
16 850
37 117
40 893
57 1200
97 1482
43 1905
60 194
76 1738
62 1724
28 1178
34 1878
34 1027
47 515
42 1250
31 1462
47 622
71 962
22 642
92 59
50 992
73 1670
64 181
35 1988
69 1897
11 124
14 1823
31 1951
99 1799
64 969
95 1945
9 915
55 1271
9 843
45 115
59 1676
24 1450
56 1056
