1000 49964
1000
42 447
87 376
76 1702
51 448
68 511
9 1885
83 93
44 787
32 1142
14 943
33 18
45 1655
42 890
76 1040
59 1303
17 1240
3 1732
22 1090
34 1884
14 497
72 1517
33 300
88 1826
2 1912
70 1605
66 1405
89 1822
65 892
75 1452
21 958
73 830
74 1871
11 1791
20 550
90 279
75 1996
95 1403
69 867
2 589
87 1456
3 453
43 422
35 1894
23 848
27 1472
81 1949
81 81
12 490
55 114
4 1548
75 1063
50 656
74 1565
91 257
31 484
100 1028
3 826
20 842
10 1329
76 592
19 288
14 1377
50 1352
4 1465
74 521
100 987
85 1922
2 1221
90 1485
25 1224
51 127
5 597
4 971
62 1712
84 18
8 524
50 500
83 1500
57 407
11 453
16 1157
37 1985
66 1655
99 712
38 579
36 17
31 238
54 213
77 1252
1 1866
57 816
19 1083
55 883
6 1665
89 1758
22 550
48 679
9 1351
74 894
57 1995
18 548
23 681
58 1251
38 1081
6 208
51 374
63 1644
28 1795
35 1791
20 1009
69 1073
32 1677
52 805
3 1966
31 964
85 1679
48 1657
86 122
64 751
42 1332
34 268
91 354
59 1697
35 1658
34 1834
71 990
21 1099
84 380
36 1868
36 230
98 341
82 502
55 755
98 608
84 455
29 1964
26 937
38 778
7 450
32 1746
80 711
84 834
45 1338
52 1015
45 840
65 1244
51 1141
81 507
12 1848
100 1400
8 389
9 462
30 934
64 1311
65 1437
52 122
66 316
100 736
52 1450
58 1999
93 1226
93 1892
60 1244
6 967
77 1132
60 1902
15 739
57 1423
55 1182
37 107
50 1547
45 1259
94 177
77 1099
47 1812
13 649
66 798
58 1625
66 317
48 74
65 863
10 1419
63 1245
97 702
50 1829
35 1110
53 1248
79 1846
87 1276
49 939
97 606
23 1720
74 687
11 1670
84 1860
33 98
97 1833
62 767
36 1657
57 572
47 271
12 772
6 1918
46 232
63 1165
8 888
54 398
63 383
9 58
72 349
76 820
41 1964
88 472
4 913
32 585
89 1889
52 1245
58 1723
55 1036
75 759
64 1528
90 556
96 1122
84 1343
44 1495
20 1251
99 776
87 153
8 1321
60 693
76 748
50 1244
72 601
2 517
57 375
12 1865
11 576
36 1933
29 595
28 1769
40 968
20 1332
50 389
13 1177
58 312
87 1567
4 758
40 401
66 702
46 322
17 1224
92 984
54 1026
9 1482
99 716
87 952
95 235
1 870
31 1156
23 161
15 1193
53 1631
13 1722
79 615
99 508
44 50
7 54
55 1578
66 1340
13 1583
33 942
84 262
33 992
8 1287
93 1976
63 676
87 15
5 793
44 966
87 1488
3 1228
83 638
61 138
54 131
44 1191
53 688
85 1817
6 1270
34 1481
34 1529
9 796
71 287
87 342
71 1238
18 1714
65 1818
55 837
67 1578
28 1670
26 237
93 659
1 113
73 1413
6 638
45 1152
22 1151
54 57
17 1514
65 287
9 42
45 381
60 1339
32 800
2 238
83 128
41 840
80 1489
32 896
42 1859
60 715
37 48
23 155
17 1368
95 1797
36 1442
14 600
39 92
27 455
98 1793
22 1933
44 836
11 697
87 1255
41 793
33 1078
62 374
24 537
77 26
42 1861
93 176
32 634
77 153
99 1120
93 1297
35 268
38 1947
77 212
73 248
48 1432
19 899
18 1805
71 1537
80 992
3 730
83 546
59 1192
27 828
9 165
76 196
72 1464
62 222
7 814
20 1149
100 1287
85 1081
16 1579
99 1510
9 1706
65 245
31 1581
64 1020
70 297
43 15
57 1169
86 610
78 464
58 1101
79 1692
70 169
78 693
39 1023
12 702
89 465
9 131
61 109
31 553
81 1636
46 767
61 1933
9 1065
33 1923
36 521
32 1428
52 308
62 1855
61 1791
49 1044
74 729
23 1476
82 229
70 461
53 906
99 1930
84 346
95 1104
61 792
46 689
22 1995
30 768
45 583
84 697
46 1916
94 679
62 756
93 697
37 909
37 937
87 1319
5 1887
15 1373
13 887
97 777
12 537
2 1293
94 1967
17 78
86 1173
75 1238
89 709
7 1336
90 209
59 1086
69 636
56 799
74 1721
82 1517
61 304
39 529
17 1530
12 1950
97 410
12 549
63 715
23 1005
59 172
19 381
72 263
27 726
95 895
94 1830
84 1868
67 35
100 890
5 971
12 1846
64 75
90 1201
21 1970
87 1384
89 824
11 1115
3 1331
73 1120
1 404
81 1342
37 336
14 1382
14 910
42 1456
84 739
35 1145
20 574
44 747
90 255
34 1947
81 199
88 843
14 1421
18 1681
77 1858
62 1523
14 528
40 1220
98 652
30 480
52 1211
46 980
67 501
69 1397
11 1644
42 622
50 1173
70 425
36 1209
79 1531
81 1039
25 203
87 1119
57 1266
79 812
4 208
37 508
23 671
33 1730
17 1883
54 418
29 1666
26 1016
36 623
30 1635
72 1071
63 1798
52 1379
49 710
51 1831
50 1752
23 1256
98 1247
47 770
38 520
64 67
75 840
87 1258
89 153
61 1211
40 1165
100 1472
52 1543
91 1684
55 805
46 1637
99 469
22 157
1 146
32 1976
86 1510
94 938
61 707
12 1585
40 1255
84 211
84 1298
58 474
86 638
29 1690
66 869
43 1414
69 511
34 46
48 1821
16 92
33 926
64 1382
45 255
67 1235
73 1050
91 1190
44 785
99 537
29 795
53 1478
25 1841
41 1507
38 1072
97 1289
41 1809
6 1842
75 379
67 1120
86 1593
96 175
90 1239
7 974
38 609
79 1585
44 404
81 1779
97 951
8 984
45 606
57 1469
54 436
82 869
90 565
97 1215
29 1996
32 1740
80 804
95 925
8 584
73 1045
53 1134
27 1177
96 1905
90 1894
61 633
41 1397
30 366
17 598
8 395
83 1921
98 941
38 684
26 8
42 546
51 1339
22 1700
100 591
51 1346
61 914
61 850
14 1179
72 309
54 987
6 1238
93 352
29 1206
65 355
19 1459
32 31
72 1975
50 673
21 1527
55 621
26 1522
58 1544
49 285
26 1287
73 1958
61 1069
25 188
21 1456
23 1701
57 1144
27 719
12 1851
1 1040
75 38
95 1860
2 1712
53 438
48 1399
8 1411
99 1004
28 1346
12 1012
56 1112
69 1273
19 1236
95 1972
97 688
44 1842
95 245
68 826
12 258
73 965
33 625
57 291
62 1963
3 490
70 898
16 1838
70 651
45 1119
32 1005
100 33
59 1733
82 1150
58 1815
47 1995
13 1512
1 352
95 1102
84 1977
87 1247
42 494
84 696
85 574
58 402
87 1941
25 1486
50 200
41 1707
93 921
33 1053
51 391
76 832
76 315
56 556
5 1884
11 18
68 682
66 310
39 258
85 667
4 1300
50 32
97 292
18 589
31 145
44 712
84 483
47 140
74 1590
28 1585
77 1175
89 737
15 910
85 1843
38 1025
19 1887
85 1390
37 1426
80 1859
19 561
62 629
87 940
93 1870
49 1889
39 1215
6 534
81 149
15 1819
87 1682
63 1971
25 467
65 793
56 1239
29 1593
20 371
38 1812
26 319
55 1923
64 548
61 631
35 1042
12 892
93 1960
80 1448
85 1474
41 1767
47 689
68 1137
78 1216
78 52
38 395
91 699
28 144
90 147
42 811
48 29
72 284
54 994
25 1512
9 859
51 654
77 488
62 559
74 530
46 80
15 396
69 660
7 1969
31 768
28 85
1 838
4 459
86 809
32 674
17 1425
86 162
75 926
99 1312
70 1718
53 1291
69 1315
15 26
43 1064
88 1979
57 1015
79 1747
20 1687
67 886
95 1194
38 1562
91 586
70 314
98 245
51 1984
93 988
14 1570
25 225
47 1331
4 80
1 1619
3 1836
84 146
99 1981
83 60
12 900
67 254
95 430
2 1977
4 1127
20 1293
98 1728
87 1158
39 1252
6 1769
44 229
89 531
82 139
59 815
20 1057
49 1796
67 979
90 1344
4 1672
63 1864
23 1258
85 1758
59 1211
2 1535
17 770
77 1376
86 507
24 1527
19 324
23 1502
73 1630
26 726
80 591
90 1614
51 439
46 736
79 389
26 953
44 865
77 1952
72 1287
43 410
12 1526
37 579
97 1967
22 1991
6 663
27 973
27 1267
32 1743
18 1344
70 239
80 1030
47 563
59 1934
79 1721
16 365
7 1117
58 1224
33 1512
93 1564
88 945
37 1228
22 309
11 1694
17 390
99 1685
6 134
79 963
7 1066
24 1406
22 228
52 1201
44 1167
90 1390
86 908
38 188
91 1265
19 1449
54 686
14 818
12 1455
7 1877
35 1716
58 1439
78 953
9 769
55 1600
23 1531
79 1100
42 1969
5 1590
53 140
29 959
83 733
90 613
61 1096
85 64
12 1189
64 1169
57 379
34 1828
19 852
75 1392
14 117
13 1869
35 1787
76 581
36 798
19 1564
4 1626
62 1508
23 607
79 685
19 1598
84 128
33 1371
20 471
6 1986
75 313
64 405
59 758
95 1176
75 1111
33 1419
3 1685
22 1810
50 927
59 658
38 1050
95 560
57 1175
2 255
54 150
47 1336
52 323
46 1645
94 1717
79 146
20 1640
10 284
90 1708
3 587
86 337
17 702
30 64
98 405
95 129
97 1219
15 1395
94 1260
19 915
35 295
33 670
99 194
62 799
35 49
28 917
48 53
50 511
90 427
30 852
16 183
18 1785
73 486
27 1018
4 1589
88 760
50 1352
2 813
95 893
42 628
19 1661
20 1838
12 325
93 701
34 787
88 812
26 1770
11 1214
11 896
53 893
87 1775
31 788
97 1879
17 1412
54 1150
12 1447
90 1784
46 1789
94 1771
39 1199
48 460
51 1515
68 1682
76 749
48 1815
2 631
66 449
80 828
84 942
