1000 150751
1000
402 969
472 105
10 835
88 174
285 692
363 887
923 733
61 1886
70 1048
40 737
46 566
32 857
95 1882
17 151
97 40
34 1576
42 983
49 491
905 738
377 30
740 464
215 290
713 103
47 511
821 75
92 601
40 632
58 647
13 1675
276 134
25 298
465 197
3 725
46 195
776 801
99 947
545 473
25 1495
233 977
76 1806
698 418
166 104
50 717
88 1632
941 112
282 657
42 1847
66 1991
83 1005
70 1810
830 675
72 1580
3 950
248 589
79 555
441 245
189 238
13 1399
10 1468
107 518
785 966
16 239
52 1955
262 627
745 227
35 1636
28 641
148 781
786 410
299 590
58 1265
76 419
448 834
97 1818
7 971
41 352
44 384
574 617
51 875
295 420
421 258
33 1337
726 728
79 1410
16 408
508 936
631 295
692 412
55 1340
63 1452
65 42
64 1376
36 37
886 178
51 1044
73 823
513 230
896 760
573 366
65 1491
472 279
786 962
10 579
613 426
84 249
63 12
39 1887
209 479
45 1390
54 1336
269 876
388 438
35 385
991 987
18 1650
311 739
2 1156
13 711
9 103
23 1135
77 1734
710 536
909 801
43 829
42 857
690 878
6 1589
73 228
62 556
82 1603
55 1405
67 1810
585 528
3 1839
19 394
952 716
136 211
87 1770
14 1975
76 1229
187 209
38 416
12 719
75 563
19 928
601 363
40 316
64 68
63 191
389 88
540 501
881 706
67 859
849 603
72 1112
366 885
320 232
100 663
8 1433
988 701
57 557
965 187
370 492
65 1091
45 1309
87 1396
35 1557
798 559
11 8
41 21
29 63
51 754
4 668
709 906
512 328
22 1526
259 730
44 493
91 1141
56 1461
229 35
806 439
23 1849
927 182
50 1566
545 952
74 1580
415 539
67 1725
332 109
53 686
73 1446
342 332
12 1625
46 945
93 1862
8 1713
331 951
57 67
25 512
14 1480
45 554
9 32
716 585
730 712
8 873
81 873
948 735
86 758
997 334
199 440
610 759
96 1951
412 547
20 727
69 353
13 234
21 797
225 908
211 152
366 469
598 967
423 54
24 1667
448 120
90 239
95 422
46 1172
679 659
984 283
50 792
88 1188
5 87
432 15
45 211
262 888
26 348
735 597
672 536
956 763
385 338
87 1924
980 37
14 27
794 668
491 231
302 672
15 47
505 800
232 364
394 465
248 100
366 759
402 705
18 475
736 660
16 1139
39 1809
425 399
326 630
33 1922
55 1142
872 530
796 946
95 1365
72 1539
777 380
922 912
52 90
52 554
66 289
73 1086
122 218
229 885
46 294
66 950
90 1334
223 941
27 1466
954 443
30 660
170 281
22 417
209 542
24 51
48 1359
65 672
85 743
422 828
692 530
86 637
4 1311
62 464
91 188
75 136
17 327
396 725
734 178
23 1011
672 58
904 136
351 859
64 97
21 627
89 1025
774 827
739 12
41 321
935 143
765 600
625 856
927 729
14 1653
34 493
622 204
554 329
427 891
42 1778
693 645
60 1329
4 624
857 282
750 665
454 398
8 1041
85 30
38 608
642 413
744 455
578 426
24 525
79 723
838 137
136 717
122 621
958 498
572 398
965 833
95 1822
21 676
94 453
830 341
210 961
460 870
36 619
923 27
7 870
845 427
143 944
16 1116
947 649
251 943
87 260
394 294
80 462
582 405
84 279
55 1496
65 497
77 1915
53 697
70 1838
632 571
286 14
8 1297
665 125
416 559
79 84
69 1989
93 49
15 1894
25 261
25 358
29 690
31 1792
388 703
762 32
31 1753
695 930
282 208
98 1682
36 408
227 166
64 1078
21 1517
754 417
70 724
23 1830
120 714
98 686
288 988
16 1305
882 215
20 1084
99 1917
21 1806
505 111
436 288
18 966
561 113
19 1642
81 1963
266 394
489 374
40 1339
33 1972
407 430
13 1
471 628
21 911
116 400
62 1872
66 767
25 1187
994 800
25 1082
170 119
73 288
961 232
185 596
269 811
85 1985
62 137
22 953
67 1698
751 431
28 614
321 863
308 865
81 876
67 1550
90 1316
738 455
119 601
26 227
93 979
83 1150
310 518
335 418
128 950
22 1557
498 275
552 468
84 384
37 637
604 198
67 1929
47 514
64 685
39 969
670 120
677 752
860 221
91 633
43 596
934 358
457 925
40 1032
74 141
99 1060
45 297
76 829
391 597
474 868
45 1566
21 1751
87 1097
64 85
81 926
78 259
17 300
64 670
30 1295
421 874
893 584
767 857
100 1466
4 1671
628 302
30 310
944 797
6 1924
681 595
557 527
42 208
25 1992
81 159
37 1827
663 712
63 1324
506 305
792 684
94 1342
72 992
806 726
192 608
473 840
74 945
500 799
689 129
193 509
693 215
102 748
629 862
94 993
30 908
48 1332
56 1147
86 1001
466 319
472 213
225 397
137 505
16 1635
45 1575
753 634
13 108
315 589
56 657
42 1827
16 496
12 724
10 1005
670 509
953 652
714 953
92 1787
168 676
611 250
379 880
95 1164
26 1876
17 1820
641 964
259 985
96 1673
923 611
831 788
35 1991
531 812
176 878
111 931
658 658
5 368
95 288
47 460
846 343
561 166
7 509
426 302
669 395
89 390
95 1452
298 358
887 403
558 42
30 915
74 614
556 536
753 324
917 641
73 927
945 393
970 145
53 14
421 910
37 387
684 628
90 102
51 1156
32 1133
50 171
576 420
496 475
44 358
160 799
59 100
91 424
90 1956
70 59
42 156
885 304
31 1531
804 348
348 602
803 86
52 659
12 1239
355 449
681 571
322 684
64 476
77 346
6 1165
64 732
12 667
899 487
42 1715
92 558
61 509
453 660
90 1003
73 935
9 1767
40 1571
532 79
21 1727
53 437
181 552
785 241
911 754
69 176
221 352
951 813
36 311
72 103
694 830
875 691
44 1787
37 1807
281 566
46 1534
16 875
20 1464
73 585
29 123
64 408
43 1217
808 549
904 299
609 107
493 782
18 720
402 187
7 430
469 486
87 1184
33 1563
984 907
908 688
5 1228
82 737
74 1741
278 771
64 116
441 857
72 266
18 1322
70 1695
54 861
67 167
48 749
96 449
970 408
3 1025
389 370
96 885
386 552
404 796
47 336
409 219
385 616
969 645
622 597
56 952
567 185
99 1028
3 798
7 1361
503 997
94 1604
725 983
38 18
251 637
70 1428
614 29
97 1582
65 694
372 262
27 692
157 737
71 1134
909 148
431 271
512 678
242 150
73 1106
58 797
98 389
734 134
46 1561
70 264
92 763
89 1990
33 1764
25 1939
424 246
77 253
92 1454
82 1721
19 1030
474 515
663 420
98 1294
346 113
25 442
80 100
75 1426
11 866
98 1699
36 1775
363 668
473 136
33 1847
637 336
21 584
238 302
28 911
723 916
44 1966
26 62
377 239
93 750
800 707
57 1721
266 743
841 201
18 104
74 1750
248 719
833 803
46 1425
34 1907
34 353
95 545
915 587
91 1162
85 1263
80 1251
36 349
67 1189
479 347
477 736
96 778
58 1004
389 525
878 553
51 1380
42 1201
515 927
514 814
354 566
19 846
370 973
708 844
812 401
95 765
76 197
16 527
76 679
92 362
717 839
12 1195
359 489
74 1397
30 338
24 1501
881 312
18 18
81 8
31 338
84 1060
894 386
83 546
94 1855
14 1242
250 695
542 991
9 1284
42 1632
19 589
427 715
4 1861
82 1844
680 562
122 568
21 494
96 32
456 939
522 649
311 160
83 1430
142 997
64 739
19 294
39 365
63 1249
97 660
13 474
968 625
505 644
78 1559
85 798
31 1511
72 156
86 1875
32 906
973 536
730 881
91 378
200 107
406 180
93 370
71 1237
71 452
83 1722
496 551
727 202
22 1129
359 901
311 354
894 739
102 465
75 761
196 64
40 1175
311 148
48 1814
99 1516
622 49
30 781
57 1888
583 456
28 1816
37 1221
963 637
59 1929
947 30
574 572
48 1071
38 1804
36 986
770 314
531 653
57 1437
511 537
89 1575
50 664
74 1044
64 1268
195 180
764 127
556 625
56 296
250 215
53 681
528 507
23 1487
78 1997
663 713
67 594
208 257
424 455
73 463
913 773
621 216
10 1797
394 581
36 1119
908 635
678 542
34 1302
83 759
38 190
82 829
797 187
22 417
191 571
35 86
225 615
11 11
100 972
331 97
74 50
23 1092
267 891
833 383
64 1307
2 1411
475 636
80 478
38 695
968 956
191 601
189 528
21 1384
57 1778
666 567
70 1014
85 1629
814 512
573 658
57 293
103 164
60 1563
467 701
64 1572
60 1294
500 1
31 1192
37 1470
34 781
429 613
85 110
35 564
95 505
57 1857
89 1777
91 1986
310 194
18 831
10 565
976 440
6 1197
256 705
609 104
942 640
596 459
721 37
305 785
29 269
294 62
56 685
99 654
81 746
727 314
56 1674
18 1623
184 935
27 1046
892 465
345 326
4 811
674 799
24 459
85 394
93 1446
541 47
233 837
875 594
37 1420
776 406
639 359
64 1827
34 103
11 166
325 591
853 40
8 869
709 248
873 534
3 162
66 346
74 780
596 441
70 1295
456 135
20 1613
11 978
19 453
364 684
48 758
572 901
286 249
51 4
66 1372
11 1687
20 741
62 1947
8 814
44 1235
153 782
550 387
335 322
20 47
485 609
607 555
262 811
452 17
574 766
833 94
26 1995
324 672
62 1605
59 1434
68 317
26 1860
67 1899
994 528
400 721
