1000 112338
1000
343 87
646 700
135 329
195 949
156 654
577 243
95 157
131 350
128 223
368 124
442 492
109 1
103 479
171 853
735 166
520 433
791 158
225 632
349 109
941 371
545 93
18 415
225 14
154 107
272 385
25 314
271 521
734 527
79 236
309 194
749 590
779 10
506 145
96 454
882 353
549 662
93 176
115 110
34 619
318 466
934 20
107 12
570 254
813 19
38 287
14 638
817 859
19 116
969 618
36 747
939 196
311 171
56 649
701 251
193 897
377 149
34 615
862 525
105 427
479 640
63 121
357 432
348 175
276 335
130 604
638 127
427 599
13 635
168 662
192 27
70 63
18 323
45 682
896 624
194 15
764 161
86 760
162 829
81 357
629 214
506 220
36 154
100 895
20 392
613 24
48 189
689 767
613 64
311 35
681 307
192 167
800 157
231 84
854 158
195 594
32 606
114 228
5 145
118 435
197 619
252 257
2 920
295 156
564 121
1 498
124 675
121 186
41 152
234 174
625 31
43 106
180 597
192 283
98 81
44 692
141 452
175 171
32 891
101 326
44 575
554 7
100 17
178 222
95 241
462 54
40 330
195 374
36 895
112 854
977 100
277 339
755 118
201 376
133 607
4 718
145 932
53 456
871 100
97 906
118 233
11 447
376 122
712 19
151 232
27 5
391 502
324 87
483 511
22 818
313 99
21 272
177 947
373 631
871 66
194 515
123 166
18 591
122 110
581 26
38 541
156 150
63 533
91 915
456 484
993 267
623 25
880 260
603 175
936 277
439 129
854 18
280 895
94 573
599 771
25 358
85 144
200 457
575 364
291 38
68 242
84 67
105 8
555 400
352 99
309 184
950 999
515 229
324 165
683 52
35 111
126 508
810 41
427 739
158 675
608 617
651 664
26 410
69 701
111 36
782 378
81 592
269 226
372 24
855 112
48 135
342 574
598 144
595 979
192 491
120 348
663 961
53 714
247 133
930 474
842 167
171 611
585 765
199 678
597 911
124 474
802 30
183 482
157 959
893 159
937 420
35 695
852 36
913 62
61 860
191 621
7 576
162 822
153 124
934 448
329 5
44 953
844 143
65 772
701 135
570 891
893 45
59 71
170 976
259 949
938 81
708 158
138 402
4 868
681 228
89 651
97 78
344 151
3 810
49 626
433 879
177 426
99 602
555 17
119 428
394 167
460 990
305 190
136 772
131 992
113 251
366 762
905 114
162 817
61 250
49 392
48 748
590 27
100 494
196 757
867 863
199 167
146 895
89 154
236 41
278 77
76 93
895 492
153 619
50 205
162 211
776 543
188 188
402 420
599 111
600 989
904 218
213 34
254 150
100 115
154 457
95 54
321 82
411 583
109 277
118 438
930 164
93 58
181 900
960 380
463 61
595 123
825 913
34 197
303 505
578 639
177 580
538 65
115 692
838 64
62 716
636 172
105 251
749 837
968 1000
25 170
150 762
316 38
547 125
412 61
52 308
630 825
34 49
573 797
112 439
133 765
155 177
198 888
486 123
92 53
855 505
139 838
782 26
765 645
21 90
507 129
736 931
110 982
630 67
154 37
114 176
696 195
413 159
796 481
948 169
364 163
641 52
368 73
839 168
771 55
74 432
212 5
189 65
544 84
198 746
91 957
404 528
174 624
112 462
93 623
441 331
4 370
118 484
86 5
731 270
82 877
117 861
363 165
805 33
139 940
97 449
117 889
37 632
300 161
351 681
95 936
521 449
370 104
92 277
312 226
578 69
811 248
529 24
41 539
885 146
750 9
193 487
86 182
794 368
564 117
76 442
373 534
252 360
604 62
52 141
65 72
347 26
90 991
767 368
627 632
426 51
502 121
712 21
535 29
18 795
594 154
29 97
44 5
448 166
51 499
160 383
79 823
297 61
742 128
131 595
77 823
378 425
798 192
408 33
98 862
14 684
125 92
74 687
35 706
457 106
164 805
43 171
776 7
817 23
56 344
787 146
527 640
878 621
90 627
165 792
37 593
167 127
778 201
411 431
155 178
389 183
281 284
298 17
355 141
101 582
131 246
718 217
401 521
482 781
732 465
894 19
66 804
662 148
183 115
184 569
239 36
850 31
688 611
81 506
169 20
162 459
962 960
36 329
70 699
53 467
531 45
194 688
524 5
619 188
64 304
5 55
459 144
7 79
57 578
70 583
154 338
483 101
178 24
98 85
7 853
412 383
150 160
758 151
143 605
241 67
107 570
132 973
141 231
907 73
285 54
784 854
46 182
42 511
387 366
748 40
17 508
64 744
108 433
719 800
119 1
816 111
393 5
630 606
235 192
56 33
761 48
344 907
502 536
172 514
229 690
112 112
164 658
124 26
12 927
71 258
547 197
477 934
49 104
115 9
166 38
267 151
103 61
751 470
115 810
48 111
392 106
168 112
76 690
58 12
49 790
110 679
787 68
110 54
468 47
418 375
428 135
600 857
233 132
666 95
90 360
163 765
142 668
275 44
586 960
881 577
100 358
801 240
257 221
916 562
135 109
176 476
148 982
848 222
978 551
623 166
270 675
77 340
141 268
151 201
454 44
82 214
24 844
159 47
885 5
703 27
148 424
640 87
936 812
734 649
163 316
801 55
130 709
682 491
116 796
283 72
110 107
96 387
125 937
677 166
526 91
8 419
113 497
464 185
542 72
743 276
83 636
94 953
394 28
374 280
705 412
147 855
340 4
331 591
434 342
49 375
43 116
50 148
683 104
825 1
459 713
145 455
704 115
40 787
49 232
254 81
152 400
18 942
243 913
60 59
436 120
167 76
127 488
151 307
140 375
111 219
936 177
123 302
547 977
482 594
76 52
728 777
56 332
989 140
721 575
250 142
400 860
786 61
117 830
183 194
24 115
25 232
605 155
111 975
49 36
422 101
147 824
303 83
930 279
32 921
230 83
512 733
479 179
59 192
921 53
3 528
149 29
176 35
102 265
239 593
262 504
637 46
50 635
785 762
121 367
839 81
324 80
780 77
722 96
364 770
465 306
423 41
762 109
149 313
651 80
123 832
41 846
21 351
183 179
129 258
453 682
97 488
483 51
965 109
910 286
210 107
777 919
828 4
713 24
7 84
834 807
797 248
39 557
7 926
364 441
632 57
7 880
735 39
26 747
737 516
172 436
183 72
636 243
388 190
586 58
596 698
710 128
77 457
684 47
578 59
163 199
251 54
896 51
424 242
930 661
158 786
772 176
346 39
150 522
699 33
208 966
242 708
41 919
373 729
1 584
797 323
731 265
54 590
466 113
198 399
78 765
190 903
163 25
378 133
166 74
77 389
827 24
343 175
407 147
36 250
805 163
45 46
855 625
126 404
585 200
437 9
398 152
50 228
612 657
49 3
111 259
175 233
943 88
386 89
90 718
809 109
401 621
146 783
130 625
712 773
153 4
943 104
55 638
142 409
711 644
149 207
47 594
13 376
312 991
995 119
716 745
75 645
85 943
108 267
44 703
442 43
834 857
96 561
137 944
921 162
133 162
66 829
104 711
347 36
149 90
659 686
426 186
69 661
659 720
488 160
597 461
108 425
27 694
17 177
332 981
70 326
799 141
39 21
471 20
837 53
162 388
94 159
842 44
430 60
53 845
950 377
68 652
35 847
380 28
104 979
47 481
645 93
11 128
483 73
320 79
577 21
977 72
615 12
970 25
131 546
180 393
706 120
101 954
59 358
655 183
185 696
368 846
131 133
431 32
219 792
560 542
213 609
819 138
16 718
744 199
110 182
29 126
550 542
650 338
998 65
479 176
106 168
97 321
939 155
45 181
96 502
91 458
547 510
736 398
350 33
181 380
47 560
610 77
2 118
49 428
106 119
98 173
35 669
180 160
714 97
677 252
120 987
975 124
29 294
162 35
227 309
178 749
773 151
189 965
666 168
138 565
613 552
309 32
45 62
453 555
416 133
319 918
613 286
115 320
142 855
437 134
880 508
455 44
2 994
63 383
851 709
177 385
863 599
579 69
5 854
90 333
771 814
167 678
2 56
313 236
545 880
2 396
769 200
161 538
160 69
426 942
168 606
809 998
133 8
118 73
966 497
328 146
677 91
443 464
333 537
517 65
827 87
604 878
72 274
86 88
57 10
788 372
179 576
63 674
587 388
228 875
569 153
539 97
929 88
123 71
215 136
419 774
345 237
165 465
742 99
356 137
74 269
68 626
93 519
277 36
278 152
247 64
3 604
893 384
45 963
303 90
855 139
405 522
382 157
810 433
194 199
367 159
418 775
185 11
551 960
276 195
972 186
313 374
179 369
150 890
180 519
820 38
669 234
563 36
190 251
864 151
568 38
158 755
188 178
171 444
177 505
87 478
213 444
777 236
625 76
100 694
175 12
16 30
390 454
552 474
838 951
183 155
447 190
155 272
501 446
40 118
57 611
584 787
782 100
31 579
909 65
364 876
85 136
976 91
919 687
934 149
706 6
108 353
33 614
178 849
196 27
510 248
25 498
177 681
782 682
27 49
32 353
452 118
143 377
112 185
447 169
20 38
