1000 114779
1000
475 115
271 184
942 257
399 230
74 432
202 37
167 58
151 619
885 733
169 450
139 115
725 71
596 8
83 125
10 108
154 182
91 818
87 933
23 274
267 144
20 376
19 271
283 130
821 932
592 387
535 64
14 932
423 338
670 819
7 168
577 223
41 604
334 59
97 425
181 440
756 47
401 825
168 814
168 310
860 394
3 169
115 491
4 773
940 318
64 812
335 810
140 855
566 186
671 381
669 77
502 113
418 77
183 97
306 122
4 924
166 57
905 150
957 175
354 27
226 93
324 895
787 45
983 184
71 475
625 179
765 299
853 49
702 267
174 302
850 642
164 939
166 159
909 64
181 951
362 23
136 706
443 133
912 726
611 148
750 2
701 441
169 862
663 86
495 15
754 718
434 144
70 50
120 171
89 26
614 642
546 427
62 425
94 819
37 916
54 165
564 193
458 677
902 994
738 498
52 672
612 56
102 332
252 200
280 196
90 6
120 112
891 566
200 694
752 62
986 558
68 832
19 198
72 42
735 74
329 592
127 672
56 927
533 135
184 943
290 26
152 794
534 75
150 18
67 78
422 975
78 885
961 569
810 378
119 768
177 90
1 326
222 646
847 58
984 930
952 66
52 220
577 925
38 44
152 540
163 364
25 655
304 751
118 346
82 120
812 84
841 134
389 151
92 977
393 328
945 89
21 966
79 156
170 266
17 186
60 901
584 107
992 103
190 231
662 183
200 47
411 18
37 340
75 257
190 818
770 62
185 465
151 547
264 979
87 337
44 752
47 825
581 181
992 694
695 189
148 139
27 828
824 119
72 328
32 753
41 282
167 364
850 33
115 821
21 340
430 975
189 1
993 37
278 94
953 35
89 293
967 7
109 169
78 913
506 935
93 294
585 48
67 859
109 556
241 947
11 915
146 593
54 227
176 488
161 893
121 292
118 788
860 33
79 509
48 863
79 204
51 164
694 929
84 326
309 11
194 358
217 299
61 941
239 55
37 161
44 565
610 166
24 188
247 90
573 538
570 148
852 201
149 24
29 94
684 8
239 153
943 95
495 171
82 12
79 101
18 91
80 918
88 287
47 650
35 907
105 458
881 192
138 331
700 141
265 931
130 587
110 278
826 358
189 693
33 656
173 280
222 29
696 974
191 76
317 82
544 29
293 342
14 239
32 963
82 597
243 241
76 140
61 120
705 483
157 511
878 125
997 187
148 325
188 928
738 113
23 679
219 23
244 226
921 272
472 640
410 393
21 881
449 101
418 835
128 170
316 199
679 449
66 966
299 185
134 39
531 87
216 152
592 102
72 34
580 124
942 7
25 436
139 911
173 315
519 174
608 554
88 57
19 175
642 173
99 403
98 299
213 117
52 563
280 374
18 52
816 128
384 314
164 344
5 534
881 75
109 392
48 646
119 459
149 658
185 204
572 55
30 161
607 556
393 23
395 196
174 36
19 275
56 419
880 936
180 670
381 125
80 348
126 129
637 97
763 80
881 102
431 92
293 141
499 94
497 13
61 995
945 172
143 125
137 145
20 204
422 173
135 595
693 79
124 20
427 185
31 180
210 337
278 123
136 82
58 283
4 96
25 170
105 147
43 931
966 165
820 83
20 172
177 418
739 411
265 63
51 763
273 568
472 26
181 618
480 62
276 52
2 356
171 525
18 505
582 161
355 161
388 34
437 80
82 825
6 80
111 759
350 178
853 144
408 124
497 118
841 19
53 616
556 47
95 700
74 274
905 118
136 782
320 84
615 56
414 534
533 50
156 711
174 277
622 790
644 678
784 644
440 69
905 6
135 513
204 953
50 675
90 723
618 88
109 544
451 600
87 93
154 182
157 54
932 547
49 337
906 51
576 704
427 313
147 157
47 93
553 623
32 13
151 818
725 481
13 703
81 345
192 944
655 117
545 949
846 954
162 634
913 64
31 52
163 51
280 410
526 153
251 959
297 118
123 591
924 19
629 939
139 412
868 53
31 368
50 141
138 433
165 627
31 407
498 160
148 384
521 111
985 6
199 629
947 466
456 587
97 268
654 150
116 908
898 97
923 27
281 77
158 172
100 691
46 834
992 274
697 159
68 663
195 372
870 47
53 43
891 545
195 187
895 74
127 882
156 965
679 421
301 133
66 480
559 93
36 611
69 937
24 875
142 358
875 75
191 689
118 87
29 130
44 639
557 98
557 862
24 18
87 681
465 414
162 395
756 142
15 15
81 199
766 998
104 339
762 153
149 682
176 66
553 131
810 180
729 155
30 125
302 61
69 150
115 988
218 108
160 637
67 92
704 626
437 893
89 864
58 666
179 135
148 198
174 152
159 748
158 411
22 775
885 20
616 85
854 238
321 86
637 477
51 926
615 184
637 187
187 267
101 432
747 860
166 181
373 36
494 209
29 491
63 421
25 962
749 757
141 973
187 271
813 108
683 588
69 326
797 129
947 134
915 64
873 572
673 873
152 72
29 886
891 96
684 516
21 86
986 372
356 10
382 458
52 125
972 161
175 574
683 137
370 584
618 862
159 349
185 31
89 958
160 68
515 181
174 142
34 402
67 170
831 967
832 88
110 26
697 87
14 329
188 557
41 513
422 44
72 721
401 99
264 140
177 584
146 740
828 5
86 471
756 584
843 124
126 737
423 920
445 110
598 181
109 646
130 114
183 970
596 436
487 726
109 594
730 195
576 585
769 135
32 27
393 582
770 602
35 438
404 752
800 261
130 342
923 171
164 568
49 905
481 360
856 83
70 707
288 773
353 640
695 15
448 11
816 111
125 900
86 652
861 91
648 368
99 708
729 264
763 130
85 483
333 674
90 619
527 329
160 589
53 878
435 619
716 889
199 669
586 190
409 76
131 694
222 452
546 183
84 587
158 746
191 142
85 5
197 881
918 115
35 413
418 476
893 6
149 497
273 863
5 860
802 947
192 891
899 670
900 98
621 191
664 459
310 16
251 142
908 60
99 685
444 854
891 49
199 279
781 911
802 152
196 213
13 946
164 379
100 830
249 39
239 792
154 96
721 141
251 355
112 89
159 451
804 878
107 411
12 343
134 265
117 206
997 486
80 634
40 190
171 67
394 7
186 184
185 915
193 898
332 86
785 63
661 626
965 272
191 827
19 822
167 566
481 190
151 934
261 309
161 781
562 820
742 81
63 73
256 1
533 206
557 171
546 28
131 126
33 658
140 659
171 729
461 101
815 112
53 123
701 545
610 728
40 54
64 348
620 154
361 680
44 291
169 646
182 739
154 158
892 144
82 570
201 87
691 99
294 967
959 141
533 112
625 151
97 8
964 890
879 427
947 995
388 607
77 89
182 211
124 794
329 222
71 394
680 13
356 669
701 40
138 615
119 129
813 508
543 30
462 9
32 575
11 178
863 182
520 162
239 381
672 177
151 627
7 664
165 432
184 747
104 84
915 828
95 74
489 131
370 675
696 599
136 586
495 38
133 853
602 94
972 194
884 209
47 629
661 628
261 121
639 508
234 154
286 184
846 396
642 113
332 588
34 504
166 771
684 363
55 927
125 612
139 238
90 39
69 816
637 25
969 946
89 254
165 16
139 964
185 126
130 587
777 7
58 140
72 676
707 445
315 198
910 160
856 638
544 200
850 110
679 166
137 52
5 219
182 131
320 463
141 860
91 476
195 333
17 496
61 569
132 224
668 56
81 763
45 198
814 178
796 191
25 836
887 292
848 974
233 185
28 101
738 24
464 790
920 163
74 931
897 166
564 725
67 822
997 129
180 427
702 198
818 7
677 76
170 718
489 25
626 100
848 651
111 637
433 215
380 107
217 156
677 115
863 576
84 375
44 9
69 14
553 843
883 7
202 9
18 61
26 627
965 44
397 163
97 444
649 95
34 779
63 599
544 965
930 149
59 13
501 21
382 187
17 78
389 272
564 614
176 241
153 411
619 74
15 849
114 816
505 152
597 109
79 310
196 329
294 19
415 113
63 682
116 86
136 462
945 37
316 89
726 81
948 6
124 5
755 634
641 548
31 40
687 144
196 854
49 998
815 39
93 970
229 76
503 34
194 353
285 862
164 916
458 61
205 828
708 18
482 453
622 761
495 578
922 171
221 358
32 120
241 390
854 179
27 467
745 723
94 451
892 695
46 104
26 634
2 73
10 780
159 86
67 915
220 32
35 61
76 633
49 120
7 185
122 162
837 665
36 129
897 7
104 77
286 324
982 108
109 307
114 424
591 581
63 196
782 113
400 614
194 219
266 648
741 909
164 541
599 91
157 23
75 969
45 719
453 104
347 114
848 548
56 356
933 570
163 68
312 540
438 31
527 72
22 581
139 77
176 998
699 196
494 171
725 87
263 173
84 708
42 798
707 7
140 881
655 952
800 11
45 817
137 372
223 140
497 933
19 413
462 167
622 471
89 473
841 328
60 63
243 8
15 121
398 215
76 231
149 171
910 300
116 37
15 596
143 667
185 5
807 309
423 927
920 103
922 88
360 24
374 186
127 263
486 943
737 922
377 337
157 42
110 12
