1000 511827
2000
984 932
402 39
72 509
880 158
303 26
855 847
373 149
979 917
343 29
395 364
97 735
594 679
549 152
455 511
998 20
923 318
489 182
514 937
520 936
827 207
701 615
51 905
87 549
89 712
680 714
929 664
882 892
454 147
14 610
437 865
387 671
560 691
515 593
62 315
369 129
647 153
748 969
729 304
978 839
398 746
581 116
488 551
22 141
424 45
344 399
464 663
624 322
580 571
979 405
71 846
297 40
900 292
896 130
105 469
457 89
718 801
395 735
784 44
194 37
135 647
489 880
977 137
525 181
106 970
236 288
640 937
674 674
772 988
204 317
563 131
746 809
137 376
705 120
824 21
569 62
751 344
130 759
829 225
797 321
446 613
88 12
767 91
601 301
923 859
701 117
83 567
368 153
353 245
206 54
288 498
963 885
217 12
453 258
358 380
790 105
689 381
577 307
318 34
375 784
278 517
337 700
897 597
852 434
820 180
538 568
511 408
677 878
497 76
660 946
693 692
590 898
990 670
367 324
842 971
216 844
873 337
712 697
885 714
641 199
81 13
139 303
465 757
488 300
428 688
572 156
541 36
443 666
333 218
608 250
871 398
40 219
101 304
484 751
691 429
582 530
192 821
910 40
277 380
886 139
491 130
514 430
264 169
843 62
537 201
613 239
324 134
17 185
147 15
365 640
485 717
42 516
642 693
588 388
320 898
703 373
101 245
16 7
890 147
968 232
816 541
433 759
986 891
832 794
593 169
473 218
833 467
270 279
949 170
158 223
247 243
803 738
947 958
291 757
304 747
863 205
147 632
176 969
164 661
358 530
818 136
185 955
617 271
720 27
492 571
951 736
476 836
307 933
57 614
120 637
442 117
716 304
427 25
293 609
995 819
130 485
179 157
283 15
132 364
888 383
951 351
961 708
383 92
206 157
4 62
609 417
567 44
442 193
881 888
603 78
316 558
381 839
638 185
797 72
69 399
509 476
528 907
87 994
461 545
854 105
103 495
849 954
798 205
303 442
656 892
371 695
10 257
471 929
546 975
838 331
286 252
470 401
225 714
198 730
532 34
238 420
747 23
809 966
863 995
418 1000
969 71
262 628
194 240
232 791
413 397
63 350
771 425
14 796
49 780
419 101
770 461
780 982
73 998
419 401
647 260
129 732
197 623
38 50
169 735
628 141
113 904
98 626
976 257
250 334
21 81
460 740
294 35
765 46
552 711
371 947
387 288
778 898
730 660
342 855
422 179
617 732
387 133
323 199
517 510
213 348
366 330
620 607
142 430
738 338
747 295
661 382
781 681
122 920
847 955
451 464
907 78
813 350
205 308
592 664
953 317
810 161
724 809
790 390
201 631
952 20
621 578
231 761
355 118
926 123
736 384
490 784
580 487
393 873
746 491
9 668
766 248
619 221
503 660
115 89
69 384
976 6
256 413
398 425
934 440
632 750
822 63
338 855
279 535
819 360
222 485
867 142
373 695
710 175
123 256
477 234
500 686
803 263
452 317
592 254
753 301
370 75
528 143
200 67
738 589
622 688
867 541
574 125
939 389
552 776
518 111
369 587
11 552
634 889
532 880
971 290
838 956
774 518
466 966
729 709
616 700
165 808
177 58
186 988
539 658
659 673
797 239
481 636
669 501
51 275
939 229
416 514
361 941
387 541
109 600
956 375
957 627
859 877
955 658
208 754
917 323
98 965
792 751
352 392
546 120
656 26
302 603
477 361
290 811
908 992
285 132
777 230
734 468
192 514
805 305
688 959
862 807
159 704
185 785
695 820
592 628
596 493
29 238
779 529
299 507
805 161
919 566
134 338
193 930
659 606
503 293
427 295
981 304
235 947
719 692
556 644
197 325
691 845
289 569
585 672
673 357
171 272
507 696
884 915
727 466
559 477
382 109
972 826
244 855
188 651
266 685
179 166
823 3
391 977
611 132
977 651
847 809
72 557
216 573
34 765
712 663
920 279
129 981
921 413
969 129
654 182
400 577
297 101
370 15
330 279
180 120
493 12
365 515
348 342
60 320
828 898
772 913
539 668
283 667
361 87
975 706
429 821
580 163
472 943
28 376
719 34
379 150
793 919
904 588
349 826
530 196
52 264
850 992
952 484
250 57
433 670
536 798
752 124
368 175
693 643
107 280
581 443
772 556
678 912
436 308
682 13
166 525
812 969
605 43
356 261
800 961
753 655
325 131
650 937
665 116
624 369
44 57
255 462
43 370
671 117
931 365
494 444
268 23
361 585
768 991
59 537
618 576
278 847
152 568
43 226
619 226
79 718
244 777
58 125
478 374
302 800
757 29
939 572
629 405
104 939
140 609
738 875
745 907
121 418
697 229
259 174
69 507
414 397
795 488
91 181
191 479
630 626
942 606
49 377
480 585
553 462
404 713
932 343
300 997
428 596
24 378
803 973
662 445
857 596
704 58
693 625
777 986
539 494
256 814
180 521
888 606
796 864
706 600
605 853
125 602
833 997
554 133
921 247
690 247
494 744
962 263
502 478
4 639
912 142
105 977
304 523
145 63
908 944
200 289
257 856
281 699
517 836
570 778
757 789
289 145
794 903
53 613
166 920
265 982
202 709
422 534
584 667
167 697
479 329
874 655
879 189
409 61
821 923
80 314
934 286
997 640
8 178
765 741
542 875
216 884
843 563
771 452
474 914
916 8
677 390
463 849
771 983
366 913
684 589
461 488
109 982
140 393
193 7
483 577
471 883
20 315
202 629
687 893
287 306
611 201
969 977
928 246
714 695
698 850
90 684
874 626
288 456
256 516
585 567
260 989
345 186
425 865
962 32
356 124
303 223
65 394
867 432
488 984
179 712
301 664
410 823
543 804
114 275
887 153
229 765
230 517
463 775
835 813
37 475
169 408
29 14
999 532
506 15
471 458
926 894
655 929
660 580
699 192
485 429
980 230
946 995
725 252
180 973
791 164
327 32
996 34
440 684
236 357
245 159
16 11
860 998
38 799
578 765
423 416
486 159
830 209
483 306
185 522
659 148
828 803
386 139
809 871
502 320
343 707
619 424
139 660
294 288
502 399
420 93
19 100
319 119
80 495
359 551
769 72
233 798
617 584
825 403
87 100
258 834
878 962
354 681
526 24
509 7
866 470
658 109
669 353
755 152
618 523
397 981
461 913
381 834
169 424
367 364
979 150
907 494
339 118
581 634
210 746
935 40
7 452
514 603
95 292
511 143
905 392
902 928
312 307
772 559
239 126
531 587
590 794
990 403
262 954
142 535
699 988
504 933
490 969
340 145
594 252
617 385
898 648
503 900
381 438
305 940
787 718
425 811
345 337
643 380
16 230
733 467
244 684
240 945
613 119
98 598
178 816
275 852
112 449
51 34
841 8
58 717
991 761
875 331
290 551
960 431
930 640
204 457
362 755
99 324
956 95
681 512
340 481
439 391
723 383
1 926
14 584
882 902
209 227
194 271
162 431
953 206
341 28
670 895
558 723
958 313
544 566
408 352
337 962
364 856
550 399
735 400
709 519
332 143
169 262
433 514
827 120
352 876
834 672
819 557
535 293
369 605
907 927
660 228
712 713
245 843
490 182
200 830
944 363
955 920
48 516
696 598
707 152
34 922
297 312
887 921
817 590
226 624
122 424
216 347
92 696
755 606
371 515
762 502
367 728
99 552
851 700
468 548
531 99
919 517
513 898
853 310
621 586
725 916
545 891
22 338
283 362
185 708
922 737
639 535
102 56
144 460
921 835
541 855
571 215
108 880
492 146
329 403
400 27
531 564
366 363
934 138
67 777
337 587
808 958
398 600
875 44
485 598
387 460
880 733
367 473
582 835
404 606
552 202
740 522
8 772
295 550
884 352
661 337
416 325
703 396
776 850
16 745
140 486
426 233
459 439
868 712
237 63
13 595
897 131
883 346
286 42
464 68
872 86
49 888
901 156
620 627
341 924
136 555
379 736
304 324
343 189
761 372
24 382
233 930
48 401
993 48
917 135
307 915
629 304
692 710
841 711
823 58
599 662
900 356
821 1000
991 795
241 510
169 254
767 187
504 11
309 638
130 925
627 352
852 47
127 179
887 898
808 31
651 614
501 135
198 583
322 395
59 513
693 595
700 383
17 655
553 51
186 522
247 356
641 615
331 835
965 199
801 362
21 159
166 342
990 961
682 650
224 256
810 51
557 686
802 994
618 232
586 579
683 154
169 66
203 126
278 168
618 781
592 239
718 128
192 550
136 520
273 599
921 801
741 959
695 543
520 197
490 160
823 16
747 307
315 238
655 565
51 469
356 559
960 998
329 214
872 804
174 368
267 213
699 207
376 771
881 558
876 413
404 437
984 658
337 944
317 195
214 772
338 664
100 733
49 633
302 274
968 479
418 798
512 143
767 214
890 78
318 600
551 534
420 941
952 665
433 880
556 65
765 633
271 909
484 926
760 234
438 885
492 774
107 904
195 241
973 727
172 759
138 623
816 264
817 681
977 225
215 351
951 47
839 672
552 313
844 826
177 150
230 385
439 120
781 758
854 789
851 540
6 812
624 926
945 726
519 973
969 119
150 538
221 877
954 604
497 17
848 265
455 569
728 711
626 664
925 260
608 629
706 865
891 72
449 616
604 259
472 957
890 200
242 615
130 6
883 59
875 837
256 426
461 225
759 97
260 207
994 429
935 765
901 97
619 626
552 591
731 973
774 486
181 316
243 864
209 226
835 629
392 56
265 329
991 195
902 882
422 938
161 597
636 646
669 68
628 572
725 974
473 198
440 879
364 228
331 432
562 961
283 485
963 410
865 168
814 489
788 543
730 833
252 456
381 130
306 94
993 929
558 395
938 207
570 790
662 142
863 738
249 593
920 69
702 754
517 358
787 562
764 918
191 131
801 97
203 163
367 465
136 793
560 300
446 154
997 602
932 17
549 54
118 694
815 443
599 586
253 610
461 299
564 708
513 457
414 70
45 948
333 524
592 334
931 358
800 782
647 517
709 917
980 827
956 321
546 768
244 791
311 789
206 53
407 762
966 441
822 763
113 267
387 979
813 974
401 932
472 347
31 231
654 900
354 501
738 975
59 387
110 473
687 375
457 142
220 39
979 390
582 523
867 520
141 577
779 178
553 254
263 824
732 22
258 366
186 908
86 94
852 208
505 962
574 799
695 119
731 675
219 288
345 976
105 96
455 754
727 220
879 186
601 428
624 926
838 936
543 805
93 238
973 942
958 80
508 704
175 149
699 327
5 285
986 927
688 483
433 318
917 455
443 958
577 213
641 250
165 110
630 838
451 354
473 319
647 431
10 791
242 935
120 359
178 436
781 304
629 909
329 400
569 398
14 168
138 48
656 31
706 223
958 845
292 421
296 643
156 187
46 302
494 918
416 591
223 6
170 332
612 857
853 508
606 322
84 132
92 467
867 983
463 134
996 605
236 346
212 59
121 495
127 435
30 133
701 412
781 9
819 411
292 703
981 458
548 421
756 858
543 124
169 348
924 984
380 348
1 146
651 518
388 837
733 407
278 454
589 278
489 330
607 573
515 890
281 443
318 932
966 689
147 560
836 40
566 188
402 164
202 27
341 1000
344 92
980 9
762 876
638 486
388 299
516 135
469 566
684 526
395 617
595 923
734 351
694 130
684 208
463 397
696 700
411 163
427 316
648 972
236 446
490 782
241 719
483 768
744 68
552 554
359 440
132 116
890 906
880 844
369 793
720 547
949 875
767 923
197 161
832 929
724 99
538 653
258 57
139 509
417 487
894 633
853 975
975 845
545 469
305 999
821 37
904 73
404 519
134 996
765 564
348 585
984 627
498 919
298 594
337 641
428 754
498 121
589 770
144 963
48 550
644 701
354 936
62 495
959 877
180 215
258 731
408 802
224 34
955 525
58 994
436 49
168 128
44 466
747 408
858 59
909 715
611 923
155 361
889 763
454 135
224 872
555 634
284 501
785 807
35 349
270 771
811 382
78 270
201 798
163 582
423 228
852 598
754 188
480 621
603 775
566 755
364 388
138 43
435 168
167 601
777 258
678 377
321 37
677 645
439 345
994 437
92 535
175 562
15 252
622 892
673 675
274 265
236 913
265 201
791 601
49 729
174 391
133 580
624 829
950 659
468 781
290 612
481 733
368 763
114 967
939 967
317 860
84 838
990 817
60 250
950 452
650 160
806 576
828 366
713 919
698 586
900 306
835 554
396 403
935 153
863 421
402 522
778 193
636 485
416 754
797 996
799 168
333 464
283 384
642 263
442 414
807 105
181 933
778 985
130 646
772 547
438 282
234 772
296 409
222 912
641 753
650 300
728 41
992 970
359 209
340 993
519 918
721 668
133 752
744 346
644 320
101 338
584 700
585 846
325 173
514 348
616 297
659 465
628 381
193 764
487 16
722 412
347 130
732 156
274 387
498 170
68 801
337 997
94 735
72 906
432 487
481 304
649 873
803 150
750 575
636 795
283 88
701 367
563 625
864 632
140 882
115 772
766 855
403 267
25 187
279 396
522 653
316 433
387 250
705 282
761 431
655 760
471 83
128 410
252 683
796 510
789 549
555 67
658 1
4 791
222 626
354 29
860 825
775 234
438 810
263 625
216 323
429 830
459 969
650 801
512 180
853 823
637 586
551 543
629 687
965 538
880 758
633 760
160 672
134 837
288 701
300 416
648 394
876 572
182 612
582 655
759 411
998 833
751 951
978 301
255 825
425 664
238 404
84 880
996 810
633 646
98 42
809 578
789 46
154 971
676 399
846 188
416 293
752 916
559 256
998 912
635 933
512 509
621 603
996 802
186 155
900 995
404 732
786 167
172 34
93 705
236 623
346 438
103 907
542 507
957 702
99 852
886 589
726 398
111 924
751 639
790 289
678 357
685 403
578 236
824 925
568 790
934 488
391 460
895 118
967 884
243 550
143 647
198 526
760 29
113 676
142 343
955 91
539 298
709 100
648 524
269 596
258 820
882 562
346 466
352 208
826 628
560 98
117 28
558 955
599 588
187 308
924 64
296 341
336 949
835 967
864 795
559 121
866 950
816 471
236 315
911 390
910 49
328 263
641 202
806 794
24 633
741 70
301 984
584 622
977 354
827 575
351 186
722 418
73 324
998 323
930 876
282 54
420 547
657 531
308 731
16 94
154 768
693 453
287 772
476 138
559 566
155 939
29 266
474 816
929 547
530 176
853 628
459 437
870 80
879 987
676 376
73 846
804 171
483 200
107 745
50 633
122 447
660 71
642 406
842 868
978 692
184 79
569 613
40 941
290 201
195 282
235 929
563 358
768 317
915 921
578 453
172 248
240 344
73 253
811 59
876 487
96 741
115 277
759 72
290 414
204 849
99 658
633 670
549 208
505 290
381 974
347 263
994 506
392 934
310 853
804 288
674 547
367 1
837 307
735 620
325 547
422 371
745 572
263 583
314 588
153 541
176 422
766 220
343 99
797 899
322 950
8 686
60 600
719 217
528 797
744 744
740 766
572 297
736 165
622 664
791 646
331 334
554 592
845 450
248 57
713 506
844 433
37 603
63 416
387 534
21 616
976 609
100 701
151 518
716 82
261 848
605 933
789 771
970 333
812 296
841 780
657 365
459 971
931 820
551 736
617 2
453 648
776 12
934 972
746 908
296 476
357 344
529 32
928 681
768 796
689 273
353 638
593 924
814 748
681 870
306 776
724 747
580 23
262 549
496 752
575 744
378 611
245 963
158 824
131 271
218 880
185 350
220 415
338 395
414 738
866 199
226 177
684 783
946 474
526 636
621 445
376 952
676 936
346 239
827 677
961 928
925 658
427 734
41 606
391 802
35 213
769 632
134 125
680 620
61 52
511 60
814 2
388 50
454 416
340 385
289 825
211 945
160 45
600 241
784 247
561 435
424 60
934 292
479 400
860 534
615 47
797 369
393 998
808 637
342 520
979 346
974 88
712 931
146 688
194 15
565 465
342 119
875 387
562 657
10 126
996 781
392 895
428 629
130 934
132 72
814 217
680 335
192 800
185 419
856 356
657 649
215 432
186 912
873 447
214 499
61 963
505 65
825 339
945 970
194 816
351 4
764 436
424 515
428 416
102 717
88 641
592 959
435 425
724 963
265 558
786 875
304 777
895 312
714 780
408 129
871 87
80 96
579 878
818 287
179 568
801 605
168 191
565 340
61 136
742 350
393 899
637 898
820 264
636 270
313 707
580 613
275 687
663 7
808 1000
524 920
779 629
647 720
737 238
710 974
991 454
575 440
452 90
634 981
40 389
325 433
402 600
437 397
247 925
748 912
682 970
225 233
820 409
641 328
310 11
68 216
492 432
822 485
993 346
469 209
647 10
101 806
861 954
397 281
888 12
505 834
171 499
779 236
911 414
704 9
886 505
306 497
316 529
146 185
208 560
17 474
72 344
436 258
767 229
904 672
161 554
106 691
597 152
368 434
614 909
916 816
936 48
5 331
783 119
489 481
365 934
76 560
672 216
779 990
397 81
943 163
545 362
102 728
528 396
302 817
781 368
908 437
848 967
695 245
991 296
346 625
433 645
218 629
781 465
188 639
896 331
619 591
885 798
504 253
786 242
527 620
752 527
34 392
214 484
60 343
308 826
113 666
930 874
390 767
80 19
932 696
300 16
924 693
603 161
178 665
330 995
187 678
415 133
939 361
789 212
616 621
165 244
294 826
323 58
515 186
521 783
980 288
781 748
575 75
166 891
486 942
108 305
166 667
828 919
270 894
320 371
273 189
908 227
396 249
279 573
101 897
960 986
370 263
344 194
512 590
192 161
826 431
808 723
695 213
311 186
456 349
574 825
117 852
323 267
110 864
42 494
290 854
203 4
921 944
851 180
275 925
955 804
521 467
572 926
496 137
30 847
715 843
365 709
357 512
7 322
956 985
899 203
64 912
77 700
789 130
22 36
23 575
704 959
202 15
397 829
781 441
30 354
128 581
914 885
692 349
171 334
150 173
447 497
213 314
75 354
194 69
402 181
815 746
795 619
68 206
355 430
533 214
529 663
333 672
699 804
459 479
