1000 503196
2000
933 512
405 71
513 724
109 975
189 450
732 219
695 347
724 714
545 66
557 149
995 764
7 342
790 944
998 187
815 988
431 352
451 639
525 621
721 71
228 753
124 425
571 491
671 294
58 233
34 577
86 994
935 694
397 524
830 697
336 756
115 950
445 143
451 813
384 819
733 321
418 505
131 495
202 430
785 205
390 116
794 413
494 526
399 25
184 32
200 722
258 215
940 642
324 342
687 809
118 838
160 168
678 447
130 596
891 263
939 990
264 119
953 71
462 920
25 711
955 263
574 792
624 992
812 978
348 659
435 728
103 316
609 152
559 109
658 838
139 141
80 956
478 463
648 819
755 982
634 311
885 218
294 676
246 65
895 528
424 571
207 360
442 102
463 125
743 686
162 490
492 699
591 209
451 246
42 635
77 239
452 847
642 517
23 150
199 703
426 667
420 632
982 294
176 956
727 596
860 825
637 402
935 12
936 848
59 613
969 656
640 420
800 817
746 419
970 439
373 619
495 811
393 456
93 56
406 514
987 243
707 693
571 945
168 645
537 489
410 74
385 674
411 647
168 377
348 505
613 779
490 316
360 382
82 472
486 890
973 154
98 678
248 695
561 478
298 25
868 856
767 31
629 404
190 939
245 104
890 567
398 969
127 282
755 777
893 513
311 400
127 637
378 705
594 105
22 766
423 420
245 76
6 335
454 828
438 771
932 438
415 479
257 341
68 654
618 392
479 250
290 212
696 588
609 344
189 922
259 600
943 143
32 624
427 298
493 751
617 78
812 81
383 444
92 239
511 124
606 918
4 658
742 244
689 206
523 230
474 926
335 926
452 28
700 809
593 692
759 424
685 95
800 430
718 526
320 956
676 242
818 702
483 550
163 577
79 912
358 653
548 704
360 481
354 978
140 936
178 180
926 266
640 693
247 208
488 468
818 936
918 792
660 977
32 680
350 177
951 699
747 517
66 232
130 908
391 153
548 202
825 355
488 352
815 751
849 14
10 100
649 643
51 563
328 131
923 398
258 454
583 115
747 920
258 582
309 947
377 93
985 329
603 621
176 578
234 250
630 649
57 183
782 772
391 460
158 796
307 789
324 257
918 59
377 490
314 431
833 679
244 591
773 840
928 319
21 376
730 30
645 52
848 884
737 438
759 773
540 147
872 742
683 877
140 340
581 101
587 303
289 552
618 72
824 198
832 974
416 962
691 654
50 204
107 908
245 837
486 68
311 559
505 880
275 573
730 56
133 171
715 418
850 324
150 405
830 657
919 53
269 733
351 497
457 319
657 57
914 169
481 977
683 820
882 948
422 788
776 958
247 759
620 464
462 560
510 540
824 392
628 972
566 912
496 450
159 751
203 52
197 997
217 561
817 784
945 440
162 515
304 540
165 476
702 67
481 543
880 932
164 313
374 411
688 22
371 949
126 615
833 400
548 268
789 307
210 481
66 716
35 233
844 217
85 732
388 60
799 368
249 406
825 50
288 524
444 89
891 572
599 230
783 516
322 182
739 417
488 806
414 864
381 829
457 569
352 856
53 407
775 362
336 936
59 197
454 778
17 995
237 49
406 244
176 890
893 847
79 677
611 125
713 902
419 486
108 811
537 373
613 612
847 953
853 909
73 181
433 830
210 415
846 71
678 404
664 993
493 784
668 527
242 313
697 313
70 103
764 240
359 865
390 358
440 493
211 334
65 178
734 555
3 272
375 929
715 922
656 278
377 717
562 605
607 768
925 39
3 903
218 667
787 466
526 760
23 650
984 658
271 775
776 256
329 17
781 684
817 779
991 793
578 818
347 566
636 816
585 571
796 728
657 990
628 1
273 68
668 426
714 563
718 471
756 867
970 578
987 391
766 27
825 309
882 644
427 645
562 391
408 554
777 387
404 31
328 581
606 18
577 595
963 801
151 966
839 53
188 734
384 186
749 734
634 775
813 186
973 840
935 916
110 237
680 132
59 414
850 836
460 770
108 77
717 51
117 40
207 486
256 659
875 580
640 921
518 274
273 892
842 914
66 157
29 982
427 501
939 852
420 449
849 425
677 655
165 990
686 693
764 296
838 385
320 742
503 626
356 239
530 950
189 12
109 645
447 789
215 158
316 871
714 19
509 215
374 34
97 755
933 850
566 876
690 518
443 352
271 310
279 314
918 14
176 320
394 38
887 527
602 626
868 461
94 391
371 820
12 106
248 781
782 90
603 724
968 497
370 2
888 635
563 174
129 160
13 3
602 626
967 79
276 152
864 467
190 828
247 788
134 268
815 475
922 564
312 941
292 373
60 625
373 777
606 470
280 837
98 310
973 942
88 225
316 362
913 325
188 720
362 574
355 321
34 285
689 554
860 789
602 398
669 632
106 119
870 799
657 868
443 237
283 443
707 969
165 827
252 482
753 945
551 70
358 628
969 532
99 602
416 577
200 176
32 289
331 830
689 381
512 197
719 321
655 881
754 686
353 80
252 839
308 875
299 353
864 273
634 885
707 657
153 818
886 509
584 372
406 990
105 403
219 648
570 109
540 480
38 447
961 552
292 338
10 463
412 104
996 753
868 202
802 278
196 156
353 896
286 664
793 857
335 781
946 494
601 784
260 672
535 158
589 398
936 994
587 741
317 918
548 206
735 132
878 721
443 144
321 777
993 318
206 537
891 208
226 322
651 679
686 763
862 62
747 720
222 743
968 849
677 5
359 823
575 737
832 892
312 595
832 799
871 316
915 307
217 462
650 145
326 857
424 160
27 731
68 59
175 834
464 597
6 780
269 639
499 233
166 250
321 744
255 618
164 380
45 359
534 923
654 18
321 656
500 136
415 919
34 76
669 74
377 242
970 247
549 439
764 553
932 428
449 865
35 423
699 518
190 555
249 393
373 888
739 969
208 311
703 919
388 226
152 369
48 865
168 872
341 379
929 412
991 549
137 580
626 956
938 593
779 939
28 733
480 319
980 288
277 576
427 62
221 786
613 39
541 103
873 728
233 349
362 966
496 241
204 557
886 729
295 565
482 766
650 536
420 808
482 381
572 747
659 10
207 37
871 167
405 901
215 314
254 943
878 887
580 739
454 860
289 650
346 137
536 443
728 680
713 349
516 928
884 926
422 402
328 309
592 327
49 143
486 494
558 436
705 874
94 934
975 771
430 539
542 967
583 378
50 651
630 348
16 920
313 716
270 979
186 49
946 487
296 157
70 665
323 524
836 568
4 118
650 288
590 548
377 152
115 924
426 402
770 620
120 968
358 841
510 404
6 449
198 146
940 950
440 899
969 930
608 162
734 737
211 435
418 152
21 386
358 104
191 345
896 882
490 398
726 861
237 193
989 541
24 449
13 112
165 904
593 966
968 935
847 471
93 589
567 711
725 557
236 408
962 648
816 128
799 168
298 486
490 202
489 944
798 78
325 48
104 990
888 205
876 821
322 561
483 556
823 722
311 655
365 163
312 475
375 506
564 986
579 320
444 598
291 937
275 8
411 667
776 95
99 30
140 20
950 428
718 398
19 854
690 62
38 429
65 574
89 731
268 564
838 324
792 382
641 597
317 263
425 981
158 277
313 946
145 903
803 280
115 895
5 451
117 487
347 531
449 883
827 91
152 354
923 662
475 586
30 944
771 333
18 812
780 284
391 446
837 118
796 838
160 307
178 550
349 364
546 769
722 886
33 686
911 531
103 980
860 159
281 614
303 612
816 545
766 293
809 514
508 447
315 205
690 954
931 573
615 13
324 743
263 879
890 701
956 193
6 57
85 886
588 107
236 311
112 586
872 918
131 436
439 418
400 604
282 842
152 103
21 310
943 920
625 189
598 837
16 33
820 438
248 631
629 138
129 133
959 648
298 102
911 583
355 912
766 216
552 786
468 425
313 571
438 243
766 751
605 241
422 205
248 543
420 157
965 983
707 610
53 219
333 89
588 850
854 191
559 15
100 180
515 663
648 488
543 404
52 235
231 449
422 293
599 611
683 50
248 545
784 475
591 677
833 836
858 436
415 103
111 20
945 452
929 20
918 271
813 952
276 278
372 922
229 453
905 111
712 511
298 526
762 560
966 769
407 921
442 609
936 7
794 32
539 378
750 119
629 393
243 893
197 929
689 757
841 292
427 108
706 897
493 158
390 937
874 173
325 307
684 455
971 508
583 804
870 739
585 163
30 720
740 396
258 986
480 399
45 875
619 427
738 577
386 519
232 791
252 73
335 910
765 1
317 932
728 962
456 549
701 371
206 217
951 529
860 536
640 743
351 157
347 190
849 31
384 287
722 413
138 147
731 519
246 101
443 476
668 125
79 677
596 764
803 326
979 722
348 173
202 404
455 203
9 629
591 582
105 676
129 514
352 125
452 128
837 31
214 514
994 884
6 499
380 671
673 960
790 664
230 636
830 687
398 77
951 567
653 282
61 964
261 432
626 174
643 547
725 9
276 467
927 303
559 442
617 498
546 5
783 724
752 790
467 585
8 61
989 63
676 639
220 841
440 157
522 975
744 734
15 406
485 455
389 280
303 524
166 641
7 769
5 245
955 34
837 4
454 81
951 930
429 889
985 435
990 289
322 680
754 534
738 539
385 28
383 893
362 547
937 932
409 750
286 137
707 27
155 529
563 55
435 919
806 619
92 735
245 119
308 63
56 335
450 484
119 816
528 62
886 56
865 739
326 937
610 768
808 603
495 324
333 292
587 599
985 120
783 748
480 196
491 781
187 288
596 928
51 258
295 520
494 951
395 363
758 899
680 765
153 943
430 473
879 412
285 839
913 211
692 681
745 223
162 419
781 583
774 737
290 632
740 721
96 65
595 204
242 207
630 948
104 862
909 779
927 954
565 118
631 230
974 375
51 787
229 174
196 86
588 818
784 20
645 109
322 254
706 70
243 130
291 914
384 841
668 921
650 503
567 155
613 672
569 633
732 71
992 969
810 723
137 398
206 209
414 423
411 103
669 956
194 194
513 160
962 948
60 125
223 330
779 364
832 677
179 305
199 634
847 615
438 191
485 504
249 380
224 102
443 765
307 808
460 737
537 95
666 846
164 747
721 267
771 357
781 901
146 338
256 376
92 612
522 796
712 694
144 940
581 794
129 324
695 844
842 689
899 817
635 441
440 105
418 742
915 813
749 749
28 330
668 640
865 301
151 418
579 678
143 367
564 161
875 63
59 556
554 131
495 230
236 764
975 73
797 440
341 239
783 793
624 873
529 452
922 511
893 898
512 972
31 138
17 415
770 596
513 916
302 769
386 782
603 93
978 650
340 828
700 48
472 666
449 675
34 407
391 973
641 924
766 939
596 441
638 652
152 709
803 522
343 599
665 1000
306 111
679 651
460 669
959 950
697 503
680 285
576 289
836 93
87 576
344 614
331 466
254 725
656 977
788 695
882 250
976 217
560 722
50 629
116 625
417 406
756 21
320 468
52 876
371 371
704 849
224 300
245 502
377 988
434 994
586 833
577 54
545 504
147 804
381 987
253 539
267 969
69 986
226 850
962 1000
429 39
841 833
163 714
986 665
590 288
501 327
316 150
344 34
228 716
14 445
51 365
730 623
448 578
343 64
803 52
717 861
899 706
931 74
449 875
945 131
900 339
797 615
843 518
8 731
359 77
306 761
18 152
587 511
125 508
893 301
211 270
386 222
581 734
108 480
202 376
580 582
759 160
493 102
380 878
958 110
559 437
739 684
180 986
532 398
715 210
277 150
162 633
867 262
869 563
807 51
344 678
768 347
881 217
365 453
74 787
723 955
780 561
94 902
916 59
197 20
750 868
830 104
231 209
353 694
322 839
553 233
974 757
384 760
808 40
86 493
898 223
347 329
600 521
397 978
458 198
282 819
532 297
638 360
488 289
618 329
412 125
90 467
744 503
780 465
526 361
472 249
961 594
939 147
967 388
855 336
205 579
322 751
431 875
124 123
482 496
459 345
668 155
490 855
705 621
462 878
454 858
405 710
444 371
511 717
551 257
980 938
190 441
847 573
720 632
902 340
431 400
511 190
178 35
419 397
492 92
24 88
658 682
711 165
38 710
671 249
963 105
15 956
142 72
394 634
233 191
520 145
566 230
974 883
487 313
479 99
245 63
944 301
95 22
413 517
837 288
469 826
904 83
526 364
355 446
735 527
812 338
320 224
606 130
68 538
727 632
56 394
911 630
697 76
584 901
417 660
935 323
934 722
554 262
521 18
773 284
607 110
996 937
508 217
881 656
442 797
863 201
841 938
319 242
173 404
811 400
160 139
731 735
29 159
823 285
355 533
304 822
960 411
279 20
461 657
195 528
440 324
998 210
495 570
228 168
640 774
461 777
546 98
33 917
20 914
540 836
214 55
827 167
439 512
521 447
54 710
212 887
598 278
296 27
92 753
487 494
274 304
150 961
452 482
580 800
835 815
827 120
602 966
952 989
281 468
744 382
545 225
403 523
29 209
507 235
293 757
227 334
742 648
403 821
564 253
285 559
815 42
680 973
728 352
898 208
277 884
310 9
16 638
764 690
596 127
305 496
91 814
30 296
814 461
65 254
105 984
195 125
780 324
201 639
554 519
246 654
505 623
807 541
93 556
499 115
326 450
563 312
460 510
145 348
859 664
824 665
532 131
469 408
991 175
929 718
769 251
97 202
739 957
578 834
839 264
122 263
720 698
136 405
363 442
397 969
843 566
905 807
986 731
40 367
969 163
30 14
655 597
726 645
993 162
610 178
502 138
831 729
401 818
218 499
642 651
806 12
404 525
980 645
860 665
134 822
128 185
689 855
454 11
147 979
352 842
23 672
99 46
54 294
740 148
888 207
164 333
44 996
309 531
847 285
118 187
741 512
569 924
451 680
733 197
302 817
273 787
598 967
475 586
772 301
672 607
18 424
390 121
197 350
747 868
678 107
254 386
830 389
33 755
485 416
993 410
293 647
144 710
823 417
872 970
494 55
926 243
830 869
355 234
793 496
621 69
304 746
860 643
518 167
133 912
217 576
766 233
57 743
892 817
674 936
537 174
387 471
656 641
153 691
371 193
43 810
222 221
220 856
412 364
439 82
840 134
292 652
414 865
811 266
642 568
107 15
689 573
697 597
867 587
500 963
279 224
685 367
40 819
257 695
982 762
731 558
124 982
753 573
24 616
963 186
317 492
531 140
471 294
355 896
790 998
540 181
465 548
52 960
227 458
325 251
189 482
763 168
649 300
519 118
595 248
515 639
706 716
957 896
445 512
329 343
332 733
405 486
882 596
668 619
363 629
204 470
506 936
401 936
214 272
631 298
412 132
905 616
76 225
937 649
959 623
312 843
621 672
379 819
303 259
627 725
664 653
978 485
275 828
603 464
802 220
14 934
820 490
417 850
521 910
388 40
788 361
627 446
715 411
764 795
103 783
663 263
570 749
567 974
993 876
640 168
915 68
524 206
606 505
530 537
345 641
698 432
109 55
858 942
835 839
325 178
85 375
431 855
642 759
747 262
15 757
3 659
985 93
992 845
913 135
635 283
257 770
720 501
455 760
550 463
203 776
83 410
784 397
659 360
268 35
817 606
56 70
612 417
532 767
229 838
104 577
614 296
543 451
356 654
776 124
974 220
233 98
467 214
111 646
694 844
834 499
941 411
479 778
452 190
868 836
743 567
38 501
490 378
370 717
551 692
965 612
373 193
421 943
64 662
935 632
684 824
347 905
372 572
775 457
80 8
608 609
230 681
705 41
684 351
633 165
505 189
812 752
839 948
795 774
977 559
8 124
938 626
485 380
37 651
201 197
581 714
121 692
557 879
925 412
103 344
10 768
6 178
920 623
223 730
747 3
540 560
972 236
2 7
877 963
515 770
233 822
833 799
386 524
95 19
602 462
6 975
504 650
693 584
707 746
189 313
173 119
345 97
588 554
334 997
362 710
898 659
918 547
982 65
236 564
77 517
425 439
590 527
437 238
372 157
98 889
26 462
926 642
742 5
196 830
716 950
262 126
718 113
733 441
511 873
120 530
375 966
95 963
245 786
495 19
818 87
658 845
698 619
50 321
609 21
954 383
836 483
429 727
488 415
496 216
585 251
272 718
528 89
559 912
313 162
652 992
893 357
7 234
16 280
302 51
643 694
893 268
23 537
146 884
304 997
434 962
547 451
101 529
986 534
249 431
340 537
882 919
583 403
63 85
914 418
162 726
579 711
402 102
770 132
993 714
918 66
520 695
997 463
541 61
680 659
736 141
628 131
200 365
800 501
474 440
363 243
828 83
303 123
886 532
566 717
14 392
782 221
828 340
162 299
348 138
988 872
686 328
607 176
315 657
431 21
311 129
942 998
433 455
224 989
695 652
899 79
198 313
765 817
393 414
191 887
573 170
910 423
616 188
781 92
394 142
259 503
344 705
377 936
831 547
420 544
530 321
278 836
619 931
618 845
535 493
332 286
827 465
817 728
697 6
462 336
511 634
230 507
576 187
401 156
240 522
154 313
339 160
867 775
330 422
514 648
834 277
17 120
186 904
527 893
23 700
74 872
559 936
993 17
44 771
994 706
717 227
789 775
18 635
865 322
625 198
468 749
832 996
48 502
212 148
364 630
422 446
741 727
718 218
665 206
943 555
982 996
783 128
330 428
355 19
866 631
397 771
776 930
104 766
140 71
735 120
388 939
806 608
421 144
178 216
502 113
203 372
56 114
819 440
604 444
300 406
424 420
940 948
117 195
223 615
249 106
538 649
874 46
624 944
67 113
541 61
974 229
294 491
475 730
427 885
20 576
473 766
488 986
624 980
26 495
654 558
785 555
823 498
169 953
696 761
729 492
806 198
531 680
784 995
68 682
672 521
22 140
513 584
686 114
584 978
57 33
183 53
24 874
78 733
95 252
891 626
843 597
355 762
662 681
178 467
653 859
858 729
395 284
708 894
260 469
542 718
828 307
909 919
620 610
25 252
507 509
343 261
98 218
192 215
636 752
802 927
354 604
149 836
88 238
295 958
298 33
470 486
852 412
592 217
473 238
778 343
537 879
510 511
884 366
993 730
703 560
429 115
