1000 517995
2000
410 778
391 531
906 511
232 19
441 633
680 654
598 416
285 137
564 496
182 334
454 516
286 462
992 316
738 640
923 117
946 452
75 960
781 811
815 798
7 915
792 852
121 40
425 960
93 73
505 593
270 13
569 990
163 63
370 754
500 116
210 838
999 620
585 403
940 538
721 445
302 740
739 236
324 37
875 774
190 306
308 134
519 329
370 41
823 807
242 363
466 985
48 301
935 464
801 165
266 741
487 964
51 567
748 317
569 489
632 417
317 478
607 434
735 441
488 247
915 443
586 19
406 323
438 111
223 847
729 217
132 328
156 919
476 839
328 908
330 767
631 889
833 44
151 824
771 743
965 417
525 460
347 800
204 815
481 696
975 750
559 997
560 114
375 518
936 783
129 622
726 141
958 102
862 268
473 614
866 174
927 568
682 686
46 847
451 163
352 638
330 461
236 506
598 108
427 156
133 578
178 23
315 639
779 181
119 52
243 776
185 37
661 794
749 801
480 512
958 501
701 935
676 370
24 325
45 283
317 120
779 901
953 343
750 403
904 989
787 299
164 299
420 892
318 183
658 162
704 833
29 329
476 361
696 377
365 454
258 961
213 129
893 61
547 902
238 644
24 570
712 650
336 142
91 923
762 160
435 213
218 658
327 784
545 969
694 81
743 318
261 498
362 799
557 437
38 799
803 355
145 532
432 1
644 448
202 680
138 232
814 519
206 844
865 884
875 736
888 337
209 989
402 790
541 986
411 524
222 809
281 816
758 831
389 920
441 27
245 319
702 346
228 793
715 371
752 835
345 625
148 542
383 36
104 884
563 473
918 399
217 293
481 814
358 587
753 151
599 994
926 235
540 502
758 237
433 942
563 335
138 468
563 645
991 966
497 336
486 557
911 60
336 564
409 658
410 806
353 83
570 660
650 255
242 494
53 367
271 394
297 681
415 82
998 895
948 311
461 648
969 551
490 719
943 872
142 703
999 100
995 692
195 125
147 30
256 303
402 323
356 918
627 791
687 99
369 686
572 234
87 433
163 419
835 765
42 275
74 598
530 60
616 72
577 824
214 856
293 546
612 917
633 42
535 627
710 24
422 972
996 385
232 205
189 934
110 52
570 166
485 336
125 123
279 438
398 27
592 453
736 782
874 513
323 342
10 639
477 235
471 556
437 174
711 885
711 881
222 453
5 670
204 125
638 856
824 524
907 444
504 144
875 987
214 614
635 454
633 934
356 207
124 497
81 800
940 417
422 562
349 576
876 686
317 319
31 622
86 967
785 698
321 327
440 721
721 407
209 42
750 269
371 175
927 958
751 770
694 173
578 790
843 212
520 648
258 407
195 181
509 170
880 714
210 34
290 291
647 39
679 882
439 715
130 761
160 996
706 138
285 376
272 667
768 589
933 711
785 955
246 592
400 466
42 69
146 208
824 576
727 120
233 125
249 764
34 701
996 909
727 86
449 859
378 467
776 739
291 251
610 617
849 232
604 167
633 324
269 727
811 799
947 962
827 829
170 720
247 193
260 811
265 859
453 664
253 927
668 319
771 204
61 299
403 601
412 406
493 241
626 888
998 941
562 690
753 192
370 28
862 190
943 691
543 770
958 677
143 432
4 190
227 34
206 29
423 380
940 648
182 354
208 903
204 555
648 899
31 479
484 685
484 279
714 596
6 819
499 766
268 618
335 400
269 296
90 178
550 28
230 443
899 618
793 324
138 655
496 676
524 948
318 227
939 162
820 935
245 101
929 607
935 873
890 873
993 647
888 83
753 220
211 28
70 731
109 717
709 758
269 705
114 60
456 440
315 595
903 322
904 805
975 129
429 951
603 942
663 384
974 408
249 550
937 879
584 293
773 895
472 934
541 930
138 42
172 297
524 453
792 694
825 748
647 106
505 728
905 456
543 446
72 516
602 15
704 59
342 278
976 587
855 543
918 802
702 392
785 756
858 128
930 985
602 162
242 441
321 73
865 844
473 629
782 915
909 584
984 758
600 302
190 420
297 90
67 479
996 49
261 224
218 8
744 441
400 244
130 285
158 918
405 499
428 876
802 634
59 334
649 17
975 750
427 798
909 875
651 802
283 864
941 857
879 538
228 973
265 227
508 866
821 739
708 802
306 391
760 859
572 82
438 965
115 906
291 891
19 389
128 411
219 653
15 35
135 635
378 530
322 562
718 343
840 784
658 772
131 884
647 766
284 192
77 244
530 849
746 127
844 826
902 791
934 140
206 185
348 600
114 462
121 290
14 609
568 317
972 789
359 459
251 943
773 738
946 983
11 331
981 170
65 393
565 241
743 556
240 589
192 825
454 900
587 696
962 184
802 714
114 686
35 153
370 71
3 799
358 906
445 345
404 460
933 917
649 249
179 418
609 540
645 908
564 267
658 956
580 719
209 856
850 887
41 984
676 184
836 242
476 231
130 660
838 358
984 521
830 648
637 472
731 870
853 497
434 602
793 693
70 876
443 16
447 34
102 843
621 743
428 90
161 107
117 268
64 10
287 600
758 903
807 776
507 375
447 665
957 798
24 885
325 573
715 495
789 639
300 26
256 742
959 75
969 611
824 528
17 86
581 408
433 749
493 605
692 847
695 997
19 549
886 945
531 465
974 342
938 871
647 788
832 165
49 495
544 843
239 577
281 248
86 802
88 962
686 655
724 853
785 487
924 17
525 478
198 46
789 532
831 410
386 11
23 518
581 956
861 669
50 923
418 244
583 446
270 638
434 180
974 948
849 699
374 3
531 769
744 785
291 101
621 148
844 566
141 158
389 417
987 374
898 160
198 993
46 789
11 332
469 228
756 235
651 179
588 534
383 427
418 226
678 814
633 528
70 414
906 318
194 428
701 864
297 478
594 260
880 255
435 775
31 895
223 212
994 598
781 583
126 871
61 358
89 592
614 107
649 648
373 567
268 729
350 948
551 758
302 370
132 280
401 707
276 217
544 872
890 161
964 825
195 773
685 237
298 355
564 677
342 213
691 772
112 313
978 688
746 491
348 117
718 794
165 438
240 814
6 579
879 80
120 468
801 270
127 348
69 933
130 578
182 499
345 391
228 936
315 673
273 280
431 656
241 265
209 226
487 655
893 292
386 686
590 678
851 152
251 271
191 414
395 500
976 228
838 164
83 83
794 808
256 210
535 27
534 880
740 39
117 353
646 794
824 440
931 690
575 989
7 464
291 783
441 159
406 759
231 362
475 592
168 511
447 921
438 100
742 612
191 940
927 543
121 394
757 400
46 827
555 346
493 460
43 361
134 130
830 953
615 719
279 431
793 291
9 981
845 168
244 107
585 299
66 614
61 931
552 853
36 62
849 602
43 473
694 53
843 837
398 403
807 537
863 740
80 394
532 767
727 143
641 703
917 945
914 584
310 887
927 932
661 641
592 218
557 483
222 6
168 253
60 939
233 883
880 496
590 610
724 445
638 915
888 20
952 326
290 526
884 176
71 172
938 254
471 474
153 497
878 467
234 849
166 578
518 899
48 321
979 463
517 689
570 66
280 661
388 831
405 750
804 507
423 103
962 624
806 68
853 719
765 820
499 353
224 540
450 243
317 464
619 602
755 658
805 810
437 753
872 473
153 558
552 815
318 999
683 466
508 325
339 277
64 918
984 452
432 455
507 197
499 99
515 397
428 902
453 377
35 412
13 418
133 172
805 290
589 584
226 666
665 114
440 330
953 20
636 205
617 164
213 67
909 510
350 193
881 379
78 730
678 966
135 248
513 994
33 322
639 222
140 363
529 758
149 87
507 427
458 654
71 993
538 528
700 345
875 906
639 923
765 129
419 733
595 88
928 312
489 206
296 769
704 72
17 845
289 610
583 635
39 570
741 888
368 192
981 759
998 956
188 562
619 913
366 8
990 595
920 737
706 396
545 948
35 659
948 755
821 52
534 361
793 804
457 693
366 727
324 531
711 341
321 319
686 83
859 395
409 457
433 59
750 754
806 421
186 472
986 709
985 688
100 354
678 73
800 340
4 74
16 919
590 16
426 625
902 493
753 849
132 295
815 319
125 490
756 621
363 18
522 647
638 619
849 133
110 312
273 818
867 199
472 384
8 767
145 393
610 190
733 354
530 886
901 373
715 221
479 323
838 528
103 967
967 482
96 957
887 894
775 776
580 457
753 814
629 550
716 846
73 867
63 636
180 637
372 903
972 25
859 182
814 875
706 170
230 769
87 837
605 92
125 567
195 447
170 412
710 353
262 264
432 459
447 646
796 597
132 132
381 994
661 691
339 367
365 455
921 788
254 181
736 555
105 792
429 550
121 428
41 985
436 659
47 668
950 460
58 290
137 38
690 674
970 136
911 589
886 640
834 305
759 850
215 368
26 293
307 835
631 576
512 128
648 259
802 450
361 758
799 803
259 570
151 940
580 146
305 787
973 322
264 871
402 895
30 832
78 153
794 416
26 82
998 783
521 450
132 700
334 476
770 777
441 705
836 385
605 991
76 185
834 408
808 456
324 999
392 539
949 474
877 61
70 314
300 897
698 163
302 1000
231 423
689 195
324 302
670 860
344 26
327 297
241 455
79 13
376 725
650 355
222 175
261 236
512 499
131 803
25 706
412 334
550 371
513 772
883 611
61 480
628 516
32 725
716 419
433 39
111 798
961 899
980 756
141 880
143 408
440 208
665 732
994 244
963 710
740 762
882 441
269 84
429 199
247 960
106 184
663 230
582 445
561 932
137 940
284 451
377 898
730 868
557 481
101 857
730 804
161 867
508 597
979 14
928 367
575 440
981 270
491 47
823 790
338 457
514 231
424 354
822 923
75 347
432 978
170 394
120 404
567 351
673 439
769 412
36 189
868 734
78 68
540 687
310 760
491 874
756 776
992 353
158 157
427 525
617 113
629 221
720 695
786 10
714 575
521 934
399 72
513 521
355 872
18 338
734 664
358 582
408 581
390 770
695 607
159 132
415 862
466 471
952 979
959 287
218 558
635 84
987 793
957 303
797 339
87 310
380 413
817 914
890 56
547 212
537 91
793 832
713 313
658 468
847 884
718 795
948 948
807 17
548 560
399 999
30 555
622 999
874 98
924 391
565 916
773 687
60 219
993 972
432 39
109 375
73 490
58 162
565 331
59 629
111 718
306 687
414 363
399 199
477 975
419 693
2 730
505 223
129 635
864 881
371 786
905 126
511 658
589 379
376 629
812 999
698 95
953 940
512 663
914 560
440 974
116 43
322 196
237 831
813 610
190 216
58 508
480 186
213 729
86 919
676 960
297 576
626 484
531 491
260 877
324 550
843 383
745 999
291 274
46 315
281 738
326 743
666 410
412 977
256 61
276 702
401 396
994 890
56 558
825 739
884 895
965 429
654 582
116 693
983 927
961 447
201 896
414 813
202 956
251 544
344 145
527 830
229 201
408 600
228 480
940 78
808 234
637 214
981 844
268 555
681 408
745 85
562 291
564 441
924 660
799 487
114 36
293 35
613 917
240 975
192 803
851 161
949 961
523 832
368 72
258 735
102 652
526 11
718 662
181 850
367 2
542 335
28 880
946 10
434 39
205 791
137 133
797 208
961 49
471 356
450 801
180 566
419 932
9 665
280 493
274 589
994 297
486 502
279 210
52 434
848 448
540 978
609 854
698 447
86 388
404 560
871 169
546 343
278 931
775 320
724 589
747 190
967 758
789 273
336 886
244 134
78 870
808 383
444 454
367 589
242 714
164 447
174 234
261 786
304 548
294 444
649 119
269 156
409 985
724 753
644 819
264 890
433 541
702 983
467 429
666 886
176 499
41 650
478 583
824 798
265 270
686 758
87 489
950 801
799 136
611 888
47 71
865 839
124 671
939 275
148 992
418 800
893 999
931 899
443 391
142 958
726 139
19 89
243 54
776 64
44 270
647 479
769 380
879 279
718 499
438 796
27 395
794 260
460 468
223 5
130 884
720 304
51 108
117 304
608 954
122 650
415 32
539 668
239 142
218 67
661 919
146 596
609 619
944 143
220 891
100 998
395 256
451 395
54 569
364 820
666 519
649 139
942 720
909 868
406 900
284 338
936 258
392 750
748 115
975 772
463 25
915 598
222 356
920 674
777 130
670 750
875 207
236 682
274 929
874 897
913 107
998 939
540 469
761 370
664 385
196 19
714 515
456 655
332 975
830 409
367 164
37 104
910 984
33 906
557 755
950 341
832 991
628 141
536 29
489 43
452 51
222 816
53 940
939 221
354 543
576 441
1000 181
897 962
362 229
74 754
308 133
982 558
387 179
769 358
879 273
137 562
717 594
450 519
607 125
851 780
281 636
51 611
594 398
274 47
356 916
770 907
965 340
290 543
163 665
204 77
726 971
72 132
109 79
525 580
600 412
453 417
59 34
546 603
989 221
172 700
472 422
137 915
773 887
421 817
546 863
367 531
403 632
351 531
435 705
852 939
553 776
153 547
655 978
822 27
189 531
670 846
647 356
720 353
690 257
260 691
358 663
879 370
346 684
605 239
853 688
986 980
789 161
12 483
793 357
885 46
713 514
239 495
638 753
60 751
237 510
24 144
654 567
111 475
990 51
877 741
493 654
37 4
941 881
274 323
465 432
851 985
467 774
657 709
785 618
898 844
505 60
458 73
157 838
215 889
801 365
251 514
592 263
491 734
238 90
354 899
679 321
580 859
734 553
510 38
174 66
63 671
623 486
791 888
847 804
49 215
872 715
485 347
767 503
302 578
485 468
51 373
468 394
667 392
44 241
725 852
821 534
935 75
42 680
263 969
737 125
957 713
197 933
741 828
238 234
461 647
707 216
541 428
855 842
31 89
640 595
69 913
759 622
2 635
463 329
427 569
468 876
972 838
531 635
33 68
6 291
633 616
471 921
594 446
923 668
699 651
925 387
929 38
643 971
161 3
2 669
305 2
417 37
104 408
17 776
691 841
762 874
602 655
376 322
929 186
224 317
906 439
848 138
336 865
566 821
238 64
231 490
363 86
710 128
333 442
446 315
554 663
146 326
368 491
324 694
200 661
42 785
830 599
96 641
976 778
458 222
449 424
30 625
82 570
733 527
444 634
806 393
147 146
486 473
979 933
819 865
158 35
358 472
495 895
671 973
734 94
894 266
176 174
693 457
762 2
268 551
643 485
790 679
50 541
519 482
897 920
768 830
420 464
488 913
220 720
356 864
312 648
434 305
645 94
6 6
213 370
297 739
508 272
575 431
578 896
299 313
568 244
479 265
552 21
1000 803
876 18
463 680
276 168
939 262
468 744
11 420
202 874
617 212
865 447
1000 692
409 76
969 822
569 837
769 476
980 221
269 489
347 656
269 671
579 971
226 157
670 480
30 82
438 274
809 365
930 217
214 725
980 770
972 501
274 891
295 491
154 399
987 600
387 913
542 334
132 71
969 881
269 902
692 37
550 724
353 442
304 55
537 1
81 16
275 156
555 627
820 672
788 141
709 399
752 893
425 695
400 754
62 245
412 799
695 425
709 722
715 607
530 577
739 743
480 558
396 740
59 772
195 49
229 951
301 713
125 608
806 359
69 16
201 518
231 557
840 660
476 730
94 528
218 907
602 530
213 112
520 1
505 746
378 457
13 36
937 789
996 540
575 434
561 314
740 862
981 150
888 259
708 828
103 223
884 380
236 312
273 278
364 434
220 80
75 406
357 505
557 375
44 499
221 947
535 747
466 147
358 695
641 235
354 763
235 867
976 241
470 589
75 874
733 1000
1 43
559 834
333 113
562 837
788 979
701 660
185 857
625 513
66 826
766 82
387 516
905 942
809 746
868 953
238 530
544 609
849 334
754 897
251 74
365 303
771 324
461 100
950 929
759 478
616 598
983 993
408 864
116 73
581 693
974 892
55 451
979 664
898 788
755 154
369 266
920 549
799 4
902 49
383 822
339 897
759 724
203 512
99 274
444 67
212 851
831 126
259 164
63 496
240 237
240 57
765 311
69 242
838 958
365 250
356 806
734 620
696 939
407 10
955 181
647 548
402 820
61 453
778 714
300 19
342 376
808 378
814 603
972 157
229 60
83 57
503 737
437 600
388 714
517 760
798 160
777 817
603 593
243 430
479 38
772 440
107 772
26 964
45 282
188 795
382 590
556 744
178 593
930 494
806 922
118 218
593 470
434 437
238 42
544 398
45 586
761 979
331 878
461 524
150 410
229 336
982 315
359 164
140 407
881 261
228 937
765 101
376 645
694 35
173 30
181 602
398 24
687 660
742 654
922 2
899 832
227 84
289 541
409 835
786 497
72 308
898 863
687 283
934 732
901 254
528 469
374 122
592 352
543 4
823 582
310 688
835 21
913 480
241 981
722 402
138 440
240 365
609 188
780 399
322 7
825 714
33 521
9 809
220 922
327 778
580 471
196 121
464 580
575 122
896 127
942 542
822 303
326 249
196 220
880 922
26 911
807 701
873 796
858 44
400 627
190 558
246 439
19 33
281 723
433 627
827 917
459 129
119 758
295 343
408 776
738 351
984 156
941 55
891 725
430 33
971 24
537 164
723 736
391 713
863 430
716 596
37 537
358 168
355 511
661 583
125 402
697 400
675 11
718 14
439 307
594 398
574 672
14 835
588 500
677 58
643 60
4 492
831 953
31 355
794 694
443 751
873 855
709 840
490 56
208 489
369 763
811 578
515 991
33 11
489 121
363 422
48 896
134 860
23 29
189 944
998 786
260 939
567 186
915 566
538 913
10 966
667 596
931 127
719 682
217 16
223 213
927 509
822 575
788 446
553 744
62 787
284 849
575 948
948 250
723 330
729 418
657 121
328 523
545 764
616 742
34 397
11 621
615 868
914 764
61 676
991 792
414 161
784 905
766 196
950 231
363 734
553 86
264 520
472 107
727 479
88 662
964 402
837 969
735 618
163 525
416 435
542 6
413 885
566 744
716 122
277 881
613 148
797 198
711 700
55 138
580 485
714 191
342 56
754 763
634 484
664 395
748 692
49 13
549 534
185 885
656 828
515 777
249 401
832 884
617 386
375 474
124 708
299 673
391 349
338 209
