1000 525654
2000
299 597
761 788
571 915
192 552
207 135
684 633
642 761
348 123
66 634
752 561
126 794
331 914
327 864
529 262
96 761
860 730
678 34
813 442
593 648
909 391
680 952
553 983
255 599
701 248
852 74
73 286
129 747
829 898
115 246
870 688
646 359
539 830
820 500
904 803
32 757
8 993
571 628
394 870
93 180
757 533
300 379
162 854
125 23
490 525
771 247
705 820
882 189
638 768
792 698
480 439
101 91
768 920
841 961
240 547
311 790
316 410
429 294
636 635
374 860
420 425
802 218
950 835
842 229
138 562
315 156
904 919
617 301
791 785
740 925
924 229
362 629
837 897
187 808
151 838
986 482
508 47
306 891
700 162
873 321
691 923
959 56
808 942
642 760
400 268
297 348
15 443
150 167
430 495
255 511
482 173
934 662
989 989
506 495
234 234
651 486
686 280
420 835
665 962
257 461
123 818
311 286
435 696
895 175
935 819
227 142
742 565
251 799
61 23
452 143
122 621
641 42
115 217
262 849
477 773
623 701
67 17
779 378
422 271
292 995
924 162
263 89
345 141
584 546
604 570
40 346
317 301
523 64
544 10
576 851
502 345
647 779
599 720
272 915
235 517
741 305
765 50
75 910
214 340
565 821
732 725
947 418
699 327
848 997
910 757
9 619
619 411
769 422
845 515
539 126
337 35
754 37
149 596
276 146
717 605
610 285
251 693
984 862
715 727
655 438
94 40
739 322
692 884
276 419
780 652
454 247
698 984
464 77
590 901
76 366
412 886
610 10
644 775
372 185
251 264
414 552
788 219
340 945
995 123
996 799
355 889
738 718
964 192
409 186
437 636
284 903
255 43
967 271
250 67
704 568
189 777
175 353
5 934
262 739
13 200
257 443
893 647
462 178
714 566
99 682
923 322
952 996
603 28
918 669
422 340
13 449
751 218
441 126
172 804
139 14
822 805
906 85
183 999
157 435
115 252
649 807
480 473
71 539
24 1000
448 635
76 585
212 621
9 542
208 18
607 892
918 342
968 414
471 699
933 299
794 12
571 560
209 935
979 627
985 344
135 935
100 825
564 711
687 288
361 489
987 298
778 128
340 744
234 14
967 87
884 336
649 723
624 920
978 379
503 823
225 640
103 3
672 555
467 882
144 349
365 849
184 591
24 139
331 983
946 14
179 819
680 785
421 834
387 832
537 175
612 386
136 442
520 544
95 208
199 711
181 364
844 534
759 553
436 434
929 673
574 96
871 407
351 261
245 937
280 703
167 841
270 337
65 674
639 483
748 47
188 668
774 471
580 192
690 527
521 566
501 606
8 574
242 603
19 209
15 27
793 208
728 689
707 313
636 622
473 590
71 737
426 568
721 650
775 968
531 854
452 326
100 766
236 58
337 284
593 727
893 399
747 249
998 349
748 751
650 740
709 769
794 121
683 718
917 622
214 284
421 630
619 19
992 30
559 393
833 738
149 182
279 568
617 895
108 452
181 549
159 479
986 960
866 226
81 776
676 200
739 959
237 126
517 117
996 266
673 280
676 377
436 566
576 464
793 245
73 286
309 878
721 937
815 942
396 177
141 329
130 672
670 780
40 120
29 750
305 301
764 890
689 514
507 85
869 344
368 683
456 656
420 5
362 960
648 181
618 990
389 840
231 921
631 613
711 337
449 731
567 660
795 42
495 810
440 938
250 302
808 367
648 656
511 549
206 528
417 19
242 159
313 478
858 998
996 403
192 920
320 452
861 109
634 442
836 706
924 148
893 371
944 971
182 243
615 141
262 744
876 666
362 36
292 676
384 844
507 561
511 496
831 423
123 549
399 542
55 201
954 596
31 908
606 154
545 972
976 163
16 448
397 272
99 656
503 976
753 549
155 352
809 805
170 489
189 78
536 715
859 37
51 18
106 571
896 546
580 644
12 936
129 255
177 189
87 984
21 723
236 171
630 194
339 393
995 210
116 75
123 765
705 429
557 66
469 147
869 183
59 771
281 216
102 985
653 341
960 466
425 485
222 604
622 81
951 909
77 450
383 661
773 374
360 732
817 95
852 171
137 82
608 612
828 88
5 164
353 947
853 871
66 941
650 464
20 715
556 484
545 276
869 222
378 924
221 905
410 423
858 270
896 164
437 251
273 663
617 222
756 626
636 741
987 824
768 956
631 247
433 895
829 830
53 521
644 29
607 686
907 372
44 234
251 359
125 442
737 738
544 609
9 942
791 33
333 317
619 905
258 703
601 496
132 910
296 12
212 306
578 609
490 927
679 197
207 66
809 557
447 802
975 242
910 152
305 972
369 822
134 101
206 386
22 951
677 174
137 162
945 900
507 653
156 166
195 827
693 648
34 757
948 551
800 125
261 329
265 960
501 908
969 922
962 788
643 842
928 882
38 92
746 616
486 580
319 521
839 393
127 544
109 562
468 492
533 263
390 166
774 93
193 860
827 671
876 536
848 720
144 132
556 443
414 259
446 53
684 988
984 844
960 668
24 540
285 620
59 461
215 433
941 576
972 361
859 272
209 877
693 796
676 765
813 720
901 998
927 224
930 90
822 329
330 194
83 963
479 110
745 1000
908 213
730 336
478 373
867 993
745 963
131 102
658 879
1 887
19 108
439 312
787 59
979 406
454 739
737 364
629 281
206 521
317 141
811 812
272 722
660 692
319 225
278 74
372 170
567 621
326 66
362 870
383 639
641 43
746 855
359 773
730 412
467 122
854 564
676 228
399 94
202 294
959 910
805 600
33 531
744 262
372 635
966 290
862 555
791 295
585 946
333 622
451 279
865 625
271 612
633 543
513 860
43 828
616 415
163 842
766 101
960 384
477 672
324 772
538 375
206 240
356 874
531 445
780 337
674 217
906 310
43 221
276 771
785 349
505 962
67 69
68 775
872 110
16 179
95 722
396 466
326 277
754 907
20 413
923 555
893 724
110 149
105 922
73 121
849 746
52 6
360 814
736 672
418 154
52 802
576 73
141 652
973 945
85 801
705 673
530 394
349 523
454 971
155 786
390 837
993 627
500 833
15 726
879 275
208 751
313 878
234 46
72 957
397 992
75 666
918 563
153 399
248 155
396 420
764 734
216 49
385 589
510 387
797 228
945 75
567 489
267 648
240 495
571 597
396 712
162 639
917 59
344 36
476 133
872 215
124 490
209 3
980 952
986 29
501 703
853 183
634 373
758 719
429 648
533 126
394 149
68 813
584 195
220 882
855 696
840 131
444 785
617 936
308 411
467 640
780 288
552 539
882 204
8 628
208 343
933 848
412 681
932 876
689 667
377 451
974 423
333 69
979 702
389 496
882 477
656 419
384 892
638 442
788 163
81 705
705 664
7 88
118 673
525 971
220 487
56 841
646 816
561 102
929 642
55 362
566 264
521 859
92 528
729 82
144 405
816 942
624 762
23 315
652 198
165 942
958 84
449 261
972 145
249 441
957 581
967 4
198 854
396 968
846 261
675 944
543 816
750 395
629 317
28 864
246 407
324 142
806 62
888 731
951 238
297 308
735 364
54 677
590 222
373 130
339 137
7 557
41 422
740 785
420 21
59 825
440 61
985 218
100 121
372 395
120 329
101 535
333 327
954 344
738 485
523 807
150 841
418 458
698 94
833 431
400 833
451 618
166 257
650 476
833 854
481 672
368 165
76 804
694 163
928 860
903 824
736 961
194 404
498 492
795 212
791 72
647 238
627 798
666 22
584 319
120 208
824 741
31 557
664 470
596 695
7 831
333 414
622 662
136 432
630 589
509 363
723 570
847 159
727 828
938 798
734 512
19 775
434 836
302 236
302 589
736 329
862 351
104 44
179 655
814 652
296 571
925 935
414 561
760 191
536 527
461 374
673 309
685 460
629 889
338 605
304 911
899 986
215 29
802 103
203 607
212 417
607 413
16 449
425 544
456 374
243 791
54 872
761 437
694 468
447 505
965 367
187 488
745 430
920 556
483 762
286 21
973 961
628 696
889 557
209 69
103 836
126 277
219 657
3 787
54 12
128 615
582 646
509 428
14 880
459 828
401 595
1000 798
98 576
619 416
303 878
756 559
271 128
111 448
531 41
151 914
124 501
172 635
440 546
967 355
929 524
600 236
412 369
649 652
344 126
170 971
258 245
6 321
791 291
585 881
207 469
511 322
606 885
605 189
329 94
304 354
816 968
283 894
14 702
681 843
84 393
673 673
806 307
436 822
591 324
160 236
924 131
41 459
544 722
280 276
705 870
441 943
894 22
404 599
177 369
194 154
904 787
561 658
507 987
994 62
651 304
690 565
72 771
151 7
611 116
489 842
999 127
858 295
998 907
329 39
560 999
382 952
43 575
208 244
658 518
916 287
841 261
751 327
698 306
741 109
279 208
989 147
705 386
632 715
721 369
733 163
559 361
66 350
46 995
511 741
526 964
159 278
530 318
592 680
285 374
997 861
735 970
408 318
100 542
503 524
114 271
111 26
198 623
673 449
657 309
456 664
411 819
616 8
8 474
476 167
395 562
659 539
800 913
14 414
716 570
135 908
490 801
155 823
831 956
223 476
490 703
888 378
869 888
471 405
997 751
50 476
22 655
294 278
454 375
411 24
489 652
951 396
249 221
564 859
908 688
485 50
881 7
913 871
15 803
757 893
171 693
367 909
911 387
962 492
114 188
577 761
547 357
760 475
884 683
350 980
91 819
817 930
787 849
93 160
799 377
344 853
622 187
90 751
592 89
177 555
273 150
920 762
34 942
544 282
553 219
50 515
433 231
609 611
383 268
718 141
598 337
328 292
595 12
613 122
519 185
532 438
156 863
714 701
700 851
941 669
270 603
971 885
683 745
319 355
397 69
361 327
832 259
487 350
134 906
225 407
522 155
887 526
210 37
425 294
499 343
672 172
866 18
743 370
816 259
835 884
36 302
14 206
245 626
552 526
967 704
480 426
521 506
267 149
870 829
988 900
297 752
197 346
721 853
980 630
278 347
220 674
695 897
337 498
446 544
659 910
557 387
100 356
463 247
486 633
82 300
661 591
984 215
799 743
324 15
420 104
338 298
355 366
491 902
620 957
82 862
265 971
327 19
520 478
126 84
539 670
123 818
458 300
556 12
612 635
308 670
716 378
542 647
495 118
727 375
58 938
392 330
44 125
960 607
45 589
197 945
688 540
29 490
81 281
474 245
321 287
168 609
247 121
145 986
378 434
312 471
401 643
929 153
527 74
749 129
695 274
600 241
725 891
422 634
910 438
155 315
714 852
969 252
740 923
889 986
210 784
304 649
99 796
497 933
665 159
365 67
33 375
854 854
91 196
719 326
220 199
459 698
274 365
88 351
353 153
61 606
503 410
137 977
101 245
559 643
12 294
224 661
20 885
82 247
899 130
418 966
166 270
882 900
464 536
669 151
90 149
499 987
147 47
799 606
368 186
28 627
195 510
680 317
691 126
491 715
155 74
944 467
399 744
467 693
607 101
945 968
730 587
897 560
716 927
557 880
291 91
418 80
37 802
452 502
363 721
785 920
446 440
463 692
954 618
179 931
430 591
971 238
490 582
686 197
249 315
561 495
837 91
445 671
204 53
117 181
766 262
543 851
180 150
106 969
296 349
280 992
315 810
258 221
663 238
398 855
324 255
464 920
342 163
931 982
25 954
197 555
125 251
933 680
937 921
909 480
789 501
942 513
194 177
321 655
288 616
747 722
66 11
250 52
581 568
236 426
588 587
13 747
798 562
945 845
847 808
251 607
907 248
239 690
955 906
285 91
736 245
847 979
830 316
285 544
283 935
924 497
116 683
184 760
217 853
152 617
12 837
584 352
361 358
231 98
580 51
975 570
51 906
455 773
859 599
314 115
563 622
775 117
606 631
169 396
302 246
905 18
478 578
901 261
610 779
974 745
705 808
527 769
991 440
187 489
992 18
499 718
108 750
612 324
162 460
562 631
324 572
525 23
205 504
568 822
693 135
245 974
378 488
610 540
439 15
483 768
244 352
283 539
547 828
213 401
695 31
346 328
271 780
227 639
111 162
993 15
275 744
637 481
452 125
579 647
756 820
2 390
139 592
553 392
73 531
81 858
999 132
314 990
773 270
882 417
190 64
206 439
342 101
195 274
730 198
607 752
946 155
191 624
485 825
520 628
637 729
340 708
820 567
861 763
776 435
748 746
481 428
703 750
445 820
786 299
132 273
580 786
674 434
828 795
820 181
456 588
675 865
436 476
127 605
602 9
951 333
110 578
607 37
620 706
334 924
928 314
137 354
900 93
146 595
670 779
274 651
227 117
830 891
816 662
325 88
393 628
805 975
3 5
527 955
808 325
516 136
873 970
374 460
814 681
265 633
866 88
685 351
620 181
775 686
135 978
32 369
378 545
434 847
254 713
745 768
768 849
732 421
293 467
415 812
57 50
879 195
381 449
752 557
699 485
639 461
934 523
817 634
787 922
30 539
269 973
514 761
714 580
101 738
929 979
394 455
780 235
98 618
116 255
744 72
947 964
374 272
18 431
950 818
214 633
808 577
729 894
807 767
129 25
156 929
388 305
533 654
384 952
332 638
382 544
854 877
971 691
583 546
219 715
656 281
694 51
693 609
684 69
844 608
766 410
293 651
122 366
954 827
595 984
415 820
704 168
97 229
593 836
156 868
789 242
71 667
821 372
574 944
835 876
303 30
940 976
33 919
860 642
175 922
452 27
682 215
399 654
125 408
563 484
295 371
825 443
378 818
406 235
372 756
505 517
22 546
597 481
543 705
186 693
686 4
440 1
534 54
616 388
55 125
290 265
665 899
659 933
576 106
959 593
480 438
677 438
545 953
845 368
32 403
207 799
655 865
974 777
939 692
867 353
624 211
358 630
839 815
497 853
623 48
700 576
808 207
335 490
522 5
665 622
445 315
33 654
353 104
793 993
931 642
924 797
720 568
944 208
607 587
98 786
468 176
791 677
307 764
936 992
594 668
429 387
645 956
42 793
242 124
913 627
601 584
590 323
684 883
257 503
382 140
476 221
368 914
538 328
568 757
634 556
900 999
444 395
117 191
255 557
590 518
620 469
217 894
372 875
748 574
875 429
249 894
484 15
187 755
373 545
484 629
285 791
189 993
508 606
840 205
109 517
148 991
935 538
526 950
310 226
415 672
94 512
234 83
501 736
940 326
392 400
90 487
878 427
219 90
694 626
915 981
250 91
952 441
556 7
642 307
892 539
542 7
769 10
377 238
927 320
125 590
852 881
684 827
723 466
403 356
866 735
953 2
894 276
88 327
243 842
292 891
1000 372
742 729
897 877
435 569
142 696
728 591
812 53
859 226
310 856
685 840
4 47
306 9
573 148
875 674
377 859
855 483
651 555
658 725
137 827
423 798
999 382
646 562
866 201
795 944
944 759
483 929
519 779
777 172
375 468
75 865
795 303
871 144
59 202
340 133
626 626
753 38
381 689
611 829
911 699
576 738
227 775
461 266
66 430
266 436
492 811
658 912
883 640
989 517
913 823
455 910
130 1
814 226
983 551
526 389
592 57
116 879
11 618
778 770
811 601
165 759
102 525
897 68
187 880
688 5
301 686
142 850
409 213
36 21
168 636
285 336
544 346
695 608
857 520
699 116
783 253
371 75
626 698
370 819
544 569
814 277
426 839
293 760
321 594
955 162
989 27
515 587
622 546
515 272
318 559
323 84
632 875
340 440
624 557
559 28
33 132
309 796
650 542
569 258
311 834
401 939
515 942
421 972
846 242
499 144
749 372
289 259
682 955
678 38
197 787
225 528
883 987
548 886
210 393
559 725
29 48
293 19
462 460
574 916
50 259
73 188
900 108
874 518
97 548
145 326
628 209
646 335
214 199
1000 203
327 453
114 569
582 558
922 418
755 168
67 323
757 716
516 809
817 124
726 811
698 805
902 574
819 742
830 286
839 288
451 622
391 287
351 117
907 610
276 551
379 761
534 122
525 602
352 278
321 121
842 759
5 566
591 835
817 803
761 239
227 245
595 516
832 329
768 900
579 923
101 911
962 574
734 138
628 577
595 703
650 896
641 158
766 863
677 406
325 607
230 713
708 707
519 575
28 849
723 293
733 94
584 689
954 775
894 62
717 853
483 436
755 313
621 398
907 909
955 123
686 245
57 75
760 667
906 196
738 138
919 409
368 851
795 810
352 556
532 225
97 843
714 646
119 454
641 629
150 464
216 337
970 176
886 264
730 366
990 27
846 314
994 377
966 470
245 503
458 116
852 229
978 902
364 279
302 340
395 192
711 186
7 725
951 797
431 569
766 235
105 77
533 752
129 167
852 552
250 829
441 827
836 918
919 622
61 489
452 220
314 122
47 263
993 326
837 838
627 816
702 958
462 888
130 395
883 894
528 961
945 485
383 760
469 99
238 568
543 286
337 996
243 529
964 134
356 675
178 577
976 526
321 449
603 710
769 10
499 638
15 474
248 740
576 234
379 489
99 318
792 129
877 56
577 892
504 90
27 906
430 625
649 556
936 570
867 584
198 879
725 22
647 303
305 171
699 861
566 48
860 259
456 717
532 301
975 348
554 568
464 625
368 548
501 870
927 934
603 9
809 206
311 104
780 753
536 122
699 509
336 28
578 183
449 225
811 781
629 892
826 730
43 578
231 582
468 155
533 607
48 307
204 844
176 131
133 63
669 630
623 54
929 487
6 633
776 299
339 497
187 467
616 314
785 364
53 476
180 547
868 483
836 219
667 152
224 863
342 715
601 768
446 842
662 34
420 185
434 221
160 243
462 826
371 807
503 474
379 292
22 483
792 911
534 675
382 705
617 148
739 78
59 46
747 684
524 884
820 675
251 602
82 891
929 879
52 798
35 583
532 873
741 124
738 58
892 691
165 679
366 952
787 164
981 214
367 884
839 876
725 588
155 705
968 499
547 815
757 582
614 295
833 99
12 5
811 697
711 832
763 105
615 457
971 516
34 111
897 953
758 800
444 855
733 95
991 14
769 661
197 392
857 143
540 475
697 400
697 860
162 689
188 19
767 922
653 455
526 35
