1000 511629
2000
474 226
816 993
565 348
711 730
30 356
137 479
993 1
678 563
194 869
684 964
52 684
341 699
577 120
152 618
293 706
60 426
865 133
989 711
496 64
692 318
832 853
170 196
140 10
694 489
716 287
841 728
118 598
210 155
812 952
939 307
169 929
552 667
524 994
859 420
398 606
350 174
939 457
44 608
71 431
262 434
38 381
938 648
409 977
844 836
903 614
408 261
140 273
300 465
284 393
396 918
162 231
356 209
641 28
597 330
606 832
864 467
610 820
842 749
773 696
242 476
763 596
630 79
977 161
603 373
675 441
78 678
33 988
338 951
26 195
236 608
118 162
570 353
387 975
995 574
537 118
864 56
614 728
162 216
406 996
42 65
222 531
196 153
376 414
971 749
709 681
127 650
749 475
277 485
686 757
330 341
251 601
878 3
488 925
907 802
523 610
411 164
777 657
801 907
580 137
9 867
468 566
777 46
169 942
351 904
325 141
317 172
852 757
292 141
433 594
839 164
879 806
530 940
93 105
913 607
583 502
453 377
865 260
208 987
909 997
321 189
29 495
374 162
704 543
156 305
749 475
567 923
711 630
191 680
799 757
835 178
319 275
145 743
692 247
529 129
77 801
648 977
432 485
774 835
677 187
50 464
99 753
17 728
822 346
71 730
174 201
401 577
471 204
681 274
429 319
457 324
198 861
116 102
7 212
232 143
534 207
198 129
892 514
644 470
201 130
141 172
856 849
91 616
629 244
608 512
620 446
53 905
322 653
668 796
606 362
200 46
220 93
706 221
67 798
376 975
677 845
322 578
125 39
835 202
36 649
838 648
959 682
453 200
994 183
646 398
842 842
789 567
760 673
785 284
196 315
183 238
435 984
190 443
762 86
233 581
352 228
695 50
266 453
708 167
573 954
679 742
572 750
680 537
958 810
436 430
699 781
726 524
469 770
694 418
897 457
294 146
125 259
641 196
12 879
632 782
456 529
874 277
590 595
814 829
403 620
773 152
720 508
569 159
272 324
388 9
103 545
678 88
621 872
690 64
58 260
83 629
659 765
478 35
567 701
636 465
435 486
246 497
813 863
207 483
883 916
430 164
864 433
421 160
435 552
221 72
913 494
28 287
882 933
829 89
266 213
561 446
836 389
229 636
475 76
218 390
411 284
905 96
197 541
543 862
358 203
102 299
49 103
282 613
578 959
420 950
633 669
527 966
753 921
150 558
239 321
677 778
711 516
623 6
14 850
334 605
267 107
138 412
94 839
64 342
89 519
969 970
316 836
506 903
938 263
938 548
944 194
748 58
866 289
553 737
340 887
46 459
110 768
790 730
525 882
89 771
316 580
600 824
980 720
426 820
172 104
813 825
768 616
369 512
806 14
751 381
605 421
561 729
635 287
55 254
948 239
300 905
897 918
610 105
304 581
488 17
146 483
343 695
695 398
467 782
971 371
855 913
499 926
146 747
47 652
200 407
352 882
18 890
80 392
341 50
910 557
842 38
199 897
128 862
965 716
994 880
258 813
354 985
7 412
244 503
265 338
809 994
841 264
530 888
198 929
273 301
157 231
320 851
494 129
827 404
617 349
109 201
158 826
738 616
298 96
682 291
487 397
327 587
504 839
446 781
525 779
773 373
6 643
397 30
525 24
677 472
16 2
865 896
162 693
189 875
148 187
469 416
158 928
819 433
519 300
968 294
280 954
418 500
746 72
519 212
269 237
269 109
894 812
17 858
277 200
726 870
349 767
593 578
480 865
927 442
996 234
573 825
774 124
191 84
424 763
850 62
61 932
720 938
561 112
517 522
290 916
575 927
275 21
620 335
95 43
428 67
541 547
83 31
183 511
808 879
991 185
432 473
989 276
705 444
295 909
804 369
208 241
987 448
888 907
516 749
147 589
870 190
682 624
341 438
606 359
533 690
729 889
409 253
741 186
960 529
336 824
408 803
974 419
662 129
217 8
244 849
806 621
319 284
98 226
250 504
927 286
140 778
667 26
480 828
154 67
427 688
404 909
254 184
787 170
670 730
602 903
378 764
173 656
116 340
282 818
630 968
237 88
433 720
974 546
591 315
290 273
859 249
86 971
480 437
349 760
802 593
773 743
711 812
880 45
716 298
385 228
95 649
873 864
710 860
122 296
783 442
910 179
491 177
902 926
222 321
748 842
616 8
777 606
656 715
671 602
308 218
363 399
344 22
758 451
939 120
47 786
989 286
847 892
716 889
865 262
242 97
749 976
604 972
252 696
106 485
451 876
724 368
845 102
209 311
107 433
821 116
983 232
888 41
649 832
408 140
633 154
899 340
314 894
113 104
285 919
586 31
529 517
775 9
103 517
167 432
435 407
975 945
190 703
634 95
974 919
759 47
686 888
737 716
991 213
12 556
300 906
375 861
898 525
445 190
67 869
493 197
451 365
383 328
512 635
711 210
916 514
175 396
182 382
874 535
292 939
678 454
609 640
136 987
330 794
298 964
54 506
294 295
301 489
517 716
689 220
684 213
792 486
130 65
874 239
10 453
901 892
609 12
122 570
505 669
264 537
877 903
223 378
569 35
615 830
298 845
196 322
699 521
852 288
912 403
794 780
170 623
366 587
112 226
884 34
364 106
808 990
217 475
44 52
205 10
408 5
232 941
386 476
834 135
348 294
572 613
666 369
311 479
282 753
619 141
783 325
210 284
995 389
372 731
833 592
526 353
392 877
771 459
528 738
631 555
749 684
68 913
285 176
193 221
410 545
257 887
355 550
36 691
259 202
664 949
766 488
665 130
49 894
106 771
483 263
193 825
512 548
941 992
194 145
513 112
788 991
374 451
768 201
474 79
905 702
171 23
758 797
862 672
549 695
350 277
685 917
884 56
375 205
930 80
330 904
319 189
647 546
929 420
854 608
554 964
365 814
42 175
350 190
444 822
977 82
697 491
522 597
97 800
71 399
223 181
379 530
93 333
210 407
297 310
28 112
20 754
365 734
487 918
484 931
917 227
551 198
788 970
898 937
720 432
976 953
991 777
846 247
234 814
333 679
882 292
919 411
148 247
656 56
394 390
770 321
257 562
105 777
695 911
654 846
377 552
381 358
52 389
345 289
302 83
309 417
583 147
758 316
819 495
217 175
198 877
39 550
855 732
745 679
174 863
72 182
259 458
166 922
111 837
15 69
808 888
572 564
889 606
397 503
453 817
441 195
321 27
688 964
727 244
980 350
770 617
151 343
475 156
358 819
432 51
438 647
281 308
306 789
459 247
796 614
956 786
360 419
245 825
966 832
724 885
539 374
423 458
552 248
257 423
951 564
136 896
474 751
612 413
525 990
63 144
245 131
336 831
133 912
546 194
794 351
496 990
259 733
287 5
523 99
940 997
521 646
522 136
244 880
999 202
895 981
22 963
454 930
959 769
897 912
156 971
949 724
130 308
105 444
77 454
176 571
361 986
141 759
83 585
428 955
674 218
32 828
359 891
303 977
542 966
397 22
759 120
104 71
288 201
411 539
263 477
704 524
482 331
714 251
127 291
97 337
146 73
225 299
889 317
274 146
272 902
977 302
475 504
851 303
339 239
248 354
669 110
856 433
522 657
773 763
655 399
837 787
723 849
948 459
786 896
979 869
716 922
725 284
302 381
562 338
425 954
747 7
945 823
534 643
708 629
781 347
168 387
970 823
40 500
85 421
113 477
403 280
573 530
873 569
707 599
461 75
724 127
347 167
473 216
299 315
32 903
317 845
246 604
279 735
256 403
742 913
42 117
997 278
963 24
414 799
491 583
930 339
224 269
297 360
484 962
196 314
345 401
343 751
947 8
543 565
723 12
468 961
470 282
271 59
73 234
84 279
667 299
356 748
381 88
995 526
980 936
393 685
494 966
104 136
979 449
937 912
987 850
71 540
449 8
283 773
867 892
996 654
296 481
810 580
940 14
452 88
164 462
155 737
543 576
248 597
362 269
683 567
403 423
314 63
346 188
486 230
738 596
105 362
528 124
169 727
261 467
979 987
945 109
136 269
710 19
626 610
721 695
202 670
280 700
739 384
475 771
161 646
159 691
594 992
261 783
976 728
395 230
909 873
391 947
660 216
861 963
192 772
583 45
22 987
349 517
999 346
126 6
328 193
396 427
197 297
107 115
978 751
762 223
755 312
295 974
343 825
235 386
885 248
120 350
34 798
352 348
49 225
100 322
207 133
202 822
387 484
516 486
486 610
492 522
408 65
774 971
603 659
822 844
323 613
866 100
480 986
636 421
60 575
385 17
163 861
299 469
962 403
328 347
574 849
481 513
525 956
926 463
135 707
17 642
932 871
36 177
39 874
741 435
230 690
703 292
275 188
277 933
927 286
62 142
290 715
576 380
666 305
927 812
280 664
469 196
832 771
283 764
508 190
898 642
110 886
453 82
681 769
20 186
516 36
628 330
760 208
493 918
756 802
36 389
262 656
781 765
929 792
168 172
915 307
533 172
406 728
425 405
404 867
697 950
220 245
696 34
309 71
896 920
477 532
231 871
943 360
783 814
337 859
673 81
318 485
24 278
852 934
167 569
479 630
981 882
137 33
806 588
108 990
971 487
69 548
9 691
411 325
540 636
766 978
214 119
338 734
225 916
20 253
22 418
342 145
432 987
815 357
926 383
113 272
169 16
664 426
23 826
53 988
508 424
796 659
520 410
431 673
182 481
503 723
872 755
427 653
448 752
695 241
568 760
559 725
166 103
528 194
665 734
817 251
93 218
38 843
404 573
757 681
385 905
735 837
396 39
14 792
949 673
699 419
725 114
106 742
936 96
807 334
884 921
776 388
979 620
14 885
703 359
63 515
994 917
862 448
758 195
398 341
97 559
55 243
410 646
408 216
877 428
766 604
247 766
976 71
358 852
567 206
920 263
202 303
370 285
287 971
802 338
103 849
409 490
937 561
680 54
12 336
895 558
451 629
376 462
46 59
659 341
138 738
678 671
374 604
606 20
629 42
93 518
339 645
941 472
389 428
839 932
551 884
210 753
640 376
453 690
799 87
90 170
633 792
799 66
517 322
777 808
494 518
156 510
191 932
415 175
281 727
707 899
828 912
65 501
47 741
263 358
946 124
705 643
905 184
790 160
264 768
155 637
13 688
894 544
705 757
646 132
445 198
948 842
363 463
799 582
402 155
635 222
783 781
990 695
920 132
482 425
252 296
381 356
352 451
571 198
958 114
318 428
346 745
559 978
206 718
866 35
38 19
628 344
512 922
949 486
539 796
771 448
717 822
620 98
720 112
770 695
932 993
663 604
531 443
843 818
496 207
423 526
728 346
768 227
762 557
227 657
489 6
915 444
924 240
429 176
848 871
36 346
613 169
263 449
49 231
675 677
270 490
683 984
934 182
334 726
857 188
751 276
82 73
407 365
763 485
253 76
597 655
96 906
169 564
756 488
306 973
719 213
986 789
30 233
922 913
902 749
977 986
737 923
276 916
737 971
946 934
803 272
314 150
989 603
1000 787
182 992
732 76
665 950
52 703
849 132
736 461
47 123
4 588
73 732
761 640
396 23
257 394
184 471
437 149
670 879
672 979
727 796
234 196
121 870
610 958
498 659
508 960
670 419
922 621
100 91
832 156
234 282
212 493
83 44
801 950
575 62
316 225
980 234
943 391
880 432
505 420
620 286
456 872
123 928
306 170
191 463
691 739
787 605
700 453
685 937
28 837
304 754
263 847
564 442
96 667
499 91
118 233
387 526
46 714
590 853
168 444
926 702
659 315
355 387
512 105
449 260
457 961
296 805
901 163
92 728
65 959
116 427
63 802
741 173
575 404
454 681
736 985
446 962
327 653
691 403
945 170
649 746
305 467
793 891
224 53
807 607
597 999
906 839
891 851
812 532
737 163
459 429
569 211
726 151
924 887
243 831
440 983
504 1000
66 997
689 263
71 486
977 752
214 533
158 555
909 491
330 460
334 276
115 983
168 152
587 74
477 613
864 119
867 823
598 916
345 814
447 697
926 396
943 970
73 798
647 876
427 874
631 496
321 427
362 491
379 178
570 272
743 959
219 790
741 78
837 411
477 266
584 492
243 38
985 163
873 274
60 225
9 631
587 864
194 310
150 637
504 605
698 749
447 202
230 517
449 36
11 259
262 446
40 158
716 873
660 209
352 573
867 136
433 537
624 590
434 902
513 363
803 634
85 840
319 828
217 495
673 919
279 366
308 493
204 289
693 358
593 860
85 135
395 9
557 882
22 12
434 7
842 596
698 981
142 960
261 763
252 45
216 806
481 612
102 776
690 441
432 912
267 313
600 535
736 842
775 488
187 812
787 23
649 285
883 565
996 40
469 124
405 363
287 611
468 217
763 58
628 938
975 476
902 787
12 603
847 199
15 23
475 502
420 387
677 359
635 469
14 518
983 726
588 509
743 134
383 478
996 28
110 904
132 303
837 218
997 220
106 68
234 624
884 520
321 21
23 162
234 744
889 767
973 826
398 981
514 143
50 883
735 224
949 366
947 239
278 110
539 806
715 944
627 318
957 196
718 209
292 967
107 772
760 559
86 803
650 872
809 864
471 114
629 724
291 44
736 894
918 858
236 258
278 395
998 237
139 263
580 461
274 201
192 814
426 641
5 220
960 767
366 49
185 692
75 622
134 458
484 84
789 251
135 623
233 550
98 375
929 618
682 613
632 244
26 88
495 888
921 410
112 264
725 57
26 625
586 381
732 542
257 464
630 628
333 118
857 870
756 351
146 245
92 442
127 505
695 273
14 3
806 988
512 90
449 408
747 567
811 890
389 352
9 645
47 812
920 974
923 621
995 27
435 274
160 229
287 715
620 551
739 181
110 611
513 762
245 967
626 95
424 910
649 299
517 846
503 849
581 299
865 525
727 187
276 859
251 693
6 394
918 787
393 555
160 562
757 413
556 689
234 620
833 737
904 125
18 105
533 411
634 60
262 849
833 59
348 852
396 847
712 162
383 425
65 568
506 73
361 734
513 256
168 485
785 177
923 399
428 894
734 335
925 749
183 765
424 64
520 498
331 172
667 212
698 227
727 425
630 677
200 547
796 642
453 898
496 960
846 943
501 274
221 463
996 785
906 104
888 693
278 791
2 303
470 401
479 291
179 263
821 753
101 512
767 577
579 862
969 121
513 475
775 938
880 510
97 100
932 369
265 50
876 396
279 757
265 736
872 619
190 55
490 457
923 735
798 934
155 366
177 497
713 5
673 296
846 997
283 412
447 984
774 408
545 527
426 951
47 787
285 654
719 806
403 196
345 371
413 634
650 852
781 292
341 913
918 481
571 224
973 78
146 616
290 53
31 847
912 916
422 408
999 850
999 190
205 737
166 224
625 117
128 361
78 888
489 877
638 709
929 972
310 724
249 997
778 820
135 714
982 123
513 579
521 687
758 90
653 226
671 263
493 464
951 239
193 383
330 910
882 46
438 403
388 11
685 119
507 433
271 830
969 793
472 563
687 743
86 770
317 441
209 406
427 358
616 284
669 401
438 253
255 724
573 613
475 481
401 395
992 909
510 995
675 708
239 647
738 512
983 325
798 811
494 674
917 764
947 178
943 257
538 754
445 12
419 989
276 940
978 741
12 636
72 728
890 861
958 726
536 6
600 671
897 419
350 388
817 921
952 145
213 645
679 892
566 981
478 960
737 409
443 371
276 949
290 983
811 251
131 14
761 392
644 65
695 155
447 301
460 870
451 681
669 231
119 744
763 375
437 524
402 945
893 696
309 122
547 700
736 760
598 419
594 319
494 839
541 840
788 785
97 302
827 132
15 299
488 502
764 134
405 188
56 125
734 854
855 731
635 551
460 308
663 369
746 375
842 18
918 93
651 973
802 780
599 63
206 920
172 422
683 330
195 684
486 734
527 79
493 759
792 137
604 584
121 15
909 787
65 993
427 840
840 623
415 540
888 521
695 105
19 115
961 455
785 785
960 340
516 718
969 416
147 628
901 918
531 170
726 13
957 476
471 568
602 544
522 65
950 754
845 584
270 257
739 93
92 901
305 522
260 492
331 453
507 933
688 138
244 856
973 182
516 86
61 39
489 724
830 233
659 903
454 718
1000 902
961 935
237 291
947 642
555 709
264 190
387 213
830 739
703 83
378 428
50 348
116 123
398 70
611 96
514 688
174 710
668 194
165 991
949 291
940 28
876 77
912 528
556 543
338 731
239 745
316 452
533 556
318 880
816 676
179 132
357 374
258 707
570 754
148 843
312 159
984 615
722 972
224 997
329 73
358 394
252 706
152 152
384 346
887 61
649 440
189 518
430 112
155 833
889 373
641 44
760 483
127 219
872 247
553 965
658 819
927 280
18 704
599 704
751 575
24 562
32 485
278 529
771 453
31 657
761 389
503 370
766 414
910 326
629 437
367 226
929 706
226 706
828 586
327 756
23 268
19 241
458 52
324 5
572 903
476 981
195 86
885 559
166 73
864 818
348 237
267 966
322 563
171 950
913 634
887 690
627 854
596 127
72 661
513 297
794 251
285 395
666 75
302 614
428 940
919 822
380 231
884 841
50 817
833 296
158 957
118 191
611 339
742 698
71 44
263 170
415 995
25 415
666 632
751 107
925 44
315 137
143 743
303 66
341 757
405 337
317 882
119 728
949 75
497 504
296 150
248 342
573 738
157 983
956 523
935 543
722 197
154 855
692 971
289 393
318 482
3 766
913 665
908 988
659 347
337 405
556 390
634 709
940 277
24 486
920 162
964 583
90 398
659 147
83 971
80 643
189 938
775 996
631 747
111 116
773 147
12 646
457 615
343 249
44 44
366 780
986 124
808 146
215 951
402 184
401 944
750 918
423 273
710 419
75 802
95 990
617 52
494 792
859 817
449 59
229 941
759 635
39 836
387 253
545 607
670 291
899 696
189 56
784 519
830 701
115 206
849 758
451 872
327 238
836 900
488 548
763 796
873 71
479 544
404 73
340 975
404 192
888 720
24 678
912 872
675 478
591 859
687 961
785 728
559 800
77 129
152 100
868 873
7 550
541 711
