1000 495513
2000
252 341
581 693
953 674
262 638
799 245
327 756
52 230
477 889
892 826
893 965
590 638
387 273
622 14
88 831
229 699
323 171
230 550
567 91
248 872
590 161
57 561
576 752
398 490
636 785
623 166
140 825
783 299
379 587
590 710
535 742
949 554
832 508
538 896
706 184
767 364
466 674
134 712
314 754
382 883
877 53
75 347
47 461
492 929
906 43
213 330
408 468
24 66
876 498
592 27
947 416
704 504
160 916
219 411
487 32
410 938
438 423
186 166
659 137
362 273
408 399
716 350
913 631
592 84
341 865
193 228
522 592
476 801
932 452
2 658
378 237
803 93
378 827
50 497
612 800
860 662
875 971
578 754
931 297
821 928
601 348
898 748
23 517
916 650
706 297
532 701
483 121
359 419
129 821
621 99
53 350
316 754
402 675
490 479
825 710
889 356
454 108
107 404
78 643
714 495
929 942
939 632
68 479
285 252
559 47
396 996
667 356
448 169
878 462
561 305
466 239
949 767
316 326
668 488
874 994
39 600
545 219
999 338
903 197
370 957
924 449
631 264
878 552
349 349
714 311
227 1
361 391
382 301
242 233
271 829
103 520
911 586
304 35
472 883
897 667
947 645
921 517
750 776
471 397
542 851
531 407
696 449
736 32
910 405
222 598
669 472
342 428
167 563
856 707
993 247
209 272
61 470
386 725
201 344
6 705
594 900
278 127
17 636
148 75
935 945
181 326
668 133
798 722
344 406
110 888
862 700
926 316
944 140
68 376
223 342
770 270
369 17
612 732
222 538
496 570
601 978
465 413
69 99
530 24
815 41
801 831
336 985
335 5
378 31
911 290
15 471
581 249
622 594
574 893
80 753
659 991
933 994
415 421
178 274
27 185
590 396
938 944
401 16
496 298
372 84
67 471
871 429
301 878
810 383
741 532
762 216
449 776
684 373
847 639
811 889
716 296
138 320
324 930
98 520
669 718
867 19
582 913
922 47
516 360
666 820
860 94
311 708
804 956
350 681
289 991
223 123
837 264
923 559
491 170
52 872
684 444
156 582
662 502
227 732
251 521
969 447
25 467
704 401
861 89
511 167
670 700
693 148
427 405
295 672
530 670
494 513
692 251
57 325
4 848
51 18
434 614
859 820
765 567
80 351
477 517
431 706
414 920
173 813
221 780
921 496
527 781
367 245
474 894
644 959
614 406
794 776
435 994
32 516
568 183
108 820
233 645
178 703
846 364
957 889
334 583
770 46
14 911
238 390
161 747
390 554
289 869
974 231
656 872
915 96
127 533
910 226
282 204
536 752
264 382
207 164
90 299
803 665
661 601
167 813
961 813
815 814
88 913
819 419
451 709
700 600
313 663
935 436
881 971
118 915
344 140
370 620
661 684
465 652
28 1
100 456
634 582
121 618
920 505
816 377
916 151
168 605
964 509
423 924
243 530
502 811
878 129
795 591
594 213
76 106
924 932
654 633
925 512
268 990
772 694
558 161
501 712
856 359
116 968
891 244
361 918
734 613
909 569
355 629
973 313
257 47
526 283
794 921
365 976
746 749
724 891
407 673
338 464
216 172
890 882
193 684
236 42
159 122
960 979
70 8
535 84
284 224
573 891
594 321
50 61
457 716
654 104
363 35
665 172
799 152
646 718
389 330
35 220
601 295
543 396
293 893
201 794
396 714
583 930
959 884
886 88
362 624
346 302
949 978
649 549
212 468
902 143
968 274
702 234
983 742
401 266
703 115
610 380
269 362
63 967
885 271
832 747
28 789
212 525
796 364
349 83
927 162
306 463
348 672
368 72
610 856
240 938
18 674
925 255
224 534
966 996
420 726
404 31
701 808
598 11
610 53
153 94
576 770
848 920
972 704
634 250
653 154
709 988
655 247
657 562
87 653
152 225
141 414
398 712
981 716
9 868
415 481
299 882
130 399
299 251
533 69
829 706
150 746
376 770
667 868
929 260
853 223
283 512
362 158
556 859
928 704
350 385
219 233
274 573
614 696
566 292
212 880
3 356
21 639
706 21
880 285
529 945
762 291
708 484
543 99
512 254
416 388
807 621
128 476
396 79
234 292
582 868
459 68
641 517
800 670
600 269
282 873
905 182
944 39
525 439
41 82
751 749
311 341
321 390
360 948
610 50
519 499
613 364
25 823
411 507
219 583
455 846
204 51
897 715
109 854
880 65
913 241
303 514
914 735
948 233
741 299
7 686
689 965
205 167
300 94
752 91
862 238
647 430
57 517
654 435
948 573
961 918
428 529
743 660
865 62
49 178
163 975
81 83
670 431
120 662
575 599
915 824
840 90
428 27
753 627
731 946
423 715
984 220
50 599
98 504
878 331
66 484
990 123
595 918
877 902
494 667
389 873
65 482
248 369
898 212
830 710
831 368
690 354
637 957
908 616
878 595
899 536
504 434
60 298
312 628
275 763
643 84
120 502
468 530
80 958
902 584
384 805
817 808
805 311
65 418
649 831
911 295
200 306
948 505
947 131
745 320
79 746
650 588
99 922
478 20
340 364
911 257
337 647
764 79
933 142
752 36
373 877
119 797
654 96
15 665
982 710
905 164
122 360
99 173
946 845
369 624
389 931
980 45
297 348
608 61
459 609
764 527
174 142
771 619
584 842
782 82
471 101
982 896
891 348
272 781
103 854
176 16
367 816
335 408
700 332
390 934
657 344
357 495
976 859
919 960
400 663
856 655
436 251
787 245
933 867
190 808
115 105
518 972
654 550
803 274
947 51
293 229
256 10
56 218
832 877
323 44
861 825
89 722
762 762
589 707
969 444
35 467
138 934
537 844
725 590
642 366
295 195
52 527
704 21
301 487
384 147
251 577
760 904
836 118
375 355
868 248
660 193
159 884
990 758
521 389
29 367
733 711
177 896
126 189
53 943
514 215
638 36
975 639
145 399
318 388
184 884
865 963
928 157
567 994
660 137
606 214
594 32
186 591
351 150
593 973
519 754
38 990
960 339
168 137
496 621
795 311
781 760
615 778
599 132
914 195
480 782
511 276
603 481
432 218
681 266
405 959
123 897
901 124
946 495
435 10
841 176
964 284
853 301
780 389
948 926
967 701
439 935
542 630
794 660
40 735
842 415
166 43
767 889
354 298
84 908
268 586
436 73
143 816
716 405
57 2
819 889
186 635
813 214
685 747
961 606
287 206
520 183
831 198
617 831
495 520
613 806
422 973
10 542
768 945
637 202
601 156
775 854
628 951
650 170
14 761
677 731
558 931
621 698
147 458
361 474
834 244
304 982
336 230
962 289
436 754
841 949
207 163
737 390
293 325
566 806
292 774
128 674
822 40
815 242
993 429
920 523
107 675
903 788
974 603
951 718
730 328
526 130
113 636
876 291
253 3
364 40
944 78
467 735
553 767
623 616
509 26
801 91
647 191
843 406
575 700
752 582
844 314
226 645
351 853
637 380
749 993
900 384
465 875
940 305
248 418
913 602
776 863
68 808
334 269
218 630
747 945
853 40
425 831
899 524
377 406
56 294
143 277
233 645
826 86
636 58
143 449
372 288
940 133
719 913
826 922
2 171
655 948
753 66
349 790
94 83
606 110
343 163
24 376
976 57
973 481
278 268
730 945
818 572
307 676
269 510
252 331
201 65
713 422
726 806
271 759
340 998
893 116
371 642
664 923
901 329
434 19
777 988
305 330
952 242
497 296
803 620
708 6
567 602
542 874
876 582
729 930
629 650
903 141
684 34
809 969
19 411
723 280
452 896
408 750
132 384
493 252
246 494
918 116
740 401
520 736
235 970
917 1
67 749
906 741
891 159
693 496
955 522
409 647
890 794
11 30
603 364
185 397
305 75
499 416
446 34
669 111
275 462
282 137
341 372
734 879
96 921
427 874
504 714
955 540
10 881
383 713
442 37
22 21
640 497
620 678
148 82
174 604
966 527
577 938
566 287
901 540
980 437
409 342
709 839
948 907
679 590
986 95
328 76
899 618
215 445
795 801
926 793
754 915
718 816
871 203
140 169
239 845
328 555
557 862
702 131
282 69
582 376
91 478
406 943
244 543
918 672
807 155
65 488
708 7
799 797
7 990
8 761
786 331
3 135
13 539
345 168
62 925
264 11
130 672
4 415
180 485
428 486
155 471
291 694
64 996
751 268
938 940
702 490
647 142
913 737
292 688
145 317
542 212
836 808
300 627
270 495
366 981
393 284
440 203
992 32
271 312
618 337
408 740
42 632
913 169
90 35
12 580
308 300
567 188
213 50
130 680
291 591
129 107
743 793
380 26
203 889
470 667
588 954
842 824
380 118
479 598
2 874
104 442
85 721
821 271
776 38
850 231
665 533
986 610
972 505
220 330
319 71
666 860
161 482
885 684
798 18
284 87
882 669
954 521
546 278
178 488
371 139
176 129
698 441
35 679
491 353
966 134
975 705
629 561
409 229
892 749
558 438
486 81
980 178
33 243
170 179
23 222
169 320
387 172
68 300
127 416
370 119
304 267
850 80
330 703
370 188
174 252
515 516
721 191
20 209
63 910
892 633
692 410
633 495
989 979
157 590
169 204
857 996
712 593
810 218
876 199
493 913
772 990
675 972
744 276
142 876
561 616
141 748
162 596
128 527
833 469
684 37
432 136
327 720
927 398
727 382
445 564
415 8
196 738
440 785
8 457
412 527
140 423
56 352
74 233
878 177
680 933
425 233
230 884
64 776
982 642
855 448
156 348
803 429
298 643
143 893
903 237
914 467
974 881
932 905
65 533
885 42
962 285
709 747
151 453
598 333
984 311
984 31
614 674
670 870
818 581
737 760
812 525
588 970
796 935
712 746
24 719
718 441
866 460
722 833
115 516
467 135
297 580
887 382
295 829
840 88
241 334
163 948
159 444
920 694
795 108
736 152
749 648
426 864
291 677
368 133
421 232
595 752
604 98
325 125
496 440
352 618
383 415
248 943
757 644
651 753
851 552
468 13
182 19
563 430
262 984
528 118
148 714
516 406
204 552
329 11
250 931
498 536
14 564
310 355
182 178
213 83
608 261
776 409
159 635
309 229
656 703
641 545
282 489
410 195
205 514
517 191
420 150
135 398
323 152
748 569
270 866
948 242
978 14
161 869
977 194
290 611
750 518
785 422
986 243
68 550
906 687
774 707
899 213
62 32
902 366
273 5
654 797
943 45
261 795
171 798
286 418
87 548
607 640
353 214
202 497
392 586
48 32
400 263
66 36
114 817
767 155
474 751
443 469
488 465
649 614
833 548
858 805
374 113
539 723
286 636
219 533
754 438
205 193
591 540
47 498
391 890
205 655
522 938
815 928
183 968
151 34
887 461
142 709
939 75
312 453
699 273
256 204
94 638
238 647
174 208
146 702
934 338
186 382
651 117
717 891
244 986
611 879
604 307
422 606
889 557
472 44
857 934
732 89
958 762
386 432
174 295
450 512
613 687
845 182
16 237
824 754
4 346
864 591
126 507
826 394
829 126
832 714
353 835
490 403
382 170
801 229
358 923
974 618
388 522
253 224
649 858
947 678
645 230
913 763
807 421
49 497
35 156
124 599
151 927
443 69
164 464
226 667
784 337
367 816
681 23
685 478
220 48
118 170
189 483
177 697
372 196
502 25
474 119
837 526
698 779
827 750
305 869
52 423
432 980
537 357
508 513
164 712
464 161
972 205
555 236
459 299
176 38
266 529
787 717
322 786
956 751
632 293
573 416
639 178
652 123
505 875
696 596
224 766
467 383
918 595
272 793
272 891
124 433
586 999
99 780
185 252
49 656
515 649
812 131
524 196
713 518
681 362
742 768
44 439
243 435
701 709
498 399
785 95
922 88
141 55
56 115
473 204
862 75
494 247
596 365
384 77
580 349
71 403
819 604
71 667
936 335
854 572
995 648
430 779
782 848
625 843
964 207
739 911
557 884
427 401
924 799
8 210
80 386
342 733
273 250
399 174
935 196
213 628
734 263
319 813
249 725
149 587
426 499
470 842
760 980
966 877
751 220
889 2
148 277
893 591
691 601
598 927
407 773
608 706
940 162
466 976
104 533
85 474
388 766
193 385
597 66
959 85
933 344
23 817
245 703
501 704
580 803
285 399
913 637
41 997
756 173
99 356
240 582
457 925
730 31
658 434
997 310
371 547
268 148
587 640
3 990
131 22
86 174
166 439
962 71
124 290
210 720
978 299
353 832
678 469
624 554
158 889
1 848
131 449
80 780
61 347
974 587
48 557
214 408
749 522
649 521
514 810
184 762
664 721
995 766
84 420
301 126
626 981
169 167
278 106
813 256
644 485
707 734
463 738
438 164
268 196
682 482
648 666
25 550
594 422
295 93
494 512
652 599
639 630
459 46
613 309
523 99
232 568
514 278
436 885
635 308
273 867
715 470
737 703
290 890
527 913
268 656
694 890
627 949
141 394
157 210
724 595
558 25
71 220
525 705
786 897
206 545
568 955
540 228
249 97
454 127
161 256
324 109
946 513
87 120
404 533
118 365
521 497
902 931
595 515
295 581
955 458
134 683
259 969
814 517
796 481
390 830
569 691
855 231
905 849
991 86
157 661
563 185
767 379
549 164
720 734
481 773
755 335
694 759
263 676
363 383
615 859
222 765
734 283
496 136
396 334
194 430
88 14
359 824
29 14
904 230
652 311
454 161
135 83
755 987
254 871
976 394
102 34
434 81
201 37
900 893
167 713
204 691
985 91
417 569
99 373
899 145
98 296
850 846
253 440
78 831
771 934
409 246
125 31
97 624
248 147
77 713
319 214
739 334
750 193
803 861
732 632
797 75
232 649
509 407
201 62
908 55
746 683
279 238
646 640
948 307
909 953
405 489
403 440
264 619
15 613
420 665
260 384
739 485
280 112
202 117
534 773
798 407
136 274
476 681
272 107
182 397
83 810
206 700
204 408
672 713
31 665
260 374
902 382
783 821
771 7
489 415
846 314
940 916
413 742
823 918
95 276
897 297
294 570
482 396
220 44
95 244
246 30
421 761
61 502
915 738
400 258
256 349
19 555
961 329
114 240
176 266
422 404
848 330
317 628
334 451
271 896
904 932
475 15
441 98
53 105
614 483
111 469
224 871
140 325
52 317
931 805
12 806
633 551
429 440
113 680
937 628
734 675
316 192
176 900
555 115
813 432
571 367
647 42
85 208
442 551
313 639
142 780
278 505
646 444
447 933
589 901
707 687
411 533
684 19
341 635
519 473
604 265
835 845
263 481
380 800
818 419
381 8
532 128
513 768
789 376
403 971
402 871
618 400
80 215
188 966
557 584
705 828
820 568
419 337
604 586
904 1
491 729
349 381
548 476
726 643
450 945
465 471
107 688
2 27
161 39
330 387
547 200
296 519
816 173
59 294
469 37
723 613
478 826
102 250
340 995
658 665
649 725
239 864
142 919
421 925
735 122
115 125
764 593
746 767
947 450
606 277
302 75
769 683
658 52
660 797
953 767
836 69
273 231
107 764
478 927
900 957
283 240
510 170
861 329
1 342
383 546
812 177
460 552
627 584
563 686
449 183
25 184
56 27
699 509
174 62
883 821
635 50
310 357
663 733
580 124
863 847
701 692
159 419
64 882
38 360
308 616
526 683
888 206
558 982
251 445
445 30
654 780
556 835
352 576
518 551
52 468
24 764
661 265
767 184
149 824
679 324
584 329
902 629
724 16
546 24
456 533
206 347
742 761
521 124
884 561
347 549
934 389
15 223
66 187
466 509
910 692
387 223
415 13
482 631
602 453
493 4
432 528
710 253
657 295
883 926
456 915
845 921
658 741
643 998
110 480
581 475
520 644
603 919
430 75
531 333
85 515
175 817
651 933
131 502
997 28
294 899
853 728
562 29
445 241
847 875
74 675
746 939
821 303
139 865
346 740
528 99
734 789
469 937
781 680
26 894
276 511
96 125
351 76
509 818
428 266
840 176
653 101
536 943
908 452
500 382
205 75
643 557
222 444
643 89
931 143
87 851
441 654
230 183
851 470
541 26
182 165
164 294
790 880
613 396
534 351
707 448
158 996
499 226
390 178
169 445
383 802
92 198
28 500
566 668
286 487
873 150
932 983
26 25
852 252
914 454
580 237
171 838
688 921
69 707
340 848
324 628
239 1000
648 131
323 479
583 7
35 483
107 289
759 464
272 970
723 601
670 792
247 36
616 251
472 642
467 648
629 624
758 539
562 553
733 5
227 476
940 661
671 735
224 967
835 687
300 227
469 925
147 635
97 430
34 794
667 839
673 631
914 406
845 25
218 606
707 417
69 782
426 686
141 440
935 768
753 585
397 949
490 48
126 164
319 364
901 746
408 179
934 41
317 580
406 932
26 77
757 450
447 297
123 687
107 678
300 726
338 816
674 112
262 727
285 562
490 350
831 581
289 659
239 339
498 460
657 761
406 729
97 668
169 471
502 966
791 55
258 487
316 915
565 729
436 91
13 433
484 122
94 941
476 672
193 76
573 641
246 870
278 876
571 625
657 253
259 791
971 756
339 358
818 860
37 755
963 179
247 311
172 197
649 362
267 103
94 395
50 505
936 533
462 839
284 196
401 284
603 404
594 138
607 623
837 252
175 694
26 142
731 758
398 289
293 573
216 391
416 419
158 678
920 503
140 333
523 978
292 245
635 490
32 820
526 728
428 465
449 767
685 359
836 742
62 217
4 390
664 929
55 882
803 957
832 866
38 181
556 125
702 218
943 968
845 860
673 994
52 664
219 325
308 401
199 293
625 6
261 848
402 419
366 118
114 101
688 561
501 669
467 303
798 656
681 860
320 930
298 465
602 180
283 393
176 86
194 76
875 571
913 850
181 937
303 906
212 807
589 727
890 427
570 631
670 847
543 838
915 935
859 600
837 737
510 1000
528 689
208 332
240 916
315 846
842 193
255 199
13 405
387 351
815 653
250 718
287 794
446 915
224 928
879 514
992 702
218 897
396 84
822 873
312 195
107 609
549 204
896 398
806 226
302 967
603 733
564 997
105 555
611 723
963 944
689 33
609 806
