1000 502759
2000
750 213
416 963
59 782
112 640
902 747
724 235
721 647
719 49
328 711
991 203
781 269
671 2
27 439
240 361
93 434
316 650
400 954
25 761
167 29
910 433
142 31
893 540
31 155
616 455
749 693
520 518
132 443
282 213
454 687
2 345
431 150
54 709
224 420
298 451
281 542
102 967
998 7
210 979
852 643
4 122
332 604
708 556
1 355
784 39
987 951
539 801
462 422
594 581
489 248
854 544
765 481
995 646
489 336
138 808
977 749
544 243
882 737
117 409
980 314
822 478
774 573
356 595
906 208
561 386
705 311
560 615
715 926
956 851
719 797
492 769
270 895
87 362
775 615
227 731
622 114
512 244
341 858
873 402
218 756
923 851
656 543
346 715
202 462
678 974
666 81
89 488
220 339
6 854
165 454
734 885
515 210
364 223
625 763
309 877
39 665
354 46
294 700
938 510
57 952
841 107
825 57
77 685
481 577
130 725
967 297
245 547
451 643
296 495
572 147
285 979
474 675
292 760
307 925
114 953
294 571
202 311
775 864
395 278
878 913
825 159
809 434
673 854
405 991
704 630
352 11
560 914
374 451
575 569
416 86
746 182
998 200
465 369
787 563
222 240
735 153
378 302
414 852
255 21
778 790
530 765
841 667
725 897
139 622
168 519
333 934
914 812
150 313
683 446
742 683
146 408
376 170
140 474
205 737
324 823
716 707
186 249
984 487
907 882
367 732
272 54
685 845
382 550
833 268
203 484
386 77
203 76
890 825
333 963
694 430
230 308
429 367
317 744
604 674
300 153
845 290
503 577
464 308
902 255
681 523
201 321
835 421
564 651
578 278
953 85
821 381
332 214
440 59
77 230
163 946
742 75
877 911
237 100
222 5
95 756
865 840
563 936
500 824
416 153
564 252
874 213
1 448
484 131
251 781
843 971
607 509
384 874
374 578
288 176
808 12
896 876
359 341
958 416
261 766
161 261
940 698
438 210
744 873
22 723
274 213
686 799
665 429
169 313
747 210
996 681
476 259
975 28
261 998
383 639
88 103
112 993
340 794
103 210
881 737
109 864
541 531
68 199
892 696
925 362
202 936
873 949
881 901
609 436
826 906
824 15
416 454
793 915
259 504
956 445
607 390
986 597
82 128
97 880
268 720
774 618
669 912
877 129
228 152
224 698
179 918
316 141
881 604
76 123
731 200
111 878
934 945
487 713
588 575
930 501
850 742
394 33
161 25
843 97
479 371
398 362
696 266
979 846
112 354
732 871
850 954
230 544
751 877
166 103
403 46
226 942
948 943
273 629
731 728
333 492
669 306
528 676
799 434
600 608
943 329
645 919
658 882
237 297
582 556
324 670
292 681
464 276
863 253
755 656
410 148
767 523
801 463
746 927
340 683
56 236
821 421
276 513
28 1000
315 973
298 47
495 719
300 898
80 226
53 946
460 360
619 245
357 879
700 53
17 267
745 663
214 430
646 944
461 22
313 164
580 690
494 705
622 66
737 263
749 674
642 794
654 851
790 186
135 302
895 111
363 148
897 977
88 230
216 560
580 91
459 353
999 838
19 449
832 715
4 175
289 565
133 19
469 895
728 19
861 362
752 721
203 936
640 532
170 673
270 216
987 7
29 434
619 119
935 601
541 237
622 343
311 443
976 880
202 311
652 621
246 629
214 109
691 907
922 804
898 15
795 351
5 910
554 868
276 5
178 225
297 139
120 119
616 162
862 469
279 680
810 265
415 534
995 625
767 923
881 346
444 324
799 434
544 346
629 390
860 360
672 802
796 184
966 767
980 753
270 777
469 747
839 293
942 385
961 572
975 375
206 33
811 519
861 70
141 671
827 993
730 303
520 673
148 462
540 116
60 615
970 974
740 890
868 655
166 50
71 805
961 902
396 159
239 981
217 137
570 541
184 321
387 555
489 376
586 718
943 573
6 136
69 702
774 274
433 654
437 498
524 5
943 597
759 52
425 457
31 39
811 782
910 168
511 5
714 735
256 209
455 59
373 817
588 788
945 272
495 724
939 787
939 855
119 961
16 749
437 374
574 587
176 769
982 350
87 624
647 244
156 623
358 980
991 162
112 201
482 776
557 954
227 840
126 82
70 33
598 529
6 518
228 455
893 571
337 960
454 292
802 3
399 517
676 688
434 332
951 70
469 642
609 302
715 450
536 525
577 201
715 137
207 979
69 372
660 497
570 745
673 717
589 191
920 721
522 620
73 389
713 309
513 581
346 685
380 330
449 893
194 328
727 303
629 335
689 271
175 966
851 528
903 489
237 443
840 755
436 145
554 838
362 390
339 274
828 761
523 520
732 67
400 279
12 490
833 669
909 257
289 217
929 962
294 881
889 503
429 584
771 26
620 892
886 566
905 492
56 101
443 444
762 124
298 254
989 989
640 848
507 669
31 155
636 693
297 210
504 707
454 819
803 157
147 903
867 827
76 723
284 88
177 813
585 784
768 796
293 787
26 390
408 883
937 695
418 277
423 230
517 6
267 859
520 202
181 727
650 426
234 324
794 710
687 813
438 249
164 19
400 67
267 345
482 963
385 475
211 391
393 684
51 999
926 677
138 147
665 393
551 157
435 956
799 812
712 829
947 362
316 707
322 978
72 473
444 914
217 68
615 861
190 582
953 167
178 513
852 359
578 688
490 734
180 256
421 786
596 706
360 37
272 361
268 486
373 39
578 822
538 147
425 445
620 718
521 952
132 186
911 44
806 364
970 617
631 557
89 89
101 233
2 148
459 744
706 70
237 292
418 947
868 919
530 881
827 809
691 454
878 565
258 69
265 936
96 437
864 258
94 295
322 558
651 122
581 359
254 754
726 880
229 394
446 206
799 952
394 809
485 494
136 438
119 145
47 81
10 827
12 268
782 784
525 16
893 665
350 968
364 641
952 173
255 757
387 18
247 3
325 925
672 420
894 734
170 52
60 856
258 182
316 845
614 213
206 172
833 14
632 327
199 753
919 292
924 288
606 312
290 545
710 641
138 291
410 178
583 314
877 774
979 33
202 55
903 64
410 896
365 653
706 36
633 41
486 487
909 640
115 707
871 776
959 562
915 716
159 231
805 165
646 396
136 394
522 346
87 390
212 867
876 875
590 649
789 965
774 925
469 760
977 800
505 769
599 47
830 993
287 529
999 910
167 710
13 381
633 494
149 735
717 385
612 684
954 853
184 268
76 471
877 206
137 198
247 412
750 379
88 398
525 94
10 69
776 337
38 188
989 232
442 982
87 377
859 746
856 234
862 712
284 244
688 491
386 237
785 556
221 210
259 757
655 612
120 826
812 144
392 67
29 986
229 260
482 479
404 418
350 305
731 195
788 569
75 130
995 866
930 822
343 627
359 786
460 465
871 390
174 309
29 49
899 599
592 316
348 687
1000 219
324 437
809 765
656 902
548 329
503 312
279 465
940 171
986 227
492 261
150 415
589 464
568 698
882 42
347 549
60 991
329 85
837 410
426 786
139 333
556 269
577 380
989 629
571 84
683 581
745 174
818 317
385 803
693 313
317 264
134 715
503 957
818 943
163 528
541 485
111 348
470 593
430 802
498 465
425 349
710 816
175 205
908 11
654 739
727 885
248 181
241 237
332 37
323 165
491 122
746 113
82 411
903 855
389 664
493 90
372 721
238 714
964 31
641 625
174 549
368 485
112 729
160 46
342 938
827 781
64 945
93 87
800 962
310 719
953 260
992 505
797 618
625 130
736 758
232 748
80 942
114 89
640 648
197 631
840 888
965 693
748 853
286 903
656 787
541 501
126 526
24 619
511 90
158 768
295 573
873 465
137 998
836 291
396 110
212 584
920 706
988 173
241 836
22 936
793 451
765 897
33 599
259 774
899 186
482 257
748 221
740 121
81 769
73 192
755 968
59 217
471 402
527 153
501 122
48 506
807 851
612 637
88 647
37 850
79 695
609 274
943 539
206 482
346 773
55 610
79 856
563 163
808 610
711 317
816 399
186 658
887 782
804 461
57 606
807 324
165 63
781 766
325 871
940 316
958 588
469 412
19 296
320 474
226 859
91 662
652 692
84 753
636 46
86 551
196 485
930 16
280 574
602 700
98 231
845 953
501 503
272 309
706 404
880 530
925 856
480 629
635 213
875 155
796 14
873 198
468 20
285 507
995 70
611 319
429 804
549 234
955 127
267 87
869 342
966 935
905 220
780 272
83 674
109 949
353 529
935 926
866 121
80 653
976 327
275 985
898 37
154 208
450 885
751 776
739 852
927 411
760 420
233 904
864 606
4 844
554 308
127 545
734 68
772 343
385 447
409 440
637 53
399 346
294 11
527 158
401 809
339 102
985 602
732 202
701 59
503 524
373 580
302 606
266 49
27 20
289 793
877 936
202 482
870 451
71 379
555 92
106 670
608 395
420 1
152 30
306 21
645 630
567 951
59 110
679 589
795 933
443 921
705 464
216 135
257 889
557 303
113 266
25 326
611 483
762 666
716 657
828 73
727 399
811 525
690 53
249 607
572 663
975 144
995 859
320 142
58 872
849 484
874 734
941 881
271 602
568 139
681 221
456 447
663 870
178 507
193 202
317 231
189 73
573 668
464 274
927 51
19 395
479 623
789 685
535 51
703 650
809 973
644 153
970 690
794 386
38 435
247 993
663 677
474 451
202 406
311 748
739 587
506 933
308 746
327 195
2 900
266 945
521 901
350 562
130 121
987 582
502 227
201 688
645 987
848 154
881 938
763 968
981 165
460 214
882 114
132 76
262 581
86 317
913 787
436 618
255 197
712 726
633 437
731 197
44 107
428 972
341 484
807 230
457 606
891 691
981 956
950 948
334 870
408 398
808 264
237 840
252 729
845 814
438 547
197 491
291 9
404 662
456 187
56 523
458 102
993 57
282 860
271 71
641 815
618 956
196 89
907 428
321 338
891 926
523 710
617 731
232 344
638 319
156 928
761 42
313 154
219 614
645 260
453 502
463 329
278 159
851 424
125 436
30 53
397 202
235 836
835 808
319 841
297 755
367 390
257 780
63 7
830 640
722 854
166 353
974 136
142 507
549 520
663 974
765 523
78 630
707 645
899 336
723 781
920 620
618 468
330 21
769 36
670 421
287 226
250 128
806 185
634 25
790 692
955 128
981 619
315 89
947 849
458 800
379 840
506 887
593 253
159 341
301 260
224 526
131 345
92 226
723 340
393 825
63 697
804 817
463 179
356 132
392 518
847 644
786 704
682 230
576 803
729 654
564 845
272 794
203 786
49 503
5 788
112 239
547 923
965 10
768 181
12 956
732 967
519 394
648 181
311 439
325 333
343 623
932 997
578 82
744 652
246 63
841 538
881 239
218 463
87 214
19 83
934 993
482 526
69 67
673 112
909 421
900 496
110 81
760 172
623 171
659 399
130 758
81 559
732 913
677 949
425 503
742 620
3 379
488 479
342 861
769 361
400 473
5 455
855 480
747 151
459 548
675 161
732 687
93 893
860 930
806 855
675 333
738 30
280 628
378 901
514 754
950 73
997 697
319 790
329 802
257 38
196 41
142 594
97 313
961 210
252 983
568 293
12 456
674 843
1 880
510 648
271 473
385 37
470 752
323 363
800 140
508 390
698 517
920 77
896 132
234 210
482 394
236 757
575 758
303 162
575 309
869 730
855 406
323 719
395 486
602 34
346 584
915 111
282 163
734 855
96 163
624 550
124 125
624 296
230 820
787 345
665 621
160 407
695 808
695 571
466 886
574 415
977 718
659 704
587 550
503 829
811 71
906 453
810 309
906 770
573 31
480 544
6 370
195 589
910 702
157 543
196 164
269 505
475 806
110 155
932 379
546 501
374 379
606 40
771 29
169 502
749 167
723 349
82 888
33 361
511 268
350 33
591 954
109 878
754 320
339 130
344 373
934 127
478 672
11 372
960 805
47 608
335 518
990 73
609 974
293 645
738 9
181 980
495 218
642 760
444 417
636 833
824 575
977 372
66 177
931 603
272 551
218 581
649 788
700 952
14 529
43 32
353 430
472 487
190 55
294 99
750 745
28 512
325 765
817 431
927 488
55 965
893 205
93 777
213 104
457 804
224 508
707 398
100 201
8 529
375 974
692 475
774 128
230 219
502 181
786 845
921 254
903 860
227 468
405 211
237 79
483 197
393 604
47 479
130 887
962 509
676 435
236 35
720 583
114 786
406 175
247 758
80 423
970 967
968 683
799 436
920 2
871 405
108 556
946 317
742 214
830 250
363 650
871 685
701 962
715 879
757 332
10 537
815 853
989 954
37 520
870 926
613 834
185 262
689 914
321 682
204 176
146 4
352 175
420 555
840 820
446 908
883 620
851 699
9 709
879 702
217 789
568 256
43 266
377 439
252 644
920 924
25 796
930 968
327 348
695 278
834 77
557 126
147 262
670 148
207 421
93 433
497 980
194 152
15 418
868 308
180 303
51 726
434 292
160 322
181 738
863 146
276 136
158 120
550 684
601 197
325 15
390 326
887 625
852 456
721 493
282 949
853 970
463 848
808 643
988 567
455 283
432 746
397 525
871 901
190 607
499 509
488 764
815 163
306 967
49 748
179 251
482 594
589 473
691 63
832 482
742 105
659 725
518 223
408 84
826 729
173 732
640 827
652 262
899 627
208 756
461 612
690 853
455 483
330 94
123 603
899 841
2 634
602 546
561 982
374 840
622 983
560 761
512 553
794 505
733 390
256 737
361 273
118 192
834 422
872 220
778 815
682 477
24 122
786 62
741 210
2 435
261 80
969 103
195 927
218 701
332 63
592 734
325 983
925 241
405 937
677 613
308 676
730 352
110 775
277 83
365 467
864 167
422 507
64 100
463 162
779 951
616 81
374 501
853 775
286 815
874 429
854 282
67 397
909 588
23 449
493 869
376 310
697 14
805 729
831 96
391 269
832 781
134 869
551 987
686 35
975 522
985 788
393 353
612 689
176 502
417 8
377 666
131 268
483 240
742 416
201 507
215 404
559 23
700 986
534 951
954 949
181 633
696 791
496 975
5 226
868 445
692 860
803 153
744 207
882 293
55 587
206 45
611 421
6 631
890 694
239 176
560 606
487 685
298 183
175 547
971 657
285 662
117 107
258 840
249 871
114 158
604 879
705 175
399 497
357 503
294 692
968 62
997 759
799 732
475 401
566 89
209 213
168 767
362 871
986 926
545 212
44 411
77 649
843 958
893 498
480 861
354 151
503 828
500 412
807 654
612 820
538 722
56 42
221 155
673 887
846 623
447 635
347 356
181 125
3 89
952 38
371 349
74 407
479 831
101 497
172 685
341 435
243 474
98 516
976 834
282 47
572 307
307 542
137 957
960 30
593 233
663 191
675 82
279 585
457 338
491 473
310 287
740 904
632 749
438 102
258 964
647 261
454 432
667 738
895 682
432 191
736 51
512 928
414 684
128 188
484 842
362 343
840 903
762 378
994 276
442 258
744 367
244 847
529 660
98 233
834 274
54 431
377 819
14 874
276 73
256 560
37 105
743 117
145 593
231 339
482 446
622 131
804 62
231 353
102 55
3 524
192 997
240 722
260 699
19 238
134 643
976 56
170 514
136 251
890 455
158 644
570 440
349 52
183 29
462 299
592 807
475 152
622 395
421 462
673 675
590 335
116 618
569 55
253 58
309 877
945 814
575 113
378 829
27 749
191 533
829 35
164 82
156 207
740 610
179 230
973 590
193 842
566 839
594 702
619 53
755 774
792 575
340 879
588 733
741 551
738 927
432 776
834 551
907 559
329 818
122 115
845 483
117 423
800 845
598 492
474 448
822 244
127 361
697 878
592 266
387 107
764 451
953 260
882 213
129 643
861 177
278 804
596 579
171 708
549 82
580 687
585 453
489 817
624 123
991 199
960 15
561 180
182 930
403 271
1000 532
833 326
355 55
755 397
622 580
860 474
951 601
747 683
363 801
649 107
19 342
810 599
477 488
876 561
339 200
453 383
386 974
296 792
27 308
618 554
643 33
2 791
244 965
112 465
762 252
25 930
708 882
402 542
159 930
597 580
755 107
290 297
499 502
866 912
151 629
848 743
297 698
593 766
459 7
217 777
795 159
7 290
129 435
996 937
808 564
964 958
49 907
479 171
748 105
521 879
257 749
773 585
96 387
24 529
417 450
955 753
152 954
823 5
746 341
182 701
306 997
825 653
87 553
762 202
424 720
78 757
607 492
251 53
518 332
272 961
920 710
639 644
899 979
23 805
191 774
911 362
743 159
932 977
405 701
945 498
294 121
72 212
134 805
394 964
742 323
967 947
985 789
247 866
803 830
896 843
980 910
143 422
874 106
480 867
636 460
535 658
310 888
631 840
317 920
731 412
369 996
532 235
656 851
567 447
203 798
306 754
190 488
8 941
851 659
401 977
554 753
944 449
982 456
705 211
888 320
804 490
228 299
831 975
224 185
761 673
545 388
64 982
227 619
286 664
744 562
919 898
397 849
25 361
488 960
648 755
671 869
845 83
998 571
251 263
660 487
306 759
520 842
286 320
889 358
95 47
420 349
263 654
275 383
819 2
204 182
914 381
975 97
474 642
168 244
685 599
95 771
839 57
467 450
681 674
266 15
358 208
406 578
634 783
469 693
234 21
415 166
385 840
525 226
777 461
232 878
133 484
983 465
61 26
520 469
538 924
498 829
302 602
462 559
278 724
820 564
680 700
658 744
869 183
211 71
630 81
779 27
777 631
184 912
522 222
817 438
691 461
910 183
411 141
489 280
995 465
667 831
775 68
746 565
118 181
310 682
840 2
930 42
693 398
336 619
755 557
638 596
893 368
68 114
541 275
328 144
193 244
705 322
685 899
105 145
301 90
105 947
164 838
762 460
597 605
345 58
2 161
903 357
808 261
623 89
260 87
414 157
509 360
651 62
903 712
648 691
403 208
857 587
158 310
124 996
378 854
84 212
2 492
423 96
155 451
49 241
661 908
78 977
73 700
306 107
925 104
681 6
553 785
986 483
429 689
138 4
882 206
525 630
113 944
76 871
621 324
