1000 507778
2000
301 625
55 971
545 257
424 130
190 943
426 401
462 296
538 229
637 668
954 412
724 443
490 201
557 455
133 423
268 866
681 150
257 905
307 117
707 309
131 270
930 448
224 412
917 17
330 795
838 427
937 236
79 619
555 265
554 99
413 283
901 840
414 925
701 544
657 533
48 11
514 458
939 173
906 107
134 618
17 767
233 885
517 87
451 771
9 293
497 446
413 157
26 754
683 644
742 294
604 369
32 904
93 183
843 852
190 199
573 717
155 173
504 935
430 131
934 93
235 447
33 719
543 358
872 191
507 810
725 486
681 385
703 912
66 712
780 308
642 168
693 910
532 8
972 249
93 562
595 129
723 833
464 631
39 30
587 24
9 521
115 588
307 761
895 849
94 732
493 548
702 771
301 230
785 927
56 655
686 465
748 602
396 466
646 685
282 749
229 866
307 508
216 324
407 534
96 682
793 192
398 949
758 411
710 66
694 143
930 378
119 724
846 404
63 870
374 579
426 630
878 335
547 149
192 816
257 807
449 30
110 37
429 201
506 534
1 706
835 371
302 998
315 299
133 781
447 188
621 263
559 641
691 289
369 117
261 873
633 12
733 980
696 365
525 718
631 712
192 729
576 830
586 936
26 911
882 204
383 260
974 684
626 447
98 333
248 24
187 718
205 243
462 712
378 870
826 546
139 193
898 564
246 104
60 723
934 652
775 533
785 914
444 884
336 186
437 28
513 822
840 747
213 297
374 462
831 907
657 12
817 684
437 637
716 681
873 76
236 694
190 759
136 745
334 947
905 388
523 315
787 116
96 3
211 873
472 768
379 130
372 306
134 53
982 430
757 28
407 427
254 984
400 388
422 176
550 799
631 60
861 295
788 687
728 452
356 951
624 565
465 545
211 545
91 718
772 369
721 192
752 645
458 659
559 507
426 29
110 396
722 547
350 763
929 670
361 634
104 406
702 111
330 672
708 534
756 243
665 576
122 625
716 590
10 993
554 518
712 303
283 230
796 902
270 240
163 400
720 72
220 138
904 64
286 879
212 891
665 516
278 540
745 746
441 410
958 137
761 893
524 684
689 763
91 631
181 883
375 634
619 4
757 798
35 983
609 126
453 131
943 180
334 233
729 614
879 684
422 128
335 191
113 960
638 312
529 51
821 623
558 328
695 720
76 65
212 707
45 34
491 543
624 712
592 219
652 355
212 25
980 240
372 470
266 736
297 674
630 950
147 989
777 257
894 34
433 825
726 611
39 292
267 207
771 442
560 595
545 2
260 251
256 203
597 187
316 810
875 643
183 347
1000 983
856 154
91 37
867 908
858 508
465 597
593 998
482 332
178 392
26 801
321 975
703 273
474 139
916 394
448 555
809 230
711 373
731 3
436 234
591 781
896 975
614 745
424 809
780 436
641 508
947 148
800 464
948 507
948 338
241 355
593 282
269 413
91 123
617 91
206 311
895 938
306 413
984 37
255 487
734 373
132 774
827 390
523 681
331 395
113 231
352 352
436 988
660 16
802 373
317 216
656 755
24 754
946 830
28 331
121 518
297 160
97 140
819 150
712 894
752 189
893 880
823 655
31 545
967 39
31 908
276 960
497 896
315 384
277 365
853 162
900 879
893 145
85 744
527 600
349 213
983 91
913 357
581 275
205 24
313 705
596 819
966 392
179 971
319 215
896 819
913 588
88 882
476 119
489 653
934 252
330 374
525 482
182 674
311 558
572 378
576 234
671 930
782 549
155 338
700 96
718 674
168 729
796 944
228 502
232 598
878 455
734 806
576 474
821 377
772 48
511 661
992 656
568 371
335 6
308 296
502 300
625 723
266 310
193 515
998 5
400 188
258 142
539 453
819 450
50 455
317 354
822 286
501 729
934 727
187 140
911 184
842 426
133 265
465 466
888 106
643 460
576 215
486 386
305 698
782 450
56 598
409 686
806 621
596 946
25 893
305 672
920 364
115 246
334 488
515 141
112 221
62 821
822 998
930 774
43 622
788 702
776 617
683 350
436 890
160 794
969 399
267 180
439 155
751 604
972 684
339 13
615 117
837 890
509 566
961 829
544 827
872 255
963 472
569 995
696 138
630 339
654 717
755 471
579 703
348 611
500 918
318 721
730 733
886 827
64 552
518 497
555 556
786 805
948 64
751 483
868 9
381 992
211 964
899 620
533 736
540 969
23 10
171 681
251 355
939 35
631 241
517 242
959 432
441 161
31 348
79 968
586 395
960 348
246 288
269 835
4 626
972 758
38 241
810 837
397 850
780 901
523 103
865 495
368 14
922 840
23 596
890 756
525 243
622 218
13 407
826 360
610 78
484 407
161 128
684 378
459 57
939 969
301 84
543 557
441 204
952 622
641 741
444 380
975 343
490 140
228 747
342 521
523 401
569 277
478 87
521 376
347 490
123 385
105 951
225 126
186 808
610 967
16 894
725 795
776 848
727 109
401 522
130 303
257 821
699 601
850 554
662 151
801 236
985 663
854 896
167 755
583 386
953 24
916 94
276 243
677 506
828 333
464 835
697 915
378 549
532 48
90 318
70 899
616 152
419 698
679 858
344 254
728 927
924 345
886 129
391 967
330 602
158 9
528 604
899 786
713 152
568 68
344 53
1000 557
308 765
610 632
363 832
493 621
305 434
874 666
792 444
260 698
188 213
636 459
803 723
326 908
629 712
631 821
633 620
292 740
488 625
241 731
44 240
122 659
525 632
564 75
348 564
436 71
322 659
254 511
497 138
766 647
60 662
78 2
791 970
368 189
637 671
82 615
332 745
886 611
137 932
295 292
517 623
738 947
489 306
668 329
738 492
118 688
284 607
203 577
337 876
774 168
416 810
820 212
518 521
427 512
115 48
951 330
2 378
461 589
807 879
658 72
738 621
853 383
542 657
22 636
629 132
555 973
599 506
296 818
252 179
643 410
377 591
36 975
89 245
912 463
722 55
613 536
711 922
515 462
232 896
865 776
280 939
871 901
905 72
310 58
248 732
34 492
183 624
475 53
557 70
754 398
730 896
441 538
793 736
44 955
167 553
929 443
90 320
246 850
717 400
707 358
776 320
283 9
20 526
254 413
266 274
557 8
894 519
995 822
549 520
309 222
177 825
957 371
979 283
504 515
946 451
430 500
558 421
981 768
972 806
543 677
409 383
453 581
58 446
10 435
170 109
133 607
409 454
915 606
155 9
23 119
934 793
499 175
677 320
370 28
567 782
164 491
829 215
675 859
244 211
126 329
823 712
385 411
949 987
127 85
19 874
171 387
322 576
339 911
40 492
54 428
895 361
67 382
800 972
314 759
775 461
77 66
67 820
478 107
208 357
789 500
642 745
480 334
253 525
105 71
604 697
169 462
180 74
140 983
774 183
521 395
500 709
843 759
797 568
689 729
398 92
138 32
956 249
814 787
911 664
515 880
271 337
325 510
112 498
861 715
999 363
131 564
77 697
29 62
575 996
533 915
181 607
935 493
84 935
603 139
837 706
120 306
732 379
77 588
891 508
631 992
979 821
353 95
504 184
244 983
114 361
148 478
459 452
61 161
708 746
802 202
207 970
389 997
316 815
216 439
298 642
856 184
532 263
146 294
179 431
604 861
437 836
937 172
851 484
254 592
796 991
172 634
351 401
450 1
235 17
280 50
919 435
130 521
728 914
58 387
98 13
151 163
415 298
40 331
767 476
32 58
765 453
656 827
682 713
873 269
447 989
462 174
620 765
95 622
763 101
845 110
388 482
474 51
965 303
856 676
493 161
619 880
716 322
534 848
370 91
760 943
413 740
802 775
104 293
39 405
231 799
409 994
940 627
588 16
452 571
91 962
633 942
719 210
995 786
41 150
242 486
870 539
775 743
189 576
356 834
382 750
518 725
403 227
466 748
578 881
246 167
638 230
587 810
730 794
133 382
964 337
281 148
16 427
885 849
146 721
949 609
302 16
423 538
536 512
858 118
325 710
901 583
950 3
368 586
140 624
987 264
196 391
720 731
368 415
867 147
629 293
472 303
511 487
392 16
460 313
843 820
683 334
779 860
726 582
791 832
274 599
572 524
729 673
384 920
727 429
989 418
501 502
486 123
575 424
602 550
268 711
605 175
946 92
383 230
540 768
782 931
930 417
3 52
846 573
301 807
45 810
927 164
701 948
767 376
85 732
153 925
302 749
967 592
963 699
761 170
955 116
426 518
766 674
749 732
567 243
197 163
891 8
163 91
645 599
540 740
1000 930
869 549
428 833
500 164
751 449
864 427
434 277
33 563
40 392
486 514
611 662
17 5
851 891
424 839
760 771
384 106
411 624
815 200
695 123
389 442
618 128
918 144
22 483
607 572
496 596
538 445
799 247
839 684
984 998
436 832
226 515
452 377
157 328
580 829
881 466
55 564
682 324
781 438
113 688
133 493
231 224
343 53
116 730
315 932
716 658
171 658
783 826
693 69
673 585
729 899
156 110
449 15
506 707
197 195
446 704
457 705
288 846
445 258
276 766
348 992
714 246
574 440
764 242
33 146
302 295
750 887
602 997
56 428
669 720
277 997
866 949
844 610
437 197
22 621
972 683
711 21
409 748
771 898
372 883
119 76
239 728
886 190
197 259
227 104
915 804
59 301
860 259
388 645
552 68
869 302
876 354
87 328
597 972
56 649
422 449
559 412
840 94
301 377
734 961
87 15
784 592
965 220
325 762
561 397
801 845
272 519
843 997
546 651
461 161
825 852
956 805
191 319
21 525
324 758
255 959
249 732
340 350
915 994
746 10
358 478
592 302
804 648
557 519
809 355
172 326
685 730
623 713
343 974
419 387
502 619
249 744
77 130
129 860
355 416
90 543
110 481
185 470
420 334
101 929
884 386
279 305
314 259
530 919
23 869
738 77
879 911
24 706
777 822
311 218
871 158
514 359
381 76
758 546
379 420
781 177
433 220
273 269
812 726
102 243
60 566
955 592
535 887
148 849
222 932
403 806
48 205
591 642
466 948
634 317
559 860
170 953
179 454
33 183
639 929
864 371
275 150
106 559
53 831
266 25
977 90
234 646
478 797
229 759
163 471
619 86
306 104
716 430
562 334
569 782
973 661
228 246
62 675
944 523
139 441
517 462
322 28
696 686
788 429
917 385
740 332
73 6
491 832
959 762
300 337
661 565
618 653
344 18
641 345
38 991
905 677
436 334
368 750
694 347
277 399
38 485
333 838
154 237
907 634
585 401
918 91
996 724
832 8
629 2
23 644
153 757
186 568
29 7
408 734
629 944
579 534
472 637
48 102
964 102
355 460
853 648
581 478
991 27
9 923
561 461
572 156
64 40
515 178
81 290
942 206
289 659
927 796
608 69
779 825
497 865
519 316
260 781
32 1000
241 512
131 618
941 488
827 130
436 267
570 854
70 819
721 88
827 182
463 405
116 612
392 426
669 468
411 294
813 880
325 395
982 626
443 151
394 797
23 264
162 935
363 77
865 142
621 231
312 433
188 584
447 502
580 119
926 426
727 294
586 599
596 797
63 125
383 309
868 650
96 676
274 103
75 495
67 805
866 114
918 432
248 243
603 23
809 412
410 251
174 457
185 98
980 683
766 863
870 986
393 742
709 930
331 995
84 88
640 321
712 479
233 822
959 931
385 357
895 6
934 372
400 853
573 398
305 965
237 508
767 584
231 509
166 770
213 242
821 912
545 950
473 44
584 291
108 734
638 143
960 949
336 188
215 527
111 566
361 23
599 549
201 744
753 317
704 656
214 807
404 188
491 679
304 477
401 209
777 665
736 89
925 781
667 62
433 771
268 898
648 763
652 457
217 939
900 485
780 957
508 861
724 773
745 962
484 956
175 311
408 603
169 194
509 668
736 775
906 135
81 846
699 975
785 229
364 767
479 743
889 57
849 369
419 997
538 153
941 13
301 632
703 415
685 323
522 123
871 679
21 217
885 653
636 875
332 712
752 247
593 486
176 968
963 376
536 709
607 673
774 39
280 596
265 968
192 424
728 495
849 361
186 603
518 454
667 878
782 359
945 678
590 249
478 758
212 907
306 20
439 157
491 763
836 404
181 12
805 742
689 85
7 980
130 980
684 855
577 952
796 214
715 642
791 581
89 968
40 858
586 15
202 241
195 983
155 195
62 689
779 287
792 163
401 918
49 180
428 469
87 229
979 239
255 557
642 746
578 578
193 149
422 581
486 847
438 98
719 247
660 209
324 791
141 820
606 177
593 584
863 983
601 130
79 981
807 843
101 541
838 228
931 414
277 202
385 930
460 51
358 339
852 105
975 903
691 48
939 579
952 75
138 910
454 612
46 362
115 365
823 943
232 590
929 782
656 703
784 396
561 955
768 514
515 345
77 66
904 437
542 117
53 31
60 83
841 608
873 117
230 271
150 180
564 483
609 808
37 11
725 802
789 679
697 347
292 219
692 859
164 710
460 907
985 314
373 233
510 394
364 753
661 450
384 293
136 426
803 600
302 634
768 425
623 849
698 283
442 45
290 47
985 159
214 152
517 179
784 53
783 368
814 943
766 74
336 549
420 84
106 900
702 162
144 142
147 35
808 247
178 169
457 75
368 938
923 644
624 776
135 851
557 318
9 406
968 558
420 116
307 41
600 643
494 984
637 789
37 808
701 238
422 927
866 594
26 46
562 44
860 746
313 313
675 267
151 365
664 143
976 210
142 958
23 96
790 674
328 428
49 664
824 513
183 340
921 112
872 785
393 564
761 281
518 189
133 258
6 870
760 272
242 30
550 567
309 705
29 496
607 610
79 387
367 230
98 996
594 610
511 343
945 358
453 511
716 394
356 470
866 740
645 108
236 224
668 64
871 178
112 509
850 293
194 80
616 302
818 746
832 69
841 3
999 93
817 949
561 120
309 233
815 920
195 781
794 220
374 410
809 528
686 644
9 558
620 761
631 81
796 101
690 511
390 356
429 570
596 523
141 390
784 747
674 746
77 489
343 449
214 415
791 114
422 251
510 432
44 304
208 170
973 162
285 332
509 694
389 134
782 723
108 849
977 873
335 169
735 568
83 358
334 866
983 273
74 443
857 536
958 620
930 199
900 802
414 831
44 785
773 917
533 105
753 463
619 2
183 950
741 781
251 17
519 133
680 160
630 545
334 401
520 591
937 512
897 991
197 884
859 426
146 10
315 513
428 563
960 296
948 183
285 770
699 666
388 421
996 316
980 102
991 324
403 675
102 453
259 415
344 396
737 888
856 798
506 339
919 28
896 204
807 989
761 404
330 86
454 568
166 20
694 442
409 453
296 696
110 378
836 952
590 24
339 266
74 997
849 922
723 210
532 189
84 693
967 228
432 618
167 355
384 12
736 272
700 214
187 460
272 907
857 949
166 825
996 407
634 522
804 385
550 582
237 153
337 245
871 113
276 342
449 169
48 240
377 958
804 787
1000 238
175 131
981 561
683 704
796 291
836 545
310 152
349 445
755 83
673 429
969 437
815 104
898 312
801 441
74 328
855 170
585 530
303 779
710 529
526 877
897 21
720 935
279 689
814 842
488 783
700 559
629 373
812 334
145 955
342 811
752 579
1 615
119 483
870 141
998 508
968 747
434 541
643 172
539 862
848 289
396 271
421 547
805 906
655 581
796 562
544 876
636 791
626 800
508 55
480 49
412 276
599 597
5 547
274 321
211 538
779 158
106 460
992 352
946 381
512 579
159 30
553 41
91 792
530 502
427 16
114 57
811 543
419 445
5 447
893 105
109 526
942 756
298 997
857 51
955 547
151 296
744 508
413 980
363 658
430 506
353 587
370 320
203 113
845 503
646 99
284 664
801 398
353 856
320 414
160 187
837 303
509 773
857 369
107 903
834 602
927 112
426 312
225 603
27 856
763 284
233 52
895 43
521 279
531 598
271 584
999 643
452 124
254 97
440 333
593 907
710 637
644 788
727 80
991 883
912 625
277 642
460 621
930 819
465 951
597 714
86 784
543 834
842 232
820 256
314 2
592 42
420 907
184 600
826 264
794 739
895 325
691 924
611 691
376 748
818 936
746 850
784 439
599 999
745 765
562 451
731 193
804 11
407 109
421 728
241 906
65 537
661 128
545 88
497 385
14 747
282 895
517 789
345 287
556 134
401 412
412 638
638 263
105 143
715 310
320 68
323 413
993 926
501 856
461 375
98 22
273 689
58 396
308 597
575 486
84 566
909 948
779 10
130 413
645 889
967 330
637 604
599 154
642 873
667 897
346 198
868 461
209 937
592 363
972 438
834 464
200 50
887 578
627 184
731 72
759 496
664 853
267 477
453 128
144 409
254 852
968 950
948 706
2 136
553 447
890 46
941 457
948 959
366 13
616 797
380 668
959 315
390 509
689 299
765 543
322 499
405 485
586 681
58 257
138 499
705 379
693 84
184 704
522 70
760 409
459 163
599 330
607 273
179 21
80 294
241 87
441 247
105 196
536 776
120 774
73 129
35 366
704 149
464 640
327 363
545 719
137 137
994 627
802 718
897 799
468 879
824 596
759 587
800 733
579 101
216 658
631 578
532 647
241 453
711 569
787 550
895 392
546 486
543 171
905 598
117 736
919 182
822 982
618 972
145 809
103 550
873 665
776 838
280 552
85 782
849 367
888 169
228 611
220 549
305 415
401 687
721 564
974 301
779 185
894 678
183 928
42 138
162 5
554 93
188 178
816 33
483 724
591 725
32 807
824 589
100 300
323 153
111 182
506 300
952 737
976 875
304 902
550 786
134 819
577 583
468 567
428 97
689 259
102 2
868 359
618 492
321 4
529 709
155 58
259 788
217 284
270 399
42 742
569 158
202 630
713 608
928 99
130 428
565 998
14 683
116 119
96 39
21 921
984 613
426 234
779 843
335 834
96 978
720 708
818 83
498 103
877 625
648 182
689 191
575 804
684 716
22 175
493 696
994 453
544 624
227 404
687 418
63 653
391 792
964 473
901 195
386 754
641 268
849 435
595 762
795 144
440 392
18 73
396 310
270 914
72 947
121 319
158 824
427 253
921 903
588 428
798 279
