1000 509770
2000
417 650
366 981
754 266
129 565
115 887
140 531
971 962
161 456
641 478
718 884
764 510
611 370
811 656
321 954
769 329
508 525
191 347
666 901
876 660
980 710
828 30
867 844
192 662
66 354
455 167
413 667
288 211
370 413
44 597
41 664
481 234
387 68
924 512
789 811
245 325
424 34
196 275
533 589
944 89
92 362
42 418
428 314
844 742
193 765
796 449
182 123
835 687
38 639
138 77
848 39
814 467
808 325
888 843
18 502
19 353
150 550
339 780
47 603
395 205
858 479
114 567
807 202
530 502
764 925
3 451
782 215
846 457
160 397
237 954
842 676
728 561
670 412
492 220
631 947
144 474
288 858
830 442
586 413
409 635
316 855
954 727
551 401
352 165
650 35
268 452
168 77
338 26
407 676
454 847
973 900
91 824
545 665
916 433
283 445
318 504
78 76
91 788
723 509
580 293
822 461
373 856
597 252
71 831
626 723
220 492
15 360
500 702
301 244
326 273
670 873
626 814
441 35
244 486
750 63
966 954
849 70
303 601
59 451
680 774
99 646
63 36
494 170
183 834
461 500
750 568
867 767
607 507
593 340
508 830
366 987
935 624
662 39
949 309
979 442
898 407
88 45
551 967
145 785
377 884
264 515
459 553
838 180
164 850
882 7
917 324
746 21
223 557
779 236
891 277
769 89
532 776
657 826
166 598
435 672
638 364
426 117
29 199
855 322
169 131
363 129
607 299
398 465
464 514
118 279
58 639
647 824
945 476
999 829
637 35
566 339
211 53
8 747
255 862
680 228
946 577
337 922
585 871
675 815
281 140
949 346
608 360
723 130
822 268
578 152
998 58
108 376
672 110
374 506
426 92
879 567
547 678
694 214
146 894
670 718
418 507
49 1
122 58
520 317
916 244
342 677
376 319
804 450
612 18
742 702
954 845
895 921
485 884
163 433
517 484
489 884
888 495
604 85
513 429
569 319
51 398
642 236
197 342
820 825
707 620
266 562
701 762
833 820
715 483
689 756
615 562
899 419
267 572
930 289
125 759
83 734
523 953
56 623
975 112
733 235
521 486
890 863
472 513
150 1000
456 415
560 707
63 410
393 682
256 843
822 978
371 152
505 858
408 618
206 126
591 706
834 656
388 42
809 808
850 864
7 333
603 11
403 504
645 518
723 778
373 760
111 136
237 969
843 980
617 211
737 35
496 290
332 531
318 463
698 346
405 868
587 274
405 510
512 275
650 964
936 762
110 156
970 221
454 539
948 17
381 92
683 507
108 184
734 925
442 894
712 185
488 957
86 313
155 805
391 492
701 228
276 339
98 308
74 688
925 992
721 913
319 981
630 479
162 756
346 974
331 47
3 596
890 357
846 395
261 964
632 854
237 436
803 715
97 61
73 869
470 789
198 437
193 468
748 696
498 191
834 229
720 588
998 465
13 968
741 905
739 856
270 703
943 431
183 62
822 309
505 396
623 979
347 6
350 940
926 811
575 717
663 910
887 71
594 100
622 877
769 275
227 16
488 3
150 656
474 533
519 819
530 489
637 293
260 166
940 116
912 403
355 959
98 646
402 21
561 24
837 40
150 878
147 807
736 679
943 434
797 795
651 95
103 202
484 414
864 306
512 930
327 876
733 157
842 867
507 846
956 945
749 541
193 295
644 885
864 210
445 769
819 421
10 709
626 152
760 140
517 451
518 477
700 625
345 853
286 899
570 775
240 456
480 985
428 416
437 222
996 84
371 175
915 753
129 953
420 230
362 466
847 477
93 726
697 703
831 352
381 434
265 111
723 811
322 658
249 978
907 878
961 438
640 325
104 743
238 892
717 869
644 624
889 584
177 494
572 681
164 965
75 105
8 143
480 194
268 710
404 308
937 483
610 379
969 496
651 473
773 933
599 856
583 547
365 484
859 286
994 742
120 470
523 268
549 450
912 121
575 951
451 531
40 533
599 208
520 852
388 180
122 742
733 970
279 103
301 557
481 326
287 24
590 664
407 592
899 658
870 817
340 874
702 272
266 479
516 665
632 132
820 103
417 444
663 522
29 13
269 353
205 112
469 376
464 517
964 745
215 665
429 171
797 791
700 222
460 595
231 955
769 488
607 962
668 660
628 324
775 648
448 586
770 332
46 860
638 718
663 675
767 629
912 624
998 413
791 119
896 885
606 53
405 987
201 344
269 715
100 572
166 918
182 901
949 914
874 260
216 340
112 325
668 240
982 88
857 945
647 689
973 579
280 389
717 280
54 916
622 259
314 128
635 642
401 149
613 408
477 520
867 404
22 73
921 428
409 130
529 176
151 443
231 26
627 23
209 235
185 257
548 783
644 364
969 774
346 234
394 333
105 346
441 578
194 53
949 736
536 675
624 105
566 265
435 2
488 775
517 939
79 278
5 258
308 916
164 215
821 99
725 628
72 338
241 265
866 412
58 739
173 963
78 961
399 738
850 386
186 274
339 453
889 844
717 885
978 959
155 635
471 598
159 162
6 133
322 686
675 197
510 476
889 492
760 339
966 503
126 281
654 208
276 623
143 753
510 242
764 652
996 237
486 110
621 969
739 219
845 129
12 33
478 291
905 167
422 606
709 538
561 589
605 738
137 596
70 615
705 600
224 356
313 140
390 285
162 95
210 916
862 576
235 49
460 862
679 21
248 860
208 470
491 312
407 260
307 860
87 597
48 248
307 882
75 444
238 741
558 433
8 284
706 489
48 935
925 978
358 917
167 127
671 638
526 37
597 564
593 473
713 438
609 506
819 446
385 818
50 327
329 540
760 842
2 120
544 633
322 730
135 544
402 284
318 875
746 929
303 443
940 896
215 613
934 684
337 170
98 367
508 675
725 801
354 416
926 436
699 807
891 775
299 656
830 709
323 475
249 199
213 814
936 483
278 919
19 299
859 613
188 210
131 808
337 943
805 314
153 512
339 416
410 46
885 462
888 3
645 984
72 682
74 662
165 250
842 431
53 486
300 380
408 876
267 61
345 971
621 811
659 826
414 674
740 589
406 514
974 459
479 662
340 524
352 520
937 297
615 286
976 596
873 151
351 577
689 887
663 399
121 785
884 50
325 269
578 257
468 952
396 524
636 883
625 406
2 971
763 393
471 960
931 835
326 993
731 31
3 33
559 909
356 971
795 75
180 541
210 612
78 560
746 120
98 921
660 554
545 64
575 32
697 117
739 780
227 178
396 257
943 756
615 613
869 581
559 107
356 242
204 16
603 722
449 194
581 45
841 5
997 938
271 760
560 923
876 839
400 188
236 72
314 767
737 521
990 220
796 183
639 851
603 262
776 518
319 916
832 753
287 257
74 6
606 843
971 216
646 480
890 199
745 778
487 357
376 345
673 113
646 931
753 460
279 398
31 427
874 260
537 891
279 631
18 375
286 382
273 491
47 863
808 277
413 438
471 423
875 894
179 542
396 667
678 736
118 162
753 26
75 735
381 358
232 958
806 692
781 673
408 724
429 550
466 664
505 466
39 15
890 579
171 26
927 104
821 848
597 966
861 274
103 955
182 517
700 546
734 381
193 488
748 543
842 339
971 699
904 840
206 709
503 228
10 304
431 283
744 483
307 361
842 939
519 314
685 196
125 157
18 33
998 690
484 989
343 425
438 306
554 152
481 600
402 883
109 544
384 881
72 653
537 216
960 299
592 456
119 559
635 43
664 692
324 691
262 119
409 715
561 740
893 140
932 156
470 513
211 365
966 948
708 664
339 206
191 850
729 74
795 321
264 7
800 774
100 974
905 726
435 156
164 350
82 960
93 676
585 883
806 682
675 207
121 410
965 89
111 680
410 861
517 600
440 142
571 62
385 756
197 353
629 850
104 304
808 121
645 561
872 466
515 449
913 362
462 158
779 876
452 897
250 334
198 418
771 804
579 455
999 636
908 581
198 232
644 37
662 76
943 731
734 171
23 579
2 867
744 928
585 651
839 765
826 978
964 987
176 562
692 561
418 452
674 271
433 364
822 377
12 458
841 552
990 984
462 41
883 941
62 775
16 288
915 530
462 824
126 61
295 902
445 8
374 117
530 9
701 607
40 120
577 919
827 968
644 376
2 395
528 956
117 553
636 653
136 116
360 672
680 333
246 691
857 584
53 873
404 133
741 958
795 755
327 7
662 896
514 835
275 886
115 460
21 715
560 55
289 796
980 916
197 756
870 615
295 615
918 301
671 781
763 207
846 571
813 771
244 634
395 632
419 236
736 689
14 524
77 87
683 78
512 797
714 134
686 120
151 868
502 128
628 914
909 917
682 655
336 526
758 436
434 78
199 391
590 732
600 221
574 469
980 238
714 878
695 272
333 33
101 667
576 235
604 82
304 342
90 729
863 744
622 841
479 362
37 993
228 265
541 750
832 81
339 849
73 263
891 789
710 130
331 573
934 496
695 510
658 969
247 483
32 835
56 82
352 48
175 735
669 992
34 552
864 727
230 173
680 97
624 542
537 407
463 557
528 187
330 645
832 236
899 445
123 630
984 111
279 414
415 614
588 82
95 246
811 850
976 359
243 640
898 71
735 781
620 277
140 312
634 481
369 590
862 672
325 224
978 427
947 508
888 68
50 865
160 280
477 975
640 36
191 138
931 841
434 413
972 820
17 569
797 270
374 622
215 658
57 251
603 785
29 735
641 238
615 30
653 480
111 361
393 774
602 364
370 473
733 878
375 636
309 118
642 363
985 965
520 436
308 563
883 972
77 559
688 714
252 144
84 931
907 139
805 862
984 302
547 179
426 238
484 508
165 565
400 101
432 681
609 511
780 741
328 389
511 62
4 74
986 832
238 789
752 579
164 869
365 361
814 455
390 449
156 169
732 555
708 784
175 181
408 489
929 909
585 422
339 33
402 730
453 31
686 435
689 209
878 325
647 406
401 936
839 175
811 570
433 209
761 156
215 181
542 388
323 95
734 44
199 535
177 341
865 256
636 206
35 758
419 925
506 957
896 983
91 710
721 993
718 672
166 542
867 750
958 105
515 449
706 792
92 954
46 331
196 300
226 387
761 965
330 807
497 242
99 392
234 881
545 890
370 249
300 249
880 872
123 790
668 726
242 853
592 861
952 629
452 49
713 233
324 911
988 904
242 394
481 218
73 149
307 632
693 844
127 235
243 877
669 806
460 186
980 635
825 646
119 531
874 718
703 623
38 9
213 205
205 803
460 939
354 886
278 108
969 901
322 226
336 696
17 510
648 752
191 309
784 588
293 452
106 84
238 40
202 336
305 224
115 123
763 768
852 338
512 176
424 933
763 434
707 714
812 530
975 683
624 793
889 770
404 592
433 144
209 165
373 694
384 631
40 584
311 567
277 574
19 736
169 31
809 960
255 592
303 653
489 710
340 781
911 103
201 960
401 866
622 984
683 38
21 241
184 807
182 92
412 828
734 655
421 648
227 221
937 417
534 194
996 503
618 141
59 842
390 17
761 524
364 970
844 526
532 831
406 825
663 547
492 502
345 408
752 534
737 89
958 212
581 447
226 433
558 399
675 472
449 863
6 692
323 550
260 830
832 945
994 94
727 695
579 690
213 558
503 618
341 92
857 107
967 617
656 373
406 735
881 42
126 79
232 922
611 962
115 885
5 233
721 303
631 875
920 685
62 211
645 486
666 524
606 875
994 108
328 441
825 467
956 581
186 458
433 837
414 383
808 213
56 601
121 980
368 672
750 832
364 276
497 276
554 188
894 159
395 288
152 871
271 897
263 225
15 922
728 110
732 512
985 250
115 371
182 100
855 301
188 451
976 41
521 560
171 898
581 786
880 229
563 45
729 785
799 836
810 811
381 417
646 170
487 27
464 430
86 464
566 255
604 464
465 239
323 917
248 679
111 789
499 742
473 962
597 212
815 100
749 221
23 891
901 140
798 115
222 794
604 859
33 642
548 501
326 593
879 712
235 276
886 849
486 346
721 646
309 620
162 28
930 736
188 550
673 492
894 317
301 364
953 624
698 153
847 367
805 456
501 580
445 678
552 407
674 94
625 542
733 880
913 143
57 864
988 323
92 615
640 831
880 635
510 92
128 424
18 93
979 865
832 74
748 72
6 461
76 655
185 776
11 924
253 126
635 582
795 218
449 46
329 483
534 224
610 132
793 451
525 245
903 314
214 666
14 426
632 731
405 470
368 904
570 242
734 2
568 186
272 108
484 172
171 256
593 644
524 440
844 9
380 539
920 889
887 940
698 63
227 757
709 428
919 919
653 243
222 566
948 61
574 914
202 937
883 378
980 329
72 649
169 719
7 1000
810 503
189 160
937 59
307 211
425 419
580 749
320 953
656 968
453 497
133 334
5 643
397 936
501 74
952 802
983 785
229 963
23 851
712 531
255 706
826 124
231 955
669 426
920 891
129 776
714 887
485 935
57 393
823 536
876 280
578 176
836 636
981 588
987 970
323 389
200 980
497 940
129 924
154 941
531 841
632 177
368 960
920 132
316 207
886 169
444 429
571 475
717 561
928 681
916 228
46 483
235 689
789 740
148 566
74 127
213 97
348 227
162 306
722 95
528 668
957 142
61 147
124 178
395 625
975 444
529 969
640 260
255 68
644 512
121 270
171 31
955 196
351 71
557 401
554 397
211 264
892 955
274 229
219 688
163 985
57 163
891 634
961 22
835 997
425 420
72 211
971 585
270 24
337 772
524 601
403 620
110 197
125 246
711 835
51 678
567 739
881 687
576 49
695 466
754 939
914 96
571 764
330 848
186 480
93 393
329 930
503 79
123 689
757 739
667 869
789 302
358 485
113 339
842 345
260 926
117 551
993 868
475 879
812 757
639 377
625 966
744 453
605 841
915 914
497 183
804 903
522 410
922 232
13 138
669 494
163 194
726 309
659 164
888 198
192 25
638 919
519 207
635 417
478 3
357 364
69 379
103 821
638 228
795 610
380 725
863 589
137 557
498 960
278 698
407 933
210 85
766 155
81 72
589 402
7 264
420 62
945 942
253 700
879 838
300 53
219 151
869 940
842 463
83 888
985 852
473 634
620 19
763 189
759 810
483 596
551 735
550 298
980 516
707 788
88 9
477 221
183 724
11 523
67 764
325 853
713 179
143 645
950 66
369 49
255 494
175 606
944 977
878 385
574 71
711 396
44 6
503 219
288 844
668 651
775 142
439 464
848 856
697 396
399 278
770 202
451 285
557 470
830 309
519 456
648 274
795 733
162 447
792 85
885 879
98 939
690 898
169 540
931 878
224 741
190 486
139 981
22 314
770 938
676 381
880 954
831 652
643 361
50 337
758 943
414 491
305 483
689 351
899 261
595 146
94 448
57 16
238 742
705 297
120 872
916 601
839 126
891 705
880 471
505 519
658 443
39 911
902 177
215 206
36 449
538 113
394 533
508 478
468 629
703 366
501 242
950 870
32 621
817 87
112 37
914 940
110 277
558 803
300 176
313 72
142 331
589 34
563 780
339 734
716 511
677 969
688 570
529 321
447 858
705 498
5 891
769 885
470 456
117 751
944 368
965 389
857 670
95 900
667 928
864 993
767 333
3 689
614 436
894 345
847 30
264 714
429 778
289 283
596 611
67 351
50 277
650 23
938 191
270 120
359 639
742 736
439 377
280 205
448 806
436 656
972 227
346 960
808 579
192 882
507 44
550 531
515 192
173 645
587 271
183 834
376 670
82 145
163 368
331 747
294 994
989 300
166 320
608 664
332 961
521 736
486 516
445 463
543 822
809 334
28 275
473 219
853 737
591 125
35 513
617 578
31 907
417 258
9 797
435 688
342 720
602 714
247 174
771 323
117 337
911 981
181 181
885 422
418 654
41 432
5 185
656 862
287 669
207 358
799 99
126 430
303 953
18 653
915 543
373 360
527 45
464 512
867 587
123 334
110 898
550 239
618 635
906 830
885 170
631 499
916 368
768 288
168 307
854 709
123 754
455 216
910 652
407 865
179 823
886 710
171 657
497 197
607 880
733 625
689 87
56 530
450 763
308 930
267 250
17 399
20 305
321 777
39 457
121 987
116 97
615 307
723 717
530 565
394 715
71 104
332 195
793 471
215 780
41 253
619 341
984 834
807 745
342 973
231 297
68 509
406 677
855 748
640 22
738 221
457 292
103 992
160 562
10 958
452 570
685 203
291 258
470 590
174 938
957 354
902 26
869 130
263 389
61 744
579 344
902 714
158 184
498 992
384 826
991 141
536 223
725 969
488 380
618 88
196 780
267 531
614 98
866 924
240 839
503 47
748 971
988 673
977 36
152 886
667 986
845 954
401 487
74 808
674 426
196 40
222 703
655 739
840 832
327 891
895 228
171 585
306 450
875 239
489 813
179 920
97 760
652 421
491 304
68 922
542 352
898 131
523 184
236 880
865 106
254 32
323 259
879 955
575 36
836 10
217 659
533 139
638 975
862 859
530 862
573 136
553 375
185 23
267 989
959 731
510 943
226 672
393 127
112 986
811 118
111 967
463 780
239 659
115 450
329 298
289 32
968 873
632 568
701 211
455 80
576 878
722 568
925 164
682 212
694 463
464 33
686 697
450 563
324 864
884 746
623 516
592 176
25 678
494 293
601 164
491 870
454 159
934 845
994 586
901 449
88 457
297 576
704 132
320 604
828 71
45 526
793 180
401 470
913 15
974 973
73 395
885 305
210 604
117 903
995 489
455 455
222 129
193 383
356 159
186 608
534 241
173 681
717 604
394 947
541 684
509 155
573 248
617 211
215 34
332 40
865 775
754 744
289 107
258 885
53 374
923 333
672 746
147 314
552 506
527 362
191 934
672 128
887 204
17 451
348 960
579 432
348 359
153 552
991 105
107 756
270 695
786 307
675 216
332 202
980 15
674 28
591 475
156 155
566 405
677 383
674 784
916 413
69 497
758 936
899 794
962 877
193 277
757 932
599 997
685 581
132 15
80 136
809 266
783 916
18 767
685 791
838 508
364 666
645 892
322 222
618 489
843 258
160 342
994 323
73 520
556 24
683 489
882 929
346 680
885 346
773 243
313 188
185 578
561 514
