1000 127142
2000
164 237
11 293
281 322
234 470
131 30
53 246
379 301
100 251
46 137
84 18
175 219
44 217
372 38
28 18
133 257
322 206
448 258
414 166
138 278
162 255
144 319
309 354
235 194
359 196
106 333
208 352
482 172
390 433
332 212
141 111
495 374
99 62
150 418
143 186
152 306
164 93
149 47
24 422
334 154
102 112
386 304
255 195
456 51
171 34
83 464
68 303
188 210
196 405
181 174
131 431
452 41
229 111
472 467
468 195
267 422
356 230
421 376
465 400
111 334
428 271
118 2
413 226
63 65
490 457
207 356
192 338
137 347
32 46
354 213
489 391
66 221
199 227
369 360
413 85
412 126
429 405
313 176
433 422
46 97
170 470
60 133
221 305
96 369
154 19
357 319
302 249
98 214
124 38
477 137
346 192
480 430
329 66
272 319
45 444
450 114
156 9
131 73
94 315
343 163
197 195
286 386
249 113
175 77
485 28
90 105
390 315
451 71
288 495
333 356
340 375
107 180
430 318
431 249
313 366
172 484
440 91
493 331
361 81
261 364
160 334
252 308
422 316
255 263
226 95
196 279
159 99
287 114
334 163
351 229
485 31
50 336
181 306
28 114
398 416
176 393
371 322
119 428
443 127
450 163
197 92
31 279
466 401
404 78
167 304
493 339
51 191
239 252
351 81
165 303
425 483
241 228
95 206
187 81
269 149
61 489
234 266
257 373
108 204
488 145
322 114
234 449
320 450
2 279
381 166
472 167
383 36
488 495
68 272
446 257
266 67
185 426
187 185
385 65
251 281
250 453
477 218
377 318
497 18
287 484
486 195
173 36
9 16
184 110
364 494
361 490
29 386
208 166
336 35
377 331
273 290
291 465
140 459
414 185
475 73
299 306
358 357
298 119
268 70
444 462
11 89
277 116
355 167
489 292
345 190
395 434
419 55
56 18
475 454
157 474
114 153
232 306
409 29
103 227
15 25
302 66
244 33
212 370
187 194
294 232
63 77
407 83
434 102
73 75
356 443
159 73
343 73
14 478
73 284
292 357
165 298
28 72
132 188
394 365
380 162
379 4
489 32
298 472
400 356
170 357
124 451
469 342
258 196
488 410
26 185
464 195
345 265
434 368
63 186
71 34
435 73
331 406
244 459
246 352
390 197
474 79
296 384
396 461
450 362
253 357
163 303
271 250
189 137
117 325
471 280
62 255
355 241
411 422
414 469
446 442
6 142
75 105
499 326
235 473
61 268
263 25
480 184
301 4
119 99
460 251
310 458
429 296
473 260
402 356
340 321
295 448
259 393
480 35
237 430
94 350
416 188
468 43
348 95
159 72
304 47
281 189
172 45
242 157
426 63
332 481
257 232
205 114
231 319
151 61
190 5
295 319
338 281
443 120
102 268
258 21
237 229
266 163
436 104
190 234
247 214
446 87
194 237
24 408
319 343
407 267
273 52
166 46
258 483
51 22
337 176
456 448
281 318
66 477
33 97
389 18
398 481
97 339
52 293
491 147
124 286
320 333
220 241
338 54
271 82
208 295
333 344
362 200
304 469
422 433
311 57
479 285
198 484
417 322
308 10
469 335
328 21
202 490
352 5
236 20
253 343
379 54
474 98
168 110
37 124
447 319
410 496
469 76
239 443
182 237
467 94
8 58
486 383
71 494
338 494
376 70
451 108
461 35
295 285
352 13
93 225
162 30
383 444
356 245
97 225
176 248
435 461
36 316
480 388
182 338
268 160
417 462
230 312
186 177
377 301
90 98
225 21
101 331
15 333
480 146
150 188
51 215
374 339
376 69
386 369
299 6
354 473
333 339
243 333
452 103
387 274
136 239
217 51
210 199
191 287
9 159
160 498
487 227
24 107
334 398
93 492
136 495
362 251
275 129
453 186
320 401
493 227
310 256
82 489
252 115
235 395
422 103
239 176
448 63
6 43
350 215
344 315
27 99
461 237
173 227
164 212
447 415
53 407
392 477
114 377
198 420
462 52
407 420
235 341
257 159
107 18
29 65
311 85
106 290
205 240
80 186
14 231
453 123
65 385
204 195
139 366
257 201
399 2
346 286
179 204
36 57
214 280
218 405
201 465
255 461
174 369
102 93
277 367
294 481
495 62
164 310
104 379
94 295
144 482
360 404
154 228
67 240
386 6
190 296
339 481
111 48
164 483
350 187
127 102
190 69
468 292
248 171
219 85
294 149
304 154
82 131
56 72
296 455
394 62
210 425
278 20
494 193
343 2
232 384
207 280
180 244
489 350
485 216
275 424
362 36
33 447
225 129
43 61
202 12
74 324
217 442
247 403
400 77
360 430
135 342
110 5
20 115
339 344
268 488
17 254
209 155
294 386
392 396
26 126
388 253
224 223
496 314
314 171
184 426
26 246
82 404
303 228
404 313
473 212
194 354
310 38
396 8
388 93
421 341
92 293
34 186
488 394
215 150
190 78
426 415
211 169
307 101
441 36
42 145
178 291
60 5
139 397
166 363
429 330
261 122
358 220
497 455
43 475
440 388
348 345
137 458
44 345
265 143
444 29
141 70
294 403
449 15
481 233
167 200
423 399
118 455
480 379
167 106
35 259
180 228
392 344
1 2
243 334
481 496
369 233
50 402
349 155
484 49
491 270
124 454
206 419
16 56
403 59
409 331
395 314
255 178
366 116
113 374
37 215
15 89
467 486
309 363
245 167
197 239
127 323
149 338
66 377
261 280
500 211
388 213
52 456
284 195
55 440
2 232
464 409
52 282
145 213
94 211
288 185
391 256
248 155
464 455
293 235
16 297
60 469
5 151
427 307
209 184
282 73
47 165
450 64
298 354
406 268
200 147
189 393
331 249
63 119
408 156
157 199
381 465
262 427
62 98
359 445
82 338
451 265
73 295
438 374
72 372
430 42
95 494
119 276
288 204
332 111
241 233
45 103
261 344
156 322
383 428
385 377
184 339
439 312
137 304
260 189
344 313
55 430
450 243
260 7
247 460
363 212
435 211
308 44
191 243
26 5
344 56
326 198
357 461
316 179
485 279
126 29
334 114
157 469
399 465
219 27
133 281
19 9
83 309
32 411
471 234
288 327
90 290
283 294
456 169
40 367
349 357
207 28
58 146
248 440
282 164
50 437
38 495
369 331
49 247
227 195
89 361
251 183
277 197
127 237
289 135
381 186
140 37
252 51
480 355
156 111
38 472
266 237
450 283
216 26
220 97
390 9
492 168
438 478
63 39
352 138
285 232
181 433
423 460
410 14
84 467
370 38
212 25
100 168
103 183
326 485
454 43
23 398
100 186
271 37
286 128
405 150
171 252
9 164
120 268
354 325
430 254
451 219
190 233
337 229
23 240
50 215
148 235
439 90
496 460
287 34
25 134
170 40
199 298
3 178
45 249
204 401
49 65
235 78
490 442
393 286
79 112
384 371
440 292
425 491
189 375
384 131
421 369
414 194
291 310
70 462
374 371
134 28
274 405
271 91
388 55
147 462
121 434
470 207
472 49
24 325
443 17
91 208
398 355
153 407
172 244
220 120
78 148
156 60
210 213
457 488
375 84
261 475
208 27
90 467
71 149
239 123
351 404
460 305
202 483
469 20
331 416
447 247
111 344
180 333
228 49
477 360
309 224
108 495
351 55
477 270
452 435
126 54
386 115
179 39
237 95
248 130
95 235
277 210
368 131
442 299
429 429
218 369
145 99
141 217
257 459
265 38
184 202
83 482
414 150
141 110
42 186
191 262
176 362
325 486
452 318
451 215
329 322
161 414
238 76
163 315
400 97
167 453
343 5
219 326
443 318
309 365
499 464
301 343
455 298
413 437
267 3
137 262
104 84
311 176
394 261
232 23
351 339
383 325
482 189
246 273
259 217
402 264
170 158
361 439
430 211
268 359
122 198
463 6
30 127
1 246
105 345
11 101
325 11
254 273
208 303
45 291
293 297
403 243
232 228
489 229
359 373
120 77
28 400
300 491
79 131
149 478
61 169
210 303
169 43
315 168
462 409
427 17
461 6
477 414
442 224
186 349
481 344
261 302
428 31
316 277
437 62
14 254
404 11
477 256
32 269
467 223
82 299
436 313
65 444
43 113
181 233
293 301
173 461
391 299
401 119
208 248
481 16
294 81
344 388
9 4
78 197
260 109
92 272
34 348
466 431
76 260
455 94
306 309
379 391
210 410
270 471
407 486
325 421
3 305
418 84
86 473
240 193
328 403
189 450
196 447
160 462
15 492
405 140
293 436
247 159
166 199
413 168
262 320
24 197
6 465
330 452
64 405
192 172
440 202
148 318
89 440
390 484
51 397
33 415
312 424
81 472
254 151
268 399
66 170
47 248
109 213
9 448
59 168
375 323
87 24
215 390
298 106
29 65
318 454
307 158
352 418
110 494
236 269
284 394
299 320
73 455
66 5
288 352
23 87
136 317
24 483
25 320
137 391
30 175
211 182
358 92
386 264
208 399
30 475
287 127
335 234
428 120
482 462
7 498
207 203
375 470
88 330
423 209
317 334
381 240
77 423
376 44
269 184
52 365
370 461
465 422
11 278
110 341
245 225
8 301
292 271
444 190
334 374
59 166
227 61
46 305
163 486
126 9
18 412
31 89
230 18
46 445
285 116
469 484
251 341
349 268
349 30
214 155
317 95
79 96
452 402
148 103
365 181
55 139
324 283
252 86
106 291
159 53
294 328
437 64
110 6
154 125
316 68
405 292
455 245
460 142
93 292
274 13
267 77
165 73
428 300
114 96
198 265
42 275
191 344
122 316
32 170
79 275
361 484
1 452
31 66
350 483
409 305
189 246
423 371
78 452
216 178
2 495
479 321
429 60
51 127
468 483
269 34
84 282
107 316
371 443
324 171
75 83
188 340
188 132
315 281
432 436
8 376
212 325
105 98
156 131
105 308
125 329
297 263
329 136
306 497
38 375
40 46
171 314
223 55
305 93
49 448
398 29
260 341
188 489
475 6
287 78
427 127
96 395
374 452
130 75
77 426
247 227
312 176
233 22
200 218
344 183
48 235
83 61
149 396
322 156
75 80
310 220
118 60
162 116
346 34
47 296
128 10
32 252
261 427
482 154
347 301
390 111
479 299
72 349
169 50
326 210
53 405
234 474
80 207
271 167
252 489
464 144
398 410
398 360
490 301
481 399
279 299
258 444
21 477
345 418
240 98
260 61
420 171
326 51
121 71
401 119
404 108
93 105
303 314
103 316
385 60
287 434
27 149
212 195
42 298
479 368
173 296
363 357
498 470
14 447
265 286
49 483
231 74
185 485
34 332
313 113
197 174
442 128
340 85
23 200
93 70
335 461
447 475
418 258
150 397
246 498
36 152
427 387
486 372
396 153
102 49
337 215
144 167
130 499
137 424
453 5
112 2
36 204
404 114
315 210
82 378
460 256
402 87
118 370
376 306
68 123
484 37
279 362
391 175
487 499
223 27
301 274
425 403
365 298
198 215
49 167
197 186
118 193
35 339
152 406
377 223
51 99
448 141
204 433
203 492
338 152
408 401
444 192
113 381
301 399
67 22
369 304
151 366
356 140
385 250
60 151
14 443
500 24
359 181
322 246
421 493
8 117
104 225
425 374
137 114
208 480
465 450
275 224
160 487
2 44
45 253
480 171
179 481
348 52
261 476
376 326
65 376
189 162
158 6
7 481
437 370
453 174
71 194
389 376
306 273
15 61
359 93
462 429
255 402
411 206
116 198
258 420
247 93
285 191
246 94
444 184
62 307
289 213
448 424
334 381
480 143
114 97
308 17
225 169
142 382
408 240
389 130
48 261
384 106
465 499
397 423
473 167
147 423
89 497
227 202
297 21
382 188
147 33
485 362
406 274
29 442
450 453
284 48
100 397
405 123
117 323
180 347
210 213
270 432
61 248
256 449
387 289
83 152
381 482
176 11
286 125
16 52
247 148
453 337
179 376
262 492
167 367
294 84
348 234
75 172
312 8
311 104
154 491
145 330
178 223
116 208
393 390
162 152
420 333
364 470
43 273
466 205
372 271
19 434
430 261
164 452
453 466
345 143
91 158
276 251
293 349
431 163
97 93
452 33
438 164
68 100
469 488
480 52
465 89
444 359
181 445
230 200
11 422
162 380
201 376
407 461
142 47
481 444
349 302
260 45
44 314
414 371
269 499
81 299
212 61
496 110
335 430
343 161
64 38
100 29
419 376
116 318
17 252
187 293
202 365
457 118
382 390
85 34
255 141
104 482
393 461
243 479
300 247
111 353
227 409
413 246
34 53
249 267
85 158
91 23
431 199
222 473
423 109
272 340
438 72
381 245
489 366
438 307
247 421
494 221
357 121
51 381
260 293
268 285
149 304
450 284
497 128
110 257
368 483
189 441
443 351
355 432
299 86
6 436
28 11
114 478
495 109
87 182
284 142
239 75
116 205
367 463
121 316
383 377
251 483
190 358
437 363
102 481
401 294
162 478
146 348
213 452
368 55
186 132
469 319
465 444
135 190
334 108
135 153
366 189
396 105
264 211
496 409
168 298
172 226
224 228
438 426
257 181
216 61
254 48
114 351
79 472
448 171
257 200
184 75
151 255
311 124
284 237
10 243
405 341
212 9
174 289
282 309
162 222
85 446
65 446
402 265
269 192
292 285
314 78
231 422
210 482
245 488
378 248
356 434
108 246
202 10
129 281
409 437
101 2
306 474
225 339
293 197
188 372
411 462
380 160
389 285
110 226
136 58
98 500
333 190
83 150
11 51
480 80
100 26
240 265
374 3
326 374
247 153
157 376
268 407
272 164
287 383
76 219
441 432
347 255
61 225
323 113
80 81
499 342
245 465
12 238
95 328
159 248
326 382
461 212
206 374
463 77
219 123
463 265
186 392
234 357
124 401
159 210
257 8
491 309
30 483
263 113
196 148
44 67
229 344
355 158
317 266
333 389
396 391
458 54
38 496
93 343
232 36
28 395
84 489
200 416
133 474
495 449
227 380
70 383
119 196
137 12
64 263
95 233
425 120
118 362
472 31
92 7
80 88
222 436
491 208
232 39
438 61
403 19
366 418
156 188
256 407
359 369
424 1
22 64
129 1
270 163
223 471
280 161
60 406
318 421
366 23
290 285
25 290
267 474
267 255
165 290
386 28
170 427
88 495
83 222
492 68
250 70
190 221
417 423
337 4
205 363
355 67
21 406
94 337
392 483
185 229
240 370
363 147
78 98
184 78
247 350
177 163
241 111
412 233
25 241
389 280
68 237
184 59
413 242
391 10
383 125
380 168
292 439
411 337
331 354
21 241
138 221
327 89
234 238
390 17
260 424
361 343
289 434
490 358
234 316
500 366
19 55
91 305
15 173
212 302
313 446
234 223
365 167
198 128
492 276
465 270
203 71
124 384
193 314
180 443
279 236
25 250
192 6
280 48
266 166
444 447
138 105
442 316
308 459
180 17
350 411
381 197
358 455
444 412
34 232
415 169
330 202
317 103
191 82
247 75
63 364
330 217
193 460
282 495
498 149
400 43
194 43
387 356
9 291
163 321
359 351
497 414
257 378
135 44
21 101
244 466
284 410
154 333
440 155
235 114
483 104
385 34
401 30
307 11
43 362
134 35
292 320
92 388
119 371
413 164
19 130
232 52
338 276
223 66
48 78
358 448
130 198
171 423
205 124
79 153
97 339
422 262
48 444
315 447
259 315
9 273
268 484
252 304
346 151
215 371
224 448
270 381
229 420
444 466
165 213
309 299
433 302
1 205
64 74
128 113
432 458
238 80
387 219
423 120
342 168
181 295
440 478
48 45
411 492
384 320
343 38
188 458
179 371
397 495
436 195
215 105
175 465
14 370
138 88
2 198
141 493
116 253
459 213
475 208
157 151
397 80
471 243
271 103
65 273
49 42
161 424
296 242
203 470
439 155
382 137
92 156
104 161
250 14
381 104
489 262
344 329
495 327
57 148
311 42
257 272
46 334
208 447
402 248
1 196
303 388
102 393
101 476
298 265
3 258
51 342
143 423
57 276
275 154
465 358
317 117
43 59
404 115
167 374
62 239
374 316
494 386
489 384
161 295
249 296
149 101
25 84
47 80
366 129
340 148
441 227
66 50
46 122
51 87
400 272
358 49
184 348
67 315
411 117
286 338
82 258
248 40
433 457
115 446
419 48
58 50
89 91
318 77
210 296
8 195
136 300
42 1
418 313
354 271
101 232
95 440
405 270
434 425
160 280
5 6
379 408
326 225
183 124
70 434
161 13
439 349
208 354
376 389
202 402
212 499
49 451
175 131
8 449
112 56
281 207
3 467
148 133
93 498
458 79
319 15
116 296
166 202
53 193
456 210
46 131
100 323
51 126
462 489
278 143
325 228
226 329
397 397
64 21
277 484
288 316
218 53
254 304
16 487
463 274
336 265
263 496
236 403
81 19
441 142
190 412
139 183
206 56
411 386
397 351
229 344
207 124
366 141
436 265
257 128
206 426
396 251
432 5
419 129
213 139
193 19
329 406
31 355
464 237
156 138
41 69
63 221
272 220
401 385
391 35
377 48
364 349
171 191
401 302
53 87
331 234
293 448
190 459
129 145
18 362
197 407
452 458
455 354
33 340
89 175
415 438
344 480
439 95
129 178
237 48
220 66
22 111
213 29
293 275
429 459
325 308
68 120
18 425
400 490
337 21
72 319
187 196
300 90
253 76
335 211
93 143
215 234
11 314
306 72
370 381
331 104
22 202
32 340
338 435
65 325
63 308
372 429
306 395
284 429
312 466
87 476
387 51
16 60
386 448
41 166
72 277
17 85
394 331
90 409
441 375
499 135
41 226
195 458
93 76
110 480
432 160
417 42
481 424
194 53
170 87
159 102
26 264
325 171
299 464
193 428
392 235
399 122
159 28
120 340
11 338
338 13
234 37
279 9
110 366
298 293
116 483
154 172
479 491
32 366
187 203
164 221
243 22
49 54
43 164
312 310
237 457
112 38
446 101
222 430
469 485
358 311
271 410
87 154
63 207
145 164
420 424
172 187
246 331
