1000 124501
2000
72 94
205 18
119 76
259 296
437 103
307 381
53 88
477 325
47 201
284 436
98 170
145 191
347 14
21 430
226 425
110 302
67 236
225 472
211 147
246 13
467 360
498 262
46 218
250 156
278 42
260 112
453 142
1 229
296 164
19 322
1 82
463 254
314 469
476 225
479 55
1 266
219 163
4 265
41 337
348 91
356 357
189 479
313 306
163 309
101 38
291 5
92 258
485 84
458 112
401 378
383 124
498 7
314 420
387 237
37 159
383 176
85 238
340 375
496 297
373 224
223 360
483 483
383 189
21 371
362 416
158 140
487 52
343 231
227 21
60 217
306 295
281 31
274 110
459 488
240 7
480 39
311 157
434 44
324 10
242 297
253 376
240 243
367 494
132 324
174 427
295 44
87 56
71 66
141 77
227 192
148 497
368 186
119 384
20 437
244 328
214 195
301 194
280 71
316 240
263 8
128 492
405 299
100 274
238 43
306 146
185 184
110 426
400 395
253 469
251 198
229 36
168 144
91 400
398 336
51 322
74 357
241 102
172 462
345 133
44 497
302 342
384 389
150 202
24 249
55 246
119 326
392 290
160 280
499 310
47 12
222 243
101 397
296 322
29 85
227 302
397 88
115 23
421 369
309 31
253 469
287 287
22 270
261 53
411 41
414 475
436 403
202 476
217 389
129 247
258 491
496 61
359 19
221 415
384 150
184 1
302 492
8 5
325 391
92 64
188 361
302 221
409 29
328 382
393 391
180 169
143 203
127 488
64 135
291 403
421 273
418 246
466 244
448 275
193 139
125 178
449 95
450 114
362 484
384 197
366 52
336 199
86 286
415 324
304 306
146 349
231 13
258 399
133 500
419 188
151 406
276 149
251 55
305 346
492 51
60 445
433 333
183 51
36 390
263 332
271 46
118 381
264 340
307 479
286 97
326 253
13 448
365 387
47 317
196 413
328 205
72 406
385 371
24 408
474 95
14 295
124 128
94 305
75 255
445 130
47 373
349 155
3 47
358 341
305 10
310 336
281 109
45 459
217 153
27 338
120 36
341 368
415 296
356 6
294 399
391 52
348 59
274 412
27 186
269 205
433 202
242 258
496 72
244 360
2 260
141 65
473 87
477 362
262 52
121 263
33 476
457 499
157 153
349 369
489 232
74 165
496 315
26 448
243 302
312 326
32 75
87 356
234 350
283 68
346 36
185 336
251 67
387 266
110 24
475 276
466 61
88 346
304 332
392 238
428 3
198 9
45 152
177 61
198 457
255 214
428 242
401 167
234 62
83 167
338 488
330 321
281 89
337 10
325 476
265 159
342 108
330 374
63 67
406 293
222 254
61 149
133 80
338 332
191 398
194 469
483 417
473 476
241 31
219 59
310 469
69 374
51 246
447 162
488 232
227 280
241 425
17 353
369 317
274 207
357 204
466 439
30 496
429 70
183 387
317 423
163 34
227 386
30 48
258 69
149 247
475 90
3 231
212 194
41 307
237 70
148 96
406 321
272 486
39 254
311 294
496 30
73 435
275 18
489 377
294 61
324 295
466 95
59 193
303 452
431 358
58 381
287 12
367 19
429 343
364 378
26 432
455 120
495 305
136 496
310 54
218 304
401 324
195 423
447 78
488 54
299 241
495 456
329 392
322 461
165 94
439 394
195 36
125 493
441 261
17 380
244 270
45 104
448 341
263 258
370 127
117 197
373 15
361 338
485 272
338 265
342 137
383 188
121 459
308 250
213 336
66 172
286 302
258 65
429 275
157 386
171 68
121 497
242 363
6 412
400 36
3 139
20 389
115 366
346 175
473 222
145 439
11 114
272 51
311 362
37 327
11 87
115 457
55 30
260 172
272 98
109 85
35 451
58 286
175 182
273 387
264 104
96 350
374 396
302 165
239 453
465 50
497 390
425 240
179 108
64 390
114 313
188 329
346 328
360 474
31 209
282 496
413 467
458 219
429 261
33 432
109 198
93 368
427 108
99 158
84 412
451 215
56 90
238 199
272 86
38 328
266 381
436 237
447 418
372 222
85 199
414 438
195 319
70 362
356 222
64 177
500 106
443 136
479 430
153 5
477 37
214 360
106 221
435 361
167 137
376 327
477 426
493 420
430 417
323 176
97 138
205 187
135 476
39 457
334 201
237 31
52 439
62 192
270 53
79 234
373 441
73 156
1 162
411 49
302 350
419 51
363 405
2 437
309 326
407 46
351 17
57 270
265 414
265 131
454 369
484 465
191 450
189 350
117 133
430 207
57 139
192 114
428 154
93 344
41 327
49 128
351 288
381 439
434 60
463 456
62 42
399 454
356 344
401 313
330 360
287 464
232 178
180 240
66 111
20 453
164 208
262 3
205 35
28 230
49 432
152 450
36 499
475 12
108 445
110 2
415 149
438 220
463 208
211 182
346 487
442 353
227 303
399 425
353 81
424 165
253 174
230 138
140 438
40 500
52 446
54 139
206 337
119 69
169 132
221 126
5 156
283 313
431 95
198 447
15 495
68 45
65 239
417 359
478 277
33 248
110 303
470 39
43 159
139 227
409 408
224 199
280 409
180 456
251 44
81 211
290 322
321 298
232 88
245 419
273 247
82 19
489 172
303 119
235 335
148 223
85 439
439 377
401 142
143 450
122 468
301 57
55 299
322 405
416 243
305 189
319 1
102 321
280 430
201 356
449 243
356 263
156 359
304 458
379 184
51 424
282 234
12 175
25 364
132 147
385 123
43 7
182 156
433 262
337 342
368 229
37 115
351 115
43 177
104 460
19 413
33 20
231 58
481 203
112 462
125 72
94 320
185 261
261 484
333 24
440 327
489 430
378 89
477 275
135 309
144 174
466 358
310 94
31 318
96 40
378 15
109 333
155 86
220 132
412 171
327 117
108 487
324 362
255 429
89 450
370 307
241 83
302 189
88 383
467 401
375 468
146 54
249 435
308 2
43 428
75 191
72 47
80 364
373 235
411 265
446 145
64 317
438 77
145 356
384 299
81 469
302 441
231 134
135 301
221 327
23 51
246 201
325 34
176 97
102 177
176 497
225 388
319 196
131 187
493 414
338 147
186 71
353 456
298 412
351 296
356 189
396 261
110 213
249 269
86 67
356 83
496 151
418 303
282 151
337 271
79 335
175 192
460 475
284 326
338 412
41 310
228 417
401 362
393 358
250 78
110 414
255 395
260 108
476 198
311 124
427 79
360 362
33 173
201 324
493 330
323 31
409 335
394 118
131 437
198 373
35 221
336 198
175 273
93 126
19 479
460 101
400 122
386 367
370 150
206 194
380 383
112 497
45 493
395 265
106 19
170 328
379 248
270 25
85 442
72 53
203 421
238 219
287 467
238 186
403 347
447 4
477 223
227 131
108 279
192 446
335 456
433 163
148 285
115 426
439 306
106 184
431 480
33 135
275 413
367 176
74 370
25 139
312 250
269 124
16 307
125 19
258 362
344 416
358 35
35 428
4 53
363 203
15 156
357 237
119 56
197 161
28 126
445 202
85 18
140 400
21 242
339 179
374 89
315 183
70 446
488 229
348 101
469 487
214 94
273 493
190 174
128 124
178 364
299 423
158 311
469 204
180 465
455 133
216 237
453 368
134 315
478 297
382 234
382 287
27 481
486 465
316 91
462 394
426 194
308 499
216 32
493 414
100 51
382 399
206 118
423 279
218 203
130 67
50 368
48 216
34 437
336 161
277 25
433 354
281 329
373 490
442 82
192 308
461 360
255 418
77 255
405 29
379 226
9 120
323 47
98 165
289 353
213 456
353 248
346 444
227 380
366 487
46 131
12 138
266 86
256 52
299 189
431 384
98 460
317 411
155 152
459 190
252 499
95 152
180 363
390 76
28 55
104 211
222 398
275 368
107 469
220 265
395 366
29 480
414 145
410 315
107 79
64 480
106 326
138 12
459 83
204 307
78 74
112 264
384 435
88 168
112 441
475 8
112 22
345 415
325 90
439 440
200 47
351 292
353 326
193 327
481 104
314 118
144 134
335 174
93 82
60 121
271 351
187 403
436 427
442 70
433 34
224 340
379 116
469 165
409 181
291 35
146 382
155 163
158 329
189 163
127 239
318 120
327 225
227 99
94 239
79 290
400 187
477 451
83 302
127 443
290 208
292 134
480 490
99 93
498 99
399 394
181 358
500 422
163 420
273 245
259 114
164 176
494 37
43 381
24 452
311 235
228 30
188 450
192 469
319 239
212 356
147 490
495 330
104 203
73 4
410 431
439 55
22 440
481 414
199 10
407 28
128 381
479 345
377 128
17 176
481 482
284 477
98 499
410 143
353 22
444 446
482 48
336 76
226 302
42 303
62 338
97 269
201 471
62 197
464 81
254 300
334 255
334 89
210 202
315 291
475 18
42 458
87 497
1 371
104 394
26 137
119 393
225 103
81 184
424 287
65 97
459 240
182 170
415 245
435 321
463 140
453 313
208 187
119 189
36 272
168 65
306 484
370 21
80 3
300 446
295 49
221 433
41 20
261 201
15 206
113 332
154 219
289 351
304 124
257 319
65 176
347 153
455 310
165 16
402 200
406 378
235 457
226 440
283 247
474 357
404 288
297 280
406 282
71 370
27 437
74 79
173 315
120 101
94 176
41 60
352 99
36 193
101 286
473 450
366 263
115 15
240 80
62 208
308 156
115 415
422 128
151 364
167 456
162 361
154 394
152 428
95 133
56 206
207 139
264 135
182 141
37 186
219 258
146 76
336 193
273 484
466 109
269 204
117 480
99 260
239 143
250 138
435 435
153 409
148 335
298 190
294 180
195 198
238 105
286 209
365 450
349 172
148 69
44 343
434 418
215 113
147 371
169 255
224 341
98 112
310 397
196 297
422 374
209 207
447 403
265 458
418 423
353 155
493 275
195 158
281 225
162 106
355 436
12 50
251 473
134 466
483 212
96 335
408 341
346 213
80 7
146 122
492 119
419 15
400 354
56 83
493 312
128 138
413 485
255 260
269 117
91 410
244 396
454 67
387 174
49 293
368 332
497 60
469 295
262 500
113 97
262 278
20 191
456 313
68 307
93 17
331 314
99 42
464 79
429 59
9 312
198 285
455 79
409 225
82 303
461 364
34 292
237 15
412 376
223 40
340 72
276 28
195 19
450 366
253 319
91 96
356 195
466 152
453 365
474 494
100 22
227 500
197 171
272 474
451 455
434 363
414 142
173 390
410 274
415 171
385 139
394 193
436 455
52 455
134 237
96 76
392 147
25 308
64 388
184 155
348 230
305 481
273 434
11 91
209 86
428 216
418 102
73 139
180 391
233 450
258 406
446 364
188 425
123 169
150 13
113 429
247 138
381 302
2 318
179 22
343 262
77 180
150 318
155 448
307 69
333 97
36 172
295 371
363 200
269 22
327 11
404 301
358 60
27 200
86 152
268 492
153 139
413 394
17 252
191 42
76 58
384 321
311 211
441 114
194 157
494 493
386 258
96 398
185 69
398 299
86 206
206 185
196 33
80 255
418 189
325 64
352 187
461 109
97 423
355 419
378 208
195 491
44 191
254 194
56 84
294 142
491 233
101 146
478 358
10 144
111 496
459 13
376 371
270 342
278 250
231 227
139 422
447 79
86 319
322 386
301 80
466 252
311 387
431 446
312 266
292 305
103 153
173 118
487 329
164 66
76 297
141 410
473 141
373 468
211 140
27 12
476 125
276 31
16 158
245 495
127 288
485 226
397 149
246 272
340 465
458 103
114 242
345 236
4 416
136 246
44 298
215 382
219 119
35 133
481 157
482 19
20 385
310 474
190 84
118 389
326 377
140 287
476 459
439 25
162 212
500 360
75 461
446 285
64 331
371 171
353 157
480 79
250 153
305 43
194 11
86 462
379 67
146 482
280 232
488 258
486 275
278 140
28 186
306 16
414 469
62 296
383 317
164 482
367 32
410 240
240 401
500 99
304 327
239 392
435 232
499 370
63 6
311 364
351 46
207 497
39 240
13 47
36 233
371 154
70 476
404 443
300 317
224 85
353 231
120 372
182 326
233 131
139 202
18 29
175 10
45 253
260 313
340 419
116 396
113 446
490 311
488 307
11 438
199 307
356 271
335 18
431 163
275 324
275 24
456 56
415 126
344 320
7 38
70 7
31 279
283 7
440 108
202 93
338 188
97 354
437 122
256 160
240 271
129 321
459 494
443 445
492 158
339 40
413 449
358 321
159 256
43 16
35 57
339 325
227 279
269 138
144 198
58 493
136 167
230 290
325 362
390 88
169 487
420 298
276 469
304 233
182 54
115 311
139 106
363 440
270 246
219 237
21 286
192 401
422 319
174 67
403 406
219 24
152 182
412 153
480 442
293 7
338 199
122 114
87 18
452 397
8 193
374 116
139 36
55 298
438 296
359 102
187 193
40 27
37 65
342 62
209 485
242 398
406 173
20 75
65 345
440 401
21 419
186 397
404 105
455 261
286 218
483 361
269 475
41 476
455 39
234 407
301 45
427 332
23 230
171 310
96 67
408 154
221 431
414 164
67 485
393 336
10 125
413 81
366 374
321 66
208 239
181 209
157 303
41 34
241 41
458 302
164 315
366 9
302 14
402 426
120 182
211 492
41 431
91 22
349 51
268 72
469 9
240 2
34 361
42 112
354 46
393 88
381 132
460 328
288 220
114 119
360 29
224 249
58 441
422 461
266 291
471 34
149 451
162 237
295 129
184 445
291 468
78 116
345 209
170 50
40 471
100 366
207 145
449 101
192 376
242 194
59 185
224 36
202 309
426 395
472 100
315 72
179 435
171 102
120 28
341 493
13 277
34 117
310 308
352 346
366 309
183 124
15 394
217 261
104 29
443 146
175 399
424 333
396 36
318 435
155 223
307 283
123 429
206 383
85 438
156 172
70 432
380 58
475 66
191 321
374 221
250 454
54 340
37 145
236 263
347 114
421 57
494 339
197 239
235 487
160 107
182 493
455 321
200 283
360 330
256 376
270 162
230 347
144 203
493 31
337 498
446 405
78 410
402 284
235 498
365 305
375 86
287 496
210 326
41 399
9 245
179 416
421 368
320 67
439 464
416 264
135 393
288 450
18 185
363 390
438 386
213 231
97 276
183 342
57 63
425 479
280 311
220 261
452 27
499 209
197 18
292 192
47 110
5 134
42 132
458 43
91 478
22 123
266 32
84 496
346 455
352 14
251 325
258 61
369 489
246 359
408 412
323 454
433 255
88 183
312 422
32 236
39 18
169 377
494 323
355 201
376 277
90 276
473 178
452 416
436 404
78 148
153 439
80 237
483 275
213 299
440 466
413 93
19 374
354 381
388 449
72 7
204 314
60 48
30 266
180 253
488 9
205 40
101 495
246 399
323 264
372 492
182 257
34 145
288 335
86 241
454 457
173 86
217 114
320 458
15 348
317 173
126 258
167 461
41 365
305 385
154 323
49 59
150 243
370 161
226 430
33 119
350 483
110 491
363 411
54 326
209 200
232 161
27 285
42 241
333 431
237 117
125 342
447 351
60 292
105 91
51 151
98 103
488 449
29 109
464 469
55 339
136 99
371 217
395 263
212 171
465 52
458 83
475 320
380 491
64 50
76 93
419 360
326 208
63 235
497 394
458 459
377 89
431 219
266 467
73 409
139 273
454 311
275 329
47 433
21 51
338 223
308 91
190 441
80 298
50 72
284 63
288 124
318 295
419 200
2 367
302 16
29 417
273 422
257 500
124 326
376 393
311 417
151 372
491 228
219 362
7 283
165 45
263 433
237 122
9 451
163 263
159 76
92 23
41 392
223 48
313 191
71 265
182 369
124 267
214 119
380 336
366 168
456 123
369 263
154 197
456 428
5 43
244 24
220 449
109 207
153 24
167 244
47 119
413 419
316 18
179 288
482 438
466 169
246 210
188 309
115 456
185 200
273 206
52 300
188 66
218 250
388 31
12 407
260 341
262 405
212 435
334 397
361 402
193 73
342 339
375 190
123 329
223 315
367 363
347 352
4 195
499 99
381 471
430 140
296 356
470 95
290 325
435 455
96 315
26 230
73 470
251 317
88 419
77 264
112 369
453 469
69 233
178 382
480 91
287 172
414 92
95 397
371 263
95 130
382 496
328 478
398 401
43 471
368 304
379 65
401 368
430 414
10 167
248 245
480 238
380 86
433 165
178 80
97 424
376 226
438 208
211 416
488 422
474 97
20 466
468 110
268 302
26 95
115 396
76 179
163 403
402 56
1 333
108 46
73 225
45 277
343 386
33 130
8 147
125 126
379 251
147 324
293 24
234 200
33 210
131 23
295 438
166 282
467 331
207 471
261 281
266 363
21 403
358 346
134 135
59 419
370 136
409 289
332 76
471 195
374 15
214 329
84 389
1 259
51 336
333 319
220 374
50 127
310 310
495 232
186 30
275 190
4 482
480 219
194 440
145 194
65 171
317 179
115 68
63 45
338 42
292 220
148 134
138 226
14 214
139 442
103 264
271 392
248 27
112 161
229 395
38 45
193 272
308 279
5 153
356 421
382 292
451 302
381 265
92 32
127 489
368 418
61 499
23 219
233 3
441 381
78 346
442 27
272 343
389 201
109 362
365 262
67 92
126 399
419 176
491 127
274 87
481 382
319 494
477 495
481 389
424 351
413 397
362 150
170 477
500 247
411 105
64 421
40 230
393 183
182 337
199 380
152 124
1 166
3 334
425 232
375 167
72 65
11 284
389 137
192 490
140 287
275 256
233 157
18 180
463 6
116 167
354 16
498 269
114 27
406 481
150 281
250 239
65 121
244 70
450 401
146 176
341 477
80 472
454 238
186 436
268 91
300 182
82 190
291 165
435 454
234 8
176 447
253 180
414 127
242 182
189 471
297 370
218 195
59 126
363 190
136 140
171 85
497 212
186 28
13 63
308 370
242 134
18 391
364 59
87 239
152 78
303 9
309 476
112 102
276 421
110 202
500 335
72 432
320 377
357 384
383 469
419 406
483 387
425 142
348 9
90 367
162 137
63 108
420 39
90 296
70 272
490 94
33 16
254 184
