1000 219070
2000
398 159
144 390
454 368
449 336
435 205
348 431
339 64
436 171
931 774
191 930
526 579
426 211
34 83
60 338
136 492
264 276
45 212
159 171
332 409
361 298
270 46
293 296
52 50
93 348
663 154
285 268
252 359
447 209
219 17
155 399
472 517
395 244
111 359
364 553
398 47
223 87
21 416
199 113
72 209
356 17
234 336
15 416
351 284
346 10
1 109
92 201
328 379
315 44
480 47
204 738
289 271
315 61
413 66
197 363
970 676
46 449
734 695
844 810
415 279
456 54
410 361
216 253
585 431
339 460
188 289
4 50
477 699
116 622
841 36
4 343
480 847
791 160
400 143
356 115
246 275
374 334
221 378
32 238
490 287
179 290
180 73
271 858
115 242
830 163
462 114
312 491
164 320
466 455
836 579
76 63
492 396
187 444
474 462
195 262
234 174
150 121
57 463
222 187
210 275
19 709
772 992
467 193
356 397
340 350
210 400
486 41
164 269
461 143
516 252
108 79
397 267
550 617
316 623
18 338
939 633
143 281
32 587
528 354
457 491
316 357
477 497
103 403
695 387
449 34
195 299
174 46
410 601
337 499
472 302
96 756
225 164
272 273
331 241
813 469
25 263
373 244
811 428
101 147
271 329
495 275
5 40
144 533
146 228
389 28
98 368
53 125
256 984
894 620
251 694
301 107
102 206
244 159
171 262
206 90
357 144
273 477
433 182
186 208
59 596
692 110
326 263
95 300
68 257
263 545
892 631
151 499
216 160
42 213
277 146
344 321
213 330
317 219
52 45
910 516
554 273
555 815
118 447
58 27
442 181
272 35
83 155
90 820
228 210
31 143
227 268
291 532
62 383
366 194
495 164
141 306
482 785
589 362
661 669
147 27
316 116
108 310
325 492
444 252
810 726
185 115
169 449
113 604
196 464
50 617
310 142
547 31
196 74
30 94
358 186
219 661
494 116
426 215
403 158
306 140
89 278
437 298
134 227
134 24
711 790
193 457
251 685
292 86
9 142
940 153
172 196
173 212
817 568
460 293
205 406
563 380
212 54
136 394
394 108
334 230
451 57
177 247
315 659
171 57
22 5
149 113
25 304
266 360
250 420
3 234
854 667
153 213
363 457
763 109
446 186
499 184
121 213
284 330
55 321
299 93
26 141
207 302
643 774
34 196
494 333
390 236
144 816
76 446
936 345
89 264
62 2
251 673
417 488
12 443
484 121
448 351
63 394
432 387
157 119
32 219
278 38
238 389
413 351
269 44
418 403
265 433
921 229
198 167
94 492
409 66
379 76
338 352
318 42
242 337
276 605
405 90
129 160
110 163
273 49
7 375
45 302
45 474
311 463
257 837
99 146
423 386
12 316
118 94
83 427
369 458
143 85
453 271
462 247
298 381
128 68
173 58
247 417
473 160
152 183
432 69
496 460
301 429
344 312
343 200
156 495
15 37
385 109
196 348
463 228
53 494
317 351
452 73
382 17
94 113
348 419
467 93
91 338
341 85
325 348
437 403
748 414
180 184
368 170
44 586
97 40
373 270
273 224
687 359
259 500
218 179
190 810
325 309
390 363
371 306
371 65
430 248
472 218
35 391
432 325
73 423
301 130
83 309
446 119
302 763
500 5
303 497
450 64
368 5
169 316
409 431
607 483
49 247
274 600
59 430
319 147
205 727
443 476
52 213
290 32
428 363
352 141
279 161
227 420
460 266
455 929
423 482
193 440
304 13
295 94
797 787
69 180
352 266
278 95
168 133
398 203
145 257
556 534
298 73
81 305
77 165
397 184
140 206
265 490
180 154
414 230
209 178
214 176
287 249
187 32
3 44
176 339
669 848
8 87
84 385
310 191
218 324
400 348
569 298
170 369
324 162
100 309
258 72
344 414
110 403
303 124
285 460
278 456
159 363
161 201
442 599
483 469
237 110
712 560
553 891
380 376
116 151
281 344
372 171
81 117
272 248
843 164
59 259
397 14
106 174
495 379
390 143
149 396
478 16
364 184
493 443
75 171
244 13
117 247
420 119
361 193
117 98
356 17
50 440
201 153
35 207
382 482
298 260
92 112
415 479
673 986
999 858
278 125
88 7
412 60
119 465
251 453
802 677
297 29
188 178
756 648
140 68
338 498
231 426
452 441
515 572
284 66
195 259
453 283
397 327
305 496
390 902
72 160
375 452
38 222
423 174
75 226
697 231
8 434
137 436
118 248
401 185
25 129
441 460
163 321
139 72
255 269
124 829
594 883
286 217
660 145
541 897
164 184
368 968
203 416
449 86
5 242
425 751
249 17
401 86
144 613
521 695
25 89
890 675
452 34
332 308
44 10
268 483
326 353
262 1
723 916
901 297
377 341
69 499
34 4
402 135
112 110
260 246
163 672
69 424
282 370
913 591
126 600
82 165
484 78
224 8
365 412
264 468
326 89
71 148
79 371
446 460
80 676
137 348
407 79
123 265
319 558
283 107
290 447
410 1
270 333
182 580
226 22
63 468
249 203
288 291
334 503
959 913
312 246
416 247
750 84
249 353
136 443
374 414
454 253
467 292
327 123
1 71
397 345
159 221
221 316
382 431
146 328
274 20
365 103
936 589
751 984
458 449
318 260
404 292
20 214
338 157
30 463
225 73
457 842
410 134
235 467
929 731
579 302
314 91
307 34
27 149
215 28
48 141
309 367
459 289
366 42
35 398
62 172
11 103
427 409
121 234
413 867
28 486
499 31
419 508
225 56
278 396
148 468
298 16
613 367
435 112
88 114
23 218
456 463
653 687
180 292
470 449
113 128
7 274
737 192
486 264
437 272
739 604
204 311
224 162
94 318
362 214
499 56
346 137
50 450
94 350
77 56
47 446
575 879
290 465
519 91
490 291
411 135
120 132
345 230
72 26
342 122
624 214
417 55
511 467
192 410
378 351
454 417
202 460
785 8
354 152
459 146
200 62
444 183
51 293
374 487
127 261
363 452
263 152
235 327
357 199
378 344
393 488
281 489
450 77
889 785
341 346
25 933
7 108
466 62
418 244
733 810
354 500
79 194
509 431
281 338
928 136
54 29
103 231
238 527
74 106
162 44
84 241
21 159
467 80
447 315
176 356
223 397
438 211
22 290
14 260
395 275
364 206
201 347
475 747
457 313
358 372
196 254
234 230
288 270
340 399
17 419
114 765
402 94
38 205
102 378
281 142
464 88
299 105
324 945
195 688
423 198
294 222
293 857
73 116
497 423
664 397
375 20
173 1
94 303
618 326
548 260
658 434
364 63
228 456
17 58
822 687
262 7
316 239
507 488
169 349
327 474
552 512
23 316
59 234
259 141
38 393
418 274
287 448
367 242
137 226
319 163
353 98
381 605
472 303
145 476
444 198
326 106
264 96
367 232
587 928
336 3
265 20
394 361
903 214
12 191
8 958
303 485
96 441
126 94
184 133
156 81
131 380
79 289
756 220
323 411
415 71
413 328
435 106
588 735
26 302
417 111
72 125
145 408
953 131
472 453
138 126
368 309
422 68
201 171
339 383
116 416
167 1
317 10
308 148
222 385
74 336
670 744
1 225
476 92
356 93
787 408
158 59
555 976
424 133
394 126
406 276
437 293
44 529
496 240
290 166
405 267
309 317
199 267
355 39
456 179
89 300
120 91
239 262
123 311
6 325
353 317
205 813
367 23
405 163
421 330
863 374
205 84
383 493
166 118
298 403
174 144
711 174
4 303
22 135
54 84
596 107
198 470
921 351
255 68
317 667
23 657
268 365
681 393
209 488
451 895
186 238
837 820
401 151
827 866
558 484
724 826
198 386
380 491
34 333
210 539
257 443
533 972
106 638
286 35
566 517
77 289
89 94
136 439
368 294
44 52
128 53
319 325
157 476
802 367
494 127
217 294
317 224
510 2
718 271
438 211
116 158
300 447
118 59
205 238
370 478
149 56
43 89
375 394
334 301
402 806
447 168
140 488
459 92
460 277
385 170
288 9
624 163
489 73
98 3
112 177
112 221
610 627
256 441
144 195
233 90
204 273
439 54
461 479
177 314
130 311
121 165
44 166
51 238
224 338
62 1
214 388
110 461
166 231
223 361
992 516
326 44
440 122
8 479
209 202
159 25
319 389
443 183
362 323
487 327
901 585
145 654
477 126
63 161
239 368
59 191
32 398
388 101
319 424
409 50
763 833
353 424
405 7
302 499
498 396
36 383
862 910
414 459
743 341
202 234
407 318
79 327
324 367
444 493
366 248
4 433
48 392
351 260
564 329
387 457
368 121
316 148
488 349
647 964
480 457
411 410
38 322
341 442
162 441
69 734
56 337
22 79
182 137
123 52
751 3
183 817
172 262
352 127
1000 861
7 132
12 214
325 572
237 213
271 31
365 206
492 259
416 367
385 426
681 844
129 227
290 379
157 705
884 174
69 241
753 472
155 106
297 88
400 240
255 385
224 141
74 170
381 58
451 992
270 978
471 274
168 341
351 49
240 207
92 222
90 127
59 406
490 24
444 76
249 344
274 154
682 576
234 426
221 400
236 223
986 857
2 734
9 148
341 51
163 316
435 106
174 66
237 467
207 142
353 91
263 311
437 210
425 256
415 287
69 18
566 766
481 477
340 380
480 494
46 256
365 353
427 121
744 475
477 445
87 492
369 391
304 385
159 316
30 273
273 393
83 55
384 144
138 433
40 82
222 339
156 267
40 492
213 344
653 3
208 627
236 434
302 87
770 345
321 317
513 362
217 275
183 846
403 34
194 212
309 212
260 258
443 326
395 447
455 126
352 173
123 466
468 225
222 125
437 409
333 518
589 191
248 139
59 238
321 247
296 354
42 480
230 564
75 304
382 10
149 329
200 206
17 242
328 45
11 23
140 24
450 298
304 476
489 287
294 312
178 187
177 224
492 352
247 97
202 139
372 302
262 125
91 260
482 407
202 311
319 611
84 339
647 943
642 629
406 97
318 405
452 98
496 221
101 183
412 87
217 231
514 745
110 894
434 108
401 269
444 239
159 325
947 615
178 294
48 275
410 111
340 402
221 494
450 498
238 133
769 142
29 355
409 379
95 161
17 239
371 80
497 350
181 198
9 405
67 440
39 301
99 14
117 144
397 212
138 64
388 157
255 420
256 465
473 467
485 10
170 96
208 432
9 41
203 130
310 128
110 281
599 505
385 58
486 219
282 75
433 357
57 318
192 218
861 833
57 192
60 116
312 300
367 343
698 849
321 163
365 220
121 143
48 252
371 35
377 431
259 68
277 431
256 481
388 358
174 84
319 368
389 380
399 213
262 181
489 593
223 331
478 59
66 101
97 25
51 25
195 499
386 903
256 334
398 32
117 452
266 802
331 141
225 285
447 302
774 908
564 797
90 264
52 406
376 317
13 67
319 2
893 372
921 771
251 498
79 107
273 67
438 165
160 190
365 269
136 500
397 201
298 475
58 185
312 362
348 457
1 186
78 549
189 95
492 199
249 460
87 397
227 57
445 215
152 131
187 841
294 949
390 880
174 307
122 946
88 240
33 161
711 856
371 70
400 241
58 119
485 487
119 496
476 89
425 822
74 60
305 354
46 734
234 160
467 108
309 303
542 282
187 56
776 142
431 359
358 295
377 164
339 29
268 203
981 725
277 51
56 87
368 361
111 230
466 460
662 506
52 70
165 397
253 896
242 382
21 83
25 225
470 725
400 267
582 845
620 31
392 455
245 452
227 198
95 57
166 188
796 639
437 222
904 121
231 202
485 105
190 457
474 469
431 142
348 33
84 957
704 683
441 470
445 493
59 435
45 89
654 440
86 86
555 214
126 491
361 261
737 926
641 2
185 427
698 506
117 285
194 315
427 448
433 369
379 345
227 338
393 91
242 200
272 231
398 474
294 304
365 245
314 486
285 367
346 404
718 574
248 140
174 250
317 126
307 149
317 330
451 383
109 140
399 218
338 392
10 359
460 285
306 255
169 52
17 234
371 425
364 292
157 47
227 167
377 303
395 245
953 672
244 133
381 193
482 188
104 313
429 409
493 913
87 24
45 308
65 96
25 150
83 41
173 261
265 39
372 156
1000 802
356 22
463 826
9 21
114 399
301 19
372 31
369 125
264 749
467 58
803 812
357 99
650 378
27 98
549 452
492 391
175 525
177 181
65 334
560 335
245 420
312 350
169 53
789 884
59 384
117 289
113 22
55 40
494 131
158 381
172 445
341 181
132 279
429 201
167 170
400 324
184 34
110 47
166 336
430 264
133 333
244 774
497 117
478 65
323 337
432 132
815 185
390 71
129 262
236 364
63 324
125 129
59 414
489 49
91 115
750 651
364 268
56 539
401 417
412 199
466 157
240 154
388 14
375 90
918 957
320 100
57 29
380 87
594 237
214 117
116 470
114 363
395 461
698 540
242 310
233 298
276 428
299 463
207 124
53 251
355 228
404 283
423 951
202 241
109 370
458 117
206 134
248 264
266 135
386 473
241 256
195 182
372 163
240 559
466 389
403 387
324 295
147 28
308 309
161 277
322 289
683 282
250 450
333 417
108 895
360 139
491 39
393 106
212 387
361 253
45 334
307 32
111 319
433 217
482 564
138 268
108 444
225 520
61 188
276 924
23 461
735 620
24 364
479 94
83 67
120 55
78 303
333 135
375 97
400 257
310 498
173 452
372 45
430 391
760 925
433 66
453 196
236 25
65 452
180 36
611 80
366 123
82 303
163 56
228 170
455 119
631 310
313 55
173 58
156 106
40 239
82 305
17 351
94 163
167 78
46 123
432 169
977 209
156 327
381 627
358 79
119 229
1 116
390 163
682 596
142 156
127 450
823 112
231 121
367 355
639 760
355 491
12 397
171 62
168 33
497 325
600 355
846 586
364 314
54 444
428 215
376 235
723 633
485 296
222 96
284 213
746 943
98 160
913 41
58 55
292 272
861 654
282 172
477 206
111 770
408 303
138 207
382 686
454 38
264 169
248 461
394 441
261 365
312 945
295 329
100 160
163 60
811 370
263 250
380 336
347 350
41 3
159 264
439 336
895 1000
137 77
301 24
195 398
121 354
146 386
676 85
397 239
238 315
158 181
797 245
209 15
261 126
202 166
966 253
270 114
399 49
972 569
199 339
318 492
127 194
109 246
384 177
296 136
336 425
246 354
281 123
182 80
488 197
599 718
291 103
115 289
45 148
122 54
503 767
200 956
410 94
56 71
224 393
46 465
481 56
254 392
142 234
246 906
146 155
224 144
315 206
118 412
299 786
73 73
71 216
425 97
635 601
358 189
493 879
731 256
183 213
113 328
342 150
348 283
237 175
350 621
144 76
23 275
434 478
399 302
89 336
314 307
92 112
719 20
363 725
206 268
365 131
62 28
160 464
36 73
98 94
143 234
39 39
638 99
393 428
468 242
746 326
229 449
186 267
457 470
371 63
762 735
26 485
154 236
32 321
313 532
946 887
646 937
110 286
165 858
167 18
197 378
779 166
202 296
253 428
482 197
413 402
268 185
379 485
178 215
367 102
316 45
222 74
471 221
431 446
290 480
124 367
376 299
713 749
80 20
719 20
389 231
149 126
77 85
81 326
200 625
445 421
11 48
135 313
285 141
995 226
497 158
108 992
155 436
599 879
762 576
422 379
34 28
435 380
368 190
395 318
85 466
69 25
281 66
694 550
441 469
343 386
146 286
147 165
109 207
15 351
165 303
371 363
140 285
932 622
26 234
482 212
705 625
496 481
258 160
286 791
178 97
354 875
19 98
293 293
183 469
199 419
388 231
313 250
305 129
354 201
146 96
306 28
13 299
114 456
354 178
276 113
439 148
59 55
212 331
268 155
26 44
69 444
202 34
432 358
378 149
383 273
635 553
286 950
485 29
14 45
110 352
447 448
145 356
895 935
265 586
493 455
59 341
208 471
486 269
146 417
260 139
391 529
550 862
138 328
979 849
893 144
101 260
110 98
151 389
41 668
438 33
52 4
152 354
359 291
311 364
192 388
12 316
237 61
700 223
18 97
905 612
12 397
399 288
579 931
275 613
80 62
985 174
90 491
66 433
274 285
76 21
492 241
212 444
749 711
314 174
317 10
137 469
139 444
142 197
462 496
390 929
307 303
386 777
25 314
320 76
264 456
100 170
294 86
354 197
625 248
310 199
779 176
112 287
165 386
300 90
282 193
45 437
712 458
213 837
97 216
77 126
854 493
665 89
253 823
127 212
310 483
209 356
240 488
380 217
365 800
401 483
319 199
132 148
498 337
273 497
365 58
83 69
205 463
122 138
59 474
447 216
17 319
238 266
292 68
416 95
992 461
108 119
295 385
796 921
301 898
438 413
28 27
441 258
295 479
116 145
630 396
893 855
600 179
477 275
311 143
367 212
382 456
136 310
237 9
187 139
103 303
460 377
603 625
396 458
70 347
114 332
433 178
71 497
372 492
181 283
34 377
29 169
42 350
423 536
47 167
25 428
225 390
487 252
30 246
130 438
46 146
254 359
337 411
428 469
129 6
173 301
266 113
183 434
493 34
114 32
91 464
975 281
301 481
128 356
334 225
38 193
283 913
139 177
801 53
84 94
870 228
189 107
101 57
377 273
303 21
380 636
255 280
176 1
985 418
287 440
422 44
114 182
407 499
640 612
537 282
395 171
97 387
192 123
499 286
394 402
112 96
343 57
891 277
136 916
323 248
244 213
10 205
258 220
483 180
839 702
483 452
429 158
283 168
301 99
410 442
200 116
283 289
201 1
11 454
269 92
73 202
99 87
476 149
317 168
392 148
387 404
92 325
55 385
118 466
410 72
457 296
193 367
27 455
441 392
50 64
637 817
20 218
489 406
237 211
40 152
490 356
431 85
31 136
427 499
414 245
265 985
72 323
91 495
313 451
47 239
62 283
493 58
496 151
147 276
434 428
433 315
456 381
898 605
372 106
754 518
13 281
26 30
178 439
119 402
346 429
369 348
213 452
350 355
404 58
216 358
449 116
61 375
192 255
31 394
285 271
353 477
428 23
408 316
265 25
457 230
425 336
311 44
