1000 99640
2000
40 320
51 1891
17 1329
15 1215
76 624
24 1407
67 1848
74 611
45 1654
28 1722
77 276
72 639
89 1745
88 1544
58 32
79 1460
53 1699
98 1261
68 552
99 495
92 194
87 1683
88 1958
2 1582
85 1062
51 193
47 390
29 532
97 600
17 1485
100 980
50 940
44 1311
57 270
82 1387
17 1094
21 234
49 329
42 1944
35 606
62 1148
28 1139
29 316
62 238
79 410
26 439
100 117
3 1107
54 1172
9 508
36 749
66 1614
86 64
51 1294
5 1785
37 412
72 1442
69 303
61 949
23 1464
77 745
57 657
20 1678
62 1341
29 208
53 1978
53 1795
21 1300
66 121
83 119
15 1707
71 589
10 1251
8 325
22 49
33 996
31 1950
89 1605
57 937
26 271
27 1518
29 753
60 440
87 932
42 1732
10 878
90 1184
89 1765
73 482
61 492
24 806
91 985
29 619
14 1171
20 351
4 1301
100 958
56 1889
20 1418
31 77
56 1914
62 1147
84 386
69 1817
5 1198
24 1819
3 742
49 1564
28 1606
27 743
45 156
36 139
44 420
81 455
69 1535
77 1424
4 1143
79 323
37 1314
77 1480
53 1222
10 91
35 1636
78 1350
39 329
93 1356
37 1930
62 1874
37 829
70 384
71 941
66 1009
71 462
47 1487
41 727
2 1853
2 707
91 3
6 126
59 1229
94 5
36 1497
75 781
33 121
79 1257
45 299
2 1285
51 1021
68 479
35 432
9 228
72 1532
53 1834
97 643
46 824
93 1636
55 94
82 827
44 1364
54 1620
11 242
10 334
93 141
21 1607
86 1222
64 555
31 544
46 12
11 128
100 1597
20 1187
21 373
22 1879
43 879
64 217
24 1023
45 929
49 1529
60 1040
21 1001
74 735
11 1703
89 502
79 191
68 1792
18 1764
74 835
96 852
7 829
82 535
30 619
42 3
67 306
92 1586
97 895
68 268
5 1075
47 1565
28 432
60 739
77 1405
54 481
13 1515
10 1629
79 378
90 1677
94 22
78 1361
90 1361
86 1902
88 1987
43 813
66 812
30 1913
52 867
76 116
20 324
20 1900
72 1831
7 851
8 1237
5 1312
47 413
4 484
21 919
42 178
64 91
37 1123
91 1125
77 266
74 1177
86 1276
98 1161
77 1675
83 482
19 1159
40 394
38 659
58 796
31 657
79 664
19 1790
73 157
41 172
25 1885
58 1682
48 514
48 309
57 503
54 1894
3 700
56 213
67 1432
51 1402
72 1012
17 1420
77 1288
36 702
4 1793
7 1047
60 1163
62 791
84 1679
66 43
47 1423
39 313
51 1060
64 622
49 1407
69 11
59 1357
66 1786
84 888
80 1644
23 947
65 750
99 765
99 1801
49 223
96 1170
83 1637
75 467
5 1241
99 1009
61 1561
36 750
80 1149
50 931
19 1867
96 618
47 1015
91 287
44 1259
63 731
89 1731
23 1601
75 1778
100 190
30 779
18 1091
94 682
56 1179
65 317
83 1959
69 1360
88 1921
64 512
74 921
55 763
86 1392
81 1627
65 1822
99 1239
98 1718
22 76
96 1274
95 314
42 1170
21 308
22 1447
8 1560
76 218
77 277
46 1395
3 1947
100 51
70 882
63 464
75 571
87 1308
96 708
71 1304
7 1317
14 1750
18 849
71 116
9 905
45 1825
47 1323
16 275
29 401
11 911
49 1970
12 1113
92 1369
61 1394
37 945
84 394
26 53
75 1847
36 1436
35 248
86 694
29 786
45 372
6 154
18 441
98 1959
12 969
2 751
44 582
83 1710
51 1445
66 138
75 1057
39 1887
89 872
30 1801
82 612
69 771
75 1161
43 410
56 1089
47 189
78 596
31 715
45 558
94 1517
95 128
40 1482
30 1658
53 457
70 1496
16 294
53 1562
85 104
68 1566
16 1140
2 476
9 1213
50 1615
3 238
62 1286
1 226
57 353
25 313
35 211
82 1938
42 1552
87 1491
69 14
35 1806
40 974
6 257
22 1238
9 1020
5 1055
49 1870
49 140
55 1765
67 1133
2 1016
3 328
79 769
25 67
46 499
84 856
38 433
55 66
86 1379
34 188
81 1194
69 1900
68 1149
33 1926
4 1266
58 1442
25 497
33 186
17 937
56 617
13 1975
44 658
65 662
29 361
83 895
86 634
72 1699
80 1504
22 1374
11 531
9 1797
26 885
63 1956
39 8
11 283
98 177
23 1736
45 1490
43 1385
100 1657
4 298
17 757
19 24
38 430
10 1156
61 394
27 725
52 1225
69 658
85 1902
54 391
32 151
12 1004
80 1215
70 1010
25 492
20 715
66 533
22 301
23 916
75 748
73 387
34 211
37 1650
1 1642
31 1693
6 988
37 267
11 1942
36 1412
85 929
63 588
53 1123
91 646
25 916
24 1540
99 1930
61 75
10 1762
23 821
98 559
1 539
15 342
4 43
1 1867
66 529
67 107
58 29
78 1927
29 691
15 47
35 1976
3 607
54 1159
17 1755
100 705
22 533
64 1693
87 1238
22 826
37 1338
68 511
66 1114
32 140
50 137
1 1800
34 170
14 1753
66 685
62 1344
45 562
98 96
59 753
72 1643
42 91
14 1038
96 1437
53 1986
44 356
47 1715
78 1119
4 231
64 747
59 1022
5 338
3 888
98 479
34 1143
49 398
8 709
44 434
22 727
35 1506
94 507
46 1817
26 1261
68 1033
88 1509
43 848
16 1977
73 1178
90 514
99 630
94 63
22 437
2 632
42 891
65 1665
83 1879
83 901
100 628
35 216
57 1852
20 19
33 486
70 187
79 531
21 1352
32 1413
37 504
57 1162
57 20
38 342
76 1529
97 111
24 1105
94 1504
51 268
35 1253
11 574
75 1789
28 443
8 327
47 1729
33 1673
59 707
82 985
90 1046
33 1083
8 166
89 162
13 1215
59 1274
19 170
38 1811
50 1794
45 139
64 1669
3 744
47 823
77 849
59 516
41 1620
27 1738
51 1838
14 1246
80 1393
7 110
63 1056
89 120
99 257
22 598
83 566
26 839
58 1095
71 1736
68 1798
42 1022
5 1596
56 1465
2 715
37 750
96 1789
48 1437
62 1681
29 1878
56 562
89 1817
31 582
86 875
82 1874
72 679
80 1244
56 274
34 266
8 806
14 60
99 641
54 58
97 1133
69 324
99 493
69 1213
90 1181
20 1928
23 1090
69 1149
31 702
52 732
15 255
96 739
41 1195
11 169
15 1791
83 1934
89 1936
78 325
1 503
19 574
62 490
94 187
40 527
79 232
67 1616
52 844
8 638
42 38
15 266
49 9
14 1844
29 1653
19 174
32 1087
14 1310
25 932
43 808
8 685
69 1261
42 631
28 498
90 783
73 1054
94 150
34 1018
99 545
62 180
75 1833
56 858
70 530
82 570
25 488
47 1324
13 1253
58 105
61 525
32 1002
43 823
59 1799
30 726
24 1820
48 878
11 1663
63 196
73 382
16 353
99 1509
80 1026
79 1798
96 1012
63 1394
89 1703
54 1077
54 1303
70 1059
51 1761
23 286
60 836
10 211
99 80
35 1958
95 1565
58 1423
75 13
64 238
49 161
66 850
14 1505
32 1662
26 84
61 990
93 604
13 41
36 1602
38 1317
58 1244
27 1351
2 797
55 996
75 180
85 892
65 1693
68 213
67 410
66 799
43 269
42 1254
82 445
84 1781
73 1650
94 827
82 670
55 955
47 1205
61 791
54 629
11 1757
12 319
47 682
11 1873
45 1428
50 953
19 1588
81 1799
1 738
86 93
97 875
58 1312
12 827
13 710
14 1587
15 1496
3 520
100 607
83 358
17 522
79 828
39 647
22 575
70 1926
37 1095
49 977
75 330
50 26
70 1154
30 1464
22 1126
46 1613
33 1084
63 1718
40 1480
58 1888
97 1666
46 287
39 104
1 988
55 1875
63 1542
47 720
95 1824
70 41
93 41
68 1134
90 631
72 709
86 1227
29 1558
51 1834
71 971
68 1331
20 640
72 1728
49 585
1 1418
87 403
100 569
80 1931
99 10
34 1187
3 633
66 1048
63 753
72 1685
36 619
73 1224
16 976
29 1863
27 515
7 1652
18 586
98 683
38 1471
4 1189
80 425
36 1092
87 1299
24 1948
41 192
68 1319
19 624
25 824
45 413
31 570
73 1910
34 692
2 1272
39 752
73 1134
19 1472
61 357
29 299
7 1487
84 1428
81 1156
62 781
28 1930
57 1937
75 1723
11 808
21 436
29 1015
65 100
7 1442
62 331
98 1153
38 521
74 1768
23 398
40 736
52 64
14 1298
48 965
94 1007
65 895
92 1238
46 21
57 490
16 546
77 779
70 383
68 143
26 1907
49 1942
24 1065
83 821
56 104
46 4
66 930
8 1601
24 426
22 1737
8 788
54 1735
65 1283
35 895
71 1458
42 1224
6 1043
63 985
41 1738
24 1725
92 1207
7 1778
100 1235
51 938
59 1629
53 928
88 1680
30 1874
36 614
95 1456
55 1326
100 880
93 647
27 1541
15 625
7 308
24 1857
100 634
79 501
82 468
72 1178
99 768
24 1718
73 1164
35 1174
96 65
86 506
53 1200
2 303
48 598
100 93
40 340
93 1954
47 512
11 1126
7 1478
44 398
78 1923
85 1957
47 1006
8 1729
16 997
63 274
7 45
89 149
4 1760
55 473
67 1772
56 1616
81 1049
79 1705
58 1402
80 1778
6 470
56 699
72 1281
45 1205
23 1853
79 355
52 1119
6 805
39 1471
78 1197
79 751
99 1507
23 1977
48 285
82 1344
14 1765
25 1420
13 960
38 1305
43 536
58 1256
7 845
52 1143
64 286
2 572
87 1621
16 277
23 349
90 921
72 1981
87 656
82 666
17 749
16 1879
48 1818
43 95
37 866
56 41
32 542
8 427
90 427
24 149
98 1555
67 337
25 1576
57 1028
16 706
40 131
22 1818
19 1825
30 903
76 408
58 1394
75 1599
61 194
34 203
90 1040
58 937
6 1298
90 1695
60 408
26 241
59 977
58 1734
93 916
87 1095
43 850
51 1776
38 1226
31 856
77 1882
84 815
25 652
30 178
74 248
75 1151
98 595
8 895
91 1948
80 1131
94 1723
30 592
6 1114
11 1820
45 1725
79 201
65 1921
85 1728
1 37
85 1026
43 913
85 944
5 326
84 1744
42 480
89 472
22 727
31 312
36 764
42 1559
6 1607
69 1518
52 1817
29 1545
2 1093
92 1355
18 1985
63 915
34 1195
11 688
81 917
84 1657
2 999
85 216
95 585
94 1843
64 1693
66 689
90 41
41 1404
55 28
24 1964
83 1212
8 104
43 625
59 1703
57 860
90 1477
97 179
81 983
100 1966
39 532
39 1462
60 359
100 46
20 764
84 844
28 1561
30 1345
28 1284
78 1194
20 351
98 825
28 1977
44 13
70 1407
75 1732
82 749
85 1065
78 206
77 414
17 1483
18 898
92 61
24 1197
27 1375
5 1561
75 7
4 1520
72 1715
70 1661
57 878
87 1397
76 714
84 1709
14 1637
12 832
10 1876
11 638
83 313
63 1199
32 751
81 1908
73 1037
17 948
52 1086
56 1151
95 921
2 1528
23 383
40 474
100 1241
95 1875
99 1850
31 1633
75 64
83 1807
25 19
55 566
41 865
44 1711
21 853
75 1313
12 1498
50 356
4 1121
70 1882
40 184
71 1878
78 370
1 818
61 1643
9 1037
92 395
11 166
90 778
62 1675
66 816
57 1347
26 1750
83 988
85 95
33 168
4 203
11 1120
22 1623
21 848
29 699
19 1447
54 1486
39 1975
89 1804
73 440
24 536
74 312
74 1694
78 1101
88 722
86 1949
67 484
60 403
40 1015
59 493
95 177
83 369
54 1802
6 1605
20 1323
61 1590
1 513
90 964
8 58
52 59
89 1145
85 1109
85 903
9 1285
53 1100
99 1206
12 662
54 197
6 207
13 1584
88 1057
45 806
12 52
96 939
45 1806
27 959
1 281
68 357
63 1187
75 1334
58 1591
50 475
13 1190
20 148
23 981
26 596
18 1081
64 565
73 176
43 1668
32 1966
50 1033
63 1964
26 1420
75 1205
27 120
36 1914
34 1778
66 1312
26 238
68 1372
68 382
9 1163
17 360
77 1684
58 634
90 1845
47 1269
92 517
92 298
83 1993
24 308
31 170
58 429
27 408
13 66
46 1469
90 464
6 42
21 168
83 47
47 32
84 1370
43 664
62 173
57 1966
54 38
9 397
65 851
54 1603
48 1799
82 661
57 639
97 1953
77 1797
27 1102
84 837
74 1799
67 914
42 1256
64 1370
63 1199
83 1025
42 215
62 1110
16 1792
40 1475
52 69
13 582
64 350
73 474
76 1234
77 1066
76 785
46 1088
29 891
40 1658
32 275
10 1556
74 1874
16 229
82 97
7 1653
4 393
97 549
45 311
59 994
26 998
3 1450
94 468
56 696
58 124
87 1255
98 1603
87 1598
17 1687
75 1776
7 586
49 1672
75 519
85 1114
100 299
50 1515
63 165
29 761
95 1221
71 1245
23 1790
10 176
25 1499
46 1910
41 1073
2 34
40 752
57 1326
75 1467
72 344
69 87
82 952
49 1033
87 1526
92 388
34 1473
88 390
60 1123
35 1046
57 953
53 1497
6 1788
42 1753
41 458
26 294
100 807
100 309
49 188
99 89
4 121
11 1483
83 873
94 461
1 1148
47 1200
20 968
96 928
49 845
4 696
98 490
26 687
50 921
87 1245
1 1703
59 712
75 1974
37 1646
72 1750
21 1598
66 630
22 8
91 231
1 976
80 1601
7 663
88 133
24 611
57 131
96 19
4 1236
50 1198
91 289
21 1891
3 662
79 496
51 230
46 250
47 1353
72 1658
61 1918
21 555
14 1860
69 123
63 1994
20 1551
31 895
80 1236
57 703
58 1187
28 295
92 540
39 831
11 1958
36 604
33 1645
63 1663
73 813
17 1485
45 126
64 256
51 517
68 763
70 500
22 1735
15 497
42 1536
100 69
29 223
34 527
2 1387
97 1697
88 1883
14 122
91 469
40 1836
48 13
86 1443
31 1708
82 362
98 1450
97 1759
66 314
20 256
91 1728
45 1246
19 1521
74 1202
12 192
58 1900
38 1911
55 1693
36 981
61 110
56 391
28 66
12 1081
87 1939
89 143
70 207
89 1059
63 957
93 1948
44 1314
90 476
54 1064
13 838
11 626
96 719
27 1199
45 1169
68 1285
15 610
38 1948
57 1789
46 1116
35 1802
74 143
18 56
23 1852
17 1989
80 566
57 1301
94 1039
79 1688
35 485
21 534
96 1196
68 602
28 1507
22 1924
23 1712
29 31
39 1275
28 626
9 1057
80 1684
94 680
94 1076
86 1901
12 1894
1 1591
41 1574
98 1015
77 273
35 1816
88 1082
82 1844
8 1048
81 1566
20 1749
47 1050
24 1014
32 1792
52 1783
70 1880
86 1927
51 1292
86 1120
64 451
78 767
81 1597
98 514
75 882
95 527
72 1222
55 52
16 1759
98 1685
5 1098
27 1023
41 300
50 1157
82 804
21 1061
98 1384
10 1460
28 764
14 1667
2 534
48 537
19 1890
44 872
78 1393
50 866
1 1096
63 497
92 187
61 95
25 307
87 1698
34 436
18 767
34 1035
82 904
56 777
68 1115
5 226
46 364
73 178
60 1009
71 11
75 1234
42 1220
86 1065
7 1099
86 569
47 1588
81 313
45 40
69 1795
33 1726
71 1674
31 738
58 1587
54 1778
56 368
43 334
64 741
16 1687
51 1811
74 597
2 1050
76 335
35 1950
100 1671
54 561
71 1754
79 780
66 1435
15 969
99 234
31 273
14 269
66 1765
62 1160
82 1206
44 382
8 373
76 1571
73 1817
79 468
87 1377
46 1399
49 1591
60 1727
93 1179
19 430
27 1613
69 1881
61 1687
25 823
31 707
93 1657
87 865
23 1266
34 60
87 1560
81 443
45 1931
91 1183
29 1318
82 1261
43 1465
13 1719
38 1325
39 612
39 1370
1 1357
85 440
13 946
25 1022
31 1522
10 691
18 67
43 1232
21 185
79 418
31 1725
84 1998
43 112
1 1008
87 247
75 812
24 627
32 1790
57 1791
22 469
48 1463
77 1349
34 566
19 1422
37 858
19 411
56 1348
5 875
24 1611
42 571
6 492
66 1397
20 648
17 1264
55 189
46 595
100 146
57 1981
9 831
42 1963
58 897
21 1689
39 1872
94 589
67 1762
33 393
24 828
79 15
42 929
97 744
53 397
23 275
67 982
62 1022
26 1004
3 1932
45 1045
33 349
68 205
13 75
72 797
77 842
44 487
91 1510
9 1530
60 664
38 1006
5 1634
51 1210
65 270
59 536
49 1471
14 1621
25 370
25 636
66 1544
80 785
99 534
9 980
32 1762
100 235
53 1216
9 1410
93 1843
76 316
66 308
27 1627
5 88
41 1416
85 737
29 658
100 979
70 1111
55 1452
52 727
32 1904
68 1927
61 1409
11 1123
74 762
20 1954
9 722
57 1857
9 1095
37 635
99 98
88 899
85 1283
41 1615
74 103
23 434
26 556
56 334
4 470
85 585
67 12
76 80
91 1215
2 1400
87 1771
12 1873
34 1434
65 1837
83 255
57 334
47 525
86 1791
83 145
92 1416
8 1896
2 1169
83 996
38 517
4 1411
10 1054
95 453
45 1126
88 1588
71 1373
91 149
80 315
49 635
91 1471
56 413
33 540
43 356
7 902
25 218
18 628
77 889
47 1485
57 1357
47 363
90 4
78 1695
25 71
11 1364
53 723
59 132
35 290
19 1658
48 1719
23 774
99 861
24 196
40 127
52 512
76 646
73 1033
5 636
57 994
22 403
60 1604
13 1271
84 1073
41 115
3 1306
29 1124
59 1150
64 1024
64 732
58 921
76 15
39 949
66 213
89 312
47 1655
61 686
15 1767
1 1917
62 1177
71 802
22 276
54 1830
95 1174
85 287
27 664
26 406
46 1542
48 1377
35 1894
49 1045
69 1181
75 1824
19 793
8 815
26 515
52 1536
8 1715
3 293
24 1146
84 666
5 770
62 18
55 700
48 1474
61 426
27 393
2 1085
55 772
57 1839
97 1978
10 169
50 1973
74 1677
42 1100
37 1822
75 362
29 1955
43 1219
38 1609
100 1705
73 785
10 493
39 1101
4 1920
81 1412
38 1049
88 619
26 178
47 1217
21 1561
5 707
62 1159
15 1368
57 523
21 36
34 1325
30 1611
71 1649
6 261
80 515
22 96
73 1083
1 446
27 1658
85 281
49 457
44 451
55 465
48 1237
49 611
78 1351
64 1104
51 585
98 1614
33 125
70 1554
56 1882
37 1850
11 1722
78 505
52 1790
31 1287
66 242
17 543
76 1013
87 247
23 325
76 596
69 677
51 976
50 377
14 1578
97 57
33 1369
5 1248
34 1772
62 1263
50 449
94 708
36 1124
49 264
88 792
5 480
33 1195
96 1485
92 934
75 63
84 1535
68 79
35 690
57 1223
4 1360
95 1910
82 1891
55 621
98 341
54 1723
46 1926
69 1058
72 1100
36 1492
69 963
40 1893
35 1151
76 189
51 836
30 1481
82 888
10 1549
78 447
56 1842
47 15
50 471
45 1187
99 1540
93 1364
41 1889
14 1929
50 1566
50 1435
77 1369
12 1621
79 128
4 1841
48 980
69 1723
17 1533
22 1645
79 1507
29 1972
87 1345
46 1221
20 982
7 381
85 417
74 1034
18 1771
32 1722
17 188
2 968
19 42
26 459
31 1883
29 1682
58 393
72 1738
25 617
82 1631
18 1743
41 9
18 1411
40 1404
13 1038
31 1941
79 1105
93 935
64 1651
80 1689
81 874
59 62
12 1135
76 879
59 1682
52 155
71 250
55 1952
95 1420
