1000 301628
2000
411 792
775 572
695 747
14 1557
73 1417
93 1015
32 676
66 1272
34 1005
609 41
505 23
79 1639
891 186
14 818
495 80
3 993
77 1463
9 938
59 74
75 1834
689 496
248 17
77 1069
224 281
19 290
48 586
12 284
758 568
802 64
3 1409
72 164
53 1005
6 1296
964 46
412 975
88 741
623 363
89 1657
41 914
97 185
64 354
50 726
144 522
740 124
9 946
380 178
89 660
78 1935
988 783
17 845
167 278
276 465
92 417
465 841
137 978
73 921
100 1006
620 410
59 225
72 1062
2 1006
93 1459
301 503
6 892
62 1737
6 1637
902 638
936 178
68 1785
96 1945
509 633
90 753
527 794
988 114
95 437
65 1904
449 108
40 1462
81 153
29 33
50 1030
63 189
41 695
91 1007
3 750
436 638
50 475
819 615
9 846
406 90
577 789
72 1750
306 82
223 706
807 819
54 1500
63 1089
70 1580
16 1482
98 782
71 163
199 354
48 63
326 665
22 828
999 623
62 828
30 890
614 268
42 349
752 48
966 568
22 513
83 782
97 226
60 1730
75 489
10 470
74 952
54 1917
69 895
57 608
547 378
57 489
663 898
92 29
509 488
17 996
933 828
882 335
11 690
80 517
77 729
81 879
57 1951
30 1933
352 31
165 173
83 1880
108 632
66 1345
842 58
954 401
313 675
55 573
29 1995
88 1307
100 1838
58 1497
364 242
83 428
51 1942
835 995
643 874
542 533
822 98
90 611
225 685
117 925
633 446
74 506
883 586
16 978
76 1309
507 245
252 174
590 218
42 933
24 730
165 290
89 363
794 994
6 583
81 506
382 951
9 273
39 1601
611 588
110 964
865 909
165 953
791 249
47 683
730 992
370 183
33 1865
11 945
23 786
78 688
435 658
1 221
734 81
522 935
801 36
984 932
18 1961
147 272
203 122
47 736
338 452
44 1447
99 551
666 276
19 1054
87 218
7 68
12 544
270 869
201 606
83 635
307 248
18 1361
77 1941
39 223
974 790
15 1051
850 368
39 718
504 320
570 713
75 188
65 1743
756 131
389 696
522 638
521 994
22 536
872 161
103 221
19 86
342 588
28 1818
375 455
85 539
548 34
70 1867
76 1432
379 293
161 822
39 1774
374 54
618 149
99 532
80 1111
733 526
683 890
313 978
709 304
418 427
502 622
680 486
68 1186
28 1450
388 555
854 478
322 861
84 1471
638 547
526 225
957 498
865 152
80 27
65 270
84 1799
99 48
33 1596
729 333
922 769
74 624
45 425
327 774
38 821
76 1936
58 245
583 566
755 892
21 675
64 492
32 1695
99 582
29 1871
17 119
59 1515
39 1822
99 1137
61 400
74 140
56 17
853 364
41 1583
789 684
77 1834
38 1310
675 902
290 696
189 923
240 801
64 401
338 745
47 1155
91 677
62 218
426 495
80 1620
455 73
53 1463
43 1052
102 223
491 188
45 38
943 849
84 1651
67 730
3 1306
344 846
527 634
99 1263
26 879
481 65
81 1877
957 291
840 378
881 281
90 681
92 132
2 1008
46 1156
865 106
81 1832
127 69
390 819
578 319
17 1234
310 514
130 226
96 1943
520 982
763 561
681 411
10 1107
561 163
14 1048
28 618
11 159
90 1378
626 756
62 1110
81 1849
472 944
76 957
488 522
401 497
14 1614
16 1237
76 1541
70 1312
769 396
70 702
19 1422
83 692
15 1154
43 1702
53 1293
228 460
97 1631
325 719
18 1825
89 1026
35 1338
3 875
37 101
107 168
278 869
90 1455
50 794
392 844
77 1521
952 977
55 359
906 642
35 1305
90 594
58 1183
763 670
47 1792
65 1433
263 412
79 313
37 1393
67 470
53 610
794 336
47 557
66 1454
10 1297
650 569
64 1188
551 95
16 1355
92 1232
61 1847
35 1973
314 791
37 230
7 150
82 1997
51 231
75 1887
23 1536
400 348
842 102
43 680
887 909
64 921
66 1215
100 1441
659 18
46 1432
16 306
726 237
267 97
564 225
295 427
72 907
642 797
94 62
208 187
126 989
55 1750
31 325
498 408
570 914
579 368
22 1637
481 630
11 1454
648 943
870 614
59 1089
5 1901
86 458
281 590
69 562
22 1441
70 502
39 1863
91 724
3 417
983 547
20 596
88 1478
437 181
225 445
59 615
14 1495
912 727
256 555
83 193
244 431
798 38
31 255
57 86
118 113
21 1745
758 656
792 443
4 1694
976 736
346 237
17 545
734 119
198 785
469 153
60 1251
542 881
148 496
348 836
78 650
456 728
3 922
722 47
63 1019
239 570
593 732
12 353
80 889
35 261
28 1877
51 1751
18 1115
703 934
64 1458
479 310
767 306
901 792
74 210
20 859
66 616
666 267
934 113
121 405
40 1253
80 911
55 191
371 906
12 1206
30 1304
90 1567
386 349
82 1847
137 484
24 615
971 966
48 681
95 1289
220 171
614 502
331 254
72 89
65 1929
98 1913
915 650
25 1497
956 108
94 944
969 228
274 953
747 763
877 904
550 716
87 591
92 969
978 221
71 341
21 1451
21 596
3 1569
516 960
66 492
25 810
282 960
120 338
13 675
888 728
50 986
982 956
12 1847
67 1465
737 807
726 960
88 1124
13 432
384 758
672 675
51 596
940 812
157 493
980 663
26 832
193 288
417 224
87 1964
378 480
14 480
22 125
729 897
34 69
19 651
24 370
59 767
45 826
478 273
85 1819
217 575
45 476
97 146
287 82
330 375
43 545
100 1357
615 579
52 526
50 161
87 895
7 961
68 1114
65 68
547 713
97 203
1 1256
650 611
675 429
920 649
387 131
331 834
24 408
127 641
79 1693
915 565
63 1564
16 1649
881 220
22 774
88 1783
5 1574
223 966
286 432
57 1147
4 78
687 336
279 447
41 1816
96 1293
317 611
665 426
735 755
331 526
720 297
262 974
13 505
88 1600
267 265
37 735
43 1654
946 687
98 155
157 615
230 557
546 737
19 1800
730 515
963 853
565 301
16 1281
937 533
518 761
543 578
31 862
26 155
66 453
414 744
50 1364
36 505
96 1041
25 1162
45 1181
9 119
303 210
48 479
29 1254
600 550
77 695
766 945
927 101
606 229
692 786
2 510
70 1792
34 410
76 641
272 975
95 1
502 580
63 380
97 1378
948 6
499 823
66 851
961 404
52 1188
94 989
29 1949
647 777
902 888
24 56
24 1357
741 552
306 995
873 843
706 47
521 714
65 434
62 1692
56 1252
92 104
117 964
30 1318
50 464
792 155
46 1005
990 643
582 357
73 323
60 866
708 496
88 859
57 843
439 421
825 817
65 574
294 159
263 21
770 435
49 1636
998 247
408 282
635 62
193 717
181 547
317 658
277 580
33 895
329 13
256 54
37 35
49 1128
78 1873
65 1213
24 474
260 542
590 14
78 994
17 117
11 1846
399 1000
94 1143
503 779
252 659
78 1929
163 386
77 1095
711 10
2 424
34 1866
339 748
6 1700
444 272
6 817
35 1048
23 577
26 1804
352 356
968 630
20 1616
16 39
32 1066
633 7
246 917
1 46
60 173
462 719
27 805
85 1935
66 329
70 559
2 173
539 91
2 175
43 836
14 1240
43 683
15 1914
586 242
99 706
650 502
425 565
85 370
6 762
647 204
78 853
984 991
78 1681
40 904
44 1185
118 767
87 371
344 450
45 189
67 612
787 844
64 1991
52 572
23 1058
665 906
421 729
212 301
70 224
49 295
265 314
83 275
83 86
27 243
17 1224
162 284
20 768
31 433
734 655
116 891
615 779
378 892
26 150
17 590
55 693
926 432
70 245
889 743
259 340
250 9
78 658
964 705
850 656
678 284
910 215
24 1294
386 131
10 1648
565 176
889 267
61 1377
37 543
99 386
33 1674
6 1959
69 1979
88 1206
68 511
122 831
12 1835
615 554
63 693
456 762
21 716
30 1371
288 830
53 998
6 412
81 1313
367 336
193 821
544 886
715 946
259 971
809 439
781 10
924 714
75 575
71 757
38 855
69 768
86 1870
81 193
79 650
78 424
24 1073
27 846
49 207
903 102
990 117
97 552
408 363
7 1479
356 381
86 1238
85 1023
188 295
60 395
34 443
31 1466
45 1345
38 238
520 690
458 138
19 577
323 152
95 1149
22 59
74 1835
51 319
48 756
585 751
518 544
814 413
300 122
23 151
72 1468
73 1102
251 940
48 672
83 591
438 234
53 56
724 444
36 110
219 294
437 87
531 636
301 480
62 352
64 702
62 1501
85 452
50 1861
587 339
533 869
812 54
306 325
49 1984
113 689
45 523
21 1604
68 749
49 139
79 872
88 582
891 402
395 738
689 431
100 391
932 101
244 209
95 183
830 702
519 878
51 1169
82 2000
428 199
264 622
345 530
395 617
73 891
28 1711
88 716
17 1320
24 1494
210 228
36 864
16 712
30 533
87 1823
414 152
45 261
219 609
687 700
48 877
920 161
88 1161
106 51
52 554
883 956
47 173
2 11
443 789
5 1495
73 1872
833 133
85 891
62 1918
500 501
189 988
777 890
100 1583
337 335
34 582
239 604
64 1831
427 862
53 1037
581 492
57 81
714 731
45 778
34 1339
22 669
263 788
267 842
143 27
75 947
132 478
564 233
42 423
67 145
33 451
344 725
325 595
234 760
959 75
40 772
170 287
473 300
20 933
40 625
947 567
450 798
92 209
91 228
780 969
195 787
85 191
971 170
76 1831
392 454
21 1980
210 483
532 794
178 69
150 493
65 1295
755 576
34 792
290 484
45 743
726 423
51 285
37 1479
50 1765
194 92
68 960
884 862
63 1308
410 683
934 937
36 1697
6 1673
2 1151
53 571
40 1264
712 457
416 456
944 856
73 423
89 1045
588 849
31 1619
93 1819
20 1868
323 256
44 694
526 813
86 1508
318 521
439 469
73 37
770 949
25 1717
90 364
37 1985
406 97
176 4
179 985
209 185
43 1008
92 1909
14 602
453 688
694 322
846 580
71 266
948 829
87 563
52 398
85 1581
965 648
850 431
22 614
951 294
42 497
11 1698
6 1105
82 1996
58 1758
85 1372
11 1526
1 110
66 1981
54 854
31 1967
259 21
28 482
608 654
19 1842
36 1577
817 992
10 687
10 1898
99 421
675 216
891 91
42 63
8 516
69 1816
766 950
87 1130
34 380
37 1110
57 168
41 1881
117 981
914 388
707 555
913 526
38 1922
20 641
645 152
24 42
50 899
15 1967
98 208
29 1606
389 434
84 528
61 854
588 288
591 767
73 1882
750 185
47 26
51 1935
39 863
25 536
43 651
52 219
78 1137
99 1703
575 511
66 1962
531 612
86 310
55 1798
40 378
5 686
24 1030
895 688
78 965
10 1349
916 970
31 235
4 1882
34 1877
101 200
27 492
85 369
12 851
523 389
53 903
97 444
14 787
556 50
818 821
23 1934
289 65
352 759
330 843
23 1726
857 241
165 347
538 984
53 1228
47 56
63 1872
432 784
40 410
58 107
11 1033
86 1916
44 936
794 726
16 1750
136 184
774 852
99 1189
593 311
59 1901
628 673
494 129
65 762
62 146
20 1669
100 213
622 397
81 1550
117 615
81 378
6 46
68 337
25 743
527 338
260 637
65 40
171 233
68 89
18 897
23 1191
605 825
719 608
53 1652
251 791
732 850
771 149
155 266
43 1524
326 316
6 423
914 983
75 1264
60 1643
8 300
40 97
53 943
117 638
82 1079
167 756
168 165
146 557
124 621
66 1052
986 189
860 810
13 1880
82 29
65 1899
249 100
456 613
93 807
38 1447
81 314
820 997
36 1510
99 764
29 1843
16 951
73 444
5 1880
374 125
21 740
564 898
40 193
661 202
372 987
33 1733
610 209
548 951
89 74
911 506
15 1768
25 872
741 524
28 1118
39 1265
331 38
506 733
298 405
44 796
20 168
75 1942
81 1138
70 935
10 1925
343 644
986 142
18 1884
334 776
14 1546
26 816
453 603
93 1416
893 489
60 108
917 135
91 1167
66 1508
670 996
133 714
56 290
465 416
302 539
986 819
741 976
72 126
72 197
39 1537
815 478
5 776
507 270
258 932
44 1416
64 158
7 1132
13 1570
828 678
25 994
15 798
85 350
148 86
84 226
213 156
799 397
56 1924
5 51
88 459
43 143
29 37
17 1813
89 291
11 301
358 919
777 972
294 140
717 78
92 1817
90 1650
29 1965
38 1636
213 579
57 1896
1 1308
235 841
9 1934
11 1198
257 910
8 753
826 608
63 1796
23 656
926 747
580 833
49 375
53 211
31 1794
239 954
52 593
639 633
962 376
381 525
89 181
90 144
29 447
53 129
62 1963
56 1332
826 223
11 1217
811 8
10 1799
947 100
10 1634
787 433
835 376
798 964
992 798
93 660
682 815
441 781
96 1629
20 1618
89 1708
48 711
106 620
95 175
33 331
65 1605
247 281
91 1066
609 36
972 937
855 398
240 292
63 1299
17 863
42 513
66 1890
393 432
38 1780
542 435
268 84
594 225
317 179
227 618
12 173
82 1925
81 193
46 1099
33 1507
823 642
50 1478
71 1090
21 1279
605 540
31 1045
15 58
78 1944
315 628
16 1325
75 1617
106 861
97 1390
423 379
812 806
78 1216
94 76
844 63
35 871
76 827
143 888
75 1730
617 853
91 1222
443 88
95 509
10 1654
148 912
70 916
6 1798
90 782
99 727
594 784
19 260
86 471
63 366
799 359
62 1190
671 234
85 884
618 788
980 442
39 1307
71 97
36 774
39 90
125 63
20 1942
981 571
285 563
663 675
634 884
63 1810
36 615
56 1941
251 854
87 590
558 927
89 1877
234 206
28 909
623 282
66 565
825 424
467 527
752 988
741 72
34 1600
44 1637
627 611
100 1203
26 107
595 431
83 890
511 999
738 848
336 515
70 1301
555 628
91 416
283 764
713 886
867 342
707 77
44 62
111 155
7 236
697 760
26 1399
22 1606
6 407
80 222
26 17
92 820
38 875
565 477
690 944
67 50
58 373
683 686
36 764
191 321
9 1301
856 738
62 161
642 86
11 1398
68 1588
9 1182
65 1730
12 139
317 337
720 160
596 619
63 1107
818 185
264 631
737 784
29 787
428 938
485 335
156 453
30 1437
875 855
414 566
432 780
663 141
19 479
31 850
772 878
20 938
255 255
794 220
357 952
565 528
32 250
56 1741
430 124
3 1209
62 730
400 636
45 258
47 501
826 775
127 435
20 231
45 1172
35 1475
754 408
110 973
82 1266
84 729
801 1
75 1983
18 1095
589 393
37 500
788 342
639 481
53 898
618 279
443 305
917 337
48 1126
628 409
11 238
43 515
33 134
17 445
89 1606
793 881
76 1877
235 103
275 996
48 456
263 713
77 1501
635 606
92 452
24 2
13 322
85 1416
415 931
238 459
69 779
44 902
15 606
42 1222
98 1658
191 232
651 871
763 662
33 1918
409 463
11 1100
37 116
2 1844
67 1119
176 22
77 1530
29 145
44 688
350 42
6 1446
33 1623
39 1625
73 1924
715 548
458 278
453 833
50 269
159 236
28 1310
191 430
707 857
878 804
31 788
681 378
65 1323
848 775
95 739
115 93
213 834
549 620
28 163
349 230
62 101
21 354
633 190
42 711
7 972
73 955
75 1043
84 557
52 1396
88 201
5 1124
585 269
228 207
24 394
480 331
81 1736
35 1455
29 238
37 1944
49 1384
439 71
51 770
64 686
42 102
61 1691
959 651
69 557
340 556
965 484
389 326
704 116
658 680
23 1669
52 1926
624 743
651 74
56 688
790 314
93 610
98 821
89 201
419 896
17 1313
52 575
88 1413
708 920
977 673
677 798
110 203
831 894
753 436
846 943
432 686
349 932
79 477
976 156
528 339
414 90
336 996
23 658
423 263
230 671
549 87
28 1077
54 1319
257 794
8 1075
235 286
78 1250
11 70
69 812
421 976
909 923
5 811
875 9
1 1683
661 592
188 225
43 551
75 1389
97 1909
60 931
188 620
739 240
532 285
716 251
929 340
500 161
68 782
71 1325
24 439
891 215
7 133
81 1246
54 802
40 676
24 466
119 444
129 98
383 473
504 148
71 1483
8 924
980 105
628 725
67 1785
22 1851
189 499
47 219
55 1370
85 1914
568 44
692 233
81 813
55 1655
46 1977
27 598
87 1282
760 341
530 344
7 1617
358 853
30 1007
361 771
181 281
615 358
59 829
60 190
81 251
286 822
59 1926
794 731
31 627
59 877
63 574
70 631
48 408
20 79
372 155
73 1461
182 504
98 290
18 573
49 430
742 535
174 604
3 1175
78 210
484 28
7 912
427 404
10 1167
43 114
44 447
338 311
59 979
560 76
39 1720
867 405
879 849
79 1156
6 300
598 117
914 395
91 1799
87 1228
67 678
935 886
69 1152
454 978
54 1946
94 1563
51 578
91 1691
979 405
23 1421
63 1485
7 1283
80 1416
338 447
29 409
447 944
434 542
65 1939
259 106
584 974
17 922
17 380
55 842
2 1643
882 58
754 980
56 265
53 680
107 698
842 304
11 363
96 625
6 307
52 1122
60 213
35 1895
926 821
500 740
100 1758
340 978
90 932
878 558
15 533
386 818
30 608
94 108
173 630
23 496
24 1330
45 78
72 390
111 576
356 322
7 345
413 952
595 938
470 806
858 398
292 220
601 257
87 493
82 1491
84 915
75 675
127 888
725 808
466 927
78 1111
28 1732
895 434
23 1851
83 1769
12 1921
378 318
7 651
13 1865
357 842
61 685
3 1445
97 938
710 900
29 1994
12 1521
453 985
310 418
79 1500
453 930
76 1417
72 1622
4 1630
98 1765
810 293
30 1344
60 1075
938 559
99 1715
18 676
59 1562
49 143
789 144
63 1534
816 584
491 679
636 414
7 42
76 245
467 340
973 769
67 1875
41 1914
261 576
44 1195
989 875
56 1495
8 1724
529 452
90 656
53 1219
18 69
61 1533
556 732
609 989
94 224
79 185
6 1169
520 99
98 346
713 524
8 87
33 1214
41 2000
590 331
83 1313
206 58
14 1091
893 23
31 1044
379 377
145 782
331 567
61 527
657 35
526 609
356 128
911 940
58 1419
369 920
74 1364
39 438
110 748
41 645
135 864
41 1603
799 818
533 535
924 114
31 437
94 222
48 1796
992 110
27 386
14 234
596 987
44 1634
372 134
63 1602
47 101
12 1415
29 675
220 528
364 270
61 958
13 516
505 501
33 419
529 159
816 313
999 578
639 558
29 1774
420 644
815 871
561 294
18 291
83 73
29 1840
38 293
52 587
840 607
43 1861
36 1654
72 419
28 459
29 1219
206 319
493 160
912 976
70 738
548 427
15 241
40 1148
81 1578
606 245
700 305
398 181
79 791
950 749
307 73
8 109
81 727
868 951
84 1652
672 709
756 184
849 522
51 1856
800 450
92 896
98 331
58 795
115 105
610 589
8 125
70 594
357 813
502 584
