1000 236463
2000
287 777
626 95
569 399
406 920
62 5
113 764
168 621
13 97
534 681
92 748
265 149
196 166
176 330
124 136
981 800
667 358
561 962
234 671
112 588
72 718
75 369
216 108
172 628
400 794
30 666
285 626
969 750
829 26
106 476
75 544
63 475
974 250
643 67
36 847
833 67
897 131
791 167
750 209
883 94
401 101
988 57
446 3
575 152
401 414
647 280
303 635
168 988
791 245
509 289
577 69
435 314
86 767
96 7
54 198
917 267
588 920
63 213
29 132
86 2
73 460
823 947
804 434
228 290
997 387
341 212
241 108
37 259
902 748
650 197
263 137
54 782
238 107
308 189
779 690
124 737
723 240
117 121
110 443
395 51
870 787
885 56
817 104
161 880
138 679
166 426
59 195
3 551
182 44
133 591
34 120
33 272
311 200
62 46
638 455
181 301
668 47
356 854
384 224
545 81
213 98
501 86
10 812
506 26
447 141
489 605
361 737
202 55
591 829
723 139
461 723
93 885
92 846
135 433
57 171
551 639
40 592
669 508
149 757
153 344
222 394
841 112
724 151
878 174
714 20
342 899
96 79
701 192
119 133
53 838
33 52
864 657
172 94
82 902
181 283
62 12
129 621
4 593
2 981
905 887
610 483
829 572
41 816
60 429
533 151
513 14
105 884
732 68
821 89
945 283
54 234
132 809
75 501
200 640
89 568
294 645
55 367
202 94
134 752
804 33
200 765
1 310
193 877
576 45
150 899
680 35
94 343
256 87
4 446
783 14
146 853
1 489
261 59
892 14
68 136
117 540
583 2
138 518
821 179
20 575
645 630
197 133
552 79
192 839
148 940
116 22
99 312
378 88
196 820
954 24
80 292
189 363
400 388
532 144
229 35
575 191
271 28
988 136
546 45
512 40
477 72
195 933
958 832
101 736
836 8
608 181
499 197
187 187
269 775
506 933
869 579
383 199
118 32
89 305
16 700
708 199
148 231
57 287
33 442
936 441
99 316
565 75
1 761
623 155
394 863
284 738
286 81
610 187
72 49
1 772
853 228
507 78
878 153
129 169
445 988
52 20
109 86
35 337
429 910
65 908
105 357
290 14
190 59
605 94
13 970
160 275
67 760
107 984
189 307
392 185
823 198
687 198
434 257
439 159
561 185
901 190
540 785
866 937
39 412
93 461
474 780
6 124
34 31
85 120
14 146
57 198
151 156
100 721
21 565
817 65
793 123
772 718
117 320
212 832
153 727
853 489
132 269
182 979
360 53
37 290
469 21
139 407
584 181
39 408
78 741
38 403
809 133
114 45
870 41
90 439
114 65
871 119
142 286
159 171
463 62
163 433
19 486
890 133
89 304
98 696
400 620
475 59
93 328
757 128
149 47
171 358
192 192
897 622
479 2
93 849
51 886
185 171
587 155
430 78
648 125
674 146
449 751
783 823
39 722
79 97
676 20
974 887
122 169
763 166
717 80
93 73
310 984
447 164
96 576
764 17
24 376
475 136
817 49
566 643
521 199
169 65
12 7
152 910
4 645
113 232
142 998
805 618
984 380
732 884
129 370
443 715
32 639
214 30
862 193
200 179
380 93
335 10
153 165
79 463
451 135
159 257
23 770
849 320
750 349
188 403
288 176
537 146
380 934
80 262
745 961
18 685
976 110
872 147
685 28
940 147
206 132
156 127
138 650
113 163
52 141
481 128
295 171
107 173
234 92
83 123
775 5
12 530
254 36
396 758
750 42
139 609
22 596
838 607
438 85
141 737
102 149
547 15
49 180
239 111
58 780
581 527
465 190
159 855
901 60
29 393
49 856
469 625
477 799
140 110
345 17
2 799
695 198
125 701
286 45
99 788
94 904
415 402
826 430
117 621
985 109
810 117
175 377
574 234
163 884
629 86
112 686
147 80
750 167
118 808
175 632
271 60
78 229
141 873
156 136
178 52
231 136
87 816
28 807
119 591
521 3
90 153
541 949
139 559
28 103
821 154
37 59
263 763
836 530
326 53
171 163
154 572
644 95
425 148
586 340
719 3
238 150
930 54
4 813
16 600
486 181
121 870
64 780
190 843
102 147
607 436
9 511
705 39
450 105
295 109
641 51
19 791
12 671
63 90
857 493
983 844
664 86
467 196
440 874
145 192
413 15
712 89
14 43
772 39
9 537
628 37
138 26
51 101
142 371
400 160
419 11
508 125
236 557
18 108
584 158
51 14
539 56
566 168
165 397
108 533
26 797
474 984
162 291
64 677
116 143
871 110
630 10
169 175
962 110
200 977
352 107
202 138
176 263
58 33
528 109
465 284
106 858
101 85
745 108
416 199
504 46
583 113
60 573
820 870
111 502
15 935
419 147
445 354
528 182
450 26
431 477
450 123
42 589
853 146
976 449
997 22
198 712
901 444
961 217
81 729
564 47
932 178
528 114
527 767
43 258
115 756
192 505
871 773
81 988
822 36
64 500
170 75
12 353
180 602
957 171
58 251
500 556
585 112
454 27
586 10
580 147
976 86
564 143
798 184
139 243
110 293
198 33
806 804
160 69
80 314
781 45
766 142
154 691
651 53
67 160
634 914
953 834
28 745
491 32
531 819
288 502
247 464
117 109
142 731
3 870
481 129
30 246
738 143
294 835
170 851
16 946
24 472
209 983
139 756
424 32
137 79
540 148
881 989
217 568
569 104
148 394
82 404
188 70
973 75
467 143
365 173
56 678
52 239
831 155
623 477
847 48
194 134
374 1
136 270
840 314
803 124
299 171
497 23
668 96
225 34
581 66
351 136
80 57
114 984
365 48
167 102
193 544
809 147
12 566
288 59
378 924
975 145
24 448
106 319
163 577
314 573
258 915
94 201
805 9
163 797
827 102
15 353
109 680
476 409
116 260
25 672
254 8
400 12
915 784
606 929
196 973
193 432
2 118
848 499
21 758
927 199
60 109
252 671
5 970
381 124
647 558
476 46
965 114
21 30
476 407
86 763
145 563
534 586
49 412
91 585
660 121
912 113
919 153
197 894
943 24
890 37
696 54
71 244
5 962
733 947
762 166
19 991
205 809
908 72
114 41
938 966
590 564
315 30
570 134
432 171
614 61
283 2
531 990
181 281
183 335
688 625
155 969
288 147
130 812
400 63
133 225
861 61
169 391
190 587
134 852
192 609
418 25
173 916
831 668
231 922
565 635
490 165
479 126
170 562
125 969
526 178
962 52
46 901
486 180
124 121
884 133
167 236
850 56
832 161
23 471
439 613
62 90
468 350
439 185
902 116
651 138
529 157
65 42
186 997
174 244
856 693
610 43
17 440
371 137
174 790
683 69
922 102
638 153
68 997
994 142
494 17
155 689
170 354
891 99
33 157
928 200
70 350
254 991
88 390
273 588
407 568
517 352
48 71
81 377
129 504
382 22
19 564
366 344
877 110
5 379
62 240
558 50
482 79
749 3
909 160
421 73
75 142
183 144
642 38
524 154
198 797
119 303
43 66
44 860
797 183
29 151
618 116
160 768
710 38
125 281
966 80
97 955
10 22
420 45
303 312
570 672
616 861
26 476
800 997
366 596
747 67
375 498
842 618
188 859
32 166
589 201
583 170
878 362
818 3
699 175
110 758
699 185
239 821
213 157
93 931
146 88
106 148
414 31
990 939
994 45
87 654
395 59
871 694
126 370
295 357
138 63
199 106
317 57
133 556
159 181
140 138
107 356
518 479
183 666
694 33
32 948
164 228
134 14
124 780
986 860
299 124
17 492
58 855
88 804
74 362
246 155
207 437
178 135
82 983
862 42
26 991
988 52
114 359
45 116
247 95
952 833
2 622
650 200
127 251
973 718
599 612
627 163
444 125
64 207
294 723
856 11
97 591
435 159
845 172
197 149
1 966
167 548
54 419
128 503
553 2
147 305
633 149
37 273
187 403
109 500
36 163
687 656
336 866
946 169
628 78
12 31
762 66
140 951
168 607
83 347
69 277
197 284
22 962
61 286
993 51
16 753
119 863
366 7
743 587
129 388
49 617
721 129
447 200
107 314
739 254
895 150
85 591
238 567
64 179
199 47
143 37
817 117
192 956
478 115
180 802
146 245
669 266
887 196
468 352
875 902
130 568
515 611
390 371
156 404
82 160
74 166
148 57
178 981
731 74
900 487
246 180
535 127
730 735
149 367
98 249
998 813
157 743
234 120
134 216
75 869
817 96
409 31
222 185
105 691
7 787
581 21
782 431
85 440
7 594
677 4
24 272
320 701
470 513
479 535
239 898
670 873
178 474
350 30
840 1
169 346
53 852
597 30
476 242
21 692
835 148
184 658
408 109
626 48
23 985
950 78
258 111
342 43
385 36
70 723
780 895
138 468
44 627
548 696
61 662
158 337
85 774
8 950
125 600
126 838
161 210
89 197
519 193
248 137
224 69
441 60
55 228
47 157
212 256
602 486
163 836
77 95
28 363
547 12
586 589
82 960
263 197
35 189
76 938
164 731
118 667
919 782
121 386
334 97
81 755
741 84
377 90
304 153
335 144
94 923
181 453
73 615
935 107
866 167
156 170
609 914
81 773
110 24
555 169
546 473
904 1
773 881
11 271
265 361
122 251
583 85
190 364
146 500
161 468
411 155
863 592
466 27
377 172
939 768
696 915
31 393
302 643
974 184
419 125
123 300
27 573
99 794
128 71
382 96
97 131
108 162
649 122
73 623
238 149
411 84
886 362
684 59
69 638
95 123
380 153
124 43
99 199
109 17
605 110
126 135
802 83
876 134
198 191
65 107
811 126
308 134
130 411
132 357
649 123
157 428
34 892
267 42
48 53
942 166
33 120
96 385
710 50
212 456
881 401
942 83
124 78
379 185
670 151
179 371
782 54
309 135
77 500
695 199
81 275
735 26
478 710
409 64
167 48
166 674
421 170
900 23
192 350
42 180
101 352
125 16
7 68
114 1
233 873
91 662
89 774
362 91
599 147
522 191
974 919
904 39
13 206
77 420
641 816
65 230
246 145
957 842
156 435
388 795
278 97
18 248
92 500
16 175
268 199
57 558
74 205
237 69
651 182
35 492
42 978
744 160
584 164
330 80
128 633
85 149
950 56
86 180
129 59
176 993
245 292
74 408
131 12
323 23
431 913
373 86
175 661
48 565
70 57
382 643
32 363
96 500
132 791
187 41
477 196
118 645
440 184
18 133
185 42
1000 109
61 529
71 763
188 192
966 779
472 969
718 916
974 508
702 153
357 412
569 656
176 170
2 252
964 116
545 47
158 303
73 63
207 384
153 651
913 113
174 723
184 266
60 944
806 415
289 624
454 705
50 241
37 519
117 676
133 500
116 247
779 132
192 133
830 114
637 174
121 220
239 31
333 759
234 148
26 161
135 985
102 453
130 427
518 98
111 152
34 118
20 881
360 157
124 53
908 996
73 986
754 782
537 798
155 843
335 59
416 407
42 977
129 627
40 604
366 105
69 728
802 134
129 123
352 970
70 230
177 344
91 507
96 496
424 140
533 921
609 13
8 252
692 799
342 577
1000 16
152 168
157 670
806 623
162 88
711 95
489 12
201 391
6 851
419 53
893 33
766 183
184 26
577 229
64 369
67 507
169 75
29 77
778 174
910 69
36 818
201 769
796 765
339 540
119 25
327 776
12 767
165 877
104 595
129 70
103 189
218 43
159 291
466 512
187 265
825 77
143 719
805 103
113 792
209 37
143 986
153 159
177 67
105 216
435 786
86 124
961 867
810 123
509 105
403 175
283 252
470 81
334 116
492 174
156 974
547 763
734 188
619 933
108 409
486 143
84 726
517 790
177 823
319 131
814 360
675 50
87 401
802 188
317 86
7 71
59 360
176 949
19 98
922 95
55 221
811 294
411 189
150 699
121 887
988 150
124 523
509 175
539 547
528 121
312 111
130 678
679 690
901 159
16 39
314 190
40 283
175 77
95 781
136 966
169 949
649 417
88 551
487 923
180 426
117 86
177 241
185 697
390 90
558 552
16 247
225 560
107 947
984 825
322 114
284 109
393 47
859 17
103 909
559 99
14 929
802 18
191 861
783 303
32 140
346 26
949 559
625 997
278 843
325 179
743 498
591 147
176 29
538 767
445 39
889 62
128 99
146 789
431 195
100 268
974 137
140 835
177 110
132 775
317 199
64 64
191 925
71 831
31 180
50 372
186 938
733 700
73 504
3 15
120 827
395 884
480 799
131 496
16 867
234 36
167 364
155 108
86 104
177 158
150 101
32 621
646 192
586 148
288 97
35 899
938 158
116 596
850 153
509 668
198 731
292 826
339 49
177 282
909 108
471 80
145 832
710 56
647 425
46 934
87 688
503 12
197 939
660 967
150 218
222 139
186 782
449 605
208 310
302 144
97 885
608 142
236 678
702 891
4 605
25 635
195 740
960 5
690 520
116 107
537 162
148 112
668 119
459 16
123 717
5 276
792 819
737 518
147 278
23 324
65 429
456 156
373 311
759 164
66 565
444 92
890 520
225 797
79 867
94 320
69 753
901 15
84 527
29 387
714 146
999 72
484 65
828 495
128 196
859 130
313 802
147 43
987 716
792 88
715 214
526 4
263 12
538 158
647 44
86 447
877 905
48 482
177 545
152 120
107 984
37 396
326 252
114 296
479 361
760 140
130 970
474 408
73 170
661 983
194 125
140 180
280 613
687 126
183 51
43 4
185 468
617 566
972 213
122 904
170 271
183 918
727 182
10 128
129 5
294 136
179 951
877 72
109 762
39 366
442 71
11 952
93 133
29 927
896 166
815 43
27 821
119 507
108 364
9 865
619 541
27 786
89 104
871 867
166 20
980 72
150 457
180 996
106 867
1 250
818 854
528 960
184 50
751 111
465 82
988 255
996 179
280 166
628 57
957 743
750 575
614 634
414 247
122 53
886 60
816 332
126 583
128 58
721 97
842 647
479 83
298 10
681 128
77 483
27 476
868 142
541 83
123 1
158 787
140 111
87 878
144 739
690 20
374 119
37 982
11 768
165 906
82 261
989 104
171 95
609 152
27 78
413 98
164 362
446 143
70 599
19 226
29 125
715 108
120 428
105 724
38 942
550 155
47 430
174 658
340 622
864 177
619 159
547 28
389 174
578 189
482 355
121 41
977 71
965 68
578 522
826 405
48 193
51 795
175 884
487 162
802 863
363 613
741 27
880 65
224 171
691 109
658 129
348 7
601 886
248 199
107 474
173 153
493 76
200 478
156 858
557 17
758 525
195 733
532 93
49 122
124 162
70 997
169 96
497 256
995 15
180 636
230 601
455 54
940 788
639 112
553 428
731 114
7 115
936 52
922 169
146 781
88 61
359 184
38 53
56 73
73 798
140 456
449 119
191 176
78 249
103 122
619 163
343 137
741 629
501 340
377 778
298 20
41 906
43 31
970 106
19 805
159 352
864 903
64 291
112 200
116 824
794 776
850 205
77 168
665 568
876 78
183 405
88 384
3 722
146 339
857 41
18 881
117 880
145 668
86 783
67 34
347 191
639 160
518 116
88 362
912 71
227 145
394 245
480 123
514 57
784 762
451 28
14 564
105 927
669 88
297 964
2 961
594 1
206 196
384 194
38 175
581 23
967 548
979 659
519 147
318 143
414 149
53 785
89 832
266 608
142 630
261 94
692 704
97 797
406 92
626 101
262 161
403 110
93 47
79 455
463 80
749 965
45 348
344 9
126 425
45 598
421 331
561 233
134 921
48 165
10 804
232 54
543 559
153 189
106 43
149 559
903 829
225 544
5 389
39 423
695 971
836 634
352 84
798 759
145 205
134 88
591 47
176 665
4 417
84 374
645 35
882 188
726 791
178 537
191 53
832 82
337 192
806 113
120 648
35 394
166 953
151 14
127 808
966 564
865 138
151 740
194 878
349 13
177 611
887 470
139 472
635 41
107 998
198 193
971 44
92 421
151 252
31 828
512 180
272 109
87 572
164 567
707 440
818 43
68 35
327 139
182 224
422 672
111 619
82 914
780 250
200 174
118 323
394 93
103 70
108 75
648 196
130 761
427 772
609 736
60 177
441 60
8 638
112 747
23 220
341 757
327 900
676 33
636 100
725 13
598 140
720 156
179 394
72 269
828 386
418 71
72 142
315 957
459 23
1 40
710 336
111 646
887 160
48 304
229 393
107 801
64 249
632 151
292 227
821 981
410 172
536 155
10 188
956 41
68 86
402 897
700 102
275 44
714 471
235 341
139 236
723 137
181 59
111 847
132 570
55 834
194 676
315 36
181 476
144 816
200 744
108 818
235 598
170 658
150 126
860 163
156 519
838 53
645 145
355 912
377 18
134 298
333 269
427 972
407 9
723 693
4 543
22 523
108 166
74 67
812 169
978 989
285 918
481 79
648 890
789 339
721 162
101 452
772 2
394 901
725 784
816 182
740 704
480 854
642 254
453 773
161 533
518 340
928 58
32 43
1 195
613 91
114 989
146 28
193 161
3 904
37 949
217 184
26 330
76 832
493 97
773 265
318 817
144 973
155 229
2 6
195 714
496 924
189 437
732 128
532 994
170 782
434 125
736 118
56 308
676 663
18 2
28 34
719 310
166 118
599 933
494 151
52 995
177 199
119 327
170 402
575 454
881 134
630 273
673 18
550 264
324 38
335 104
138 8
351 186
391 488
94 793
649 118
724 16
134 797
27 824
976 282
706 469
995 30
911 647
672 875
268 108
89 701
880 21
931 178
465 393
36 145
979 851
99 75
63 683
406 149
22 938
701 855
363 21
57 527
105 9
313 178
651 838
185 691
29 196
776 44
782 120
776 198
138 85
111 237
862 837
793 681
927 184
918 132
83 425
627 672
428 9
585 100
59 152
96 667
30 12
45 553
663 305
241 159
104 94
437 903
743 265
409 950
358 570
82 607
85 385
163 25
209 656
229 638
616 156
8 726
757 427
901 180
555 742
353 859
109 664
944 97
575 199
594 836
352 153
307 620
623 437
462 387
170 128
141 133
625 148
575 804
694 124
36 949
53 77
72 3
704 886
380 35
293 786
