1000 228187
2000
75 880
175 86
165 391
770 106
228 434
252 367
464 43
31 545
147 896
460 784
441 59
935 329
727 626
729 85
621 813
129 602
161 792
847 129
660 297
166 751
187 125
553 94
253 485
25 505
731 634
788 173
94 257
187 674
321 142
113 210
789 202
177 45
18 512
256 233
460 109
352 50
380 442
404 65
157 434
828 349
147 483
426 663
158 481
180 78
3 49
200 614
471 78
119 152
144 918
399 935
32 183
657 639
134 601
603 342
961 812
11 848
109 760
149 25
133 310
642 186
75 182
989 950
197 252
733 149
427 180
69 722
390 117
58 173
789 24
931 209
46 157
563 6
811 97
475 22
602 489
121 439
219 351
640 16
774 553
575 45
60 26
78 112
977 964
266 144
17 964
162 945
14 961
457 92
168 469
199 996
241 382
996 145
946 143
243 87
498 189
24 658
187 73
180 609
161 226
542 974
354 65
687 158
9 25
171 9
43 180
975 826
357 180
851 138
984 119
6 748
118 344
737 122
667 124
241 796
327 305
402 136
270 822
931 150
110 286
172 314
233 11
173 56
71 902
715 14
309 566
101 891
301 462
920 525
155 973
790 82
608 701
273 504
519 41
982 205
147 851
612 60
204 787
839 63
313 171
131 698
693 899
99 864
866 105
935 32
164 19
81 200
976 140
364 24
465 845
46 270
387 154
598 863
303 76
229 660
556 667
177 774
545 11
106 94
132 547
767 11
73 84
918 493
356 241
150 28
722 210
260 420
610 720
72 640
146 14
606 705
823 586
917 155
920 67
291 352
234 132
473 7
132 66
166 179
184 962
343 160
25 492
116 965
231 373
61 90
483 421
72 949
530 42
607 141
534 37
431 154
85 753
23 995
238 150
28 951
980 653
644 131
961 44
782 101
142 933
736 76
293 49
984 157
75 136
156 694
993 219
156 822
41 785
117 35
177 114
97 179
42 490
243 941
887 28
853 262
16 261
235 227
590 104
897 13
436 855
805 140
64 644
678 62
286 519
80 892
312 22
144 438
759 61
132 186
111 42
1 32
778 858
889 682
511 866
934 120
88 42
23 909
60 187
110 211
468 865
854 602
857 2
995 802
679 987
182 746
613 788
59 448
287 788
498 160
246 921
470 121
188 406
109 291
464 486
531 26
959 61
148 165
224 84
8 132
138 168
672 142
106 736
762 55
611 153
112 712
722 85
165 973
841 17
108 140
720 59
202 182
80 738
120 960
55 131
181 63
454 203
8 226
370 939
100 319
44 510
597 103
44 777
129 793
223 538
469 732
168 167
699 188
252 177
544 880
173 474
257 71
944 10
342 2
26 274
788 874
821 378
100 173
442 432
729 163
550 112
614 330
402 812
838 59
481 43
279 175
135 496
621 90
53 83
36 43
513 664
751 33
448 319
942 986
196 809
37 738
728 32
946 105
188 146
600 143
142 794
258 445
972 98
758 901
43 13
44 456
34 641
20 117
565 846
553 391
194 407
173 883
16 190
39 689
67 492
712 505
173 323
479 119
33 124
731 76
144 847
726 454
896 378
149 112
899 377
54 108
144 55
66 30
621 998
178 108
108 198
203 134
688 516
450 163
164 307
698 178
498 100
329 132
886 50
6 545
80 236
351 35
688 271
269 539
737 66
187 331
37 804
791 517
14 407
168 653
755 413
158 29
602 129
271 118
493 281
369 384
13 755
8 37
164 961
350 972
45 471
413 94
126 509
63 191
20 148
52 118
290 143
9 606
376 40
166 582
376 5
590 19
443 5
93 995
752 211
847 47
978 137
91 692
415 175
69 585
444 71
387 111
110 79
89 721
74 823
778 953
45 963
176 506
13 429
34 980
49 444
834 138
116 358
94 793
186 171
43 685
90 236
171 35
172 49
95 147
530 790
285 39
876 808
519 3
677 117
312 117
11 82
110 490
636 235
459 214
82 686
606 110
118 107
988 80
170 622
495 95
148 150
929 6
83 438
424 143
294 143
895 769
161 168
11 851
139 691
20 698
153 507
181 676
193 901
402 51
24 946
472 43
196 687
434 30
158 379
181 337
595 83
195 901
150 646
507 900
126 872
709 130
16 628
67 249
967 98
119 136
408 40
236 7
288 52
125 259
634 510
988 235
988 493
931 181
533 137
97 439
168 63
641 98
988 368
141 29
120 579
81 14
154 182
70 646
328 950
304 942
819 974
118 152
128 46
189 358
370 76
458 52
41 111
427 298
839 991
104 365
130 536
73 156
174 341
657 193
850 7
780 101
28 383
680 175
671 429
31 23
901 166
378 340
719 672
54 135
517 190
966 105
131 314
822 146
709 917
39 954
132 974
587 169
73 141
64 984
419 162
997 816
183 159
504 86
146 110
940 798
252 146
74 383
460 158
805 111
65 565
340 445
186 705
286 173
870 91
344 120
148 44
210 147
41 122
979 424
802 732
198 200
134 202
217 51
913 159
47 637
57 909
246 12
35 312
330 160
99 589
713 459
955 33
673 93
82 421
505 93
133 72
130 948
621 3
611 97
677 36
358 496
80 73
441 99
523 173
552 82
546 188
89 95
629 401
217 676
72 262
125 571
436 709
181 636
102 930
5 39
913 42
476 805
650 1
635 285
467 119
473 172
999 195
96 25
634 325
282 146
522 127
279 788
882 169
9 648
113 140
28 926
158 128
28 215
247 93
110 542
184 2
99 107
798 842
871 164
811 17
78 898
156 490
33 924
505 585
70 49
183 117
83 876
24 588
610 138
13 130
281 792
705 534
122 961
132 486
82 382
40 128
612 188
693 387
876 63
800 135
109 751
594 105
140 749
7 126
71 327
860 165
114 4
24 739
68 64
181 115
138 886
863 99
110 916
197 93
177 783
38 200
977 99
911 677
47 200
118 947
600 84
555 114
501 157
236 31
35 72
226 26
879 99
215 187
846 43
60 194
923 89
44 281
37 4
14 27
27 509
27 409
57 794
311 193
559 122
150 586
891 145
267 189
540 988
3 856
312 39
414 58
691 35
63 983
745 177
110 188
807 836
61 954
176 490
29 439
911 99
441 143
329 55
21 162
629 49
313 181
485 149
125 96
177 237
10 323
73 183
249 83
18 7
538 57
285 53
106 973
112 881
385 113
37 693
269 740
127 166
78 50
184 788
716 954
129 904
299 72
150 700
211 721
101 649
168 943
859 348
172 317
149 672
138 360
676 51
29 239
280 63
56 159
888 612
187 92
645 424
189 256
175 23
850 12
67 246
760 479
191 944
156 358
379 762
66 52
188 685
105 210
549 12
28 133
107 206
159 52
42 838
206 793
828 446
406 22
81 112
72 919
147 589
726 673
163 261
331 44
207 115
966 201
92 421
184 150
85 225
132 25
926 284
301 185
188 654
937 842
134 613
166 788
106 259
143 249
995 111
974 26
671 794
892 92
819 40
573 965
499 117
655 909
549 26
516 273
385 841
190 932
232 823
540 105
66 46
484 28
146 240
137 918
157 529
282 191
794 26
876 768
117 94
185 147
742 122
19 168
305 9
456 960
39 490
629 180
448 186
995 337
7 913
173 898
978 325
89 929
170 193
293 459
9 221
479 385
59 49
504 11
843 77
95 854
312 135
489 78
174 178
316 36
496 543
510 101
862 387
291 71
457 313
123 594
260 746
360 84
689 64
270 44
338 567
562 396
178 859
670 897
197 879
787 314
143 359
293 61
599 85
686 200
403 443
518 98
739 763
147 713
173 309
208 607
643 9
612 14
59 76
875 163
81 946
99 349
94 633
721 617
142 388
785 441
199 122
28 45
142 509
83 180
31 468
24 114
926 35
309 103
729 411
103 141
859 126
113 108
599 568
215 115
168 122
136 25
243 113
15 597
622 157
81 977
258 63
725 100
863 98
227 403
320 265
897 17
541 583
871 353
589 61
162 787
566 351
11 42
23 950
526 114
54 155
662 466
559 181
137 981
611 178
436 68
92 436
11 735
172 995
511 182
132 972
159 66
32 751
24 559
444 399
215 720
135 782
46 948
813 179
688 332
387 82
93 959
866 97
138 781
6 735
401 193
149 750
880 714
101 138
436 111
411 78
14 141
598 92
94 802
371 72
976 89
617 690
199 369
589 333
176 434
182 249
811 100
103 239
837 25
450 57
183 504
122 446
193 800
943 101
933 185
116 120
642 47
49 247
589 500
3 886
753 468
39 638
200 171
37 567
62 976
710 15
259 573
185 449
335 191
292 10
929 723
904 14
972 192
355 126
879 164
124 645
127 844
111 559
380 55
189 284
463 370
162 368
296 91
108 416
83 404
129 803
78 46
820 54
666 74
29 236
201 228
477 58
680 93
124 617
741 96
486 78
2 134
154 832
311 649
423 256
719 81
9 93
166 202
188 83
63 335
701 37
926 738
32 179
17 17
34 231
16 547
86 551
86 92
481 75
148 1
168 713
516 75
554 30
872 59
352 174
891 83
64 703
972 436
682 318
14 606
158 131
703 49
42 278
121 781
472 69
162 519
666 191
883 47
333 173
73 501
406 890
67 25
997 457
114 257
631 462
174 320
698 44
132 443
162 170
931 154
90 158
111 644
189 35
638 51
159 661
105 101
10 342
967 282
26 395
905 629
347 97
107 562
606 120
745 7
19 757
728 141
134 144
170 436
467 176
272 765
722 267
119 726
175 504
703 80
200 510
843 355
140 940
397 312
12 767
960 331
107 181
53 404
232 743
610 252
558 3
850 438
181 191
750 172
176 570
309 838
103 739
813 669
99 214
836 137
947 119
143 123
195 958
394 148
553 451
8 696
460 842
2 219
953 187
51 503
43 821
124 886
273 130
172 322
514 94
763 463
11 768
128 450
98 840
543 118
381 951
371 190
491 192
898 29
409 89
3 190
130 199
107 431
65 709
538 994
145 419
8 131
39 785
146 723
869 810
173 249
124 61
114 870
643 256
234 88
8 197
513 47
11 814
414 198
33 598
186 537
6 578
125 400
989 39
57 871
177 519
338 50
367 846
411 89
47 741
941 193
174 153
121 832
14 95
109 568
139 741
676 228
175 378
958 192
49 47
157 369
312 724
593 1
528 150
646 698
152 168
341 432
181 905
967 92
55 304
946 85
137 769
816 180
812 23
131 935
29 20
742 199
594 694
803 844
785 42
301 42
989 963
273 31
153 74
146 666
67 475
384 637
646 190
622 18
642 99
550 101
162 290
164 361
417 664
190 416
362 38
295 460
863 321
154 547
892 125
265 579
981 139
546 2
122 865
639 997
93 801
39 971
53 184
122 517
303 30
683 125
610 274
1 19
80 340
316 42
597 819
115 43
433 851
137 99
846 92
175 810
755 870
307 412
57 54
371 138
45 520
99 19
923 152
196 299
392 158
97 197
40 88
445 137
883 54
894 34
56 700
391 828
715 192
833 978
58 21
51 402
86 755
990 12
992 175
131 357
38 970
29 469
753 110
458 371
565 718
181 766
44 758
857 74
46 761
199 39
194 110
174 31
958 25
161 122
194 939
944 921
344 250
170 124
101 612
129 242
311 79
849 189
935 253
118 135
129 938
776 28
334 128
725 133
20 5
393 849
146 183
96 472
832 714
51 10
33 32
689 89
144 157
167 881
370 941
582 235
613 11
111 219
911 603
154 721
76 510
319 16
354 69
464 89
72 246
49 18
116 618
571 627
183 673
74 512
557 612
90 929
178 730
95 744
604 625
23 107
375 976
543 152
592 154
177 590
136 975
33 106
189 330
196 973
8 602
78 314
452 55
87 247
173 758
897 127
91 587
947 132
795 16
249 564
111 631
898 118
830 863
106 776
182 563
42 50
858 459
645 5
726 85
82 44
87 90
670 250
456 314
123 155
668 578
123 513
909 66
6 974
438 79
85 238
623 80
374 38
478 795
237 108
886 598
249 25
24 922
81 609
55 494
42 499
139 336
422 69
777 954
90 622
819 206
167 512
526 725
98 492
185 451
685 32
151 53
650 904
73 20
606 700
136 181
131 164
543 20
378 22
533 70
566 534
24 306
43 273
232 47
118 107
542 24
64 757
259 886
844 156
162 204
979 62
666 39
793 411
157 827
107 731
863 286
112 177
650 650
434 148
616 225
249 102
167 48
122 186
880 97
112 984
90 724
207 121
855 164
591 140
121 987
91 871
136 149
651 141
817 681
919 108
634 592
559 75
808 667
647 176
603 480
21 927
122 231
210 142
581 195
130 555
57 599
163 1
710 149
64 81
388 625
863 163
490 876
801 144
106 751
158 169
182 304
4 326
268 888
904 9
23 50
754 707
164 674
418 177
38 845
640 70
128 452
654 56
132 215
242 174
48 502
157 425
310 170
137 277
591 99
99 745
954 785
807 104
216 24
16 735
152 158
104 253
135 730
283 812
59 577
256 997
15 74
340 11
105 900
157 541
362 137
704 833
339 795
195 551
709 934
26 150
800 16
381 968
460 166
93 91
3 20
34 564
34 197
433 979
65 44
197 992
283 783
14 790
108 686
84 909
100 74
177 398
105 457
950 149
643 951
428 160
658 189
553 888
188 55
623 126
61 813
500 164
211 944
927 66
889 130
203 175
741 413
70 43
409 888
73 863
490 116
645 124
580 119
15 680
5 13
892 115
971 165
175 13
383 74
671 68
131 121
122 70
242 112
612 382
190 195
187 640
153 521
706 830
958 18
190 290
105 718
696 8
632 142
679 42
125 76
782 87
110 666
56 638
553 318
951 741
142 185
743 165
502 26
57 442
492 186
640 154
188 365
116 630
89 987
20 403
892 544
12 852
190 916
996 150
4 133
44 153
784 477
28 178
760 728
325 69
121 550
2 674
97 11
42 852
96 424
379 90
139 602
61 103
115 437
573 190
968 6
17 180
85 940
52 116
248 577
137 898
44 272
150 118
177 373
48 748
160 29
5 780
440 148
770 702
43 64
347 416
132 626
139 673
808 477
105 248
24 968
168 861
127 724
54 772
959 108
388 90
358 101
24 914
195 510
286 105
113 756
377 30
827 622
256 63
118 729
422 936
225 232
107 562
986 990
184 462
614 60
134 226
838 353
166 568
200 416
636 129
859 743
323 933
526 916
964 291
512 787
910 170
156 513
122 40
151 58
18 892
430 696
135 75
553 156
705 654
638 79
874 45
950 16
144 661
542 606
513 99
184 956
948 756
48 163
361 177
166 104
806 139
788 96
102 809
199 441
18 348
43 617
13 417
153 390
788 99
29 509
22 425
306 39
47 51
572 351
236 119
939 144
987 63
39 99
771 158
716 584
623 111
453 568
920 71
327 258
53 62
278 42
195 971
735 105
608 471
18 75
444 70
89 1000
496 556
231 142
191 969
190 288
545 85
894 551
101 459
894 194
138 100
925 110
896 598
92 721
149 606
74 688
166 730
644 307
665 51
196 94
329 270
78 467
963 157
183 142
33 527
83 217
39 495
56 816
309 21
103 727
165 362
603 152
252 556
748 17
109 743
36 96
155 969
741 59
88 347
93 496
476 172
580 856
154 287
836 127
192 891
278 142
84 713
346 170
172 52
150 776
190 779
296 304
648 64
598 113
979 485
665 535
158 113
285 424
207 192
46 14
780 348
842 123
159 10
900 163
23 904
92 168
70 952
554 655
860 119
197 360
31 364
328 132
963 123
264 75
488 125
664 768
16 669
360 646
55 868
191 314
912 518
425 61
406 567
416 665
539 560
211 581
263 137
197 352
186 855
241 208
178 784
397 895
619 145
218 196
546 30
533 35
108 164
126 116
286 195
144 304
180 505
328 196
286 64
308 886
44 685
167 292
92 18
840 74
512 117
502 38
998 919
423 262
190 275
195 356
45 196
274 58
153 55
16 242
40 449
125 887
15 967
69 106
100 518
675 101
905 140
135 836
186 728
457 800
78 167
100 415
897 37
406 395
223 169
74 177
151 213
956 125
132 587
75 567
776 37
175 640
190 258
851 850
120 191
654 64
875 200
465 135
90 49
576 881
21 111
7 25
192 192
77 517
134 929
571 104
227 177
107 588
286 57
28 545
898 60
153 778
465 194
271 263
245 27
36 322
928 69
26 142
867 29
265 230
77 108
83 578
43 960
518 375
411 637
164 750
204 311
269 901
150 194
871 82
142 516
288 901
181 318
173 99
9 300
115 612
251 102
398 133
149 998
478 109
492 319
63 719
749 152
116 10
18 547
79 267
1000 20
332 22
1 519
144 395
560 311
31 266
240 117
960 335
10 538
558 960
63 814
21 524
885 496
212 786
144 659
848 122
184 958
90 664
668 480
434 422
364 151
162 683
960 640
611 754
644 260
296 155
71 670
147 647
785 226
937 58
526 189
815 60
370 179
130 979
993 62
687 308
286 29
611 863
398 60
797 935
364 403
46 524
461 187
959 154
476 16
113 17
360 803
139 961
423 949
1000 271
801 57
46 57
103 87
920 391
164 68
86 356
294 252
910 44
30 219
441 375
791 899
140 580
164 887
4 837
14 839
848 918
948 337
277 410
594 179
460 612
19 669
8 130
333 146
304 161
928 265
783 175
805 664
161 3
141 359
117 187
39 722
242 79
576 141
342 624
857 435
691 616
96 566
194 892
81 938
81 149
93 370
49 888
111 534
319 114
122 782
182 733
78 511
5 570
128 141
839 803
50 191
67 507
94 297
10 262
52 402
115 852
241 130
970 66
162 868
105 213
747 634
533 68
626 186
23 789
594 754
23 189
134 82
206 107
132 787
59 139
16 931
532 3
105 616
98 105
172 77
708 415
416 124
857 87
530 140
645 30
197 175
675 121
588 163
130 362
252 618
373 132
175 581
80 610
584 115
273 19
47 423
53 582
895 143
566 825
987 81
151 959
142 994
636 808
53 146
888 129
292 107
170 782
314 820
202 180
61 101
76 905
118 51
957 61
216 7
374 171
115 35
323 928
794 30
220 811
147 386
552 24
632 66
494 921
921 17
581 912
517 78
907 314
278 66
720 181
187 424
41 359
92 317
21 378
781 97
159 70
668 760
127 903
567 923
40 695
