1000 228673
2000
951 265
58 48
278 150
321 371
523 103
195 768
37 449
311 168
71 550
402 312
917 237
195 103
93 814
387 187
150 973
291 103
37 261
181 82
372 93
941 184
73 564
852 40
526 239
183 229
194 220
663 16
997 976
105 311
41 729
192 848
48 909
37 481
661 117
161 518
716 880
291 222
49 47
355 128
757 209
194 942
778 186
692 48
46 182
983 403
76 137
117 510
252 723
892 951
197 44
447 200
78 93
781 137
943 119
187 693
922 53
45 976
791 35
704 77
56 726
448 149
912 179
152 716
797 5
102 528
30 86
286 34
445 166
293 133
841 4
109 33
693 633
653 80
504 251
19 172
19 989
662 16
593 727
366 257
76 726
55 548
810 139
173 227
20 283
904 452
703 112
131 354
387 92
123 750
45 531
907 662
21 434
411 376
953 421
129 90
122 837
488 413
226 369
111 84
82 151
968 63
96 642
295 810
646 992
2 666
11 674
259 5
417 124
56 108
103 138
128 773
9 372
382 514
564 937
154 986
5 282
176 271
310 29
2 226
329 202
33 208
102 939
827 196
50 58
86 550
277 188
146 210
169 35
431 147
943 76
194 915
16 22
22 887
503 79
355 5
117 962
113 45
841 111
156 602
181 309
840 63
842 826
927 41
634 13
37 730
382 193
25 116
120 316
89 21
495 32
628 317
802 110
166 12
841 423
47 379
96 36
79 133
782 42
942 120
581 42
559 79
6 917
884 184
416 46
123 870
157 565
581 519
464 165
166 560
431 50
132 117
330 34
627 91
147 407
2 853
69 823
140 85
388 303
578 18
726 136
177 830
5 69
848 749
190 338
337 444
134 935
405 61
53 906
657 102
633 42
66 484
956 186
41 166
543 129
39 283
144 248
999 183
321 43
823 21
204 55
14 795
83 449
136 650
10 154
890 100
446 211
585 123
744 64
48 74
157 676
665 595
624 91
210 520
107 479
737 96
130 138
206 771
868 620
3 345
178 141
178 728
285 84
52 372
148 566
847 111
317 657
177 324
24 64
241 85
157 167
481 167
868 163
204 442
78 731
591 559
850 111
69 160
67 415
990 377
601 153
551 422
4 899
605 725
824 802
979 653
996 163
63 999
886 927
884 69
135 186
975 139
295 457
71 291
37 61
40 286
492 102
346 36
130 820
876 630
368 75
274 25
731 93
577 97
209 848
104 40
188 849
702 224
875 144
88 729
176 136
822 200
239 143
924 63
262 299
57 78
394 944
22 140
722 526
153 64
65 228
44 871
80 814
896 72
50 83
996 141
148 446
142 55
785 766
343 804
734 135
95 830
129 811
122 434
282 173
32 218
38 310
127 824
138 321
186 361
24 123
359 52
663 142
775 679
606 159
109 314
166 117
165 121
102 486
211 16
310 143
147 762
300 180
482 798
177 404
809 122
811 95
54 306
95 734
228 849
840 998
163 29
434 121
161 430
69 149
710 163
690 890
97 60
935 172
137 495
726 165
468 7
133 348
676 424
289 236
375 956
575 184
429 912
121 735
195 161
429 77
25 263
867 197
292 197
870 818
80 81
24 239
179 198
187 800
646 81
120 185
608 212
139 560
55 372
101 810
438 29
820 520
743 686
27 842
90 130
140 160
124 515
687 408
163 43
889 181
586 101
939 25
411 778
33 417
71 138
189 923
222 485
668 57
112 480
812 164
332 514
201 357
805 198
386 434
516 116
190 227
166 694
287 926
88 838
180 85
60 442
196 8
589 78
801 648
677 750
196 825
929 623
780 136
160 877
59 860
62 797
959 54
496 157
848 198
630 223
102 724
411 517
48 463
182 127
506 123
204 729
324 170
29 1
135 308
32 813
892 856
339 96
46 75
148 722
476 121
77 222
4 819
854 608
65 22
34 166
752 732
290 119
96 339
98 669
638 104
477 172
825 535
99 109
512 649
193 59
80 72
997 80
401 929
742 5
840 86
154 93
69 773
170 407
118 709
95 668
191 896
927 155
150 558
158 68
656 948
704 74
957 907
964 401
117 691
703 102
242 118
522 75
33 436
770 140
989 473
547 158
171 428
23 794
325 101
104 334
32 524
74 112
507 182
830 140
68 341
711 37
199 411
73 349
50 61
591 108
70 959
184 371
89 214
316 15
14 997
21 41
434 98
946 74
888 209
242 165
305 276
735 58
316 4
611 59
59 603
866 111
112 572
929 166
411 62
9 125
36 91
497 600
527 188
1000 307
21 893
3 46
159 5
73 336
513 753
126 669
337 149
193 573
74 390
125 821
122 899
907 911
18 787
342 166
417 106
641 92
837 257
179 899
105 81
318 327
905 994
917 523
847 521
77 60
103 812
883 510
253 199
768 105
73 22
135 832
832 2
923 612
355 46
445 989
175 965
137 798
799 310
377 703
148 829
99 189
5 146
27 334
187 847
147 237
7 349
267 656
346 131
81 184
220 649
312 12
244 864
62 738
662 190
371 192
807 195
147 44
140 186
161 900
166 873
393 57
822 455
669 366
711 127
483 11
507 68
340 110
18 925
881 724
150 197
183 158
768 37
269 160
50 263
13 165
164 34
298 40
862 138
835 551
253 781
139 114
31 556
365 297
672 63
125 397
962 96
180 917
628 921
37 231
485 197
99 632
470 14
150 43
803 18
163 568
877 94
600 1
46 918
398 123
501 916
847 4
203 563
18 39
187 437
639 55
31 173
142 666
170 630
380 63
89 62
237 726
185 356
964 134
748 101
315 431
816 130
827 522
579 144
19 166
664 109
419 481
93 588
141 772
53 91
762 116
475 92
342 790
91 997
116 105
127 214
214 110
177 91
187 260
883 601
119 134
569 107
5 138
302 76
169 125
510 423
156 986
135 198
63 662
148 532
425 197
486 395
113 477
432 947
427 76
281 35
612 183
184 161
98 586
610 779
659 29
357 174
40 41
189 37
492 119
244 31
108 609
137 246
31 125
195 514
90 602
305 414
381 49
789 123
378 95
293 87
667 436
837 104
884 41
161 54
120 935
69 195
786 649
199 480
957 195
484 261
626 148
176 448
307 416
267 559
829 14
116 405
44 58
32 162
439 193
21 197
730 150
995 133
142 863
73 873
100 841
51 285
125 647
36 649
867 69
160 855
520 839
185 141
73 123
28 885
159 657
29 859
768 147
224 181
920 259
78 950
712 45
608 1
967 83
409 579
148 206
289 887
494 134
298 37
375 146
159 229
171 420
51 979
32 244
892 193
307 664
648 961
129 479
177 118
124 96
45 120
260 157
953 70
22 95
586 124
49 515
49 399
330 77
953 852
431 56
361 137
453 189
581 7
560 164
64 42
435 76
93 493
804 175
194 184
867 53
130 826
985 103
803 168
489 196
809 765
110 100
733 46
88 646
739 910
152 59
43 62
90 66
486 94
32 759
111 95
203 893
900 502
50 579
46 182
795 184
702 318
122 872
935 875
115 656
46 88
232 45
52 119
79 981
142 163
186 494
686 181
87 870
773 203
121 622
194 858
272 20
532 71
117 764
173 923
86 865
78 684
245 132
68 576
103 523
7 48
294 21
176 291
152 131
137 913
78 30
131 51
151 178
629 711
241 121
90 181
301 774
304 178
89 921
670 137
73 151
337 300
461 152
139 243
141 433
284 548
114 832
144 959
106 475
650 244
139 5
164 459
529 723
157 503
148 233
152 198
876 141
181 946
117 85
279 111
787 419
104 654
908 151
147 718
986 229
988 185
162 518
45 832
325 201
191 299
928 73
773 482
95 143
655 73
161 487
22 95
38 988
66 182
4 699
89 119
982 60
76 457
425 226
596 127
110 873
30 959
121 642
638 845
155 577
49 983
69 535
643 11
275 75
608 4
337 200
801 662
120 340
316 103
492 704
186 495
776 160
611 71
808 146
406 248
97 935
228 85
275 984
448 444
592 934
183 17
91 295
702 778
58 96
162 910
11 939
573 719
206 18
140 963
617 190
195 834
730 235
440 151
47 168
218 13
545 49
743 114
61 970
143 314
601 147
672 821
575 506
107 138
755 793
755 675
299 103
242 130
118 516
356 169
503 189
27 162
85 736
130 381
903 142
855 41
125 511
764 939
745 148
496 56
958 32
593 32
299 106
101 595
722 183
68 76
605 317
45 295
56 834
952 541
401 89
35 405
21 77
97 157
84 348
235 941
108 851
967 803
728 111
718 57
636 13
268 136
57 268
468 581
16 775
20 906
3 433
38 253
142 174
14 455
604 58
771 555
78 811
598 107
909 424
513 177
500 172
365 88
986 488
197 60
415 907
49 107
551 157
342 466
164 740
705 490
147 300
776 292
144 585
135 999
34 463
118 208
142 740
995 431
185 494
131 396
938 33
187 107
449 299
84 274
719 987
115 540
74 214
504 1
93 741
134 133
292 345
178 128
315 741
902 46
234 26
80 361
387 141
415 431
152 939
252 101
240 150
262 199
26 805
358 176
140 366
82 582
534 221
743 138
151 415
162 452
993 94
992 501
858 618
56 29
168 340
134 133
207 123
140 62
298 935
801 116
791 122
274 592
438 451
227 42
33 267
10 573
91 38
201 166
593 55
638 127
127 850
177 165
473 785
79 558
527 137
175 602
614 64
103 650
554 95
519 222
14 741
931 151
214 160
221 50
92 627
857 544
8 113
705 199
225 19
242 119
159 127
347 173
519 139
677 74
3 596
129 392
10 658
136 298
329 347
1000 180
967 91
176 369
190 370
3 453
769 121
194 146
500 253
48 169
788 868
477 30
266 310
59 621
82 577
605 332
351 995
514 330
694 127
992 145
51 2
606 382
624 44
282 82
271 840
264 966
11 464
264 10
88 218
238 981
83 566
368 165
130 994
28 26
109 598
140 564
632 131
836 7
62 422
60 311
164 380
44 35
1 98
93 211
295 925
12 700
119 997
568 134
16 124
402 184
834 106
295 307
356 247
101 597
756 151
674 164
221 310
188 499
190 174
85 330
996 626
831 952
481 823
113 317
960 155
99 583
517 176
927 224
996 166
973 54
125 585
88 586
258 108
960 962
388 770
123 25
37 476
768 712
186 556
146 234
188 941
919 444
141 124
596 195
471 145
638 59
120 288
537 133
504 83
32 152
822 614
986 990
59 897
439 862
127 847
151 31
900 741
364 181
800 171
4 493
587 112
108 542
858 146
701 63
5 110
111 645
988 9
139 576
13 36
952 153
993 498
86 62
105 977
385 967
366 313
342 179
133 570
346 89
83 274
960 911
21 118
159 764
995 95
107 118
191 434
660 111
701 183
700 974
47 515
39 232
811 175
970 26
156 880
80 189
151 199
199 52
556 811
497 99
55 145
115 208
759 414
70 180
703 153
560 221
369 272
151 325
344 760
272 43
39 597
643 681
184 11
868 117
741 32
52 451
53 578
121 375
450 8
20 174
106 652
205 46
25 666
622 57
497 29
894 158
833 12
733 148
67 159
166 48
217 817
448 69
78 870
808 99
188 333
560 748
598 290
291 182
397 735
572 33
143 365
856 171
134 350
728 963
656 906
23 27
87 469
357 119
117 918
39 679
136 527
50 167
14 374
53 506
158 100
578 971
571 38
127 367
123 304
198 144
84 247
146 855
90 736
183 784
790 143
112 779
575 673
56 961
71 395
128 438
448 627
14 525
9 958
56 57
162 268
146 588
573 288
598 46
198 715
786 193
430 92
151 613
359 584
89 972
372 776
733 13
591 210
71 815
237 967
660 122
183 727
158 661
427 146
750 5
3 300
596 6
24 366
110 611
917 960
203 154
489 141
422 96
822 581
735 514
539 388
822 13
44 828
383 969
285 52
52 344
529 240
661 333
889 80
78 860
189 719
207 389
51 139
115 601
200 373
802 83
594 124
40 861
272 698
394 209
640 150
112 35
905 75
7 966
528 173
876 103
889 200
922 144
259 165
175 295
768 17
48 403
842 150
152 165
270 634
633 862
149 510
65 709
243 89
610 17
81 397
928 812
771 435
2 592
47 39
152 950
441 369
163 393
295 533
260 114
673 19
699 20
125 253
93 71
119 206
551 406
132 124
27 724
104 606
76 150
930 569
38 984
82 930
164 321
138 186
742 89
710 265
40 932
52 697
785 119
145 923
179 198
495 14
67 698
388 148
601 42
46 195
809 947
760 632
62 77
56 139
310 836
122 241
247 65
103 635
94 407
638 64
697 898
24 759
123 546
704 145
716 715
788 143
5 661
5 172
18 619
131 763
299 59
57 171
561 532
974 130
36 82
67 785
50 319
536 127
837 578
96 12
58 626
32 890
34 96
171 65
981 68
10 626
61 647
340 79
52 839
110 481
159 569
70 812
116 768
730 142
845 130
69 814
144 803
846 897
103 423
698 150
896 109
673 46
799 64
27 472
406 404
496 12
737 115
90 69
728 563
538 14
420 112
664 803
501 75
189 229
119 161
33 505
884 530
69 753
645 671
49 72
335 785
257 97
189 997
516 45
789 159
962 85
593 51
36 106
210 502
146 376
817 560
114 129
604 286
396 132
78 170
169 735
157 975
101 320
301 25
384 321
196 5
74 317
30 585
878 42
37 687
433 705
165 974
851 778
921 74
426 878
379 192
700 139
457 175
568 2
7 206
856 609
840 74
19 702
99 730
81 336
125 187
305 196
18 821
914 187
138 864
100 691
198 681
127 776
242 264
872 100
774 184
37 521
112 657
159 689
78 822
112 175
459 32
100 840
333 159
42 40
175 398
517 980
44 293
101 885
679 182
437 927
126 320
56 904
256 41
20 829
406 124
328 116
546 112
218 159
186 387
67 129
716 937
933 138
9 274
559 820
87 39
130 481
815 123
198 644
17 168
114 586
192 530
692 642
56 710
292 607
101 826
8 692
70 373
697 401
493 722
364 183
937 190
95 279
221 8
59 705
2 606
701 157
989 72
107 154
41 170
479 677
621 46
55 237
458 935
362 4
176 102
470 798
23 179
998 484
115 100
917 99
47 38
402 710
151 134
892 597
176 132
349 117
477 980
488 3
343 16
476 81
117 14
819 302
6 239
694 634
65 445
25 624
187 397
43 197
124 444
75 922
446 138
111 911
16 136
790 110
154 944
166 236
231 455
32 998
112 144
6 315
143 257
191 9
149 527
710 6
665 11
184 260
66 168
244 998
122 334
116 181
774 42
157 170
53 965
142 237
836 176
57 185
735 651
108 840
5 997
691 828
881 62
755 120
666 113
329 460
477 174
361 951
184 917
819 798
674 634
776 50
180 143
174 913
12 456
161 235
49 847
197 630
917 906
476 199
35 811
16 59
69 502
181 199
174 78
64 847
562 564
707 3
152 692
62 357
137 130
319 90
917 81
3 46
134 59
901 772
124 553
906 866
82 274
389 113
323 193
370 131
662 177
65 391
137 413
505 325
960 107
206 761
551 106
29 923
127 493
350 51
136 756
452 866
768 391
3 930
102 499
150 989
724 431
532 607
50 300
177 112
531 113
129 864
798 176
130 551
840 59
752 44
23 455
841 34
203 692
994 361
440 413
908 626
170 90
580 422
14 670
715 69
47 40
784 607
272 189
32 439
277 132
965 18
545 30
69 795
939 789
114 126
588 95
583 131
13 181
176 82
122 392
126 318
35 108
461 11
453 6
40 412
29 669
844 858
601 44
184 832
495 61
859 545
109 966
735 65
47 167
425 948
902 628
925 57
42 224
185 923
465 679
33 603
73 203
203 779
19 835
24 478
33 518
103 149
5 168
116 630
102 394
63 218
235 145
104 476
156 968
131 817
65 888
316 793
145 122
706 133
839 137
753 191
758 315
129 55
59 199
86 609
169 697
248 65
193 63
315 392
136 244
135 128
131 903
42 838
113 169
414 665
107 351
967 480
943 218
555 117
138 614
105 407
511 232
430 85
674 137
541 188
272 7
188 700
476 324
97 738
194 33
735 153
906 306
287 524
209 13
454 42
773 707
530 102
193 448
3 46
84 602
633 68
821 161
742 359
557 57
3 710
536 57
5 652
601 439
12 152
890 961
548 164
39 283
4 436
188 303
8 617
62 683
756 625
321 543
368 294
5 180
401 108
342 57
29 951
325 588
520 37
809 492
287 13
464 254
83 140
3 703
993 546
129 985
395 269
165 97
172 29
71 737
149 95
266 7
793 30
108 20
665 160
19 516
834 670
170 920
481 115
383 112
93 567
747 608
513 830
943 76
56 596
757 153
868 139
796 458
877 183
174 177
459 561
372 882
175 258
509 924
91 117
181 666
831 837
511 281
103 75
301 821
552 45
38 93
836 199
196 50
315 125
412 151
200 395
861 645
454 52
344 924
704 186
965 792
309 52
416 415
347 782
56 270
155 551
143 157
4 187
17 566
604 46
956 94
789 70
129 571
22 175
167 717
554 638
729 251
523 822
909 326
78 187
967 405
131 928
287 488
12 526
268 116
751 64
528 98
678 72
179 714
96 961
488 122
786 124
501 816
805 148
506 156
332 762
850 159
177 332
77 666
196 76
510 336
497 316
88 2
868 94
116 959
9 133
7 172
19 497
30 714
288 26
149 83
476 439
627 714
134 484
74 166
62 520
742 836
43 919
866 342
129 423
867 760
406 43
148 773
971 196
414 19
907 108
92 304
79 157
787 100
97 170
334 896
225 53
892 294
105 630
304 122
828 421
173 438
737 37
16 511
568 269
3 455
21 547
51 928
44 518
305 61
858 95
918 142
475 39
20 110
336 64
263 666
258 29
33 754
2 86
115 708
662 61
137 338
173 866
311 971
82 309
125 269
4 126
929 909
854 1
240 6
602 84
996 528
96 715
3 356
129 296
219 150
189 119
530 88
337 146
226 92
998 67
50 813
65 64
42 707
763 385
60 500
106 188
23 58
598 764
402 83
351 897
92 681
181 315
81 147
40 765
818 28
375 647
478 134
92 583
19 5
84 165
9 180
14 193
693 128
588 171
598 144
6 30
338 136
138 61
991 316
993 49
129 135
176 827
96 346
398 194
858 39
961 77
145 746
999 974
544 175
851 891
