1000 229661
2000
940 82
791 195
6 533
81 283
120 648
543 423
126 71
101 508
105 915
759 189
204 165
37 523
22 643
140 37
307 855
969 200
386 117
964 16
109 663
169 965
78 602
671 732
590 712
415 9
523 450
213 144
832 447
20 716
530 434
113 600
703 883
441 969
331 132
88 791
682 106
844 113
176 984
84 100
750 3
78 163
741 21
199 361
29 345
253 308
14 767
609 96
564 151
2 110
150 156
464 916
85 195
102 187
436 42
77 829
57 564
4 600
881 633
848 121
76 546
166 101
736 55
714 130
436 51
567 74
32 659
497 109
76 763
489 293
479 538
150 622
884 18
936 882
100 979
53 256
73 382
631 162
455 762
569 159
63 73
189 893
147 915
13 777
198 423
614 576
956 81
156 791
195 793
258 454
400 941
106 63
466 148
166 77
38 504
374 167
29 654
111 658
79 62
193 845
169 383
24 573
189 901
119 309
129 141
108 639
110 437
868 142
18 32
191 747
614 182
730 14
69 159
756 70
47 751
801 326
411 183
69 188
61 947
499 778
80 736
785 894
532 856
186 285
229 961
36 448
913 529
118 288
21 465
31 350
718 192
182 605
524 751
168 726
67 116
16 483
84 89
816 95
13 20
67 494
185 340
131 349
68 372
526 13
493 539
36 352
68 154
186 410
446 17
64 443
382 52
860 144
54 192
42 775
109 162
540 119
194 39
91 893
761 5
776 872
62 41
49 618
937 111
252 135
470 146
157 859
60 941
149 142
156 105
38 711
475 133
146 949
49 172
448 241
17 138
518 8
190 150
43 845
210 866
72 57
281 178
838 717
862 171
320 116
87 555
923 140
77 835
816 542
966 357
589 792
41 419
116 625
738 116
114 748
10 471
877 129
166 644
22 371
971 874
125 46
80 159
89 321
261 884
15 157
800 70
50 185
139 131
126 246
12 488
283 136
104 366
69 743
103 749
30 391
782 65
139 144
827 190
69 268
981 88
260 45
15 712
781 133
259 778
8 566
799 99
171 358
12 760
164 485
585 45
4 187
96 548
312 991
346 190
20 155
146 403
8 509
59 156
809 462
132 122
213 141
139 508
479 606
9 162
967 863
94 743
560 47
112 945
890 934
527 601
232 29
849 149
885 16
326 90
385 66
819 177
877 85
614 156
767 769
124 487
49 320
137 167
592 143
486 84
11 220
771 769
943 45
269 6
977 39
598 570
143 680
856 935
212 232
673 608
831 2
900 1
188 745
180 944
29 114
466 31
364 5
803 890
133 694
73 14
95 70
312 96
109 416
143 553
66 84
921 809
238 61
996 172
441 944
714 75
441 57
396 80
431 595
131 327
623 216
302 164
147 76
130 816
110 170
223 153
793 923
2 772
285 79
895 197
120 157
554 38
125 158
576 897
574 2
119 888
157 26
127 109
81 380
101 836
698 435
317 787
149 850
551 169
937 240
466 87
166 215
97 690
590 107
79 696
718 4
163 257
181 669
190 680
789 824
801 935
5 374
16 521
191 953
198 205
935 38
708 370
844 136
802 897
916 117
868 387
800 992
829 24
275 135
966 649
198 628
519 296
191 872
62 465
78 832
41 58
833 127
343 269
661 575
70 809
188 528
66 372
782 738
94 139
995 198
647 330
97 862
74 438
140 808
297 301
117 629
404 38
731 90
166 691
869 114
264 186
270 44
13 416
163 390
23 819
78 493
195 220
114 347
60 103
398 752
683 373
710 247
437 31
277 774
943 523
135 123
35 48
897 52
134 52
177 89
388 318
519 14
249 137
417 63
116 483
524 653
143 317
869 180
699 954
172 180
55 208
878 49
127 357
159 519
20 147
90 390
932 289
376 226
711 746
13 476
35 174
348 505
180 526
165 223
65 113
703 80
635 271
677 147
235 101
108 109
137 783
779 961
672 73
246 196
887 64
826 213
529 87
245 250
97 80
511 142
859 868
569 159
624 32
64 123
968 995
795 176
175 378
99 452
102 519
29 926
406 84
35 965
309 17
191 433
660 454
140 760
841 190
759 906
645 139
714 182
815 854
736 148
106 73
108 779
160 232
231 63
103 95
59 42
87 964
87 328
30 155
90 75
56 888
380 696
121 7
732 262
738 131
79 263
45 228
74 329
336 12
898 229
176 445
142 332
854 38
101 944
900 164
74 60
58 116
172 182
182 838
171 521
987 881
590 118
86 195
704 591
846 29
531 173
68 111
331 107
32 910
363 51
154 397
840 2
403 297
10 264
476 974
71 705
121 567
451 6
136 964
47 854
20 386
742 810
195 619
724 848
727 170
247 722
320 953
89 27
11 244
938 727
806 63
509 169
161 339
55 756
154 56
886 45
312 781
774 223
119 942
74 49
92 819
677 194
872 179
53 236
111 629
738 686
695 688
531 93
87 174
195 521
95 469
654 182
260 725
412 823
137 403
345 184
139 120
56 652
115 430
128 426
607 197
200 185
20 625
936 657
856 347
856 887
100 441
298 287
762 621
190 799
187 585
175 219
594 17
45 194
76 692
198 143
625 832
287 167
714 105
77 539
545 859
146 137
155 282
725 30
475 268
662 172
735 27
621 120
62 304
132 655
122 43
139 124
152 119
119 104
109 44
803 61
151 223
228 710
265 783
209 82
930 57
169 389
585 818
410 188
921 119
744 175
125 706
236 32
900 146
437 167
31 678
963 846
10 187
49 76
141 21
811 63
263 87
12 912
299 333
265 459
51 430
417 12
293 5
976 297
885 146
49 227
127 937
445 200
267 254
67 412
566 207
147 754
495 865
123 561
467 161
65 562
342 661
54 491
257 113
777 794
116 924
68 429
132 527
511 551
195 121
37 300
237 273
182 832
322 29
88 632
127 4
474 923
163 906
370 915
104 454
92 125
198 184
122 430
2 161
26 174
345 894
137 370
813 21
121 594
319 730
586 138
95 559
495 183
875 82
2 65
154 300
173 617
229 104
523 188
212 183
23 463
91 738
198 867
993 807
64 40
33 238
570 287
467 885
109 668
149 745
169 678
730 72
212 45
17 187
488 642
438 382
33 576
61 137
6 174
889 930
954 929
553 25
710 52
40 324
95 111
26 116
49 357
111 124
786 46
122 255
715 429
822 370
91 28
642 673
118 51
36 307
401 54
1 58
15 436
880 9
173 679
30 488
758 94
103 820
143 346
739 15
43 740
866 116
789 773
52 660
100 76
559 764
964 242
636 713
925 180
363 53
797 126
450 65
162 882
676 173
133 340
414 582
70 745
156 379
772 993
152 321
640 957
769 108
152 487
154 857
800 183
271 790
523 88
155 814
177 68
170 26
797 122
62 579
501 424
882 192
676 59
17 399
470 264
99 198
835 5
37 642
748 75
373 96
128 638
540 371
95 765
718 77
134 35
1000 56
117 450
106 613
741 335
833 642
190 874
33 657
410 275
10 133
192 766
533 8
772 20
571 430
350 710
929 497
531 27
432 93
471 72
581 667
893 425
676 423
883 747
641 300
964 957
214 329
131 563
21 1000
742 142
239 31
459 945
378 678
881 26
293 642
488 93
178 449
377 631
857 485
568 68
73 899
823 22
542 130
840 397
147 690
46 72
60 134
980 725
385 73
111 763
79 514
868 112
736 964
281 320
219 955
45 787
79 663
87 286
55 2
4 99
107 249
66 119
468 146
961 36
45 121
109 258
166 512
63 372
412 192
558 75
331 857
687 97
474 48
173 801
187 743
503 963
292 70
190 81
95 2
110 689
124 955
134 250
563 843
791 36
891 450
243 36
944 67
565 505
124 903
128 684
76 296
393 111
77 369
271 491
121 926
964 93
156 11
297 525
786 129
162 883
178 549
170 323
23 258
113 586
1 197
1 63
76 348
99 60
813 55
67 41
79 699
689 44
296 546
78 13
831 843
886 136
413 66
688 181
429 163
297 168
46 90
220 174
177 114
393 16
75 601
25 412
639 642
153 499
19 974
725 958
273 234
329 28
861 621
46 525
844 911
562 47
705 620
82 163
59 541
115 408
122 516
178 919
49 623
171 976
28 189
43 195
30 872
193 177
168 632
298 103
291 180
357 103
27 173
648 533
499 78
487 61
173 998
191 545
364 148
173 564
433 72
72 498
126 607
441 633
778 15
852 124
46 508
99 11
366 499
160 546
578 224
64 429
494 931
281 184
738 588
42 797
447 76
91 863
971 118
326 100
836 99
189 22
89 163
217 42
241 133
573 149
699 433
387 439
500 25
547 36
113 702
649 115
60 330
254 904
519 153
659 84
967 175
158 551
782 905
116 456
579 296
751 28
125 118
193 553
76 527
227 16
313 87
141 29
55 981
318 99
39 240
175 109
39 563
9 50
831 121
52 1
846 781
554 100
6 203
472 51
166 634
198 372
464 86
59 410
714 473
828 90
897 848
484 628
144 510
65 586
781 75
680 151
216 240
965 90
503 188
848 855
215 141
919 762
279 86
38 536
82 258
889 162
26 469
851 864
134 943
479 27
811 11
769 406
279 196
614 91
859 481
978 105
71 189
107 423
154 18
877 25
294 182
937 44
801 196
226 208
468 192
130 431
831 909
108 974
145 643
50 838
391 124
183 940
331 381
140 604
17 557
150 513
126 8
330 759
95 779
420 955
21 147
33 344
69 634
838 317
34 72
595 141
50 586
146 717
719 27
641 36
848 653
669 939
473 171
827 672
428 118
312 153
174 347
11 218
858 196
85 517
81 110
801 106
82 123
127 246
87 134
300 139
247 40
286 179
845 196
639 96
844 121
71 802
151 42
24 644
606 117
148 131
28 561
130 241
180 492
515 198
428 114
886 841
776 185
534 407
120 662
912 29
412 904
116 886
873 80
320 161
506 16
183 944
148 363
554 146
165 659
908 8
123 234
652 158
704 583
678 442
360 51
906 479
158 417
160 16
139 115
882 106
90 251
726 249
866 835
113 189
170 405
10 192
247 191
503 174
576 34
937 43
867 184
924 101
839 156
103 800
199 985
105 23
20 24
755 184
109 528
578 90
32 50
197 24
87 196
164 104
14 774
880 742
31 610
502 975
564 675
186 551
325 958
16 318
673 149
56 902
44 26
931 1
943 60
765 51
111 422
103 858
17 259
3 20
205 30
380 53
982 226
41 569
107 144
682 1
105 563
567 688
4 886
15 122
360 71
870 915
10 21
114 829
616 86
166 723
24 162
116 560
76 158
55 533
367 489
319 181
145 642
829 49
194 84
8 733
110 650
827 167
875 59
59 678
167 522
172 925
67 287
431 949
282 217
183 729
115 182
176 848
953 173
419 37
92 96
89 482
882 138
133 973
426 76
91 852
457 72
185 872
776 35
142 150
394 10
142 213
89 758
982 374
112 739
78 470
193 847
145 283
95 22
35 990
114 800
183 272
140 115
550 39
652 192
95 169
48 411
653 990
729 916
74 96
232 192
664 64
672 85
624 731
190 216
137 713
77 716
92 693
88 721
449 58
261 7
316 604
345 450
99 68
44 48
191 380
743 197
89 367
674 202
160 63
62 459
59 147
643 562
211 210
756 200
622 29
263 17
53 45
438 207
88 943
32 835
69 697
53 629
801 962
152 250
171 797
377 88
97 476
32 66
128 971
627 536
146 844
167 520
631 155
562 29
252 682
448 449
269 22
138 161
162 168
735 486
352 299
39 235
487 37
126 475
900 347
659 945
145 285
543 369
317 17
53 150
788 401
854 120
789 109
40 922
129 367
832 109
104 566
143 876
289 188
413 32
169 87
503 919
82 539
41 358
93 895
766 103
39 973
366 735
215 5
510 27
922 197
726 686
595 406
69 617
83 650
901 22
555 91
671 816
166 509
763 137
19 680
253 862
518 75
561 240
20 111
140 29
813 174
577 87
418 878
159 675
631 436
412 173
608 417
197 134
160 191
58 3
68 690
69 800
749 672
108 465
181 312
254 43
690 3
45 125
123 792
132 617
854 173
406 166
169 461
398 195
40 638
20 106
113 730
8 637
103 70
888 190
92 331
185 979
106 892
730 77
164 127
379 198
427 93
4 54
289 94
101 449
481 751
43 415
800 498
427 51
769 112
999 193
684 472
289 102
171 33
78 691
359 547
28 288
167 760
779 63
242 949
387 103
68 392
48 188
346 10
109 158
324 137
573 49
392 244
70 134
249 129
803 580
439 662
753 57
859 234
571 197
94 822
45 673
197 149
5 484
977 328
57 277
64 559
987 402
343 91
157 778
35 291
194 763
529 168
59 627
944 133
723 14
364 569
572 57
907 85
872 191
435 483
69 903
826 144
32 521
243 992
472 921
744 15
989 69
161 133
385 335
444 892
906 138
18 455
613 143
743 141
323 181
767 596
45 697
365 186
129 315
391 691
200 721
777 677
37 182
23 308
514 372
54 784
835 155
661 74
468 43
71 119
771 593
78 565
557 251
839 98
967 443
152 550
982 406
125 163
151 387
409 196
861 351
697 817
37 906
9 165
71 428
190 651
301 16
159 73
100 624
672 118
45 373
341 605
702 46
250 650
156 243
128 243
665 254
34 322
152 9
853 954
95 591
95 516
172 140
330 175
583 96
18 855
890 197
79 632
476 196
561 218
113 506
13 98
84 14
497 174
160 142
642 40
442 105
393 842
187 933
196 499
432 81
664 457
505 107
676 317
428 949
100 894
455 150
454 842
114 524
828 164
136 451
544 360
20 197
103 598
445 110
114 120
110 7
311 699
185 326
13 715
32 192
111 922
36 177
992 108
65 648
85 653
108 394
11 298
166 937
146 252
161 886
65 332
12 741
851 26
980 199
954 168
571 102
155 119
695 82
1 322
83 1000
491 713
71 156
790 55
315 65
160 489
69 235
53 24
136 592
825 13
148 701
101 491
688 719
103 435
369 584
127 875
127 250
111 928
241 170
33 40
714 182
135 369
52 993
242 806
850 844
634 862
990 752
557 243
631 171
636 123
51 483
126 299
816 21
570 132
181 370
682 25
8 557
507 62
909 105
410 92
837 574
479 307
6 7
37 562
77 68
335 137
739 198
293 191
43 756
153 75
172 1000
152 645
632 70
415 286
67 677
69 253
775 197
610 47
851 935
18 479
426 859
470 53
63 268
13 948
679 86
127 466
228 20
274 811
600 246
191 22
617 101
279 662
58 69
976 30
963 158
604 153
120 322
705 48
88 144
708 107
954 511
183 18
141 577
231 385
58 28
413 293
4 163
615 261
119 937
783 92
340 108
1 452
218 6
923 62
218 353
516 802
663 482
84 570
240 203
365 770
616 475
699 172
582 154
545 184
85 442
199 368
417 78
7 160
14 162
22 721
766 42
375 139
578 160
90 994
117 342
818 153
121 844
157 746
141 729
85 642
382 62
626 37
772 67
982 145
850 948
793 68
677 54
21 133
902 551
378 3
671 107
931 162
230 118
92 329
193 357
144 60
889 95
758 614
989 776
773 328
650 31
193 77
151 122
183 69
172 54
915 23
75 297
69 283
37 816
176 468
40 48
227 24
43 58
281 197
428 277
704 159
839 314
204 85
912 1
66 240
364 3
19 391
647 913
203 366
710 167
811 188
463 75
88 350
136 391
97 63
899 215
114 75
887 77
495 166
855 163
577 465
155 141
472 137
56 94
899 3
224 70
833 47
356 142
117 267
198 610
875 114
52 614
181 67
602 155
131 804
49 773
826 860
927 84
537 2
142 739
723 189
152 192
131 10
59 776
315 71
267 627
698 193
71 181
56 572
117 660
402 76
274 83
252 112
688 36
392 448
126 977
13 605
123 505
183 814
6 890
771 101
180 362
972 146
155 547
59 643
426 82
787 7
172 305
314 180
739 177
53 219
80 821
789 79
63 962
82 131
58 757
739 115
505 374
641 92
242 15
156 733
154 644
26 979
20 413
37 969
506 469
162 267
623 712
622 195
742 24
621 914
52 178
614 213
194 152
757 280
312 301
15 731
28 138
811 6
789 23
881 45
885 164
871 36
439 461
326 26
24 169
346 761
183 976
416 808
238 176
647 258
258 23
654 188
939 90
503 67
164 389
130 760
542 43
49 147
5 159
827 144
365 124
82 444
243 135
590 32
29 820
949 967
779 999
64 395
796 120
103 172
37 381
733 38
79 346
368 106
472 257
87 493
183 119
995 830
584 82
4 895
253 257
687 143
99 264
171 672
17 689
794 686
386 120
84 814
30 752
255 28
28 529
76 700
375 198
198 775
924 657
67 716
923 630
167 901
18 988
19 378
98 602
208 359
630 174
965 622
221 779
182 184
68 905
35 27
692 638
778 77
129 55
374 156
523 820
194 146
190 188
714 896
72 255
392 119
171 474
71 417
854 187
144 469
473 83
73 257
152 636
51 946
75 142
43 676
323 177
909 204
191 646
21 191
129 659
806 806
87 708
529 136
660 101
826 988
772 102
196 89
159 79
66 182
430 352
142 101
843 407
895 145
124 601
468 509
182 217
427 168
196 934
80 132
309 3
6 265
68 197
22 685
77 393
858 105
31 858
123 657
92 51
20 814
151 515
98 445
75 306
32 67
146 956
20 884
741 224
12 98
420 132
762 191
731 134
373 168
704 223
170 471
461 15
53 64
224 113
859 990
176 217
857 63
426 31
15 113
317 114
228 200
774 670
337 171
835 199
876 49
55 984
343 205
594 140
321 114
117 450
2 727
141 123
834 61
203 44
195 532
154 395
88 334
151 342
961 140
94 154
173 656
14 351
689 120
155 585
398 184
654 24
54 208
15 525
71 2
440 421
786 237
168 47
294 175
430 767
78 835
143 110
119 72
8 698
184 587
157 220
163 160
141 115
8 534
9 540
94 495
97 197
145 500
186 21
176 372
423 652
398 413
354 674
458 873
500 126
563 5
56 857
157 790
50 215
89 541
89 886
894 396
380 122
83 495
1000 19
39 561
40 659
361 407
52 963
29 736
837 281
66 161
263 385
231 672
637 198
600 167
691 182
93 904
779 21
336 167
36 193
556 126
723 71
142 544
117 916
98 798
11 9
847 163
378 366
193 841
