1000 1254139
5000
62 677
654 34
971 493
172 268
238 635
292 962
296 503
522 49
880 340
998 601
714 636
43 636
88 487
732 705
669 63
261 975
253 952
845 258
51 884
720 604
147 809
268 857
117 163
589 613
433 683
55 855
541 936
97 856
267 185
620 858
719 796
87 557
917 863
855 497
585 84
513 350
697 436
789 518
984 982
353 329
788 265
822 131
450 923
892 955
859 391
278 816
580 251
7 252
442 544
252 395
848 735
362 791
752 813
636 355
476 386
338 541
76 126
18 23
407 972
701 11
603 679
171 934
193 163
476 660
628 647
907 115
520 402
179 990
165 784
52 149
985 471
386 336
370 658
417 69
436 31
739 768
887 43
234 84
974 27
458 640
463 359
762 99
282 48
933 756
671 455
820 80
21 655
241 915
100 570
504 659
391 120
519 15
910 384
688 793
233 307
537 300
430 125
552 195
183 635
370 720
674 716
851 327
990 929
278 644
944 542
642 457
431 426
884 218
16 62
345 562
940 127
774 247
990 554
357 837
382 578
878 961
820 335
423 445
616 953
33 94
790 733
578 546
718 654
359 462
502 378
183 751
762 303
849 832
586 472
983 53
565 618
339 372
128 933
400 176
757 412
476 829
263 933
156 374
730 645
242 587
605 83
739 177
683 34
722 515
799 518
506 614
796 880
73 116
773 87
424 124
384 19
96 232
113 184
233 484
311 910
581 707
765 354
775 475
962 70
637 913
646 551
134 388
388 400
969 253
981 840
929 956
167 413
302 216
293 84
522 758
797 481
261 427
343 908
132 899
313 816
557 337
500 420
813 883
275 788
25 521
939 240
866 377
975 48
252 882
714 436
351 291
744 335
860 407
30 958
907 724
449 465
272 362
869 252
335 346
557 406
938 391
763 725
2 405
428 134
320 498
428 737
651 351
516 431
46 371
753 191
746 556
624 160
640 660
125 161
148 395
112 348
93 901
377 4
800 292
31 276
3 236
440 831
143 41
118 777
114 614
871 701
212 723
639 461
651 189
166 559
485 713
778 363
608 720
49 921
252 534
400 122
777 764
702 389
587 91
135 889
814 8
357 240
169 709
20 415
353 657
56 639
161 813
972 110
988 420
651 669
347 671
411 117
723 231
597 612
843 782
313 653
188 378
582 671
942 594
104 154
694 289
175 539
302 937
773 776
412 893
867 906
939 574
431 327
374 94
251 275
437 471
90 727
908 945
997 35
251 696
469 545
799 982
838 250
39 25
304 365
483 992
140 734
585 124
999 508
98 517
944 502
932 809
486 947
925 123
149 5
176 942
204 115
1000 585
53 794
141 260
239 705
849 333
486 314
803 287
718 551
351 845
456 148
230 326
405 184
511 828
916 806
243 776
49 484
95 759
125 526
620 847
342 179
435 10
126 658
390 770
605 596
789 182
637 975
488 772
367 295
110 780
939 65
257 363
259 912
498 957
655 672
943 428
742 496
737 208
707 659
673 693
811 293
53 200
527 914
965 300
541 817
735 70
740 654
980 397
689 551
714 543
972 610
453 330
785 686
761 100
918 126
38 13
705 386
123 973
148 343
524 85
683 216
269 255
231 685
899 835
107 911
920 144
611 634
125 883
568 320
480 413
140 274
220 696
968 555
807 541
314 268
814 41
782 546
541 939
918 798
869 939
292 418
125 710
629 627
444 419
276 28
861 851
752 115
228 373
821 685
435 163
496 93
324 15
151 912
95 693
712 194
952 534
972 368
582 74
772 207
549 54
467 772
608 585
448 116
940 724
609 484
66 967
583 565
619 556
120 357
223 442
238 731
365 486
319 837
777 147
233 333
400 496
599 353
713 666
681 561
767 650
423 908
899 31
906 11
92 136
737 131
698 421
544 586
921 432
85 820
735 658
957 787
916 194
417 716
409 661
317 144
385 277
287 914
54 965
683 931
905 913
995 727
116 724
89 492
637 577
423 807
64 984
300 856
494 227
735 155
875 773
16 470
909 361
668 930
834 293
807 919
25 779
64 946
439 633
966 658
176 682
796 679
677 178
232 894
27 17
560 407
486 496
232 365
875 331
968 703
653 611
40 826
356 132
77 54
921 103
787 459
283 243
748 938
952 852
759 385
75 808
505 980
249 955
207 512
742 876
858 848
499 823
976 2
38 187
541 782
672 159
657 863
528 692
606 503
164 739
495 460
574 648
885 154
384 113
26 324
493 535
831 642
173 763
909 133
545 242
509 389
529 93
508 437
431 743
833 431
7 660
267 119
982 695
838 354
335 679
122 697
2 905
306 151
329 685
707 833
260 428
905 538
73 532
613 832
570 937
705 630
653 518
156 801
18 859
923 753
979 610
445 360
272 61
458 106
1 29
807 985
65 962
273 788
779 85
322 825
533 416
690 693
629 460
91 931
789 55
578 492
538 869
602 824
205 563
916 882
614 306
871 242
289 81
879 904
838 196
200 594
304 199
55 363
562 548
63 773
817 449
967 94
746 699
949 320
961 660
717 160
59 726
615 787
836 301
729 32
785 582
570 685
44 969
530 840
134 378
812 722
83 810
757 445
220 608
184 201
531 833
2 614
929 340
671 915
999 41
361 243
606 340
89 271
284 898
530 879
842 289
869 669
20 344
166 978
840 374
426 630
690 356
598 526
643 527
466 793
433 928
958 864
930 894
1000 207
474 966
982 425
272 959
417 632
741 335
561 775
676 806
263 326
412 940
464 933
679 140
656 718
278 29
825 118
799 625
593 766
573 76
851 315
90 406
968 33
7 887
168 730
19 500
512 587
316 607
352 939
277 200
653 517
213 698
146 594
355 323
807 748
635 312
651 253
117 976
202 477
350 904
929 342
613 800
369 310
826 360
375 533
365 753
124 699
202 759
110 981
209 687
329 281
878 319
409 534
948 490
134 31
428 315
413 772
229 607
792 73
43 310
779 541
676 164
189 814
196 346
15 700
214 423
605 596
181 610
326 143
950 168
921 956
963 939
364 464
606 356
224 233
439 999
496 192
675 845
1 499
917 725
146 768
643 74
174 891
463 681
358 321
798 638
661 855
745 561
680 637
455 340
154 897
860 561
80 68
190 538
647 682
593 789
267 292
582 233
713 829
98 889
516 100
696 230
710 566
129 799
205 369
597 151
379 680
338 406
523 95
682 147
223 759
985 48
166 985
765 751
995 944
604 548
742 213
434 934
845 517
858 462
543 367
897 798
839 27
274 114
849 267
47 604
683 937
697 382
417 43
439 820
601 85
286 44
600 11
407 751
636 484
350 382
44 299
161 576
803 507
814 796
153 741
296 71
50 131
474 194
55 213
598 744
243 807
99 852
542 897
616 652
80 778
503 583
539 508
624 345
694 409
560 581
254 937
479 787
343 657
987 90
983 790
394 820
510 716
306 545
898 650
132 748
506 275
46 825
924 928
22 860
175 415
537 956
376 323
908 756
390 645
103 535
624 462
161 513
415 791
569 614
558 667
750 308
731 169
678 858
670 193
180 731
384 603
546 543
519 541
327 255
208 672
332 42
47 799
316 530
677 20
600 147
470 245
732 13
473 141
235 502
328 673
886 706
388 353
766 354
835 961
161 542
197 753
230 535
88 769
452 829
753 884
826 784
116 255
681 15
207 106
627 57
477 918
962 612
262 882
828 526
852 463
617 667
615 11
132 498
807 176
302 111
64 263
746 118
959 729
271 30
504 849
681 112
882 979
644 278
757 306
905 105
200 924
936 425
723 259
885 419
55 14
545 138
970 876
663 220
338 416
469 82
956 14
710 701
716 313
968 805
346 7
505 116
798 548
914 42
565 435
438 22
535 598
383 637
772 894
560 940
710 835
124 730
916 825
819 353
341 698
789 288
659 609
842 735
855 578
14 572
125 956
297 739
357 624
506 847
748 974
560 949
428 480
710 164
552 392
326 459
918 233
632 262
527 529
270 162
544 71
220 521
975 862
716 250
913 475
972 997
433 76
74 943
114 192
706 736
317 184
557 30
644 79
742 859
816 126
2 515
880 456
13 542
778 876
947 662
394 987
993 760
591 667
400 117
506 651
977 969
454 504
437 117
967 8
278 278
699 817
586 664
389 302
96 450
642 759
661 194
849 23
809 489
882 665
179 996
774 30
492 893
83 777
439 858
986 856
254 705
992 178
244 10
642 205
73 158
714 199
326 786
457 283
717 132
216 60
455 460
750 411
599 45
38 931
154 620
381 219
540 874
203 645
387 2
566 654
321 737
641 101
401 146
592 171
156 211
926 778
293 756
956 767
819 993
169 833
746 440
946 908
569 995
16 302
271 344
534 18
686 239
507 997
930 325
836 239
617 235
74 575
383 289
722 244
979 80
641 205
73 764
508 418
316 157
889 518
370 168
881 158
630 383
559 681
611 589
369 992
279 425
441 375
733 805
137 167
181 599
613 949
910 627
317 261
41 965
371 940
949 387
333 654
710 664
121 944
739 555
125 171
582 338
650 701
498 356
252 341
485 795
217 112
724 968
501 487
167 697
808 6
828 524
207 55
350 291
265 697
208 697
7 423
334 268
852 561
972 135
168 198
756 901
492 243
639 726
153 742
787 529
216 730
556 282
25 459
101 136
404 466
303 183
295 508
541 77
862 862
691 813
884 588
115 995
218 264
549 716
57 651
334 203
661 37
977 844
649 510
905 943
33 930
748 889
362 25
695 50
784 947
668 573
457 200
879 147
321 456
243 420
421 441
209 830
387 584
97 450
866 418
710 534
973 587
530 357
86 281
514 364
299 925
673 452
777 409
132 301
691 648
155 658
372 276
907 223
287 434
939 381
180 656
532 764
817 510
845 764
21 3
320 85
216 26
523 13
123 335
186 448
489 816
953 943
917 661
833 560
938 280
504 578
433 765
249 180
648 263
412 614
725 30
401 803
899 438
791 362
983 809
506 939
253 401
754 721
93 191
975 110
181 780
288 98
502 319
371 260
275 701
447 718
541 160
991 535
975 967
415 147
590 985
174 420
496 703
720 649
432 478
952 650
35 467
850 174
522 588
228 80
182 2
569 561
830 862
856 252
337 770
321 725
297 979
561 965
90 294
413 697
804 153
335 859
518 162
324 78
692 760
707 811
299 837
274 226
6 902
194 775
826 22
477 445
224 254
650 316
637 94
245 386
295 246
69 435
592 299
479 603
178 405
720 904
611 21
55 506
368 945
944 638
455 346
179 341
499 545
754 778
81 781
987 792
600 354
307 118
284 350
822 383
65 136
604 713
33 617
852 93
168 485
268 27
899 237
944 143
12 747
853 491
874 603
620 961
219 447
762 11
709 964
142 583
824 723
406 929
234 929
524 232
754 812
119 79
489 722
979 710
985 147
332 468
294 619
32 197
696 236
941 755
394 473
668 235
730 594
499 304
25 909
846 117
757 751
801 375
74 797
865 690
204 865
887 571
118 388
61 35
632 457
137 488
400 927
592 551
850 331
316 959
533 674
512 64
748 960
433 806
443 233
744 351
982 636
339 4
41 751
245 592
57 599
883 327
50 573
881 226
796 400
625 87
377 365
118 612
268 188
647 20
524 784
147 166
961 398
215 597
464 504
462 553
891 54
471 103
590 750
370 206
481 801
633 945
200 986
463 660
830 211
975 59
401 61
511 16
568 595
818 919
227 869
174 938
940 70
88 159
215 631
448 729
282 450
928 813
734 927
197 656
50 640
399 506
689 424
674 278
244 488
48 906
490 228
589 185
819 545
243 627
303 903
568 715
776 796
601 548
117 363
491 572
194 202
976 417
374 840
716 51
913 686
197 157
811 632
342 868
900 466
28 181
41 724
710 54
290 666
19 460
169 797
985 213
13 467
595 787
29 612
336 85
972 583
732 400
530 811
779 892
187 749
438 171
853 738
343 513
135 166
488 878
345 891
666 270
672 628
301 750
75 855
417 645
137 91
685 614
924 856
745 824
700 590
109 602
22 326
993 166
76 108
71 917
187 93
263 223
990 820
740 703
748 2
713 557
229 896
301 969
242 110
839 493
695 123
233 450
389 593
73 753
454 973
841 34
947 477
409 301
635 726
660 979
752 257
278 287
239 82
9 282
841 65
337 245
768 760
771 923
805 550
60 38
879 433
869 29
512 331
719 23
189 351
285 37
578 507
560 696
273 236
556 116
485 381
456 687
465 833
354 377
178 336
92 657
807 843
977 917
761 439
568 349
90 203
587 323
971 934
53 178
418 826
362 1000
823 642
602 848
202 811
133 583
595 668
303 729
123 337
746 542
156 821
861 695
79 18
384 658
583 855
683 408
168 813
621 274
57 482
844 565
813 72
825 664
378 575
909 604
533 920
498 60
513 930
425 67
654 741
724 649
553 729
975 170
957 206
101 629
908 526
580 841
717 516
886 313
980 593
395 31
632 987
920 486
161 136
964 875
829 459
920 536
490 227
599 703
774 809
535 985
821 557
369 841
949 432
922 639
732 592
128 158
178 530
97 955
717 952
826 36
351 859
778 868
62 818
313 374
751 832
492 736
363 932
241 312
937 910
783 970
423 890
700 386
116 944
391 784
729 817
11 757
321 267
212 41
424 163
326 449
239 737
880 599
929 750
433 349
364 548
790 743
220 687
476 103
593 270
518 749
464 861
154 199
528 982
960 463
308 422
181 57
891 348
505 280
4 390
303 925
349 872
669 908
930 325
47 28
700 404
934 640
60 459
899 336
794 419
353 750
722 521
630 687
360 676
873 312
5 527
404 839
742 22
219 500
249 687
937 253
648 885
159 169
853 305
944 378
477 78
960 781
499 963
357 135
701 772
501 832
683 2
837 508
370 908
498 484
950 470
252 302
110 3
165 705
342 738
884 67
893 881
411 635
693 977
248 52
362 191
223 641
11 730
158 45
220 35
99 305
35 384
140 818
441 251
15 688
841 683
928 43
67 713
368 726
839 641
84 671
397 111
241 717
395 483
8 32
796 628
415 412
241 951
945 486
810 671
704 457
737 215
772 849
517 948
770 756
748 650
695 917
812 839
345 84
594 176
90 266
317 744
40 25
495 579
319 18
824 696
461 554
178 170
3 242
945 585
692 101
754 636
25 104
360 391
380 388
211 413
727 387
317 150
902 367
691 715
285 596
298 795
616 458
209 175
65 84
497 813
1 736
918 456
603 159
807 886
377 305
84 500
276 427
933 498
228 701
265 277
219 717
745 28
771 760
824 99
547 115
220 410
152 604
1 955
793 88
624 193
123 933
651 123
931 305
494 900
411 904
968 619
424 840
263 134
1000 466
379 184
76 691
122 804
718 29
816 653
413 195
204 259
136 282
933 886
27 40
55 999
758 335
73 553
319 235
662 125
230 404
766 333
139 591
704 464
801 329
220 940
419 637
822 937
85 310
395 570
617 725
671 149
109 796
324 149
995 122
867 3
920 420
7 928
699 679
820 34
881 152
542 323
366 742
31 961
477 842
699 759
10 961
856 429
26 207
247 46
828 516
882 938
327 583
453 40
900 91
858 457
558 167
967 513
347 585
512 281
102 301
779 307
85 951
643 46
365 352
224 490
972 68
725 879
548 147
977 1000
654 628
772 139
393 29
446 323
663 471
287 445
561 323
4 616
543 455
439 210
168 469
262 53
711 614
105 949
884 997
130 20
902 884
154 484
475 712
825 416
888 843
612 712
545 142
569 922
152 273
679 128
341 624
538 790
120 229
779 979
922 978
950 208
489 500
277 180
223 600
67 952
585 323
181 680
315 793
654 770
785 737
808 32
967 550
498 267
945 814
207 352
855 979
146 1000
561 779
179 232
142 706
165 67
135 900
48 855
837 756
365 980
304 359
4 249
501 671
737 671
867 842
8 420
296 106
687 556
180 158
582 146
153 965
376 723
58 327
84 833
676 864
948 339
672 384
102 407
290 921
34 357
370 871
664 735
368 104
249 362
789 418
141 787
286 922
704 427
430 216
929 23
85 997
568 758
144 602
934 103
935 751
963 788
487 920
373 422
570 503
330 205
822 96
450 368
622 67
831 725
361 847
867 450
475 272
829 428
919 616
508 813
48 304
860 157
383 418
361 744
977 961
253 974
371 752
13 56
194 873
185 947
477 668
829 991
555 173
929 872
498 89
964 881
249 660
467 568
912 880
609 597
273 609
291 67
150 132
383 974
291 458
1 281
132 18
623 539
654 507
696 939
936 254
713 244
907 444
750 837
373 850
337 391
283 563
530 612
20 75
705 900
548 437
800 664
847 791
202 637
880 185
636 61
797 917
139 287
266 112
357 395
358 888
497 611
217 464
896 469
555 957
405 508
814 451
486 295
245 200
284 401
596 577
513 964
259 6
281 239
235 865
200 1000
377 911
764 170
814 377
572 604
410 410
938 38
216 670
249 267
63 989
83 28
200 896
324 648
286 208
175 2
999 68
880 493
277 632
194 199
861 528
71 39
14 529
491 447
963 449
939 621
609 167
462 808
81 620
641 831
328 610
433 795
661 565
806 171
839 242
395 20
115 802
20 971
262 173
472 889
588 319
316 564
143 409
814 739
146 356
112 101
919 289
750 876
413 318
641 200
589 369
847 612
686 761
611 242
466 155
60 23
66 890
11 512
380 748
21 731
523 25
899 406
429 615
472 432
424 775
275 367
192 745
476 274
47 605
406 215
408 872
550 466
933 132
610 71
515 976
719 644
648 560
943 667
53 965
973 611
260 123
340 521
862 835
734 630
468 744
537 716
795 168
194 571
630 798
581 221
456 512
786 563
404 491
928 334
715 412
379 815
3 346
839 551
651 743
950 540
575 698
159 168
232 804
911 691
211 474
197 699
174 972
874 74
841 470
71 670
426 28
454 1
197 478
896 51
641 986
663 502
902 944
693 822
741 92
704 251
794 69
5 832
638 211
951 783
212 866
472 497
858 289
489 701
277 279
519 366
122 649
769 235
380 591
337 472
872 848
20 185
778 457
181 168
916 318
935 243
357 896
981 722
542 417
191 164
585 501
433 30
110 696
714 187
373 587
785 529
145 494
383 527
310 286
162 390
434 562
203 124
406 185
567 529
861 642
180 683
291 300
976 612
843 43
291 73
865 349
309 971
454 651
136 889
589 319
543 768
500 814
710 551
230 144
547 925
270 432
953 247
616 864
857 197
330 1000
262 990
112 958
549 843
384 468
613 939
109 58
989 384
743 473
474 960
961 568
515 993
105 7
860 546
698 72
983 228
83 342
255 373
99 13
563 7
717 194
320 530
222 239
435 587
766 994
417 624
299 719
497 372
589 831
619 312
6 879
892 947
894 861
319 191
322 574
359 751
897 428
287 472
792 751
795 718
447 489
877 605
674 139
681 102
156 297
770 526
845 159
628 431
556 264
96 310
619 778
682 308
672 29
679 935
854 201
835 572
864 227
689 33
748 828
905 831
610 389
453 785
548 559
803 526
528 427
615 978
217 406
832 726
996 271
614 359
2 291
945 434
530 985
958 174
408 17
777 416
841 991
31 591
264 426
88 437
761 95
920 412
432 124
252 402
599 323
973 988
521 218
401 144
588 754
124 654
737 507
138 796
846 631
889 986
746 954
976 979
143 752
186 89
964 738
761 775
972 562
333 52
439 563
70 75
371 32
21 999
236 951
693 31
518 15
251 392
626 831
302 689
119 22
548 674
636 860
880 923
929 24
392 963
621 220
270 492
581 768
822 226
884 868
328 337
948 88
748 521
260 426
825 80
287 376
533 741
769 177
137 251
960 80
380 880
326 389
887 570
949 963
262 894
374 352
795 707
214 181
127 65
180 893
586 627
904 412
664 193
19 72
461 283
413 836
947 18
809 978
353 708
67 260
35 945
444 639
155 916
919 340
719 761
626 390
790 306
557 164
435 152
218 535
220 690
891 974
106 990
701 86
550 307
579 363
486 514
555 714
375 569
485 689
537 99
747 106
695 652
768 367
186 860
732 271
943 590
396 326
978 207
481 592
844 83
58 635
469 585
704 770
835 846
38 692
318 424
304 166
751 708
606 856
756 932
537 929
213 162
561 901
602 434
60 798
791 952
322 786
104 378
256 343
174 442
646 255
945 865
261 636
895 431
381 606
585 845
659 611
824 752
616 832
6 845
371 62
117 871
214 479
721 712
230 538
38 874
262 554
689 816
535 571
410 521
613 493
197 818
678 628
485 724
520 988
155 456
679 953
307 245
268 708
54 451
217 300
401 696
748 621
142 582
20 275
694 736
814 386
119 919
579 691
11 119
1000 622
815 147
644 39
660 214
362 984
349 343
552 548
448 342
260 557
276 642
29 64
215 311
629 681
168 393
471 536
842 30
46 884
80 371
639 260
513 337
582 363
82 155
916 329
526 444
818 588
342 649
205 884
836 484
59 999
496 340
371 322
676 164
5 888
377 664
67 486
681 939
956 771
344 552
140 616
468 807
511 516
188 343
815 879
193 505
924 399
776 712
588 652
183 603
810 774
214 414
781 943
141 184
682 919
109 901
906 259
11 823
316 436
567 653
246 985
860 860
534 102
486 342
88 977
523 385
708 129
804 347
868 266
193 490
257 214
225 913
398 159
220 230
690 979
170 986
404 313
617 762
556 589
419 13
498 644
973 845
490 487
693 760
627 890
799 558
894 530
626 179
85 436
935 283
612 451
231 191
119 774
842 384
563 40
585 677
233 481
490 689
669 461
690 757
618 882
110 472
703 562
152 32
928 686
598 117
422 249
512 118
563 124
842 237
235 376
555 229
230 972
919 623
213 249
518 701
317 105
951 515
207 106
150 598
620 579
21 892
975 740
455 374
474 380
506 476
400 32
215 169
868 585
610 501
765 904
172 149
440 778
867 987
502 660
207 910
578 767
639 812
462 739
489 436
917 385
431 342
747 725
176 951
349 910
131 927
254 668
522 248
998 429
743 117
213 522
572 325
250 348
771 802
394 341
916 596
330 997
796 174
1 397
104 301
704 659
100 67
568 390
649 229
897 599
798 138
181 317
45 98
315 320
862 219
727 300
671 286
735 36
261 754
841 118
545 589
32 313
965 387
394 428
427 876
541 849
164 28
687 51
653 623
318 766
771 383
817 322
411 109
141 647
462 897
133 65
605 714
69 148
552 927
84 300
159 208
880 558
267 66
511 212
108 287
72 664
952 440
686 788
276 370
964 857
205 665
681 531
339 654
439 826
514 858
269 609
784 969
40 567
282 826
520 449
696 157
123 580
780 696
860 993
264 597
608 882
371 47
997 794
681 165
626 915
721 319
289 851
960 370
68 502
922 912
36 621
921 902
816 479
330 92
901 320
975 511
745 629
472 75
504 585
505 671
540 318
430 273
23 512
107 64
780 401
119 103
779 709
331 108
622 193
666 854
853 675
546 710
387 825
842 937
985 62
761 822
409 6
99 260
233 426
781 325
794 114
625 462
596 816
511 473
79 468
897 765
761 91
228 914
993 439
33 324
244 690
447 467
68 716
742 733
12 86
975 52
918 82
367 47
872 523
866 29
510 112
544 329
837 798
847 994
960 926
32 104
590 703
444 447
101 283
843 777
486 333
559 694
869 528
327 795
139 537
268 649
367 61
701 998
967 213
281 421
121 135
255 982
990 796
568 645
485 507
332 753
129 209
858 120
129 715
758 539
993 142
407 298
787 190
769 950
623 141
378 671
281 223
15 466
324 800
962 597
382 708
526 328
249 115
603 405
1 944
654 373
946 515
814 351
717 251
189 230
652 369
888 789
688 600
540 641
436 329
619 407
631 376
69 851
936 305
263 828
672 39
58 988
414 965
842 457
231 732
293 447
313 459
128 692
879 752
57 793
414 414
393 275
102 288
982 40
2 943
414 419
10 848
846 307
311 370
335 243
606 847
526 784
216 632
700 739
326 639
203 854
164 340
460 405
149 238
993 753
695 638
857 28
412 411
266 796
777 273
997 154
38 409
841 847
710 44
952 412
735 218
157 760
713 451
900 741
392 88
335 301
290 214
563 763
939 218
600 788
754 8
923 901
67 320
909 21
824 829
326 395
654 486
87 510
797 623
23 392
955 235
603 147
372 633
881 945
441 951
81 663
181 505
346 929
800 262
158 131
767 286
626 107
545 855
170 747
762 37
235 755
385 90
198 355
430 712
114 296
817 857
248 986
53 55
108 401
558 860
847 68
703 586
708 209
652 153
738 418
178 763
730 42
107 306
550 63
792 509
854 246
552 252
127 366
822 94
176 818
542 967
571 502
667 381
132 647
463 975
129 711
553 175
249 624
848 9
114 372
739 420
105 37
205 366
815 114
856 850
949 487
69 587
427 783
6 510
896 151
149 611
800 280
262 814
412 378
986 752
837 59
919 614
580 690
183 189
731 511
688 882
638 388
323 225
626 796
529 909
563 777
360 398
907 60
647 557
719 631
332 27
961 420
387 80
684 581
532 807
191 92
552 589
688 574
776 792
323 766
136 545
617 323
413 122
149 589
78 680
899 714
984 873
471 302
225 151
809 752
422 579
326 41
544 109
57 502
332 667
608 228
39 609
644 151
761 757
460 351
990 91
802 204
370 578
955 68
141 212
828 530
111 646
910 437
258 44
338 295
499 112
854 54
568 184
584 497
742 790
274 154
122 276
302 531
137 591
463 44
307 328
46 503
713 982
676 669
946 36
321 756
592 805
921 874
157 627
15 727
199 403
173 792
286 158
818 43
209 737
42 580
964 997
5 940
729 212
422 914
967 391
49 392
463 860
978 812
314 885
400 295
663 445
441 402
58 815
20 247
964 322
650 806
692 492
570 409
464 331
391 462
570 739
516 423
311 782
784 299
924 724
31 988
126 329
579 324
404 966
259 663
347 877
558 465
845 160
383 851
664 489
458 312
90 976
581 455
493 724
9 544
84 645
463 461
329 580
956 131
376 459
28 886
368 995
413 431
866 694
661 609
317 309
113 619
164 501
405 280
353 436
862 497
294 42
973 924
93 108
901 401
544 537
51 429
914 489
861 334
63 189
158 488
142 348
678 236
803 768
864 942
971 15
10 383
746 778
792 957
399 130
698 198
62 812
546 215
906 234
326 5
650 198
115 236
146 956
720 897
15 823
620 241
703 610
445 351
717 104
816 129
829 847
148 646
383 666
436 446
691 213
473 273
518 283
423 332
759 852
496 638
41 288
618 778
521 964
750 530
517 981
898 544
210 389
810 640
309 989
914 9
240 541
101 804
223 592
116 582
710 405
189 739
603 176
905 62
873 93
469 109
496 697
68 723
98 610
854 103
732 297
938 722
429 6
360 743
221 410
712 872
761 847
948 484
363 293
530 139
187 579
300 304
776 521
132 723
560 620
592 574
524 643
96 683
367 41
117 381
632 117
861 726
199 700
514 877
154 12
748 875
967 808
666 334
737 710
742 539
5 727
532 341
408 395
7 721
973 444
64 470
350 185
439 593
253 391
461 459
846 639
999 832
876 44
569 337
890 730
929 560
118 331
346 232
779 594
757 318
925 335
544 484
603 191
833 473
104 856
695 692
177 631
410 333
267 689
269 758
979 507
644 992
207 376
419 267
150 533
772 622
467 629
938 157
362 419
802 447
314 616
894 305
372 720
438 423
93 154
70 378
980 491
359 305
630 284
112 301
857 948
992 969
828 861
206 772
467 40
399 158
104 983
85 654
873 254
387 429
855 707
188 880
869 279
600 801
950 454
271 711
366 524
287 646
641 41
339 937
761 801
876 623
793 879
841 134
178 261
778 357
674 373
51 447
910 656
369 960
455 122
394 298
743 592
32 469
385 584
911 207
859 391
954 818
368 593
83 856
968 65
793 189
301 626
231 318
664 78
742 566
404 606
328 26
372 279
293 186
645 143
601 345
222 401
714 840
439 174
363 163
492 298
569 459
218 732
798 574
674 88
240 843
722 108
817 25
983 766
257 137
886 577
753 379
256 104
528 363
370 187
248 630
127 12
645 565
929 14
830 283
663 593
650 564
333 498
58 924
671 452
516 279
718 854
896 975
960 963
566 9
300 221
800 197
929 585
503 916
654 524
780 627
140 205
853 739
243 86
945 327
130 772
448 231
783 686
347 49
574 618
120 274
361 45
813 865
884 47
545 15
460 916
491 727
889 497
81 576
246 72
271 148
157 720
167 395
204 747
207 111
505 460
51 9
990 994
941 157
168 835
847 969
566 876
557 556
16 703
970 786
229 275
180 841
385 701
313 895
278 525
738 968
494 914
929 739
226 848
575 464
631 248
713 464
592 505
518 798
978 628
338 662
146 360
692 329
669 829
384 394
125 654
956 378
406 404
46 288
997 13
30 840
592 961
529 427
770 215
468 338
375 981
200 460
833 281
199 864
891 917
725 470
283 855
204 227
718 922
499 280
563 541
22 151
831 441
264 680
684 509
730 143
485 946
36 951
870 669
803 430
399 572
296 964
735 374
59 907
564 448
650 654
85 928
793 961
561 629
558 488
808 612
574 336
614 203
548 274
419 132
180 269
875 177
123 561
62 659
475 982
324 450
738 183
198 828
466 18
712 898
145 140
320 346
162 277
789 767
574 865
334 984
676 242
306 685
658 721
657 875
804 557
298 703
114 259
813 521
448 436
948 980
420 452
618 581
42 915
501 83
895 165
160 414
467 352
668 308
159 321
475 607
413 77
294 326
176 146
908 900
161 323
983 60
821 866
307 971
197 802
263 159
794 370
899 645
26 363
410 626
696 256
761 531
972 718
879 402
801 360
183 45
364 815
461 941
856 218
241 691
2 366
260 156
377 311
278 855
623 473
798 97
705 360
512 701
413 467
304 5
176 814
785 911
469 702
109 636
447 773
501 636
635 719
279 1000
263 684
406 614
863 653
162 190
835 294
757 235
200 231
350 808
31 352
92 993
929 877
645 992
584 521
842 489
116 192
457 902
687 915
247 157
852 775
924 187
243 214
84 56
250 433
182 964
725 168
730 848
622 392
147 92
692 549
374 288
435 131
320 550
852 123
638 769
857 406
204 71
594 314
235 559
6 153
482 716
790 96
381 645
70 277
146 633
61 410
171 451
738 371
465 163
628 251
650 139
235 454
421 563
79 6
28 88
526 437
803 949
252 315
182 693
754 865
158 697
471 588
313 669
241 396
95 111
382 854
232 503
447 126
243 214
117 421
671 806
847 612
294 400
364 706
666 89
763 497
550 384
752 902
971 241
622 346
4 890
261 711
169 755
519 725
281 540
235 496
885 243
673 976
894 346
667 525
537 497
688 213
256 53
262 570
267 200
376 167
155 1
5 378
72 430
648 92
701 316
944 882
774 78
111 608
839 333
749 733
366 249
349 513
784 499
468 110
978 858
28 29
826 257
210 111
479 448
898 717
899 448
478 453
551 878
780 590
802 889
104 646
595 119
925 275
518 565
780 31
821 826
977 4
617 744
230 440
759 156
323 663
659 914
544 335
806 66
993 537
452 985
86 343
966 102
511 79
95 211
118 185
978 342
492 221
25 453
681 690
305 911
749 134
918 818
604 438
617 708
112 12
909 109
634 754
105 929
820 478
623 777
714 27
347 83
343 950
424 593
88 376
496 548
595 965
645 239
816 562
301 457
226 257
717 702
97 902
918 127
437 933
129 182
404 349
192 62
540 43
267 30
875 823
687 166
190 403
7 129
261 213
846 978
623 204
54 74
388 816
534 814
472 400
550 785
936 268
459 348
891 460
178 110
955 321
46 371
804 886
617 853
20 665
537 55
638 644
979 226
414 714
714 65
613 291
478 651
946 196
795 581
194 42
853 531
805 68
136 679
186 170
186 528
493 288
614 891
880 302
726 197
292 126
627 531
819 738
794 322
373 271
518 855
407 729
602 275
607 788
57 633
716 851
242 655
489 210
318 548
522 247
878 691
232 307
921 328
829 138
353 77
35 480
199 826
839 875
38 112
595 375
92 935
631 937
526 652
29 850
249 571
588 664
967 298
370 625
120 352
81 464
124 587
208 23
574 944
511 393
782 812
100 179
871 739
84 243
517 418
580 570
455 238
648 686
19 953
943 641
211 748
4 318
265 109
408 608
277 705
780 62
495 151
43 704
208 670
934 328
356 863
892 660
439 115
331 237
967 128
914 997
982 224
672 888
306 69
198 349
136 324
729 174
826 348
335 267
185 58
750 375
230 743
459 370
88 527
715 777
969 647
306 249
686 632
40 191
867 536
919 674
139 842
820 509
78 264
746 115
471 161
404 763
529 586
918 854
343 931
918 537
437 41
150 333
47 143
713 952
307 68
189 417
79 495
972 983
263 952
192 380
648 318
615 668
994 340
665 770
703 818
115 799
321 597
207 803
952 286
959 978
855 3
627 993
169 15
239 180
913 389
899 382
127 933
332 434
835 547
136 925
128 26
986 326
323 374
744 889
156 360
953 958
393 407
957 930
674 476
118 814
77 363
292 798
131 734
415 600
487 474
291 497
745 441
562 122
416 546
880 335
354 418
887 487
579 826
237 789
750 116
336 632
884 617
124 146
323 502
656 701
964 317
199 486
586 935
667 744
775 255
312 791
674 603
569 356
581 936
977 726
928 670
923 708
960 792
919 30
517 627
725 692
279 94
663 76
172 436
44 330
98 246
816 422
140 950
592 662
692 710
749 673
220 396
169 777
674 157
777 271
850 850
680 322
703 903
750 378
774 784
484 641
151 39
154 608
569 638
306 986
110 121
659 824
270 548
649 312
841 368
40 371
644 406
973 167
409 590
834 368
539 320
948 975
849 646
419 165
84 477
153 968
554 793
626 726
318 488
972 101
462 581
115 510
297 949
689 731
600 192
777 793
930 867
278 537
757 43
468 351
184 565
533 985
143 52
756 507
384 695
809 490
279 296
308 27
98 537
646 294
414 370
997 740
348 306
892 48
97 873
434 315
302 446
997 87
687 103
338 80
401 560
562 174
70 215
350 933
855 849
787 319
229 752
703 780
353 666
128 287
29 512
788 850
761 525
627 159
792 706
573 709
556 75
254 440
39 733
808 169
750 609
88 267
145 614
838 198
308 512
321 172
172 271
824 361
209 97
834 659
544 34
467 914
637 653
963 588
159 384
690 283
688 6
124 79
277 918
40 228
915 924
623 710
223 964
988 501
329 885
638 173
114 861
923 422
296 886
234 852
162 960
93 894
236 641
476 581
746 371
942 725
471 920
962 142
439 773
968 999
200 628
742 989
897 434
975 377
178 105
935 6
602 596
482 225
164 584
195 184
461 651
729 469
137 861
515 848
224 965
10 909
729 325
840 1
198 864
945 179
386 1
932 189
911 297
5 257
50 460
169 846
78 747
204 282
700 922
771 272
890 6
76 852
156 163
302 551
116 402
137 492
768 543
990 294
257 878
321 72
730 210
270 952
135 521
22 637
181 776
802 737
558 315
28 679
311 985
716 40
643 500
964 389
898 52
86 361
787 148
89 924
88 251
372 215
305 248
411 674
974 962
171 907
961 719
937 780
184 683
306 7
519 130
69 31
795 488
973 388
282 618
646 288
540 80
591 884
7 335
131 247
180 56
96 447
782 516
534 252
716 565
396 806
406 1000
726 449
866 596
875 124
267 783
127 282
793 572
646 750
489 285
267 291
87 738
971 655
265 459
505 650
105 836
17 504
693 278
49 633
176 287
42 410
471 361
78 351
41 946
164 785
17 24
379 221
854 236
114 822
214 750
988 400
640 30
47 50
985 98
513 263
397 283
533 218
151 499
678 111
119 170
764 528
522 575
642 230
923 348
971 121
51 177
493 6
398 668
708 857
510 40
772 800
77 22
767 550
984 953
187 199
747 416
875 312
109 621
103 999
503 342
891 915
526 167
636 421
504 994
297 817
464 11
89 47
266 516
810 62
652 844
916 60
454 330
102 788
414 238
819 417
661 35
323 565
54 755
659 621
825 368
758 310
199 41
945 905
201 668
376 440
997 28
633 770
423 814
291 742
650 987
265 204
896 165
679 546
773 179
194 814
930 174
702 940
725 975
61 615
245 160
852 684
353 23
870 986
924 213
141 27
439 869
135 137
70 378
672 805
776 773
749 756
8 935
454 237
688 230
403 751
159 651
873 699
38 541
460 555
894 42
147 756
888 155
214 834
496 885
557 771
549 602
279 366
668 849
257 990
394 999
493 130
433 268
800 600
992 462
939 940
551 781
966 672
36 986
70 582
433 335
698 896
114 365
364 981
959 420
699 82
308 270
142 122
528 670
127 994
64 640
880 325
208 688
94 862
755 536
216 29
354 456
424 762
140 55
345 569
192 497
368 616
887 775
520 330
25 928
518 400
232 691
191 226
594 529
653 484
188 566
492 696
841 384
368 29
291 650
787 172
273 886
631 298
153 366
594 751
595 102
518 543
870 637
821 780
563 332
681 862
617 371
282 873
785 760
90 801
151 376
488 201
630 212
64 250
874 628
776 286
338 469
897 41
570 754
264 972
11 244
759 952
206 834
225 561
334 655
881 419
687 934
123 995
741 203
491 895
975 357
802 260
582 697
730 604
97 831
498 648
841 25
847 36
799 586
876 981
646 972
933 250
695 772
382 19
912 68
585 280
266 883
711 736
308 554
700 779
854 969
794 353
145 321
444 661
624 604
287 880
670 382
248 569
769 519
758 458
641 326
21 443
761 171
952 76
899 912
636 850
294 277
356 686
55 799
911 140
738 152
445 533
467 108
589 84
430 754
74 907
277 515
103 934
304 683
683 921
681 270
255 511
100 448
631 38
774 283
73 26
218 796
846 968
845 963
344 883
96 531
262 700
948 145
119 453
755 87
725 977
333 243
597 88
482 324
378 38
541 63
3 729
433 622
309 485
578 501
244 669
45 40
815 511
217 352
445 742
332 490
907 995
955 622
162 986
860 81
464 500
193 355
410 739
930 680
703 449
396 21
891 571
799 583
383 147
189 779
337 812
72 244
349 918
869 840
288 904
253 91
947 212
699 163
968 895
774 556
524 524
101 895
243 784
917 563
314 820
116 95
165 530
431 204
206 49
789 492
838 799
428 46
504 129
605 968
305 118
745 626
328 449
377 756
327 964
230 128
807 18
260 735
876 292
456 576
366 36
930 257
920 427
266 329
91 905
76 379
490 859
684 378
297 857
86 461
517 390
963 681
258 598
363 628
322 285
41 279
231 782
573 954
164 710
84 772
704 792
812 451
246 475
353 361
827 698
263 940
606 281
92 365
926 731
311 748
360 459
303 569
901 457
953 195
396 596
247 90
801 725
276 146
152 261
110 548
741 739
830 302
573 359
789 417
364 9
781 102
184 470
976 300
738 355
312 158
927 700
371 101
572 294
153 38
88 577
443 743
697 912
142 122
641 268
531 7
644 483
200 996
388 187
809 549
61 604
93 680
325 890
580 82
495 83
351 40
958 234
715 264
859 17
174 310
251 304
957 8
325 271
474 918
924 276
319 19
579 402
157 123
337 76
340 151
529 957
864 548
542 373
15 799
246 696
41 957
334 758
558 4
862 660
436 843
126 607
12 935
638 694
79 182
302 277
478 553
852 464
703 610
652 142
912 546
804 464
177 766
597 722
768 453
380 506
510 154
50 574
748 683
492 147
342 250
777 562
125 629
841 325
739 175
94 542
519 669
951 855
564 232
532 737
778 399
88 424
730 765
28 229
995 527
271 978
831 51
261 670
222 488
700 275
641 534
616 772
286 483
382 466
914 913
156 851
510 50
880 106
790 667
767 594
843 694
605 96
150 458
320 590
446 3
13 54
354 336
171 879
514 713
988 600
293 379
960 343
511 283
276 89
1 57
909 157
521 790
921 525
399 326
196 30
701 890
689 506
503 605
977 503
685 905
419 158
113 851
138 429
43 784
433 93
978 455
759 408
985 88
82 686
223 511
673 666
567 590
669 227
731 438
133 842
623 604
383 742
589 65
621 922
954 598
247 858
238 865
834 950
540 641
949 734
361 94
483 697
460 530
290 337
843 30
893 28
549 960
196 729
346 676
164 725
402 163
71 899
936 358
491 891
715 412
444 604
276 911
163 624
654 45
192 527
437 218
751 852
548 852
745 811
807 292
800 214
363 466
697 751
686 946
279 540
894 905
861 590
470 446
395 776
310 823
463 271
487 477
768 421
354 228
327 185
569 628
615 17
235 129
366 160
742 21
41 597
24 72
802 920
965 755
885 711
298 180
533 335
127 289
467 370
111 357
946 886
782 737
178 24
712 350
379 536
145 630
633 964
544 282
263 477
224 784
300 125
444 72
526 594
909 549
247 938
71 7
669 193
307 999
746 884
422 569
244 267
971 189
170 249
938 326
192 838
15 92
841 225
603 144
4 334
720 429
793 98
265 395
324 378
640 730
344 47
291 744
954 628
258 244
532 341
722 15
44 685
679 822
472 641
558 245
31 768
357 630
915 964
220 817
178 695
576 448
588 20
846 564
674 466
854 588
901 969
967 884
985 92
498 189
52 341
424 419
681 146
142 112
128 108
872 864
381 762
202 118
131 653
816 594
373 443
406 338
670 687
9 524
763 401
116 774
176 601
807 821
589 223
883 882
75 13
850 925
42 539
396 120
216 609
985 256
673 697
231 857
376 217
803 210
892 818
149 395
816 453
595 584
808 268
973 354
974 24
189 428
336 303
640 625
540 452
518 907
215 308
442 756
481 288
867 73
440 123
442 950
138 596
792 654
142 517
279 381
449 491
907 474
180 321
449 672
372 99
836 167
842 293
788 701
224 197
655 851
254 160
990 622
488 596
364 565
508 515
675 174
562 310
697 425
216 79
799 611
536 103
626 768
881 318
9 281
394 905
678 99
867 932
74 50
834 84
788 329
375 588
210 886
169 428
384 355
63 389
546 654
317 729
358 672
597 982
990 241
200 521
437 447
798 558
270 607
31 169
971 489
201 360
781 538
748 156
716 740
945 270
318 145
343 848
80 862
315 20
270 484
561 192
617 88
179 765
96 432
652 895
19 221
846 54
797 557
229 737
788 562
659 711
191 914
491 639
295 442
912 94
722 865
776 475
904 911
929 123
944 642
62 130
630 406
401 175
681 257
948 944
705 20
338 863
719 53
75 593
507 766
565 331
971 508
757 400
493 353
385 237
284 897
803 774
384 160
293 918
202 859
525 515
787 593
887 341
435 296
561 398
211 946
938 890
272 22
563 490
599 791
463 843
833 987
984 594
485 582
374 563
514 727
740 334
828 961
231 415
841 186
698 26
100 948
756 863
786 695
643 286
554 183
111 952
710 648
634 519
518 619
577 569
428 84
688 81
661 971
210 748
248 110
870 298
219 263
828 916
865 517
547 752
608 111
763 12
397 686
813 251
867 612
493 599
254 350
198 49
886 145
833 914
965 444
934 459
310 798
471 47
7 291
977 496
438 22
372 934
441 181
60 37
287 832
69 59
146 245
215 315
634 438
878 896
202 524
522 17
989 84
312 763
528 525
272 675
908 849
600 139
581 453
963 125
480 228
432 196
136 201
372 266
856 960
473 522
250 302
421 214
976 928
427 830
321 7
772 890
353 430
257 811
502 423
376 663
343 71
935 779
236 126
727 126
800 150
222 66
784 490
471 868
418 185
26 388
12 412
425 496
115 514
966 899
350 956
480 688
794 853
232 16
485 679
640 579
466 797
681 613
723 25
687 527
80 641
447 326
584 274
928 358
510 119
118 967
894 95
77 510
105 398
745 998
698 620
897 380
40 737
640 9
684 515
195 208
351 803
595 637
921 19
117 147
114 229
578 643
810 706
351 85
219 972
589 770
796 999
361 662
799 46
191 40
23 569
840 345
237 562
626 106
757 35
382 523
561 204
66 427
770 783
622 970
346 329
29 597
625 305
214 381
999 452
688 490
45 348
406 148
591 815
534 591
556 45
403 746
403 120
726 53
179 123
406 345
608 199
344 233
753 720
996 158
706 673
459 744
87 46
433 902
194 629
779 301
525 714
845 168
578 953
273 922
647 299
349 354
1000 118
204 546
890 592
384 419
839 666
783 822
87 329
312 723
73 69
647 375
625 918
521 667
321 530
835 978
876 404
689 153
780 94
11 51
746 456
792 940
557 467
781 803
265 79
554 518
270 171
681 667
735 590
102 288
44 323
443 589
189 685
50 804
914 623
552 365
565 300
999 544
455 692
356 976
297 846
589 127
745 401
931 625
889 514
768 28
100 621
958 245
70 774
582 995
596 378
440 204
156 837
316 927
111 777
282 418
500 372
242 565
516 759
321 982
236 762
751 465
282 313
309 282
179 58
572 410
758 450
903 474
80 992
306 671
799 92
788 163
629 991
795 823
260 959
730 729
769 980
65 446
27 572
510 641
452 732
434 810
387 991
69 78
435 910
559 180
692 937
724 182
617 542
298 558
736 686
322 395
873 933
561 705
457 807
926 68
457 946
251 505
78 308
950 438
564 289
959 935
612 943
790 241
251 455
15 44
671 426
185 968
526 587
728 84
421 623
711 24
579 28
674 683
23 12
994 52
789 209
760 761
299 669
262 562
461 375
990 542
448 745
665 619
398 77
906 230
830 305
34 611
444 141
579 767
620 913
450 416
538 763
563 761
792 340
66 675
714 910
