1000 1243888
5000
234 165
909 302
831 515
49 231
512 569
654 272
659 864
70 810
662 923
345 591
222 68
61 657
736 203
556 436
793 733
284 702
825 388
985 122
36 952
769 677
962 835
428 460
204 9
361 26
315 75
215 289
911 357
369 424
45 455
915 393
29 479
938 278
652 363
680 566
968 517
486 758
396 783
607 688
456 855
981 916
981 602
515 433
762 729
883 342
269 548
797 942
750 3
557 883
289 993
290 199
826 663
102 732
546 272
922 702
838 351
789 36
625 50
674 332
492 18
947 240
598 624
126 524
113 363
591 324
98 922
710 357
176 230
205 755
400 236
10 39
889 558
196 324
75 991
941 441
194 398
810 746
509 451
806 744
447 176
969 632
757 718
781 846
106 93
457 334
303 513
541 215
830 885
354 223
984 606
681 573
846 847
532 247
701 764
23 729
899 621
613 142
827 831
901 698
150 633
127 761
121 129
266 278
360 337
865 570
814 486
119 716
706 744
853 120
558 517
488 390
472 834
755 816
169 422
623 451
4 960
686 664
871 404
564 6
653 431
46 423
982 868
761 25
946 829
345 464
513 774
467 693
663 696
337 523
319 713
801 716
387 104
952 378
285 40
339 594
920 326
227 668
136 882
862 716
123 236
260 104
13 379
176 581
455 859
125 766
99 26
249 844
896 306
450 282
145 205
621 430
557 916
784 877
746 798
751 746
464 505
759 69
41 866
848 402
495 6
553 628
395 649
149 193
578 292
855 593
870 846
331 188
649 908
160 251
51 879
951 938
693 983
458 979
87 4
861 391
332 748
190 483
753 191
420 411
437 377
352 991
789 906
472 983
325 890
994 72
276 507
757 877
269 159
59 177
73 835
347 573
135 917
881 98
845 176
758 716
948 792
928 141
129 751
181 987
266 419
503 150
62 543
550 872
310 203
415 173
198 57
964 533
82 527
314 459
230 625
600 700
213 822
337 517
12 58
532 335
302 418
99 166
161 173
264 101
377 998
600 82
111 358
801 782
551 120
799 893
686 162
381 13
64 695
562 872
713 992
381 862
615 480
540 924
596 43
5 523
481 983
752 463
436 921
825 25
180 22
20 369
124 610
486 870
771 407
121 428
366 667
83 852
10 987
618 320
829 184
816 75
409 671
854 717
335 944
799 885
424 889
525 976
722 177
206 972
634 339
182 478
30 764
981 78
571 190
489 316
243 207
683 514
94 912
296 790
506 398
251 215
41 906
929 701
229 240
685 389
396 469
360 198
602 891
940 890
194 761
250 737
206 102
285 945
218 640
876 608
380 885
20 893
300 407
626 23
461 613
951 481
840 756
918 97
180 522
447 718
741 887
19 228
583 594
143 210
819 914
844 468
742 896
943 298
509 378
485 736
612 782
586 486
866 226
318 249
72 224
959 915
7 28
191 22
191 385
180 115
428 672
313 489
691 728
14 631
79 480
883 874
378 142
276 391
724 293
129 929
810 435
924 399
407 721
170 714
59 173
53 942
611 810
607 368
612 833
623 685
101 150
991 887
115 350
170 557
106 438
105 51
986 51
850 778
994 602
654 400
266 503
278 55
531 736
144 588
584 431
283 296
827 267
494 192
406 882
173 698
631 404
710 737
256 968
900 673
702 893
726 75
561 302
445 900
314 720
665 522
17 378
97 504
56 182
715 328
281 462
910 269
786 398
619 141
304 579
604 487
889 330
754 325
844 325
214 574
336 280
303 571
955 284
48 504
873 401
388 999
698 479
407 432
759 158
500 872
362 267
918 191
782 405
351 600
888 642
254 575
942 789
972 492
208 525
713 338
65 303
71 991
502 272
647 970
884 314
907 98
141 759
375 490
631 148
944 111
985 791
883 467
57 116
335 150
357 53
831 119
628 351
458 297
693 50
359 22
748 275
67 40
598 990
512 679
77 868
179 153
271 295
55 172
648 9
179 205
125 946
714 951
938 50
445 469
336 990
965 624
325 464
258 555
337 987
49 780
791 55
291 145
517 979
170 441
546 66
535 976
452 691
603 639
884 484
726 326
463 771
55 235
808 289
677 537
260 223
434 683
29 849
855 160
623 315
600 906
919 955
844 97
692 540
251 315
344 100
816 893
614 53
598 990
476 671
121 762
743 396
990 507
602 119
261 692
362 593
211 556
930 602
385 734
453 78
561 396
431 796
762 785
544 247
453 545
180 28
238 835
18 761
581 975
488 36
658 337
525 199
466 894
412 372
553 149
914 564
897 658
28 742
634 518
123 47
222 521
950 514
562 244
981 100
778 368
113 680
34 740
460 327
531 402
3 956
960 556
840 815
701 494
540 230
865 702
45 129
883 213
27 808
537 621
787 737
185 397
427 413
688 952
402 835
354 578
79 818
319 694
287 257
480 420
107 509
359 680
434 791
652 256
808 542
880 396
156 593
217 697
240 973
99 519
503 324
933 920
702 257
144 800
946 200
235 741
505 435
940 569
540 84
579 351
426 777
645 999
832 671
600 11
405 781
895 312
836 940
739 882
489 99
919 417
841 172
739 269
185 12
969 662
292 237
923 843
434 346
440 776
108 683
74 980
459 300
130 76
391 77
385 304
49 840
652 145
444 978
466 839
220 356
299 506
930 817
206 860
488 849
699 915
342 921
996 674
637 889
652 117
553 100
87 956
448 148
224 99
248 888
82 438
568 129
601 165
982 594
665 172
46 847
620 92
488 137
532 747
291 192
195 271
561 265
906 204
818 224
988 248
679 525
174 42
175 641
813 228
582 675
491 283
794 789
902 961
608 958
816 269
328 409
73 833
58 379
851 706
127 899
419 775
707 53
702 746
830 352
968 241
577 603
143 776
799 89
186 554
942 620
389 305
861 779
910 112
748 77
991 309
781 700
213 819
532 257
155 547
447 238
934 634
222 956
309 624
131 31
934 910
743 463
926 527
376 701
936 617
986 969
726 178
456 141
961 764
919 364
858 786
228 886
423 526
671 718
727 145
293 507
472 719
548 124
854 784
126 161
717 968
257 707
28 751
935 617
872 552
482 356
635 944
3 69
150 564
994 447
939 805
805 699
937 661
591 384
440 244
987 480
372 722
953 418
648 204
816 884
435 576
824 448
252 297
840 992
884 998
95 137
167 213
995 63
798 731
479 995
154 127
916 694
829 364
964 498
652 749
587 336
934 905
447 327
576 457
575 353
998 851
583 556
317 619
457 229
856 632
690 223
133 611
133 371
586 821
274 115
53 922
923 409
891 912
139 482
862 960
136 419
672 128
887 608
352 487
236 466
477 64
535 132
45 148
261 265
647 228
634 121
359 115
345 99
362 588
980 503
224 334
536 859
699 225
822 71
249 149
754 157
801 329
683 891
593 681
53 607
486 917
367 898
740 495
497 973
935 370
852 315
894 609
855 332
619 380
263 372
150 276
521 719
28 814
879 349
234 389
152 81
200 59
926 561
26 629
201 797
382 945
42 220
191 984
863 48
212 472
362 823
680 36
290 253
521 553
474 24
400 302
554 978
560 410
272 550
142 24
81 28
801 788
560 961
412 65
616 615
279 899
650 868
825 88
746 73
416 545
71 553
942 90
318 486
960 342
94 81
698 819
84 529
185 278
296 330
204 338
382 130
201 880
162 60
916 671
60 513
595 343
975 672
872 470
199 597
712 21
625 654
860 443
414 62
249 284
959 678
33 502
503 393
665 660
651 270
558 789
618 340
351 937
935 541
154 762
516 195
765 84
369 852
66 635
741 69
414 306
116 177
585 520
627 810
677 912
413 682
13 608
493 453
345 63
446 523
561 144
814 430
915 546
107 434
38 543
943 95
604 614
156 940
953 646
260 987
251 258
257 620
713 671
94 551
284 963
135 127
572 248
1 758
913 879
849 702
910 379
360 461
422 940
39 349
790 846
676 922
125 2
994 59
823 823
618 937
615 962
299 450
703 613
449 981
430 351
159 443
383 513
220 871
386 692
107 946
374 524
133 624
558 964
859 164
494 958
264 103
46 388
443 782
956 951
838 292
648 646
489 206
566 345
946 643
954 256
587 308
358 488
930 495
540 506
700 3
571 817
638 251
205 356
225 229
83 515
817 761
169 202
634 336
373 457
686 80
12 417
285 296
917 687
581 64
65 470
803 975
345 193
9 909
3 945
691 251
484 254
269 345
999 966
681 12
711 926
442 853
484 961
958 826
706 644
887 72
369 676
75 568
305 318
200 597
656 602
562 151
770 345
622 953
107 686
636 388
340 858
828 515
585 165
847 752
380 82
46 18
261 751
277 493
56 47
644 16
65 863
281 109
627 660
335 850
173 692
404 187
720 352
404 856
963 325
383 942
544 513
207 762
869 997
716 783
329 839
898 249
345 52
849 280
980 108
723 249
281 677
316 3
269 194
572 205
589 59
488 696
331 63
194 120
921 176
936 843
339 174
707 433
866 549
912 302
114 835
96 185
895 165
91 475
48 622
463 691
110 892
613 477
426 219
476 43
604 299
645 24
278 34
50 877
261 494
679 948
560 257
67 200
388 149
277 286
739 553
777 17
861 567
501 233
923 774
826 904
143 874
276 887
337 874
454 501
455 474
91 587
640 870
169 100
158 597
198 879
534 974
89 592
202 722
113 97
693 744
488 713
722 1000
129 758
317 388
604 9
277 636
8 504
345 183
2 929
600 471
579 886
395 349
226 661
613 130
126 925
375 856
606 76
918 215
538 259
311 891
397 419
81 709
567 837
17 615
348 618
302 511
74 220
31 788
790 406
744 694
566 379
31 140
362 123
228 75
35 996
629 476
545 165
368 107
224 578
354 958
398 926
865 616
691 365
824 167
49 565
950 231
632 426
473 82
268 935
613 800
674 518
885 523
757 178
927 208
101 154
901 156
356 62
924 279
780 24
892 394
188 822
45 236
115 986
730 19
229 867
809 310
998 824
980 957
970 888
86 575
503 891
301 37
35 195
506 234
589 834
543 866
623 678
689 550
62 675
707 662
297 26
92 809
616 630
749 346
165 174
495 237
360 564
242 867
42 303
478 690
282 782
746 285
588 398
702 605
980 591
740 850
204 60
700 67
385 681
981 365
192 429
165 244
333 805
505 148
644 383
751 660
334 464
62 201
49 51
530 620
842 765
300 250
968 98
467 863
708 66
534 677
183 746
555 805
695 52
735 662
13 151
384 659
535 587
133 877
202 31
213 423
311 671
473 531
306 408
228 670
591 357
357 560
908 285
572 666
206 324
103 802
151 824
302 764
395 907
426 440
270 823
757 350
264 116
549 239
160 161
345 281
986 138
325 221
154 259
640 3
617 197
215 592
899 570
156 421
759 477
229 344
238 365
353 165
684 263
33 581
246 366
925 795
219 264
751 41
397 401
433 873
137 725
592 751
840 452
899 232
614 990
228 16
10 128
823 223
233 522
786 994
416 148
262 78
801 476
456 133
356 341
378 95
757 154
216 979
463 657
626 571
223 196
279 251
665 617
548 302
903 680
940 163
240 716
183 732
796 355
479 874
430 364
731 356
365 365
344 397
921 782
237 434
397 398
817 407
287 266
654 123
94 893
40 860
946 316
680 533
110 1
594 495
87 688
813 522
927 148
65 594
115 36
561 917
717 283
669 372
458 726
601 605
564 497
521 230
309 664
258 597
341 767
326 800
914 70
665 79
358 820
413 770
90 981
621 365
231 570
707 66
39 831
690 436
61 960
232 279
65 927
201 223
50 672
601 928
662 932
917 766
102 891
377 386
579 821
70 962
713 313
441 144
938 270
110 305
663 669
309 192
73 155
90 121
463 275
209 738
10 781
557 90
901 460
664 360
3 882
787 481
15 414
271 161
244 494
697 111
295 255
174 90
139 650
507 885
420 852
926 734
468 237
874 422
112 690
656 98
497 877
275 837
530 786
388 330
691 451
356 85
892 150
670 105
538 21
441 717
372 191
619 705
876 335
499 528
64 2
246 125
505 709
156 148
737 248
369 332
292 504
194 863
562 431
592 420
67 438
243 379
510 537
694 871
632 173
860 789
7 515
10 143
194 847
320 888
842 736
629 444
273 457
649 956
234 207
628 425
686 295
481 993
696 829
241 751
33 265
583 887
339 618
166 479
408 296
260 681
260 105
300 411
949 327
723 408
601 630
780 971
198 903
79 145
714 739
143 679
431 346
71 812
529 436
484 214
921 631
847 314
606 372
770 705
561 212
149 294
839 634
499 643
801 497
515 921
566 200
334 621
86 26
85 960
353 804
758 429
202 34
455 219
748 391
438 647
805 896
652 282
446 719
430 775
933 950
61 833
96 463
984 685
680 282
641 551
991 863
61 980
182 471
647 2
877 711
869 401
278 791
668 13
275 733
285 291
120 489
880 269
104 755
993 791
252 133
651 574
320 620
38 521
393 198
3 519
827 172
769 164
227 529
584 100
568 395
770 695
417 942
459 252
433 857
884 76
201 933
941 997
70 834
709 538
161 778
191 414
594 427
640 560
585 388
202 908
871 799
101 354
114 163
1 66
280 809
625 9
839 999
10 532
519 153
472 413
498 316
366 138
694 442
861 190
767 957
515 776
506 337
419 800
881 614
342 158
196 466
82 729
692 856
154 378
453 699
40 499
435 229
130 151
451 160
1000 53
44 677
571 277
31 599
909 488
570 271
382 274
380 663
410 300
801 281
304 797
832 716
6 503
762 113
646 422
197 75
288 798
946 269
824 548
906 80
173 935
555 996
719 829
43 589
430 116
221 529
805 849
76 445
705 758
933 483
93 267
690 718
376 579
294 221
184 392
715 501
942 986
554 326
131 652
852 322
167 140
187 34
925 51
795 336
160 924
555 621
602 733
65 831
328 363
306 532
635 565
267 650
304 450
322 383
212 544
112 732
127 44
241 910
100 36
507 284
95 924
46 318
198 561
824 295
260 954
743 648
293 221
485 245
708 253
553 407
812 610
858 418
187 665
428 177
400 218
795 515
664 815
509 934
157 307
705 848
936 925
804 937
912 989
633 169
791 587
915 8
922 836
809 813
155 386
324 791
511 534
810 263
728 769
862 506
843 310
467 792
711 509
988 645
542 342
648 312
83 855
259 503
742 784
551 813
702 666
679 931
658 190
159 269
764 578
413 378
350 947
543 912
119 292
849 318
525 665
915 343
104 714
941 479
157 738
476 834
471 517
992 516
69 175
576 314
593 218
644 248
981 487
944 636
814 724
142 945
973 778
476 169
589 395
909 561
282 48
153 423
730 27
110 183
719 77
561 376
346 32
58 266
671 196
373 626
206 142
698 719
322 70
217 341
407 114
120 531
815 994
773 221
835 86
939 608
23 983
747 410
840 320
978 974
558 463
369 421
245 940
936 752
576 550
791 705
617 806
448 66
571 787
311 850
199 800
779 748
382 805
601 795
416 936
618 689
529 334
707 488
248 235
965 755
206 841
495 497
857 341
35 796
408 447
282 395
854 161
503 790
159 168
735 960
118 622
738 814
591 245
51 401
824 504
751 956
492 493
735 898
730 539
237 693
714 34
224 716
458 856
737 866
283 2
793 640
773 49
477 338
811 803
502 501
355 292
468 210
316 302
792 175
920 466
518 235
714 766
51 627
27 394
429 333
861 303
725 461
394 386
82 306
480 234
7 377
948 15
575 622
954 85
628 874
247 734
675 615
151 746
968 295
114 450
211 184
158 865
714 785
94 84
917 722
845 592
447 639
870 21
676 315
593 309
865 291
995 22
606 840
350 247
333 691
385 313
441 871
707 832
832 434
600 843
790 150
270 548
612 834
348 125
873 213
414 697
773 817
995 351
834 160
271 684
801 336
938 454
217 706
756 376
922 732
359 47
796 796
555 566
819 981
679 706
985 439
447 183
6 898
763 117
206 620
493 723
66 313
17 378
918 718
436 594
770 19
640 382
869 119
44 518
745 522
657 728
292 771
1000 970
419 239
461 424
235 953
24 595
387 872
993 466
667 259
211 212
633 534
150 280
721 59
338 580
761 758
850 947
993 123
42 563
466 359
440 145
183 466
683 273
565 76
684 862
317 621
551 445
320 275
129 16
107 373
804 247
573 568
876 205
446 906
180 207
158 240
971 324
26 387
429 659
340 867
1 411
84 51
883 719
782 984
666 707
10 932
256 822
610 632
559 811
949 361
45 936
719 855
911 707
489 640
382 23
458 694
944 538
930 268
136 120
993 384
713 951
457 492
725 700
760 771
773 633
278 284
386 564
396 621
243 951
858 822
143 836
857 115
17 853
165 790
439 543
690 492
116 595
101 812
526 910
754 586
173 872
371 35
355 716
518 72
449 154
60 979
565 303
668 566
621 466
484 181
853 231
701 487
464 347
997 813
240 563
201 97
626 510
508 378
277 612
261 142
287 857
200 677
744 97
615 548
584 109
873 595
505 819
372 554
645 228
946 999
956 792
743 33
807 176
651 23
175 467
311 868
495 495
866 111
117 448
973 662
858 340
889 668
633 787
117 397
500 900
137 454
643 482
856 953
600 278
569 845
828 56
334 710
146 208
406 127
108 60
26 648
918 449
294 141
722 484
727 585
473 100
504 104
578 864
550 507
120 50
515 567
665 167
247 529
60 66
573 464
998 671
335 895
98 881
168 53
977 608
149 552
568 90
36 248
922 623
559 958
575 553
259 917
226 145
77 594
450 890
69 718
50 613
28 124
529 346
165 739
331 598
296 394
283 827
916 815
23 723
744 371
398 410
847 827
362 310
171 221
899 610
974 374
344 367
463 589
371 871
358 792
932 675
664 367
482 75
473 230
838 538
479 931
651 691
805 729
231 46
540 9
740 758
416 198
868 645
983 995
268 905
341 312
317 752
697 681
266 920
614 54
840 629
816 495
274 892
437 49
1 814
566 910
345 451
936 287
605 141
878 47
967 187
928 422
366 906
156 779
824 243
464 226
952 469
648 816
131 359
700 31
332 829
696 453
264 321
244 511
407 804
790 165
300 164
754 89
355 102
987 116
984 508
352 20
543 78
637 435
26 105
873 520
940 350
675 549
993 151
571 746
193 583
411 852
338 368
537 592
928 803
793 141
499 491
795 569
760 267
133 488
961 350
181 482
438 30
799 508
581 801
991 576
947 114
86 774
92 657
8 969
154 814
241 483
936 187
72 495
445 257
608 45
849 908
755 318
671 925
919 414
937 288
941 902
742 427
797 177
625 943
460 495
539 549
211 909
552 873
300 409
396 155
322 265
513 101
808 40
344 748
52 657
555 48
266 210
164 114
86 708
559 553
549 550
421 390
996 562
540 624
728 308
848 474
681 625
830 597
762 342
944 717
876 451
194 834
915 493
420 338
428 503
252 251
531 721
982 132
900 672
241 523
250 140
611 792
839 864
549 328
137 338
820 301
388 114
893 512
99 667
991 223
334 963
993 270
722 600
918 885
401 650
635 181
586 91
383 869
143 896
44 996
637 860
483 447
240 447
631 950
930 159
194 328
725 816
859 442
581 266
737 419
20 735
64 171
402 789
638 623
614 63
454 850
518 29
721 754
167 213
439 718
967 246
541 471
735 680
603 77
585 542
454 541
694 966
923 681
930 493
723 73
925 145
70 221
821 490
508 119
576 436
739 682
410 530
841 560
707 583
206 667
869 814
194 658
818 782
898 181
587 520
201 928
388 790
581 147
110 324
640 596
751 409
945 296
687 404
255 36
663 106
444 922
974 553
883 721
479 891
907 91
804 191
817 733
831 375
260 587
707 240
721 589
740 586
620 65
419 887
575 597
369 31
801 157
343 309
815 36
265 296
328 843
85 189
15 598
611 714
604 647
425 850
727 903
790 879
442 522
562 129
741 413
947 749
962 646
696 360
964 43
31 930
298 351
510 410
268 791
549 569
513 330
708 60
959 348
993 803
383 524
30 621
557 307
977 637
538 647
185 520
463 428
199 110
726 334
388 589
962 668
637 123
201 95
258 878
70 394
69 422
881 889
569 744
168 679
154 785
62 908
236 885
921 355
538 975
842 140
377 435
22 50
368 485
742 686
81 12
566 599
249 896
470 905
117 163
8 498
401 186
973 143
248 976
111 972
127 222
718 179
767 920
932 141
110 39
142 40
667 501
363 323
559 437
533 968
249 960
718 57
380 588
664 305
84 802
944 797
579 449
845 206
949 593
277 947
309 141
811 991
298 857
962 328
585 947
287 85
255 93
887 312
783 585
106 189
585 978
64 711
97 843
14 705
882 604
315 964
123 158
469 845
135 530
119 447
227 726
242 786
25 823
990 730
397 838
944 858
654 464
488 676
544 163
474 139
270 746
162 686
983 96
660 968
751 279
591 870
868 325
845 447
807 452
760 32
869 601
311 178
888 856
906 651
909 49
271 946
234 327
827 120
964 564
247 527
623 921
623 627
705 927
181 722
715 265
859 180
939 573
905 376
29 113
331 710
423 840
388 177
750 198
521 897
783 804
959 404
412 559
217 365
759 982
190 731
836 450
725 423
350 661
444 304
651 274
637 349
95 901
547 485
353 125
682 180
707 423
195 54
756 158
981 736
157 116
69 922
990 355
91 967
43 739
851 37
763 54
478 733
664 452
439 881
371 153
648 689
51 120
578 852
872 582
55 663
386 659
212 540
990 575
581 541
927 313
406 936
203 96
209 982
611 106
243 752
22 83
570 671
234 497
285 681
964 607
733 118
43 69
370 242
95 941
439 413
775 723
838 319
117 373
111 391
38 495
771 235
110 463
396 764
626 952
866 6
674 379
661 600
88 95
272 397
982 14
842 46
839 72
286 525
662 349
803 603
113 417
35 90
204 264
914 650
922 378
8 822
622 831
536 486
365 28
919 154
940 271
51 722
299 21
153 364
317 172
493 681
130 299
517 24
624 79
29 661
262 399
730 335
986 10
980 196
188 774
642 549
883 340
909 919
837 941
946 806
477 873
695 404
682 217
294 380
677 977
156 715
54 90
708 945
322 729
766 194
323 735
829 131
651 741
98 852
687 242
717 600
782 907
246 196
216 765
67 30
596 980
905 890
849 480
498 321
691 120
349 870
118 272
408 380
907 205
518 242
316 355
922 727
466 207
536 97
418 465
776 168
458 846
944 373
306 716
249 767
361 233
221 144
784 314
55 586
350 461
237 995
860 627
47 875
692 163
800 989
921 27
15 994
187 935
891 944
588 151
943 67
825 315
132 931
973 259
840 408
898 849
313 538
622 489
781 552
811 216
642 592
514 407
623 793
702 872
75 385
48 645
672 750
261 276
421 647
653 255
579 743
211 347
872 989
2 926
410 449
420 900
593 168
690 87
243 228
834 735
214 379
52 578
182 3
766 235
893 206
6 540
853 149
199 106
207 700
7 772
59 884
788 895
950 158
163 617
452 879
232 66
146 667
49 940
763 587
12 144
18 905
840 27
395 350
794 68
440 565
545 313
109 720
747 779
723 482
754 400
263 729
148 639
830 987
59 255
370 839
108 990
23 276
158 883
2 981
161 958
113 912
99 789
454 694
320 709
242 891
939 43
296 425
791 443
840 840
428 977
889 952
102 130
312 256
546 781
111 995
317 420
993 988
124 649
410 322
916 356
688 324
965 738
495 678
656 789
674 316
173 512
822 953
555 636
901 485
714 865
146 77
736 266
508 769
560 839
116 287
780 399
909 338
14 404
858 295
827 262
921 967
151 447
771 944
530 999
485 867
100 366
549 276
946 621
412 269
213 791
759 430
402 100
477 406
442 206
138 327
221 770
807 979
30 725
924 691
809 466
463 188
11 223
153 531
869 378
285 779
60 907
557 633
129 660
958 762
622 585
433 166
17 267
399 90
872 732
264 473
267 79
840 352
5 997
113 979
484 273
758 163
349 646
67 527
449 400
471 282
599 889
344 440
302 331
820 773
386 7
641 845
81 217
779 825
924 727
325 727
14 137
682 742
373 971
604 938
543 820
107 309
998 19
594 973
312 301
673 483
339 855
84 441
170 383
867 148
179 119
286 711
191 803
125 762
46 879
388 967
918 980
770 817
245 53
391 112
184 216
664 930
940 105
709 118
362 828
5 87
557 632
161 839
519 113
36 342
714 429
731 962
681 211
37 173
358 920
251 326
826 649
211 73
282 494
49 300
579 920
585 91
280 67
312 251
131 948
309 927
197 182
315 548
173 152
87 286
193 503
515 603
865 36
431 517
727 241
863 958
137 964
707 966
919 714
690 991
39 51
671 8
142 629
142 68
801 768
295 961
434 159
687 936
917 220
561 520
608 369
837 953
28 810
496 396
111 242
189 60
616 926
394 495
166 338
513 653
312 696
879 259
594 594
975 341
185 765
836 665
661 895
648 454
959 936
615 533
540 712
534 42
531 194
204 618
194 355
951 331
718 130
970 697
539 684
857 1000
60 246
875 211
809 925
437 609
375 396
430 815
639 139
213 190
567 889
69 557
639 293
304 389
608 872
608 851
222 547
879 369
486 818
440 606
288 841
36 44
766 603
365 439
211 229
544 411
202 63
837 329
146 834
931 82
184 858
651 806
652 340
419 241
832 354
303 983
424 443
331 513
118 97
74 598
181 907
180 478
491 10
741 14
325 162
697 203
700 66
900 673
858 48
546 865
765 177
480 946
270 67
509 487
16 327
616 765
59 693
424 667
442 552
264 669
21 621
146 383
58 202
246 215
767 954
547 67
620 836
845 380
173 649
571 558
580 990
500 365
655 721
862 91
145 44
933 194
883 164
881 162
449 453
423 514
767 713
694 400
589 8
108 623
956 199
112 513
824 301
935 90
676 163
902 149
191 712
419 912
202 731
154 810
218 273
989 160
970 730
640 899
132 631
865 697
154 192
682 87
423 94
976 105
432 758
121 306
54 651
5 217
77 494
654 185
601 824
839 986
784 204
391 400
687 211
709 205
591 581
763 661
304 384
581 557
817 908
364 399
370 229
970 295
937 510
972 135
778 476
30 509
743 179
363 709
512 258
698 69
354 156
494 645
921 775
124 713
974 477
209 892
353 669
41 860
395 119
952 321
508 800
693 613
815 421
849 900
316 555
800 915
13 980
166 980
801 673
107 158
541 262
388 747
552 89
100 903
350 884
170 280
113 747
127 454
176 470
990 386
729 395
678 842
803 2
699 81
208 735
83 71
455 846
879 739
943 94
508 826
889 706
443 724
107 36
491 174
109 504
223 69
549 435
402 798
229 231
914 843
117 474
910 857
638 547
145 579
120 908
584 846
534 805
21 899
699 155
520 639
449 491
878 509
518 557
304 480
613 238
646 290
598 943
292 522
884 69
367 407
925 374
746 362
781 854
3 158
46 617
829 306
263 166
214 280
118 303
161 365
271 320
34 282
956 574
398 193
709 547
792 443
153 919
865 9
912 14
109 510
532 21
545 732
783 276
851 533
663 277
157 928
777 852
108 444
996 85
370 294
258 203
864 251
581 305
913 798
523 786
581 250
404 407
375 652
30 865
204 55
588 343
450 248
23 678
99 937
327 93
37 582
231 391
833 472
700 408
516 261
616 210
769 373
782 590
690 53
71 694
946 285
735 580
540 492
793 468
624 362
516 273
292 315
235 710
931 646
875 687
481 700
81 992
685 855
803 965
432 362
928 28
932 447
919 662
234 56
182 565
352 639
493 822
941 825
617 452
45 143
243 620
996 410
340 895
688 984
878 243
678 162
124 133
373 774
274 176
302 522
586 541
629 546
923 682
114 720
182 995
920 497
91 192
4 189
322 820
686 537
827 693
823 401
880 981
975 29
701 972
668 285
530 315
890 276
557 953
995 783
458 294
704 638
159 411
450 992
745 792
226 169
837 458
955 920
741 934
168 259
733 151
829 247
880 832
593 399
469 629
389 744
253 779
680 326
438 395
478 822
486 833
858 78
722 579
739 578
109 606
835 123
387 735
419 581
291 374
211 814
55 934
379 507
981 668
814 526
775 746
499 52
154 686
711 934
828 801
753 950
384 82
728 137
810 902
634 158
39 901
269 719
488 690
777 222
313 798
126 629
779 230
525 738
818 505
974 225
938 373
970 715
190 751
92 283
251 506
796 602
106 777
807 639
863 740
434 376
398 62
782 399
693 707
913 344
499 453
509 983
289 274
448 722
916 576
577 929
766 344
99 285
964 659
448 163
303 406
500 802
751 17
531 94
583 842
424 837
25 764
608 267
70 764
982 673
509 801
136 708
163 980
787 460
504 636
819 88
19 659
566 336
821 122
964 924
327 145
712 541
755 88
451 362
347 352
133 711
712 303
64 890
237 140
722 695
836 22
557 781
894 858
377 277
5 740
846 42
478 550
497 926
674 838
147 373
173 152
690 26
272 483
68 349
20 139
983 143
487 80
624 363
856 893
169 830
147 214
21 494
929 653
111 719
5 10
427 432
626 777
630 833
463 783
715 754
220 728
951 491
253 611
536 977
392 107
364 364
942 578
972 472
220 716
20 216
814 9
885 829
2 196
495 67
366 422
262 696
191 899
851 835
916 771
243 946
60 265
551 459
625 585
305 779
5 119
37 5
267 717
946 387
444 35
171 601
551 856
264 805
591 682
613 237
154 636
497 619
806 353
641 688
496 616
867 481
189 348
829 132
575 847
892 715
847 651
803 974
801 75
732 684
185 180
312 268
840 51
39 293
563 39
173 523
4 632
576 290
990 122
391 230
565 750
480 943
949 86
586 698
354 634
972 130
168 48
864 610
192 860
213 141
645 949
827 287
951 537
351 47
420 718
957 972
462 229
32 567
649 918
216 110
674 491
455 717
150 557
156 863
791 899
662 7
97 34
610 128
53 999
519 977
201 26
370 543
206 835
287 846
689 604
304 804
820 887
260 987
478 465
854 102
251 27
847 677
222 729
173 680
13 210
588 181
784 644
99 384
836 619
456 704
716 459
365 460
368 423
487 239
540 49
778 641
664 635
894 197
828 431
667 956
403 337
441 39
522 358
644 520
313 792
539 642
947 284
805 89
322 105
644 722
382 587
52 748
195 617
47 216
913 907
591 21
979 485
72 765
547 942
49 106
749 948
21 235
166 687
99 38
175 978
32 704
693 543
596 478
954 881
32 461
114 254
359 267
137 999
379 352
174 92
649 844
869 426
411 737
677 274
674 212
40 68
615 181
418 15
866 609
297 163
764 68
854 382
951 191
66 136
1 844
610 476
96 565
576 585
851 182
910 485
521 875
701 159
842 318
455 950
579 379
490 651
332 295
500 568
375 321
953 284
8 404
688 724
372 227
641 961
84 847
960 212
146 191
639 239
76 483
588 174
155 389
936 587
187 385
966 230
709 85
879 859
542 864
436 386
383 524
242 425
843 212
859 684
114 431
810 504
365 314
938 83
382 17
288 606
10 238
535 612
113 477
387 708
427 329
841 886
199 123
530 732
164 919
748 505
679 485
947 392
512 766
885 737
474 807
377 661
484 600
67 111
628 19
546 532
552 505
728 764
481 706
762 117
922 415
812 409
818 774
152 434
950 294
89 66
956 130
611 872
892 128
63 67
111 34
640 357
75 249
811 41
921 119
956 896
437 58
849 150
714 462
807 356
197 181
994 167
480 368
353 969
979 863
72 923
263 782
124 189
618 736
327 994
199 372
359 863
896 526
828 653
18 184
238 116
777 830
820 409
506 990
839 699
203 109
934 238
862 125
998 514
756 326
521 355
302 483
6 155
348 531
57 134
274 806
271 502
534 253
31 620
834 956
934 697
896 417
271 965
223 466
661 293
109 379
980 764
955 480
753 788
925 657
617 758
142 412
716 184
571 418
743 644
322 750
609 271
936 107
376 209
652 334
864 152
37 364
702 39
598 620
282 411
328 899
813 542
624 249
710 689
271 797
7 495
745 175
199 645
450 750
339 741
689 762
3 865
944 725
654 969
929 331
597 674
933 499
44 812
824 643
694 723
625 441
740 930
928 143
363 238
876 93
477 613
339 485
100 364
748 345
16 82
384 742
662 309
600 601
198 21
361 527
44 807
316 45
104 561
866 649
30 308
105 404
342 875
626 529
516 296
914 390
497 754
215 999
957 911
646 421
967 248
728 260
217 310
25 822
129 139
335 973
174 151
492 883
556 201
454 162
723 655
659 138
27 171
836 109
72 290
143 790
297 108
440 855
768 384
164 879
169 441
776 37
859 757
815 499
29 629
258 478
249 27
402 60
440 692
859 803
699 641
191 87
163 537
804 210
405 762
786 4
475 895
696 207
683 719
248 961
798 2
216 392
670 429
572 558
378 324
290 229
845 622
185 2
744 411
631 795
704 563
525 551
220 144
441 602
830 842
920 94
400 984
107 215
847 393
760 896
210 845
570 210
422 119
757 924
717 162
973 90
724 559
595 991
862 712
317 765
807 432
893 462
620 537
234 577
311 662
74 374
213 95
771 307
496 61
378 162
102 359
520 540
608 286
992 908
420 582
922 368
293 85
698 407
211 2
748 997
708 236
741 191
272 448
928 661
743 143
601 264
350 409
537 123
365 981
267 292
680 893
300 115
696 876
57 648
358 820
268 256
84 799
967 363
959 547
42 409
221 598
164 846
820 312
892 383
951 722
359 164
861 559
811 95
969 71
749 218
87 281
914 218
560 314
408 855
545 93
875 90
990 537
229 406
540 462
822 866
870 933
155 962
815 843
700 623
472 398
325 623
306 373
540 575
641 12
379 795
864 725
539 622
984 618
352 757
49 427
449 404
426 792
496 346
479 684
774 116
523 926
154 559
889 218
39 328
745 729
60 892
891 908
33 95
762 414
277 561
678 52
621 437
221 429
276 186
409 57
146 406
316 696
190 451
281 787
332 712
369 882
379 84
968 624
743 79
637 810
39 802
864 483
124 78
13 694
808 922
846 200
583 184
904 956
266 705
585 394
285 828
103 200
417 248
26 257
880 445
855 148
518 671
599 370
472 350
579 69
302 846
471 430
151 759
856 707
955 772
992 60
355 598
673 849
652 435
186 178
653 750
796 807
833 371
111 2
971 848
111 977
30 769
557 831
680 240
534 673
639 749
536 605
149 905
835 147
427 315
615 476
952 396
61 865
75 812
216 557
152 588
99 879
487 465
490 178
15 468
287 133
894 470
905 875
582 785
184 985
503 230
414 212
975 870
337 803
935 474
167 77
644 93
126 485
835 915
628 976
636 26
849 396
243 161
232 806
464 666
45 313
214 737
391 481
126 592
684 490
693 888
797 452
9 280
268 257
980 526
651 78
775 288
684 495
143 956
678 980
988 473
531 567
645 227
399 592
30 675
751 718
215 75
990 728
970 83
453 32
785 817
603 665
898 663
314 237
629 362
997 366
254 412
366 39
576 912
295 566
669 663
984 645
590 259
641 183
632 165
480 817
4 933
155 397
64 960
961 950
437 16
324 129
797 320
448 339
453 297
816 865
967 55
427 735
343 574
452 889
215 463
501 717
882 544
70 479
24 677
923 656
765 186
289 74
331 191
155 306
138 641
728 323
900 70
96 675
711 60
841 582
546 679
132 778
378 247
404 653
728 423
958 423
974 302
145 648
643 563
169 686
895 761
596 767
149 67
80 792
401 674
606 655
514 824
181 212
520 471
281 809
234 295
178 579
752 791
555 306
38 720
834 869
318 382
31 649
971 852
98 103
542 799
865 996
900 339
590 765
197 985
60 108
426 654
378 213
966 401
874 182
740 562
115 622
943 152
898 931
733 915
249 784
292 327
478 417
589 739
614 360
989 329
662 462
234 696
695 948
172 612
673 574
873 918
916 721
972 970
574 656
973 301
347 947
414 516
695 886
277 78
517 545
991 264
327 507
239 401
26 45
774 701
656 650
86 151
32 190
52 984
886 370
644 833
230 454
782 835
10 509
433 209
465 504
320 280
591 443
417 51
852 791
196 679
256 594
429 239
739 530
817 152
373 243
898 786
868 530
892 627
951 382
214 903
546 106
738 638
553 505
744 468
317 383
810 89
729 60
557 30
652 10
122 801
376 93
738 672
228 855
642 214
965 945
66 948
607 572
674 69
926 180
445 803
347 628
789 259
173 329
324 525
709 577
206 365
191 27
988 505
142 918
280 954
91 281
280 183
540 743
832 38
338 267
583 105
203 967
462 71
903 674
709 266
1000 123
13 759
885 361
588 633
952 488
331 36
551 805
514 871
510 165
195 525
766 595
532 548
73 483
748 146
404 687
383 801
828 783
255 320
830 51
346 275
359 795
839 11
552 955
318 410
760 663
561 141
490 996
532 482
533 523
93 423
790 131
907 80
901 135
400 740
516 387
766 113
42 515
28 833
457 816
810 575
932 561
426 209
301 197
972 107
588 681
582 519
969 542
277 174
624 586
203 925
433 99
58 440
533 90
645 618
808 356
488 572
8 372
685 897
716 702
719 105
133 787
970 831
813 660
740 173
436 449
376 657
274 765
612 22
314 872
415 239
930 839
319 186
325 352
103 713
392 99
846 759
875 975
811 361
338 132
677 659
252 833
281 334
167 45
461 999
431 804
17 827
20 283
773 662
577 964
47 751
198 918
824 893
689 495
185 580
129 648
924 914
792 329
939 495
210 521
513 291
856 165
14 419
477 850
605 96
280 99
201 98
925 236
168 504
687 391
826 285
190 86
893 920
571 805
501 463
409 391
951 452
44 390
657 924
648 488
427 451
760 503
753 290
987 200
459 788
902 204
472 975
383 191
431 521
174 150
596 118
629 546
649 919
434 57
588 516
89 458
759 989
910 781
527 333
772 443
763 849
255 182
197 138
766 944
133 24
390 782
461 806
347 202
416 210
188 649
518 143
652 785
136 823
600 193
991 963
411 690
573 30
135 87
735 851
333 192
622 556
176 102
569 268
24 654
300 612
978 825
962 755
14 610
901 833
169 428
552 971
991 105
602 717
10 478
248 221
211 897
768 216
554 466
805 380
673 223
608 326
656 363
538 500
206 449
391 373
766 953
575 777
7 63
942 395
314 210
360 868
211 908
909 95
154 61
50 924
168 252
292 623
717 672
701 934
897 983
147 323
315 611
645 996
278 755
93 144
158 325
35 952
872 257
812 38
184 1000
813 996
865 48
994 335
477 859
295 598
696 242
790 578
197 298
137 9
434 814
784 294
179 295
13 39
972 802
469 885
766 594
801 274
193 385
102 980
668 716
77 568
58 666
851 567
790 153
257 478
543 395
230 144
14 146
225 897
227 36
439 255
135 323
76 932
719 559
841 452
481 612
869 901
72 943
108 187
792 312
428 288
825 873
867 250
213 41
471 477
756 55
16 949
460 200
893 38
874 357
350 41
619 908
184 430
568 482
450 218
610 336
154 632
343 809
490 748
797 686
655 416
303 407
781 716
521 924
995 232
694 651
195 87
542 816
425 650
822 291
950 417
224 497
486 78
524 970
870 208
76 256
338 644
98 592
166 49
238 865
745 568
513 31
297 902
272 224
531 97
184 430
429 995
916 639
475 233
40 243
424 387
476 292
326 451
224 45
932 932
536 886
291 224
335 882
193 749
947 303
731 139
462 335
398 46
159 667
85 931
850 885
960 368
730 472
647 548
424 881
166 803
516 829
9 295
997 206
799 561
355 478
80 672
826 33
570 633
782 499
912 301
128 930
599 890
21 416
95 421
298 114
523 473
536 365
305 560
810 338
65 262
221 856
699 952
933 234
891 618
521 930
981 418
896 501
582 852
233 252
503 643
240 97
316 244
727 682
146 188
256 754
298 762
883 19
970 19
19 212
538 297
18 375
627 405
240 634
474 985
682 503
333 796
949 454
280 754
127 857
731 689
113 646
962 121
822 673
579 487
875 989
7 755
285 153
351 806
186 863
984 178
821 399
130 991
452 354
692 219
39 500
924 402
385 239
474 683
619 197
682 630
234 745
638 455
653 866
995 864
282 212
576 439
819 228
620 389
597 57
473 660
551 432
854 614
25 531
741 875
383 525
556 281
270 504
148 829
508 382
147 900
95 89
922 700
556 518
549 71
413 356
205 710
421 799
788 951
88 672
276 411
683 793
496 888
881 805
495 264
189 435
94 404
996 729
772 862
730 382
264 690
717 928
80 852
544 336
534 621
385 479
514 149
725 123
10 597
353 860
244 914
277 382
873 997
378 615
175 956
755 732
184 997
519 868
404 677
709 848
291 266
502 406
954 652
898 695
459 470
274 830
623 34
10 683
598 862
293 900
971 390
532 637
386 766
164 895
675 903
71 968
687 562
258 686
369 581
672 630
455 500
342 125
508 964
782 587
980 127
426 907
49 186
37 664
358 593
170 469
679 764
643 345
279 662
609 23
609 997
587 607
449 582
343 580
513 713
479 877
121 892
142 379
432 813
378 859
972 144
589 531
823 348
414 460
230 129
922 812
829 144
77 555
606 786
74 647
806 144
972 639
203 513
108 924
886 175
415 310
270 506
245 955
225 239
239 807
702 625
481 217
420 10
453 249
610 930
527 802
531 753
605 944
304 316
308 973
99 933
855 268
644 95
963 142
121 753
633 67
54 978
450 459
235 263
117 956
935 919
567 904
190 303
783 111
734 108
324 594
215 243
108 974
162 275
960 735
856 324
633 673
694 297
697 401
797 666
967 69
324 824
135 183
96 183
878 89
710 223
844 343
720 334
915 909
333 907
738 460
37 308
199 618
896 634
314 127
950 188
207 279
35 763
479 151
785 741
104 971
743 41
789 519
861 302
910 407
350 747
925 503
839 395
37 542
8 608
842 96
596 160
650 404
603 518
446 25
775 567
719 68
934 988
666 515
282 889
746 222
574 673
861 354
670 808
362 199
531 320
601 818
538 23
192 942
977 659
209 416
284 635
175 111
934 359
51 808
529 26
299 778
621 188
118 708
181 95
629 602
381 387
220 63
534 8
662 144
782 135
24 481
451 847
945 42
271 240
714 813
203 124
214 530
455 224
767 893
173 761
936 440
879 838
922 869
819 627
373 756
368 628
830 799
75 573
448 757
475 73
771 828
52 702
89 96
952 175
874 598
640 18
467 399
615 971
63 476
857 970
177 912
671 872
449 79
723 745
473 113
591 3
491 131
333 863
119 75
829 206
556 317
718 384
481 28
702 598
541 906
406 868
447 135
404 183
238 991
632 365
831 548
880 293
234 313
437 935
196 361
433 403
272 311
918 930
43 540
460 354
319 83
637 297
883 128
23 439
453 764
783 99
205 448
582 549
871 662
191 642
562 215
31 725
962 542
849 488
381 15
250 189
787 875
735 490
964 492
323 998
698 593
107 276
343 23
55 245
870 572
470 589
449 742
422 158
152 128
393 754
831 233
176 691
899 339
501 716
237 21
397 131
593 626
372 717
343 270
56 940
84 68
210 753
322 9
601 529
361 938
284 23
360 836
680 445
451 767
998 975
451 32
950 809
755 448
89 874
16 969
261 775
117 264
785 401
37 625
143 209
841 113
932 986
192 884
524 768
982 722
325 681
714 504
443 45
143 302
226 175
861 508
41 161
902 166
941 556
130 408
731 163
756 309
875 193
195 515
303 584
254 72
557 25
965 159
776 762
630 625
892 301
489 630
788 640
454 84
119 482
593 440
211 108
693 79
697 761
439 52
457 479
93 666
187 410
79 317
418 638
3 632
606 541
300 511
150 713
546 123
881 282
602 669
965 807
258 30
525 79
588 594
932 785
203 400
542 703
738 804
853 942
319 690
544 824
122 366
468 458
469 7
875 294
664 73
438 890
950 170
986 185
193 732
138 186
614 418
327 891
493 999
542 115
148 460
152 94
312 439
215 450
627 170
653 507
657 280
785 558
480 698
440 944
2 631
916 22
49 83
5 397
366 841
862 194
625 305
741 354
536 949
899 433
548 431
514 451
508 772
177 378
138 794
404 671
49 229
713 675
336 258
287 984
177 787
763 605
205 686
85 735
507 187
708 468
937 946
90 803
121 4
989 776
650 884
886 123
707 25
803 971
932 647
794 569
147 357
829 201
662 155
173 369
434 855
889 520
283 613
587 71
135 621
84 169
633 940
138 633
30 718
474 847
87 875
913 744
628 290
946 907
693 232
751 632
988 341
61 281
469 380
495 338
743 109
432 336
126 995
875 180
64 498
274 563
647 850
311 832
390 868
473 591
952 455
395 934
742 647
57 443
583 4
913 722
89 155
74 309
932 865
746 80
21 936
771 444
649 759
73 873
50 805
415 797
812 289
420 949
566 133
21 743
967 401
919 927
863 308
135 635
998 955
891 423
87 491
895 6
93 850
574 448
924 569
278 427
322 296
514 898
210 551
21 139
458 169
666 196
76 531
498 580
183 689
504 868
492 69
618 518
416 427
743 149
263 315
231 991
594 584
201 329
51 59
807 236
435 522
351 576
554 110
305 94
523 910
145 454
106 573
552 725
715 362
35 710
21 540
44 870
720 164
812 100
861 538
552 764
631 887
720 537
666 274
46 151
580 128
700 271
752 77
250 974
391 568
690 113
57 619
424 499
440 525
515 104
14 246
885 752
175 579
758 330
840 785
342 954
588 331
139 830
55 170
888 835
18 243
389 134
752 565
984 364
855 346
458 350
418 760
226 45
888 455
617 479
