1000 1261148
5000
681 375
176 263
639 62
766 532
383 971
606 210
811 900
833 515
700 436
74 607
553 499
291 59
171 932
126 618
525 354
818 119
26 356
992 891
272 752
977 542
463 863
66 939
934 906
414 304
600 676
53 771
107 868
189 36
113 249
951 675
167 48
992 361
655 890
560 74
447 163
867 807
722 875
570 385
540 601
619 636
85 182
252 57
329 970
541 107
766 476
437 177
368 264
825 874
843 877
545 267
134 422
929 789
285 8
778 290
855 204
136 68
17 272
179 708
7 832
388 780
139 171
160 875
496 217
28 999
777 909
334 783
166 83
974 276
748 283
928 71
192 106
979 126
969 929
303 363
950 590
508 471
512 195
1000 883
463 780
921 449
575 308
979 926
361 325
930 749
580 520
420 49
19 784
616 861
534 413
571 987
491 537
387 680
666 224
896 156
692 961
13 782
666 928
937 567
807 392
987 108
643 116
779 108
397 793
302 713
600 877
708 714
556 492
814 351
677 274
638 576
284 319
50 988
736 626
566 863
617 187
894 146
849 675
792 558
409 703
515 136
874 174
661 594
201 570
23 413
61 622
39 522
835 924
500 916
375 814
664 680
586 853
451 66
898 952
802 754
559 54
422 214
605 970
962 652
149 317
595 423
299 772
325 812
217 445
315 933
492 992
459 994
799 900
173 7
984 232
634 370
129 405
470 279
661 926
803 748
927 443
862 874
615 204
664 881
424 124
606 72
820 470
363 215
802 175
877 593
458 536
797 99
528 181
819 887
289 242
195 324
399 58
783 604
542 122
738 619
96 961
961 722
384 847
615 810
576 516
160 802
50 488
544 870
16 543
268 886
739 867
542 2
594 542
677 542
731 611
811 613
650 460
121 497
949 57
884 582
339 675
333 742
419 185
261 347
667 675
190 97
228 217
85 218
38 434
19 796
549 503
602 312
508 734
370 954
382 805
210 512
240 988
234 125
764 414
69 236
724 33
975 496
238 863
835 799
901 249
324 221
661 757
885 172
681 520
375 698
826 457
642 820
717 324
930 801
154 312
495 580
276 290
732 402
184 613
255 126
650 949
497 811
766 250
484 40
195 177
570 655
914 326
735 290
171 328
747 882
808 225
170 47
601 370
93 884
333 770
110 282
424 418
627 830
18 579
265 509
433 49
153 39
61 896
710 597
934 249
319 506
516 729
198 92
634 289
496 245
252 58
325 686
620 962
826 380
12 655
77 609
738 251
245 215
254 960
507 439
583 352
108 931
402 524
26 172
230 576
348 53
557 865
15 238
880 407
723 557
86 474
377 30
531 460
427 138
641 419
657 346
270 565
855 118
853 462
11 778
800 664
973 378
316 887
919 256
859 415
461 806
115 118
755 774
226 999
411 898
416 956
81 328
435 968
478 815
303 394
330 664
307 540
411 156
940 844
467 748
894 695
28 356
955 692
683 376
712 808
342 479
856 695
748 704
613 392
142 472
88 986
416 614
618 269
2 742
569 633
791 729
934 994
237 828
829 447
363 575
602 606
993 819
122 72
693 221
63 196
806 73
404 751
25 420
907 584
847 288
303 72
306 386
49 736
582 337
979 241
895 118
616 98
784 706
170 521
214 246
368 710
826 827
195 47
831 52
115 282
578 630
323 529
441 966
210 992
406 597
153 663
851 226
373 713
277 538
238 434
69 972
347 819
406 546
860 747
822 987
262 288
518 542
412 550
718 388
449 775
725 682
235 871
489 362
981 625
262 800
546 882
43 241
89 217
41 162
514 117
762 156
675 849
848 914
74 817
839 160
914 997
721 734
811 28
148 473
511 108
358 282
815 778
275 177
583 662
626 386
160 451
723 726
927 11
376 565
150 394
199 669
546 116
24 818
632 325
933 789
923 715
835 866
559 74
37 520
340 718
150 658
352 904
215 156
796 655
773 709
321 827
56 263
931 404
849 173
509 561
808 568
232 287
96 408
614 369
482 866
170 9
349 338
518 651
856 615
815 856
635 608
690 334
208 453
752 378
472 323
772 112
723 897
75 518
115 578
707 943
172 599
195 964
342 833
908 766
714 169
720 881
967 509
254 30
313 507
608 826
737 50
897 619
695 607
617 488
574 831
598 969
42 150
685 800
264 781
855 806
545 985
947 269
921 759
20 283
247 842
635 629
778 439
168 873
36 3
833 130
672 794
658 130
751 505
836 352
831 345
684 35
777 884
114 310
647 623
18 47
37 776
702 356
809 129
132 387
854 271
517 485
914 787
30 338
371 949
378 830
633 549
720 72
352 685
736 439
392 68
64 755
135 852
560 761
586 272
758 881
433 765
200 176
870 95
338 971
468 988
215 417
631 10
856 628
691 679
28 828
862 940
21 287
23 549
970 477
609 496
920 332
353 153
874 337
319 951
666 728
493 40
551 539
311 544
428 521
694 489
123 564
213 463
628 172
672 10
341 523
618 101
306 756
413 972
443 136
317 646
139 719
42 540
443 482
699 262
966 142
804 502
952 983
777 918
480 55
422 174
978 876
25 753
2 964
149 713
328 585
866 649
592 396
873 111
407 165
731 402
225 484
505 259
674 328
904 345
381 12
50 279
227 347
68 97
62 339
426 529
392 141
755 991
410 980
864 109
586 628
858 651
738 90
814 531
29 880
423 115
738 838
100 178
448 76
504 477
19 111
469 204
996 101
771 221
446 938
412 213
961 23
791 98
617 195
771 902
378 24
564 532
53 845
6 607
872 991
499 845
90 65
125 896
608 778
647 526
752 569
408 471
807 932
774 234
236 547
396 467
827 698
50 479
221 520
232 483
908 972
202 676
658 962
691 209
53 705
777 752
441 699
908 802
379 969
986 580
798 266
658 190
482 274
149 865
978 392
188 194
18 381
980 773
244 712
334 246
225 645
58 938
859 638
485 123
276 372
987 405
885 811
902 987
864 713
143 900
436 927
219 149
40 3
292 742
197 138
252 808
656 784
476 28
797 815
168 766
814 497
342 136
837 696
76 687
550 702
898 598
117 137
507 719
416 614
354 396
961 686
726 96
912 395
470 968
459 976
125 372
175 814
932 253
902 801
930 569
313 684
808 758
245 137
987 698
903 80
172 928
15 934
580 924
187 353
243 541
421 599
300 228
455 521
555 897
855 233
511 342
971 188
411 554
829 385
875 41
842 670
206 83
63 476
256 541
592 288
528 37
416 197
174 494
177 172
464 65
618 913
379 460
832 632
701 592
436 641
70 678
636 968
929 858
470 700
529 347
691 515
882 37
322 843
445 919
752 816
275 416
899 653
67 522
713 734
51 458
643 221
86 462
789 367
816 279
98 605
114 195
244 316
389 188
193 342
739 635
547 701
987 960
930 782
916 80
208 424
711 454
75 577
300 292
935 242
562 587
845 929
676 722
519 203
945 817
3 151
550 967
28 180
983 292
343 253
530 562
489 585
781 559
885 562
440 278
128 830
36 128
267 932
37 908
446 965
51 204
153 222
295 398
295 56
560 83
677 203
5 400
174 59
410 744
180 631
211 645
572 35
262 273
736 11
951 504
763 472
688 261
844 161
825 910
915 635
987 239
838 929
576 683
962 215
272 100
655 433
330 471
241 934
179 612
132 568
326 96
618 558
381 582
813 56
87 409
699 548
792 535
272 677
362 239
505 592
882 826
593 581
962 484
783 341
471 84
729 175
896 200
802 109
171 33
685 571
602 581
830 469
129 629
607 546
900 503
450 62
117 788
831 705
254 513
703 169
909 580
818 46
436 573
896 622
498 962
800 427
468 229
445 638
271 124
445 762
563 592
28 866
918 848
860 440
258 556
975 103
625 191
871 153
386 992
766 634
337 590
898 38
56 776
25 742
989 331
650 575
601 994
241 662
355 737
129 944
98 520
310 342
346 110
631 51
702 737
754 596
663 443
723 167
846 419
179 640
948 578
801 750
559 556
251 772
974 919
872 226
82 860
650 502
477 942
216 417
366 311
748 441
309 511
905 818
655 111
965 875
841 341
731 360
935 114
988 595
193 823
596 704
567 66
998 97
728 578
964 628
561 377
472 624
651 276
501 858
835 856
729 444
912 844
219 986
733 848
15 847
804 290
496 654
998 646
26 807
98 599
916 312
197 648
544 150
62 436
376 851
865 426
646 879
749 498
74 523
839 685
615 907
763 322
435 363
862 405
583 458
366 482
373 455
272 893
902 795
430 100
746 141
508 251
135 5
623 145
9 410
578 883
247 6
628 936
235 692
399 101
989 212
855 919
808 533
261 948
574 567
46 307
175 202
486 667
329 215
15 540
829 768
966 526
385 805
654 491
163 6
798 676
371 84
745 374
28 37
623 124
615 846
406 887
217 496
694 809
966 112
260 114
719 779
317 929
522 294
627 991
54 337
920 411
808 441
895 583
17 462
439 786
494 896
920 924
294 32
763 395
180 323
261 367
520 791
173 128
727 40
972 918
756 852
979 391
547 313
398 490
509 61
666 413
958 941
740 353
530 626
544 664
318 69
589 620
472 955
609 147
125 666
882 373
891 830
910 823
443 912
460 339
809 961
324 531
103 217
717 55
937 703
743 199
894 465
236 372
926 650
863 917
519 586
466 8
230 349
527 354
453 250
788 82
519 666
990 5
406 859
721 920
990 579
707 354
248 385
626 181
624 54
105 218
272 587
556 9
696 530
811 577
865 518
877 363
622 525
181 494
106 577
628 756
633 799
103 789
606 689
620 736
744 822
627 278
409 797
284 442
713 504
882 815
731 937
896 592
469 609
359 523
804 818
254 330
105 885
745 806
390 612
291 847
337 204
308 757
645 75
503 314
82 51
49 736
991 192
439 906
644 528
230 576
309 496
308 652
17 760
876 136
674 561
279 110
750 995
150 641
918 55
824 214
86 693
289 617
984 314
420 403
532 228
391 913
860 876
531 721
732 420
102 415
797 54
217 324
526 591
325 604
13 44
168 713
306 769
568 184
588 220
451 268
839 576
81 48
833 411
737 33
20 36
597 188
984 238
731 317
454 617
304 820
204 980
53 377
971 740
908 432
54 953
138 82
15 530
846 33
830 63
72 163
62 822
782 144
236 136
842 823
85 701
394 751
230 881
277 11
318 506
884 402
971 932
789 182
438 691
951 545
43 607
871 589
154 817
787 820
925 520
583 335
167 115
284 901
277 588
326 573
625 291
253 778
212 961
615 528
964 563
421 426
604 562
821 636
637 550
826 876
108 223
24 789
20 879
431 336
133 118
217 370
273 710
709 274
486 475
783 120
48 230
233 73
379 449
392 211
92 454
671 72
881 906
625 163
663 432
774 509
877 896
303 935
986 823
243 426
861 514
486 645
152 955
398 705
544 57
304 223
516 299
923 790
399 760
11 432
510 949
332 26
802 708
269 24
321 545
354 412
113 181
855 40
656 47
421 62
643 324
152 737
222 760
221 408
194 344
306 116
320 258
532 351
287 880
792 985
776 187
301 831
116 818
783 871
372 547
327 963
974 796
796 805
307 374
262 662
29 270
493 659
744 663
679 135
118 439
262 360
908 248
752 836
790 555
568 10
352 876
617 49
947 777
523 849
672 125
108 463
215 548
373 750
73 524
509 931
434 918
214 731
192 68
126 920
68 463
849 830
931 175
174 56
743 563
29 391
170 845
150 392
713 22
830 451
27 775
153 222
645 615
464 487
335 192
703 659
48 789
726 515
750 51
847 265
841 177
323 284
342 377
478 200
953 216
287 177
89 863
3 218
837 659
811 732
518 578
652 91
652 592
556 941
208 417
969 576
997 459
765 565
27 504
120 521
459 626
948 398
420 799
181 137
384 919
802 718
986 13
168 881
422 424
829 439
69 31
993 461
245 987
771 418
361 621
915 856
123 246
803 966
557 520
167 614
290 317
958 60
804 237
491 75
186 588
794 414
565 332
939 414
128 828
626 53
416 261
266 425
452 86
266 87
287 868
894 891
728 82
88 269
431 278
286 538
728 430
991 191
809 40
997 999
313 710
463 330
600 337
819 737
244 479
201 283
355 873
447 249
77 360
242 168
72 960
542 694
387 392
93 50
345 81
453 167
820 986
929 101
727 584
52 590
486 831
112 764
367 191
226 256
90 494
245 329
281 827
938 441
486 792
484 679
54 469
771 119
956 912
779 982
363 56
318 566
672 460
313 267
529 375
872 227
694 603
46 122
164 887
412 59
716 478
59 366
755 215
318 1
442 532
971 306
884 544
410 70
133 344
489 756
581 662
267 415
808 835
895 263
304 2
180 455
476 449
721 738
31 276
220 360
33 678
396 617
91 612
219 732
639 951
588 761
954 716
710 540
351 396
674 995
275 496
560 930
727 176
343 666
827 146
832 592
252 669
992 296
980 303
198 601
569 703
660 682
620 650
697 567
633 77
964 985
965 104
677 387
170 954
212 232
784 424
958 157
117 393
278 579
710 478
234 962
443 162
466 663
78 817
104 765
751 427
976 200
938 180
205 376
371 954
939 665
537 185
195 991
570 222
119 575
319 515
660 832
145 304
895 479
24 751
197 401
173 440
114 432
559 769
675 423
573 5
363 566
108 22
62 559
548 607
950 390
873 251
899 603
810 841
522 2
484 889
807 189
482 640
261 267
900 198
684 280
904 778
744 536
45 146
69 282
179 791
658 397
456 965
73 142
253 217
319 562
328 394
649 518
394 617
292 477
434 814
153 976
702 915
763 633
614 248
34 760
85 858
36 83
47 555
142 666
851 654
547 832
568 159
964 38
641 150
620 513
165 486
197 510
716 970
339 82
926 329
740 91
574 609
162 34
374 361
337 360
457 39
522 524
912 151
629 993
180 171
342 338
947 996
85 635
763 133
851 812
666 533
100 960
693 95
686 770
2 342
86 960
702 296
452 810
273 390
347 908
60 778
61 400
197 646
175 348
586 479
294 572
632 679
840 603
759 54
485 611
618 293
444 525
423 575
602 32
782 664
935 405
617 319
38 68
876 457
301 99
333 163
622 933
60 28
153 204
103 184
818 189
574 534
966 301
893 898
351 316
186 305
596 814
352 782
503 940
545 682
888 339
755 349
337 138
437 462
758 607
764 23
650 718
645 22
252 959
121 501
469 199
876 702
769 892
473 14
670 414
696 954
391 629
336 543
363 477
864 891
967 399
952 400
572 502
628 323
447 961
368 868
192 690
5 680
886 302
900 248
858 314
577 904
538 851
977 592
242 882
64 213
577 499
403 158
937 509
443 657
182 359
656 450
238 629
281 324
689 247
23 575
94 565
589 226
802 169
283 423
521 969
637 961
987 570
646 11
108 278
266 883
967 505
215 388
92 56
371 574
469 703
15 493
678 236
989 51
336 500
411 51
285 431
277 126
889 868
15 357
684 706
919 29
214 868
869 143
933 629
667 843
936 348
583 451
967 598
441 342
786 97
580 922
777 480
809 41
743 950
854 476
322 1000
852 911
50 728
498 754
924 506
24 203
346 996
814 489
660 305
599 436
574 705
51 920
257 319
391 475
193 758
385 241
211 744
457 370
844 280
734 877
170 285
637 428
119 237
503 837
911 151
498 398
115 358
864 231
20 805
208 862
709 857
780 476
408 727
420 101
994 264
74 461
287 844
909 956
385 648
690 727
578 71
231 749
262 844
522 675
607 906
670 332
940 95
819 93
143 24
761 484
990 53
809 37
568 384
901 181
431 160
823 643
806 137
812 821
318 971
391 437
86 577
336 934
987 212
680 606
914 421
21 500
953 648
618 584
444 41
506 806
420 499
180 483
443 327
944 604
676 311
528 92
668 691
102 194
292 160
893 950
509 728
801 333
3 838
390 795
942 391
728 938
367 825
525 35
286 777
351 678
21 317
36 548
83 42
781 889
164 88
492 125
439 106
977 795
726 527
253 16
191 483
720 701
463 27
537 943
201 331
545 878
461 653
606 973
758 253
97 869
231 848
327 348
750 752
134 84
950 717
982 989
814 416
876 646
471 204
738 336
410 871
75 356
377 536
8 495
436 389
943 863
202 379
460 280
214 272
405 610
260 847
17 361
277 568
593 680
47 85
8 300
648 33
183 447
835 302
109 191
156 48
352 230
846 724
553 958
688 634
670 150
184 422
389 651
416 990
811 396
873 365
521 19
815 115
958 872
477 948
946 791
40 16
226 591
831 82
327 609
792 430
514 31
992 612
708 283
75 536
699 433
235 2
767 806
893 409
382 494
381 197
342 235
148 250
496 713
816 609
681 488
198 979
433 912
816 317
398 313
129 563
866 617
679 615
622 264
793 25
562 631
215 18
633 769
489 835
911 977
251 236
808 298
227 558
715 873
848 115
469 335
409 261
270 859
570 602
108 398
908 717
22 463
82 678
985 95
6 258
482 893
878 867
48 461
366 995
402 763
896 656
73 345
124 627
872 961
111 143
161 174
842 170
291 710
120 743
726 636
788 138
247 784
670 871
71 131
579 86
699 364
492 143
530 632
958 28
899 832
466 580
335 736
838 886
242 305
89 89
180 90
29 688
559 800
538 545
684 775
875 795
485 339
446 206
802 343
497 761
626 185
278 403
532 306
340 697
788 497
135 588
840 381
559 786
189 833
280 592
224 917
787 985
876 253
748 585
265 547
317 716
605 695
820 338
515 206
749 956
999 192
314 415
130 516
216 299
184 356
61 353
432 492
455 212
234 990
452 380
791 861
168 939
230 880
799 33
809 130
630 724
369 978
546 56
346 594
900 268
13 383
601 541
367 209
711 165
559 267
191 515
430 371
4 842
899 558
168 715
68 532
252 174
211 102
528 435
958 425
73 78
129 529
825 81
309 401
397 713
529 789
376 929
666 124
470 922
80 811
452 142
734 353
102 634
286 156
540 267
794 120
282 504
567 242
940 904
368 386
112 426
977 451
975 576
991 511
267 906
844 940
156 985
51 24
963 929
167 295
524 169
776 882
505 249
878 868
201 259
518 730
439 705
943 390
785 877
97 854
233 412
334 389
664 257
822 464
768 322
945 821
683 408
772 753
803 363
264 877
6 323
749 477
435 740
46 654
400 784
487 373
725 153
722 434
534 217
877 674
501 985
897 546
643 612
51 206
873 130
679 239
619 375
193 41
605 693
95 360
971 734
974 505
467 1000
348 232
52 864
759 760
299 645
209 838
640 368
184 59
185 455
544 690
739 764
635 257
559 182
900 530
782 882
369 311
962 739
206 735
849 38
12 598
167 739
712 771
38 985
526 550
723 959
892 532
20 875
316 237
378 312
440 567
858 212
41 427
416 539
195 123
185 223
856 216
562 413
240 312
40 274
894 830
4 115
32 859
216 162
371 747
819 669
78 467
475 190
426 80
381 884
67 352
747 857
395 459
636 288
988 440
393 652
523 729
496 636
17 126
916 515
272 508
291 522
396 796
556 480
688 867
78 608
521 970
630 498
621 570
485 718
21 598
524 924
529 333
444 511
636 932
182 409
923 231
263 204
495 271
497 909
634 128
766 678
532 646
226 606
916 183
402 729
252 424
417 319
701 266
546 485
669 748
678 380
779 841
437 706
94 474
355 427
341 923
970 374
285 845
625 944
133 903
833 796
488 409
264 156
869 73
782 382
276 423
207 469
847 672
773 465
892 832
681 350
976 46
4 131
642 31
452 476
759 798
7 389
175 499
441 758
142 631
816 273
489 794
86 706
771 138
678 747
879 290
863 222
669 752
103 990
589 319
271 77
487 928
417 76
193 71
500 293
966 233
358 499
248 431
121 118
339 910
460 294
193 280
418 859
108 783
165 768
886 628
88 244
915 840
215 791
890 828
942 774
866 364
721 430
736 812
724 876
644 303
370 79
354 622
673 113
159 40
341 656
975 391
718 883
837 988
862 590
227 319
829 301
346 193
35 363
637 171
754 975
409 503
483 135
232 511
231 334
712 886
350 168
497 689
331 547
520 577
166 82
814 812
137 666
15 398
364 133
271 932
461 698
764 7
130 844
81 861
550 582
416 34
787 362
707 760
548 178
956 473
134 286
325 108
78 39
929 142
209 501
214 284
158 391
99 319
433 323
183 788
973 581
971 282
55 383
337 333
816 660
861 133
515 454
300 718
669 886
405 351
620 219
202 883
369 284
779 215
591 712
527 137
459 141
568 109
23 87
463 425
315 177
792 146
971 816
902 420
980 834
994 856
59 125
475 75
94 815
969 972
285 175
232 113
774 579
90 14
687 712
80 58
873 829
173 893
519 892
432 486
870 618
355 963
584 412
914 522
940 179
320 233
287 634
342 350
605 298
583 58
427 844
495 394
211 278
67 954
105 6
654 403
377 388
97 240
555 613
166 775
489 587
976 282
230 820
131 955
320 371
989 872
69 572
351 918
81 770
450 249
320 506
527 358
632 355
343 904
876 413
838 479
178 358
104 424
662 342
896 823
385 238
308 34
35 608
955 636
993 838
166 320
107 290
526 580
804 133
298 536
751 283
933 1000
898 493
336 583
872 646
879 305
857 229
459 775
147 60
265 294
252 809
746 582
441 447
954 35
742 941
279 895
751 626
242 916
523 789
306 778
200 213
274 172
397 249
522 262
137 682
791 893
995 231
984 492
392 817
686 217
608 59
825 861
792 754
810 994
646 497
4 486
637 260
206 427
315 661
445 157
315 569
93 47
263 364
698 720
49 768
698 277
2 10
30 717
978 341
310 89
936 605
515 548
629 535
904 265
945 538
659 72
235 57
804 410
512 919
3 345
652 892
284 945
919 964
441 615
359 312
63 931
985 85
296 183
571 176
629 421
998 793
117 982
455 367
779 234
797 242
502 153
825 606
741 297
976 374
796 997
854 752
247 505
631 277
873 868
821 250
217 469
864 717
802 857
192 797
897 187
267 837
364 684
255 313
235 960
265 371
978 537
481 775
78 127
229 111
493 55
65 28
81 72
717 469
657 13
276 274
934 841
534 473
616 4
54 764
175 69
773 817
309 964
769 597
669 917
76 712
913 857
997 323
383 997
497 851
278 232
990 66
435 82
685 89
526 225
253 83
348 358
161 300
155 377
403 282
22 764
687 888
825 779
646 827
876 296
943 853
203 971
601 312
421 47
845 552
599 631
655 423
718 563
241 747
25 794
752 74
747 625
898 792
480 330
556 669
309 460
770 768
628 9
781 67
713 834
152 933
4 207
642 718
915 19
625 379
728 229
8 78
284 30
498 855
7 787
363 970
832 275
781 682
569 499
331 514
196 812
226 154
922 824
215 4
526 324
876 129
93 89
19 406
675 612
954 976
995 292
141 112
317 481
360 983
187 676
280 700
745 595
296 958
724 239
183 352
995 444
106 555
163 718
655 156
700 122
763 142
472 784
44 250
273 486
110 766
482 336
913 666
412 111
834 190
446 274
491 613
510 147
708 196
26 631
559 368
241 698
923 882
754 740
44 570
133 765
36 230
105 40
29 501
366 900
404 869
766 894
940 544
376 678
547 979
358 718
195 510
357 127
234 604
474 194
254 37
512 144
535 961
901 612
177 344
506 632
887 464
469 227
754 820
922 811
593 423
536 812
367 619
360 882
23 555
642 957
935 474
764 506
946 302
542 885
928 751
704 731
542 679
580 171
293 995
172 983
274 886
415 661
122 682
892 375
388 424
214 133
960 636
597 792
574 105
714 903
822 17
576 647
993 289
644 857
138 867
436 743
307 134
409 599
636 411
795 382
679 389
585 915
999 140
741 727
740 887
806 506
588 791
311 12
488 134
247 243
631 942
245 827
965 927
557 657
449 484
268 784
624 336
34 346
18 990
970 452
120 348
161 371
437 881
846 357
998 662
995 402
956 285
215 883
205 184
880 328
811 899
578 604
156 919
836 120
158 356
417 700
330 426
424 976
246 670
818 43
877 673
139 508
887 151
416 632
835 77
578 372
316 720
296 571
392 883
948 928
863 850
30 43
480 912
758 773
363 97
339 142
109 218
824 826
719 831
79 630
439 815
31 30
904 101
386 373
168 837
493 173
676 181
114 909
465 940
245 486
69 886
918 295
365 3
73 908
591 651
659 705
806 845
866 766
429 277
299 670
587 532
601 660
741 830
455 784
793 197
884 581
205 658
718 226
311 1
767 504
462 923
720 274
214 995
834 184
98 90
363 841
114 777
61 57
824 205
367 294
23 740
499 160
596 747
548 65
184 736
982 899
865 566
135 409
881 621
554 385
641 337
320 477
147 282
860 130
257 805
844 440
793 78
511 137
496 468
300 847
645 716
987 921
298 133
413 918
278 465
965 591
332 603
353 774
924 104
645 535
630 16
120 143
761 673
549 128
888 656
239 722
778 347
818 550
101 830
316 146
231 465
727 638
593 771
901 540
156 426
530 215
834 212
66 462
389 456
190 134
800 207
760 686
681 560
723 6
728 392
806 578
903 23
35 578
367 977
61 635
901 895
247 927
399 376
804 721
861 778
234 912
44 674
736 177
502 354
95 4
182 212
464 423
652 779
307 666
288 450
833 910
970 8
649 220
885 853
470 941
671 14
710 970
884 480
68 861
37 301
216 509
350 718
983 262
241 339
902 529
204 217
904 361
323 882
740 1000
391 566
38 267
49 656
691 371
951 753
821 710
209 232
455 232
199 896
283 262
106 610
172 19
556 987
150 334
721 479
953 21
469 32
909 886
217 234
217 197
976 938
131 727
690 711
996 733
628 346
821 150
608 775
580 29
566 843
410 766
168 965
229 843
615 943
737 716
162 942
846 968
313 799
562 388
564 172
628 562
914 804
915 212
723 369
299 327
35 935
349 320
298 120
632 373
217 930
373 640
286 107
130 349
907 989
389 928
416 989
328 289
866 202
651 650
299 453
834 624
631 798
67 248
2 846
226 915
541 402
350 956
111 200
484 595
887 301
124 531
786 687
107 330
746 764
613 575
400 634
941 652
504 920
706 690
661 306
430 491
456 792
863 982
343 545
113 403
317 806
724 571
804 107
299 442
937 256
719 224
855 561
553 55
370 397
481 233
296 308
518 611
33 616
920 581
838 555
583 667
398 617
23 188
567 102
293 952
709 779
863 844
707 899
670 488
291 96
439 668
603 292
866 436
718 116
271 520
318 871
107 723
362 371
124 11
375 49
803 415
736 589
984 596
692 5
971 704
50 981
924 155
456 394
106 567
587 388
93 535
12 683
979 711
832 987
358 536
670 300
859 392
541 911
486 266
138 469
265 238
25 287
512 549
209 495
603 95
569 928
588 978
105 230
975 865
150 834
983 937
584 24
558 224
847 700
921 921
564 847
11 234
844 611
197 208
293 539
227 888
107 935
649 42
271 754
734 327
268 440
320 279
537 105
129 306
306 501
317 804
615 716
304 127
749 118
723 14
57 297
787 7
545 96
567 210
83 642
559 710
132 470
782 624
33 460
592 297
682 594
761 334
283 573
727 662
260 881
988 791
634 770
569 770
980 723
241 461
142 523
448 540
22 435
79 164
464 551
313 165
977 651
483 927
75 223
342 881
629 854
722 985
499 665
158 306
649 326
974 111
84 364
579 547
93 883
577 699
575 175
47 620
372 148
622 59
67 447
568 203
857 838
995 418
219 748
32 176
260 6
618 539
74 751
12 325
197 152
967 916
339 962
454 168
44 143
524 730
566 679
774 8
232 211
762 679
7 290
388 941
733 623
493 630
724 558
78 896
539 568
594 548
3 536
177 140
842 690
813 369
675 759
570 878
549 855
159 168
119 258
58 237
776 594
615 911
201 521
642 666
492 658
745 59
173 166
856 125
643 755
783 783
326 406
63 790
694 308
998 267
859 321
158 967
472 100
586 218
212 489
25 72
729 389
649 100
645 50
84 522
389 89
967 192
621 563
163 630
434 690
445 876
723 187
892 384
828 964
133 330
895 397
258 37
265 552
818 342
51 907
313 489
18 697
250 783
926 601
213 285
2 744
139 404
544 829
901 356
231 216
706 102
133 832
812 220
373 687
812 408
928 37
903 627
131 108
928 311
80 444
897 541
607 939
381 496
19 399
136 199
480 13
51 16
967 828
752 745
395 775
462 116
355 956
3 943
843 885
32 403
980 390
631 583
213 147
812 648
191 564
296 136
512 550
85 553
214 64
409 497
209 458
726 308
354 764
84 211
53 136
109 972
659 144
843 720
679 765
609 25
609 512
699 522
276 817
206 865
842 99
308 943
692 570
285 277
889 848
721 922
802 357
313 182
288 856
673 816
213 606
221 626
981 173
734 480
916 24
1 258
576 987
154 989
288 737
109 389
739 899
978 767
669 382
226 322
960 613
937 548
69 236
59 812
546 39
241 148
998 938
983 463
856 957
202 564
802 945
735 255
375 611
114 104
601 786
540 879
815 182
101 221
718 948
768 334
854 270
224 169
991 607
746 330
703 141
998 939
369 841
92 600
635 310
137 52
630 416
573 486
706 929
705 290
656 550
134 162
142 955
364 721
564 617
353 136
495 65
984 544
44 78
834 655
100 495
968 842
156 431
525 964
89 53
902 363
377 312
224 727
708 717
408 566
445 327
572 565
690 795
798 555
948 714
662 95
120 861
529 872
644 976
814 309
739 521
877 531
533 253
21 334
199 386
459 514
571 629
611 353
378 688
979 855
365 265
454 489
373 539
287 737
1000 767
119 502
703 98
688 335
198 539
342 960
51 276
435 947
646 562
491 505
198 819
863 174
218 568
480 984
615 786
968 670
212 245
309 644
762 289
659 515
636 375
681 544
708 133
565 476
993 484
211 982
9 734
528 98
567 458
589 665
370 368
880 36
668 668
925 111
741 48
198 532
408 739
368 36
334 998
415 556
434 256
52 308
574 353
319 191
385 394
568 672
262 991
222 535
887 987
273 734
896 867
981 398
346 194
811 926
385 259
440 816
424 994
897 545
1 758
434 506
699 513
133 168
448 482
956 511
915 543
853 162
697 755
756 27
931 19
299 259
829 10
114 868
575 794
140 343
840 405
308 444
27 679
793 510
877 163
893 864
75 139
530 227
920 155
449 534
914 973
177 536
965 782
150 569
720 449
574 295
324 327
393 508
297 723
374 347
816 543
668 858
437 17
523 367
611 410
878 680
814 88
219 656
288 582
515 832
362 208
185 996
464 803
489 255
225 327
708 488
173 462
139 299
253 893
463 673
526 692
968 301
16 75
161 20
841 514
146 249
346 924
429 144
383 751
534 842
107 748
815 919
197 325
504 275
274 12
699 355
824 636
507 963
771 625
895 758
294 537
471 704
700 943
612 853
26 413
8 698
786 268
358 824
211 841
790 307
622 992
401 161
185 295
574 161
895 526
323 112
110 934
269 198
908 377
449 929
50 272
835 297
227 418
824 23
558 746
999 664
433 385
730 490
298 701
509 287
630 35
195 170
779 53
812 104
753 162
509 807
943 855
656 107
906 13
752 706
558 914
725 778
73 335
543 367
36 990
417 502
705 372
992 856
943 191
91 237
258 964
37 111
343 549
404 850
652 924
187 529
629 1000
171 962
201 747
263 297
875 679
113 627
780 657
718 155
150 330
15 950
329 190
825 314
562 64
782 806
113 270
831 889
473 51
447 216
492 764
393 768
303 577
635 908
324 570
685 135
367 363
48 679
807 959
281 332
118 276
603 625
716 972
8 561
847 691
344 68
52 63
968 905
438 2
858 634
201 324
209 599
220 958
426 198
958 265
798 441
432 321
3 906
570 407
980 925
375 291
50 451
868 44
577 975
211 783
490 804
982 360
35 479
618 680
290 744
526 968
565 27
13 122
156 743
196 256
451 823
605 201
951 608
735 289
712 189
939 806
954 483
116 605
833 967
882 738
519 924
803 357
220 907
43 114
201 894
518 627
488 414
464 77
875 110
363 598
385 558
960 868
626 429
217 789
831 302
446 292
691 387
9 169
736 66
945 396
813 833
149 344
216 698
99 103
235 417
506 226
506 240
221 540
183 996
214 436
786 41
216 761
392 818
839 209
799 85
706 168
686 497
253 118
360 422
692 406
696 163
187 252
352 699
346 891
235 582
46 559
313 10
919 26
59 657
143 656
379 560
680 488
24 84
82 789
641 727
382 660
469 407
89 30
675 63
244 593
116 15
743 958
948 360
362 147
153 935
849 685
673 379
103 895
388 407
691 356
272 81
710 363
640 732
931 195
68 790
128 249
896 41
238 313
406 133
191 525
760 271
270 878
726 808
612 267
661 639
710 340
216 991
603 79
121 573
699 974
864 616
249 293
67 515
222 375
10 334
458 478
10 62
755 788
332 732
628 363
717 536
416 255
91 695
237 292
992 156
653 584
664 411
73 709
212 17
394 343
124 22
378 244
926 567
555 63
21 796
354 751
561 575
447 131
652 825
262 557
488 362
44 621
281 746
912 299
295 445
871 190
453 758
828 365
876 699
737 67
770 247
78 897
952 803
137 374
213 107
249 297
954 621
467 818
472 661
292 203
108 332
909 124
297 86
11 324
353 809
123 230
384 892
963 544
882 648
996 689
36 675
68 71
5 623
132 162
466 565
278 536
508 679
543 477
652 90
996 674
752 892
188 201
386 635
924 886
410 961
980 804
501 423
695 150
962 34
86 982
456 389
724 898
334 338
688 327
357 916
815 812
666 914
495 223
866 112
639 512
66 42
917 605
121 321
790 26
798 806
101 385
234 952
273 273
558 248
982 877
519 993
842 246
104 458
293 322
232 166
690 614
715 482
595 616
623 503
459 92
279 726
875 990
574 778
135 157
114 817
973 387
129 944
442 145
828 620
631 689
900 872
615 497
836 832
736 403
854 241
721 191
511 771
537 442
774 806
132 141
24 862
597 152
615 520
531 910
112 221
402 737
587 863
943 803
140 915
634 979
589 200
418 901
685 307
396 570
358 481
163 476
367 682
210 902
260 664
312 401
209 261
602 493
735 869
928 146
323 677
107 246
51 214
229 516
112 509
257 617
56 369
906 987
491 48
478 690
598 478
238 897
254 765
26 548
509 171
141 420
213 762
776 437
837 858
696 900
127 333
858 746
170 165
638 167
991 557
449 438
806 128
441 782
579 830
817 66
710 250
723 81
327 361
209 957
804 387
764 829
127 10
955 213
795 447
900 376
699 141
776 582
734 545
324 464
858 47
532 275
74 743
175 263
317 667
465 578
737 725
307 911
37 40
588 612
93 645
397 107
693 618
486 69
715 369
897 945
12 570
208 628
693 690
323 688
920 529
797 536
280 311
163 645
1 330
409 835
353 481
28 134
653 2
1 137
414 730
390 732
830 900
668 401
890 163
307 545
6 418
225 379
200 642
535 417
490 169
856 543
359 437
443 306
691 471
273 962
762 996
254 837
239 251
133 664
200 324
284 261
186 538
684 56
186 159
77 986
685 35
846 987
642 284
776 352
831 704
50 972
679 611
346 229
319 345
942 138
177 111
214 23
833 37
416 124
301 459
737 241
106 722
908 754
720 523
995 747
44 828
29 467
803 374
644 36
546 560
691 467
424 888
351 375
319 432
592 283
273 83
154 631
858 919
642 501
157 639
301 284
790 868
801 799
552 263
962 969
39 704
782 137
262 980
854 798
205 455
988 80
831 763
667 202
549 302
116 827
262 593
441 691
304 362
589 717
244 17
906 213
308 891
406 488
34 970
48 111
571 888
561 310
975 104
886 733
644 437
211 577
370 625
437 951
704 34
569 193
558 146
374 545
146 879
560 853
640 883
854 612
342 113
792 12
451 3
23 864
135 398
182 469
196 527
276 866
319 22
287 39
781 192
680 90
436 569
896 91
424 655
654 23
770 382
161 233
628 127
354 842
756 952
347 45
558 143
842 579
539 239
164 594
664 197
991 461
47 379
950 733
512 681
420 526
676 920
920 703
929 829
660 449
904 218
816 416
375 690
701 607
206 461
928 773
163 939
932 885
151 191
497 723
351 629
771 969
733 395
950 313
174 592
231 59
525 580
50 25
975 302
972 899
874 209
133 445
416 329
585 525
557 830
687 119
892 663
450 956
774 597
842 959
177 809
141 189
846 470
406 316
680 22
878 777
142 276
523 47
463 499
477 645
575 37
351 903
805 741
345 703
290 741
764 978
846 893
272 939
426 917
763 823
741 929
17 392
139 150
240 91
781 229
918 99
246 565
590 366
711 760
62 162
296 404
807 191
512 56
492 869
820 389
115 410
687 962
263 540
612 106
14 540
861 74
428 451
332 775
98 179
44 770
210 730
61 848
444 513
950 796
199 30
129 440
901 505
885 691
923 679
757 194
113 784
46 180
859 239
174 344
428 890
714 675
183 190
810 411
992 129
865 502
905 4
358 956
817 440
28 137
861 49
118 649
360 247
739 325
467 466
333 386
660 697
709 604
516 322
22 279
975 593
395 304
227 464
941 530
768 861
193 66
761 561
482 452
830 476
780 975
590 882
588 13
280 312
949 652
569 819
257 72
44 14
529 511
154 216
670 567
644 110
127 95
690 56
660 163
917 303
347 325
870 556
576 66
804 108
969 783
567 658
772 613
324 477
245 110
360 681
21 198
503 287
682 905
36 551
71 650
933 983
787 516
177 745
803 353
411 603
346 204
642 2
626 176
78 708
505 154
908 256
646 531
255 491
920 963
674 174
24 556
834 442
152 660
968 1000
237 645
310 77
390 976
624 642
110 499
969 519
967 612
894 144
882 878
923 484
329 905
551 927
775 575
900 303
809 725
48 43
216 214
547 630
560 667
299 837
795 69
998 293
485 588
197 94
280 766
765 749
966 724
389 183
95 808
597 39
135 996
857 650
948 533
333 888
914 572
91 2
672 183
11 524
18 964
880 832
627 512
550 384
557 833
334 159
159 567
946 785
419 64
897 681
676 264
147 627
616 47
393 217
353 477
686 189
437 225
50 165
777 676
467 183
861 301
704 165
258 972
739 274
131 262
295 197
78 322
582 169
278 161
151 730
875 975
522 124
814 970
936 955
177 84
9 887
793 406
343 922
543 921
77 583
507 504
1000 921
762 898
938 422
399 602
566 208
998 150
451 443
403 879
364 805
848 744
445 365
468 574
446 776
412 289
341 405
451 963
771 104
363 390
601 133
694 32
957 591
738 735
399 482
930 395
258 277
209 208
662 154
503 165
406 734
940 380
121 899
168 979
792 909
917 158
95 152
295 551
952 538
225 965
28 665
501 845
682 238
875 564
249 294
660 850
343 893
153 953
73 583
343 874
993 493
561 769
856 863
859 859
913 507
961 379
602 864
6 309
248 567
153 738
571 667
710 853
860 122
950 300
788 122
630 458
28 713
564 908
923 766
997 932
35 597
532 895
920 729
830 188
253 357
82 778
978 356
920 260
922 274
740 383
457 936
792 758
928 598
238 242
413 504
339 907
263 181
383 125
708 667
419 959
285 806
62 195
383 673
133 217
863 529
575 321
813 836
737 762
775 334
556 854
238 318
183 575
541 44
932 692
727 891
912 946
551 246
339 117
969 302
607 167
746 128
370 285
894 193
301 80
184 1
348 262
713 386
964 269
578 628
409 487
132 294
340 107
306 895
795 488
590 897
243 56
481 304
127 928
876 64
604 641
253 818
271 17
564 696
337 908
338 231
119 362
439 845
497 930
412 211
587 963
363 995
703 394
45 717
501 97
400 532
823 307
59 634
516 960
485 297
266 18
21 260
151 541
620 688
951 923
608 715
949 457
356 959
499 66
516 427
257 120
628 129
449 636
828 8
560 207
436 361
176 269
192 909
666 913
257 689
133 472
660 536
41 700
808 273
971 294
13 20
530 479
291 663
800 213
712 341
978 530
470 558
455 955
35 589
377 260
360 140
347 702
750 965
172 73
208 721
195 318
6 715
97 403
869 318
25 153
594 505
834 545
441 704
144 203
182 597
744 305
456 514
515 49
917 513
71 499
322 737
277 820
411 855
449 885
83 263
723 169
381 692
360 197
767 873
336 94
703 879
438 685
717 539
457 236
886 812
377 649
462 757
273 124
508 913
71 380
496 322
586 220
844 850
306 565
43 653
12 733
791 642
419 752
461 922
775 183
989 41
936 317
282 37
546 435
522 221
249 172
243 650
107 340
656 167
306 270
380 921
154 229
104 499
881 984
274 324
545 559
194 461
153 596
170 58
521 106
665 283
755 869
577 568
243 620
651 410
40 79
531 732
909 85
4 318
776 151
242 672
142 79
207 179
78 322
936 94
949 25
877 80
203 931
23 120
202 294
578 701
449 809
108 499
714 794
125 94
210 210
266 215
685 375
806 880
207 499
924 550
234 403
538 590
868 426
891 128
200 348
712 140
385 578
477 469
111 993
730 902
806 191
810 611
734 886
76 167
377 198
416 249
870 267
412 896
246 454
534 251
476 294
157 930
590 86
552 420
962 359
540 177
954 482
624 186
768 520
884 409
532 862
480 566
529 416
531 812
858 975
870 909
522 916
892 795
360 331
277 495
984 739
248 775
188 448
533 322
332 235
512 987
166 757
162 373
69 427
20 88
845 683
211 319
903 750
104 942
34 795
511 644
258 904
527 257
940 317
860 933
488 520
93 116
721 890
276 43
661 776
700 143
720 28
697 674
122 71
585 911
895 864
4 87
355 823
118 964
551 718
734 280
360 940
553 354
586 615
84 42
994 88
593 884
378 921
245 929
813 315
46 803
34 136
169 425
974 314
765 722
686 327
686 386
486 911
981 576
590 743
896 814
620 961
621 813
806 370
892 142
724 453
732 505
457 180
454 219
875 683
528 884
836 270
326 109
492 991
852 863
334 220
916 547
430 202
293 552
336 55
34 517
916 638
274 269
495 663
491 958
274 88
611 303
888 585
671 743
792 709
559 155
1 66
710 263
405 219
592 135
970 360
27 926
404 707
18 843
380 101
194 492
331 262
635 198
337 649
294 352
943 903
517 751
713 76
364 422
432 779
79 463
731 291
6 281
151 565
249 105
880 966
152 583
632 779
159 673
347 514
173 793
485 335
581 755
364 639
466 129
19 662
304 239
368 86
959 543
146 634
513 728
493 967
32 40
989 55
414 76
41 834
100 946
891 190
368 675
759 790
634 645
311 885
335 828
580 377
372 27
241 789
944 36
437 884
249 813
894 449
39 905
100 520
832 390
368 73
460 219
769 851
55 191
57 366
823 457
935 747
972 615
776 761
915 196
563 305
727 870
512 918
341 856
277 458
156 142
140 227
332 682
74 406
769 198
518 272
676 748
540 240
131 104
102 257
36 557
66 774
329 712
705 111
786 804
375 152
284 705
412 183
327 323
474 27
854 655
511 362
414 526
476 286
459 444
229 850
925 402
913 520
661 651
248 982
682 812
208 422
277 832
732 554
218 231
910 222
592 713
218 830
799 818
932 640
144 757
706 517
762 106
664 8
541 918
653 616
749 840
981 292
595 299
827 832
969 74
794 272
451 1000
834 578
728 120
828 463
937 224
214 917
45 257
507 256
159 272
12 896
560 433
13 51
120 320
175 740
395 289
569 102
730 46
543 476
978 770
602 512
597 103
695 531
163 163
745 414
184 75
104 146
834 384
912 260
575 660
752 452
811 151
414 192
475 826
261 766
203 144
740 369
188 703
761 896
901 290
420 128
174 645
112 977
209 520
114 599
756 940
245 157
894 252
57 615
547 756
819 944
437 319
289 888
67 689
268 158
62 934
463 633
254 842
266 113
711 568
976 241
947 197
755 430
688 495
182 123
65 435
171 352
353 4
790 624
741 172
990 163
493 44
980 744
673 576
887 913
954 515
187 201
40 739
970 55
81 815
708 71
540 272
363 469
828 737
677 209
52 100
761 221
627 56
495 201
721 210
601 128
342 497
683 884
350 302
153 994
762 343
465 999
14 946
355 465
84 568
964 410
964 943
869 414
859 618
19 74
725 126
339 301
69 174
334 124
330 402
368 465
257 226
802 530
77 620
465 650
660 805
746 717
618 93
971 208
852 153
245 502
869 416
82 288
610 500
652 834
535 332
763 199
526 204
311 184
549 152
44 965
608 202
89 405
237 460
84 255
880 218
79 949
386 1000
162 774
246 93
796 296
273 813
845 669
392 228
160 113
314 448
786 397
771 383
542 173
763 970
109 839
865 825
393 959
636 556
567 384
165 315
470 645
693 737
604 119
284 344
665 950
641 609
660 604
655 502
722 44
561 223
635 795
259 204
699 269
836 545
396 53
373 329
708 577
502 849
678 546
28 654
244 378
985 295
335 696
298 247
379 348
666 527
395 601
241 809
872 372
969 342
426 509
350 962
73 621
271 248
697 482
538 361
704 704
574 979
810 476
488 45
101 783
414 939
171 616
409 539
84 835
945 848
67 989
393 253
154 706
43 674
58 88
737 670
744 156
952 788
777 7
632 669
1000 925
173 835
760 610
222 607
152 132
282 223
287 47
702 300
145 74
256 788
349 772
328 628
938 156
243 400
548 897
103 385
876 9
574 260
245 739
834 634
115 241
262 951
237 391
346 461
957 919
180 669
526 233
983 776
68 965
860 619
985 502
272 751
942 738
326 825
759 129
806 118
807 716
213 838
90 226
25 86
195 910
220 370
416 106
631 398
367 605
203 860
