1000 1267902
5000
922 463
42 845
31 398
535 153
160 761
110 743
396 14
972 788
740 81
437 735
875 296
676 517
836 883
527 385
231 71
41 357
515 85
988 163
594 756
529 647
702 876
261 860
557 508
329 192
27 746
537 399
100 249
670 976
249 405
522 28
391 642
758 204
705 831
874 389
287 88
913 669
972 340
577 791
258 794
674 251
727 816
788 76
97 269
895 609
821 880
203 675
115 720
232 957
239 189
163 573
397 613
517 680
170 665
674 981
77 151
315 711
755 69
606 123
430 528
945 50
891 677
909 235
441 912
875 472
197 738
432 2
398 381
493 436
953 391
202 890
610 302
770 435
462 808
428 33
31 904
918 174
942 412
449 547
864 717
199 581
996 578
130 117
881 705
559 333
841 550
963 503
878 892
652 772
304 19
366 849
4 867
895 455
327 830
471 889
258 144
606 904
418 32
927 65
861 10
495 282
52 873
566 184
49 176
128 854
690 98
819 966
885 21
52 909
274 460
247 904
597 62
612 45
847 743
60 213
424 544
466 199
512 662
4 195
60 487
933 588
699 277
3 417
948 231
579 297
149 351
552 386
125 515
854 577
981 421
931 696
844 332
157 122
674 736
960 987
261 890
668 450
943 306
628 361
227 453
172 718
371 120
103 426
161 888
777 732
146 899
36 892
872 80
161 160
513 305
311 378
138 368
746 725
115 436
940 938
503 111
828 873
502 740
134 869
513 816
393 874
934 55
511 843
284 49
357 532
81 162
9 460
465 875
774 566
188 135
515 412
212 875
343 485
539 246
850 560
294 788
515 500
426 322
871 797
50 433
857 491
941 418
108 778
151 618
619 634
327 423
399 489
775 174
342 656
217 240
273 379
495 588
917 316
630 590
125 405
895 258
412 515
512 918
835 276
158 902
912 496
34 776
872 934
638 947
626 114
577 811
925 810
534 419
983 858
914 668
75 572
379 756
823 201
51 45
126 324
232 505
140 594
959 172
214 724
961 582
266 837
227 426
390 196
47 141
913 865
658 488
434 684
488 177
823 151
332 871
200 253
680 223
149 968
856 731
331 481
616 61
140 576
25 551
765 573
344 210
84 624
308 803
53 128
117 331
11 969
369 305
706 22
536 522
754 912
961 445
116 254
106 244
73 318
571 814
984 227
737 232
655 256
993 812
723 593
91 131
263 404
971 81
166 361
328 919
210 330
282 595
200 654
122 679
910 256
557 602
527 589
158 189
464 241
45 436
14 651
850 571
801 369
746 31
139 303
527 774
487 661
956 545
36 712
961 228
782 584
8 647
852 760
274 956
99 248
635 84
850 64
833 676
898 626
646 884
809 431
624 501
3 438
704 853
515 895
48 457
872 118
175 589
259 742
801 314
466 666
389 789
753 118
783 80
2 372
582 740
924 555
413 521
856 935
219 448
179 170
430 784
48 724
264 961
912 506
515 461
958 457
43 796
16 573
460 361
265 109
965 181
594 322
617 659
915 919
506 365
836 711
886 339
154 653
302 345
706 654
571 894
11 913
863 707
342 150
163 782
145 380
579 656
430 653
365 351
81 454
1000 17
294 929
92 173
924 878
485 743
251 367
100 349
249 481
6 672
837 49
142 955
711 934
716 336
639 943
782 698
114 22
442 310
106 862
516 797
194 868
616 200
499 279
258 988
351 116
687 678
882 744
870 747
20 732
492 545
172 529
930 869
620 274
519 126
189 416
333 843
597 694
927 223
908 784
748 540
98 196
201 713
615 855
221 53
774 133
849 867
427 31
68 628
470 692
634 860
885 570
88 353
353 238
184 675
909 286
841 583
514 418
755 345
135 573
709 856
484 447
248 158
575 17
650 355
493 857
267 177
101 269
652 419
586 299
93 956
400 931
139 175
245 215
443 949
497 419
473 729
319 678
35 129
784 602
445 191
884 185
288 519
407 6
419 740
344 702
433 586
910 560
171 29
696 395
379 216
966 89
620 643
570 950
632 711
86 69
671 320
56 91
356 918
563 855
106 411
467 328
489 651
691 376
935 262
712 574
226 988
247 956
753 767
488 405
842 868
229 397
38 789
973 699
287 262
719 26
306 55
732 535
214 212
893 490
304 592
544 158
96 104
946 223
383 914
921 686
940 614
312 673
508 340
587 483
571 314
909 587
128 789
3 92
386 388
511 266
309 134
288 745
935 220
57 916
45 488
221 545
816 982
405 682
357 256
894 459
147 9
55 5
578 770
534 70
526 21
169 839
174 897
242 294
912 383
975 8
178 259
909 559
254 972
222 340
930 800
22 80
690 269
983 61
747 261
445 350
124 514
999 638
342 121
382 408
733 431
148 107
958 100
698 465
420 334
398 653
828 655
781 983
688 908
589 683
138 332
493 262
870 39
999 516
421 764
585 968
181 638
632 779
509 289
298 382
615 927
462 366
985 353
332 465
698 517
829 205
682 450
965 157
535 779
650 519
64 900
55 14
97 748
401 534
448 659
43 654
383 916
534 742
497 180
762 291
43 219
715 831
784 335
125 28
962 897
389 865
938 261
526 687
899 153
484 433
154 817
969 834
776 884
907 684
264 700
211 55
341 294
528 564
92 535
271 476
935 344
189 563
770 851
282 649
15 470
301 154
509 155
607 905
181 787
627 967
974 696
260 462
347 317
631 898
140 334
719 577
395 369
973 696
98 830
24 179
632 850
983 104
698 915
713 492
13 762
184 91
405 747
873 592
932 290
386 701
342 431
264 714
717 709
550 839
807 787
599 952
262 220
531 526
508 26
199 793
479 149
377 187
123 27
72 872
518 70
303 54
342 928
498 229
607 864
911 438
452 940
283 761
882 486
340 32
227 783
93 817
58 561
109 161
411 819
513 917
796 62
668 398
115 646
766 792
393 424
488 885
387 32
951 112
982 873
111 465
900 199
308 239
464 555
140 901
618 517
98 284
983 239
331 853
59 294
505 472
944 470
39 675
215 524
603 723
706 176
976 543
600 61
475 767
639 830
124 97
322 825
829 4
690 397
296 112
81 332
701 955
970 360
427 60
829 747
834 935
445 590
199 416
479 551
157 251
676 375
945 651
755 222
996 799
38 187
634 318
877 790
977 593
420 579
133 626
368 427
531 353
805 49
25 42
745 354
113 691
250 483
938 837
582 885
515 604
382 989
909 689
128 288
170 189
299 439
580 560
662 532
946 828
47 769
55 537
757 453
160 561
933 734
373 446
485 791
200 359
275 493
781 587
816 303
939 257
336 334
861 291
935 562
233 492
242 881
380 928
897 418
571 204
955 993
1000 632
376 538
479 971
561 941
717 891
97 651
400 479
240 442
920 481
386 801
681 475
225 484
125 453
360 506
530 316
254 470
257 658
154 141
291 263
981 317
278 495
271 577
433 301
169 544
730 702
662 608
107 45
69 219
826 925
902 8
892 599
470 951
338 338
612 413
508 348
245 116
701 85
858 938
63 185
694 579
420 734
621 180
367 765
11 961
279 239
799 411
256 458
295 839
548 939
985 903
836 563
162 858
75 826
689 491
101 559
82 21
808 638
30 636
658 726
341 108
876 4
899 489
709 795
105 961
154 390
218 288
203 69
30 610
681 59
357 967
312 337
144 922
706 612
752 369
634 345
90 452
771 433
108 433
999 969
219 151
184 61
709 366
898 226
819 379
134 210
889 470
941 965
171 209
338 454
976 180
587 489
304 16
878 696
443 381
401 572
225 410
391 791
833 865
847 251
371 443
484 736
884 311
164 233
82 522
297 961
97 395
288 944
856 221
82 225
890 217
83 221
659 622
380 265
385 756
947 310
763 453
418 875
941 836
940 388
974 513
989 42
80 684
523 930
5 221
693 759
513 17
751 600
848 77
73 336
1000 639
729 718
633 446
262 589
159 905
81 377
617 766
585 711
38 106
210 507
321 579
137 136
843 993
758 558
927 861
453 354
179 954
88 66
271 480
792 790
407 514
74 331
109 89
307 837
995 959
10 340
771 474
737 596
152 684
970 154
322 156
780 898
35 744
637 352
870 809
485 34
885 151
580 301
836 380
354 398
582 858
669 488
666 192
480 631
2 93
325 15
804 140
701 178
170 384
828 451
872 394
157 601
691 424
3 744
140 878
869 60
206 461
982 21
94 54
135 907
379 91
310 290
621 512
174 813
247 534
12 109
552 231
721 455
944 139
686 184
595 4
981 139
428 242
997 623
163 875
195 232
619 250
171 125
605 586
21 843
665 722
12 898
287 887
178 440
233 589
937 443
391 284
935 278
283 460
382 811
560 650
755 847
835 103
792 546
377 395
141 887
531 486
761 603
892 921
138 692
266 130
551 468
379 510
590 560
778 238
51 168
337 742
287 551
898 183
506 291
445 948
817 783
747 103
721 384
235 638
56 438
502 404
644 353
10 476
81 10
61 297
901 500
384 133
129 843
522 471
351 698
638 143
121 920
41 433
23 610
9 308
163 8
980 802
967 301
641 750
988 852
48 86
535 1000
527 530
790 551
368 96
95 707
99 415
172 195
908 751
22 152
647 781
162 57
155 496
226 330
651 779
309 160
301 56
837 200
214 848
939 387
454 339
265 569
306 578
215 9
859 73
552 414
307 842
487 523
810 807
962 267
841 38
308 700
486 844
714 944
316 900
277 424
563 96
356 269
576 910
381 119
626 222
153 272
449 617
623 190
259 630
316 415
514 580
842 102
11 117
866 632
613 30
157 975
733 937
296 626
729 350
455 761
244 588
801 827
972 480
168 4
599 846
724 642
795 17
51 726
653 214
176 888
249 700
583 667
627 932
236 863
99 353
329 104
968 331
807 777
771 480
779 616
604 630
466 431
277 703
29 681
60 449
246 863
757 249
969 320
309 277
912 469
481 612
689 618
93 620
391 205
849 800
26 910
624 638
128 436
818 860
996 71
310 456
241 484
378 497
26 953
542 614
126 153
231 531
661 237
383 954
482 413
855 442
66 779
7 950
329 294
291 91
91 301
728 572
737 888
270 84
498 761
926 84
1000 166
953 473
691 70
568 137
176 537
275 998
267 110
429 934
448 541
136 310
606 395
673 600
681 26
472 662
509 160
311 474
859 840
839 62
668 609
237 330
166 536
130 625
360 745
636 989
843 402
213 447
592 782
840 728
928 356
256 489
109 523
705 751
540 328
907 972
978 265
59 617
318 614
650 291
628 829
727 949
827 608
32 515
959 262
955 645
196 849
895 81
566 692
651 578
243 514
507 591
365 755
735 965
524 888
58 631
57 713
599 892
784 773
946 241
238 628
726 548
387 432
513 458
330 763
617 577
280 747
347 740
760 805
583 785
745 481
917 77
554 638
280 459
421 288
919 670
410 423
986 752
251 667
646 430
48 854
125 106
481 293
99 142
421 538
69 237
594 915
837 140
716 858
768 432
972 704
976 672
286 743
229 475
405 498
520 327
267 175
814 139
835 844
512 652
916 828
956 144
592 478
617 654
62 852
809 337
121 605
366 173
183 455
900 924
85 124
785 232
732 62
78 14
440 953
299 666
198 461
542 67
715 792
69 868
125 37
842 263
793 903
135 193
629 162
443 45
939 52
65 647
470 887
415 650
885 167
634 878
834 521
91 455
928 310
290 738
698 844
158 64
95 403
424 315
573 862
619 89
806 641
425 697
136 524
518 766
743 197
625 803
372 115
454 46
939 168
440 107
427 77
634 310
446 981
742 330
564 703
654 895
170 705
773 105
547 194
572 920
623 183
628 218
177 154
419 295
33 133
79 97
436 45
118 76
790 202
171 340
591 59
404 136
170 894
597 115
673 42
962 148
956 86
154 495
850 969
461 211
277 447
631 416
57 262
194 183
600 922
209 144
26 303
78 6
212 590
431 946
599 542
134 521
26 802
661 791
277 288
184 320
351 641
860 652
535 250
115 175
643 11
316 961
106 382
595 101
930 44
263 762
469 515
21 364
975 579
92 730
758 629
350 738
358 522
356 34
249 443
412 341
608 32
615 712
967 259
5 896
658 771
33 667
143 80
609 634
205 388
503 345
455 272
65 456
90 979
410 954
904 391
597 944
828 521
621 175
132 52
301 504
869 771
377 593
667 477
752 393
118 914
93 258
243 833
496 396
807 893
643 293
881 499
492 911
804 618
688 296
180 753
459 293
884 129
888 5
212 262
917 294
533 569
966 554
958 461
814 90
692 958
992 821
17 670
564 677
966 862
207 350
137 716
659 814
391 534
790 42
256 50
136 960
49 385
479 442
209 347
272 646
283 358
332 139
427 530
323 600
737 25
977 719
139 527
965 314
444 982
784 660
967 68
172 329
508 592
252 352
269 614
870 607
137 858
343 201
469 836
519 788
710 488
823 709
423 691
330 909
155 213
773 298
25 445
153 354
728 219
392 650
169 324
784 812
408 67
812 774
599 361
73 679
13 643
494 675
84 89
486 279
597 366
237 672
306 88
638 619
626 384
98 965
520 922
856 474
405 584
888 787
750 688
445 180
967 947
334 255
398 113
809 398
813 120
340 229
412 191
192 577
184 947
941 52
476 911
292 424
926 31
42 934
180 920
878 911
428 750
853 536
976 986
77 186
526 719
717 637
750 732
272 535
306 688
336 132
496 552
103 531
791 583
566 54
157 341
86 455
834 55
123 218
668 971
410 470
906 17
65 691
717 713
458 93
166 691
606 249
163 424
403 706
455 87
814 70
166 536
415 448
337 30
469 647
875 960
563 701
863 960
669 222
520 552
625 512
193 865
997 455
531 216
596 42
22 477
569 326
19 733
463 525
37 448
863 537
37 729
380 230
210 710
83 295
89 245
734 167
664 315
763 93
452 839
908 733
267 221
186 641
985 457
841 869
167 291
603 495
286 846
42 708
77 995
183 248
434 128
709 196
312 29
181 426
259 605
886 415
856 943
912 213
889 472
364 35
281 991
817 270
556 357
746 973
291 969
81 922
421 414
352 952
650 407
637 128
914 739
87 105
4 280
543 589
745 766
634 413
662 111
135 191
748 599
176 643
83 101
566 638
781 407
830 808
199 10
220 984
40 58
543 533
628 402
992 582
561 10
239 583
341 249
856 668
609 734
234 881
922 995
330 84
769 409
195 72
303 69
286 118
110 910
919 342
645 888
325 590
329 148
203 693
895 925
742 979
861 503
802 430
95 49
591 840
854 239
473 47
449 763
902 351
236 390
618 475
764 235
1000 48
348 838
844 140
590 764
232 210
679 205
508 145
259 129
459 21
635 274
112 425
372 542
844 997
48 302
8 180
39 494
888 325
836 137
123 427
390 310
55 992
325 692
467 480
589 648
872 479
549 515
440 189
680 756
708 387
995 741
215 525
997 923
940 924
273 760
117 362
783 369
602 958
227 908
598 607
262 299
33 974
601 570
759 253
366 663
797 819
60 22
995 589
93 714
235 337
550 169
956 960
945 859
476 727
746 4
687 541
698 994
859 729
206 81
379 761
319 886
223 926
5 138
595 95
196 242
964 594
42 552
952 753
568 683
598 146
659 947
208 722
932 628
488 291
566 391
297 576
340 704
816 556
966 937
486 496
744 477
546 376
781 927
545 173
47 807
555 621
823 224
334 194
859 768
228 877
945 368
141 882
802 767
131 612
215 549
483 526
445 979
882 456
768 178
865 563
851 483
436 694
974 415
660 266
780 49
570 958
521 711
753 884
605 623
235 674
76 16
18 275
685 711
776 482
768 291
405 35
826 271
828 304
700 511
572 732
984 270
358 686
707 46
82 63
433 380
844 280
476 779
449 780
802 61
287 36
6 122
275 821
536 248
779 568
849 798
598 846
800 514
889 363
692 662
159 552
364 701
149 339
595 415
348 893
715 501
294 71
160 648
376 822
291 750
709 418
316 522
63 759
892 955
457 543
317 264
789 329
349 516
403 659
800 605
294 437
578 882
939 907
697 632
855 861
824 177
828 547
120 71
68 161
863 252
390 623
435 883
881 529
35 47
418 471
468 137
303 862
327 566
394 301
298 647
495 984
817 610
245 526
618 379
559 329
371 598
242 68
913 451
377 672
590 374
835 608
856 8
355 367
827 223
251 675
724 294
249 744
295 539
561 92
688 261
72 294
888 617
256 375
718 929
265 452
745 462
740 310
364 24
48 286
974 149
756 679
982 906
816 566
20 683
278 620
187 77
733 711
598 804
81 373
448 1
536 153
305 998
84 728
231 646
890 44
275 399
698 969
967 596
1 224
531 720
780 989
554 652
865 237
912 358
437 172
975 270
625 648
419 540
532 404
696 876
235 777
29 437
298 180
381 730
271 109
963 255
272 337
344 693
687 811
862 914
353 177
629 427
604 643
311 657
351 445
145 630
334 912
223 87
960 997
591 882
653 963
171 367
136 665
829 427
799 151
534 443
324 904
248 944
849 292
509 204
574 551
311 540
956 341
445 286
497 758
58 562
184 570
839 100
956 84
221 739
995 781
556 145
554 193
228 254
571 873
828 107
219 526
73 453
373 512
350 466
883 306
245 280
942 198
812 273
537 751
853 265
971 442
778 917
596 97
567 752
760 266
9 284
779 777
670 357
590 168
103 397
486 81
407 475
88 173
136 485
274 570
830 417
468 531
176 816
609 34
556 428
84 296
322 396
423 587
169 847
289 311
16 668
26 595
813 635
15 449
759 460
888 432
496 663
687 420
557 925
978 10
163 176
762 249
306 955
94 905
223 198
301 590
856 178
454 43
94 897
628 837
650 357
379 722
608 252
693 886
535 25
61 434
172 810
80 446
747 417
815 918
421 167
206 220
857 242
14 892
103 80
70 425
957 41
976 801
905 56
339 748
248 392
728 40
450 461
812 621
730 627
470 514
748 870
477 386
273 886
352 626
47 308
527 742
307 658
773 192
666 551
388 521
512 580
467 168
623 67
425 403
320 754
807 636
108 535
571 581
749 77
586 915
567 131
958 830
788 940
599 271
789 86
622 908
202 91
130 118
98 539
478 773
159 432
656 87
893 365
296 575
842 365
513 266
748 440
106 7
750 551
142 586
359 430
587 644
458 185
520 771
604 595
826 702
116 560
460 22
990 674
9 159
269 520
20 651
565 178
966 896
306 241
405 827
437 37
493 734
521 776
441 555
641 839
336 761
468 633
964 778
693 648
375 778
145 595
709 293
469 632
304 15
859 388
747 726
54 307
347 407
841 373
540 916
124 192
543 952
676 676
752 38
159 350
629 162
535 575
335 985
217 368
698 729
552 611
946 708
807 490
288 883
629 984
621 30
585 532
92 958
147 554
656 245
898 836
406 696
106 659
684 191
397 382
225 169
20 976
255 240
608 900
563 258
859 937
998 995
188 752
443 76
364 107
495 867
1000 958
981 109
996 706
839 254
918 994
146 858
872 401
984 276
902 754
14 783
75 92
961 383
809 55
529 756
774 312
654 321
46 111
914 234
379 432
706 648
522 618
745 32
899 335
759 403
166 611
38 557
705 247
725 940
181 981
640 236
889 251
451 494
842 792
549 482
384 357
107 506
90 334
687 632
100 449
103 103
771 670
743 854
156 411
124 340
828 841
940 848
457 937
316 781
158 659
158 835
452 35
361 686
386 778
242 169
430 939
869 335
359 80
286 771
298 219
607 14
608 462
152 764
580 984
559 177
102 77
593 188
450 287
100 650
759 929
691 147
545 99
843 712
84 973
572 196
571 520
532 588
586 338
717 458
239 26
361 600
98 813
216 413
721 657
406 649
380 97
440 156
103 706
318 132
891 858
705 969
712 679
292 875
282 324
508 968
741 632
508 382
425 757
253 796
551 339
939 708
242 274
368 272
888 380
961 665
286 979
780 972
114 878
104 153
705 9
767 918
411 913
894 447
167 13
281 984
36 332
116 396
92 341
827 698
414 456
326 384
834 620
858 816
404 442
63 753
882 928
701 508
567 20
646 649
476 770
603 524
919 277
606 570
527 584
771 967
272 903
15 760
357 475
814 428
296 382
718 539
12 574
427 833
834 588
738 523
322 97
781 408
37 156
859 856
341 368
327 970
776 50
128 570
704 554
799 581
431 536
726 823
128 31
363 756
638 817
219 869
906 159
210 307
915 649
925 87
158 578
19 266
626 901
6 533
467 574
773 668
519 186
280 720
274 953
883 66
490 548
868 534
562 732
712 509
726 440
989 766
284 963
168 519
504 978
219 452
447 579
754 981
223 270
575 101
418 801
190 904
601 541
332 260
594 870
900 371
675 353
960 511
444 855
594 76
592 489
496 546
675 596
332 377
250 45
903 47
778 803
24 704
905 583
182 711
160 628
26 762
645 688
304 690
284 922
721 334
978 711
18 401
828 867
664 636
410 479
739 851
500 464
850 344
623 437
706 999
503 572
787 904
716 719
516 994
588 992
682 585
167 94
406 388
475 187
950 241
229 880
508 465
102 680
230 945
463 507
147 741
990 795
704 476
702 617
732 402
855 9
471 756
437 208
421 169
300 920
859 188
985 383
792 109
976 564
388 852
262 740
98 651
206 97
275 308
283 729
655 564
374 474
595 363
149 305
865 444
750 140
689 861
120 812
705 584
325 747
411 967
803 785
563 716
434 334
745 517
900 912
777 909
604 299
691 241
565 642
958 945
821 839
271 505
754 616
332 144
781 514
859 74
161 361
611 662
955 956
39 308
680 889
147 563
523 11
681 315
652 141
806 377
112 65
161 16
925 194
762 512
174 522
72 725
167 250
168 379
88 448
472 737
578 266
440 55
736 759
800 489
5 811
119 941
300 176
987 265
509 851
871 648
701 391
562 376
785 261
963 978
857 980
699 119
787 860
383 301
34 793
964 190
281 613
640 71
785 467
2 844
285 52
127 563
460 32
45 141
393 562
137 586
374 130
707 897
543 756
419 185
918 196
990 848
990 615
1000 566
664 628
156 368
764 53
95 763
722 880
122 888
368 690
566 714
668 139
267 358
512 643
598 527
254 363
817 29
592 776
724 673
805 322
642 881
722 883
993 856
499 825
874 784
7 13
500 793
992 777
861 428
293 893
814 875
83 645
880 881
833 309
965 520
273 683
625 595
515 781
223 475
869 425
603 601
189 908
663 350
375 523
230 504
837 802
369 707
911 781
100 580
525 501
697 894
339 637
987 55
174 966
8 163
569 407
21 934
592 651
922 307
368 746
101 956
644 262
75 913
162 373
620 431
900 165
619 893
171 352
290 874
877 358
712 287
814 777
812 215
796 533
905 658
370 645
720 662
485 414
856 369
750 146
187 1
771 712
886 546
553 238
649 801
627 19
820 423
158 447
814 208
965 103
762 802
858 526
250 78
456 716
564 677
18 699
291 637
263 947
211 515
262 1
148 664
496 374
615 256
948 788
28 472
770 99
703 372
23 583
357 344
603 884
95 564
820 974
991 874
304 481
346 430
397 761
627 185
832 312
472 436
980 905
902 990
106 497
816 496
271 868
294 65
216 54
338 246
23 182
968 553
335 868
326 942
152 957
680 197
258 413
219 878
980 856
707 543
250 992
897 450
808 286
18 966
686 77
492 146
455 283
492 116
701 341
965 584
597 520
345 860
624 876
697 607
139 357
795 519
546 204
194 431
342 580
771 965
630 948
276 415
403 955
553 917
186 72
243 393
817 702
98 63
276 933
409 966
30 463
790 218
850 825
564 395
18 275
166 756
463 172
249 418
181 503
144 816
870 164
771 763
985 911
176 536
41 255
49 54
302 818
527 344
778 537
938 129
723 316
216 105
746 728
880 337
884 281
558 183
319 808
368 230
139 223
909 647
786 667
161 989
944 701
789 298
492 6
45 859
688 84
508 591
588 490
116 932
760 825
967 351
184 363
407 694
597 308
250 334
420 242
977 282
449 289
167 231
340 665
270 540
439 619
308 135
866 513
669 289
221 986
606 900
53 751
941 405
686 10
139 382
300 396
333 377
549 345
379 788
172 87
215 293
740 350
488 564
626 12
578 642
814 890
96 833
867 245
726 852
716 556
372 886
922 285
79 57
791 364
959 331
382 322
671 244
604 610
32 39
571 325
523 371
715 86
837 473
10 238
997 96
1000 245
299 167
331 199
426 279
416 479
203 638
813 214
117 525
836 331
236 200
33 844
837 539
461 342
857 53
256 13
38 88
991 149
842 727
797 775
961 402
647 334
714 254
176 598
528 741
869 222
661 690
864 993
338 143
623 890
487 323
185 663
616 393
500 71
1 688
714 411
363 67
280 858
73 547
491 976
882 268
348 228
126 705
227 607
495 360
240 327
741 811
723 46
324 532
640 483
581 145
600 649
52 473
797 568
26 248
140 997
513 488
925 302
932 203
195 350
795 135
81 480
871 65
717 49
738 855
867 303
626 879
328 133
497 833
389 290
252 966
750 149
946 103
213 321
861 779
469 617
889 26
980 87
474 700
803 111
48 44
466 296
514 690
807 686
418 993
498 330
425 833
519 312
571 180
684 462
388 981
886 956
255 612
752 554
221 918
519 727
616 256
174 367
813 438
211 562
585 666
73 110
976 966
975 504
912 963
368 834
105 793
265 15
361 209
38 885
613 355
885 170
914 568
114 823
110 632
850 362
820 129
905 39
730 665
966 687
240 893
853 688
799 282
666 831
973 818
204 187
458 268
398 82
481 581
848 781
364 976
944 247
711 884
366 185
495 777
172 662
995 7
550 444
358 965
119 91
334 664
499 825
70 570
39 821
87 999
318 126
373 331
546 705
567 324
80 529
847 724
672 9
120 44
375 115
900 142
27 426
385 330
899 838
603 60
253 641
391 843
918 654
427 331
766 458
348 969
820 545
912 314
145 508
289 597
290 587
82 468
550 368
281 581
402 1000
637 752
180 897
393 191
908 411
813 751
550 582
475 293
182 138
199 387
254 488
487 637
560 678
439 808
56 961
852 37
53 891
855 447
767 370
734 325
490 644
353 742
465 354
584 996
964 806
221 172
460 378
522 110
810 73
808 285
703 967
730 524
626 65
246 837
697 67
548 570
392 927
379 712
946 791
231 301
114 668
744 452
921 643
460 61
772 186
807 749
818 978
298 213
655 902
669 86
996 767
889 64
524 814
196 434
916 468
810 385
291 982
10 422
827 711
261 217
857 869
898 858
820 666
404 981
128 850
114 1
95 729
194 66
911 150
206 501
575 999
167 788
2 814
60 259
163 204
792 411
217 393
669 1000
31 765
81 636
162 382
751 326
906 147
950 194
652 597
564 745
85 794
990 965
848 446
356 865
125 393
619 428
721 776
280 561
843 892
570 859
392 590
510 865
232 701
506 305
953 404
384 206
30 39
840 554
925 438
873 958
580 729
856 609
548 381
760 370
423 425
651 615
11 898
415 118
494 647
874 515
41 410
559 1
55 615
796 49
509 579
580 329
826 858
5 672
397 472
999 818
778 750
943 804
292 686
641 394
554 951
900 395
538 804
886 190
312 878
903 480
756 356
892 984
852 882
393 792
358 365
293 3
766 517
375 932
488 604
222 921
368 518
988 793
49 939
269 1000
313 301
850 476
887 837
269 541
289 10
199 960
437 2
22 251
862 468
27 122
612 14
860 268
137 341
518 632
252 55
283 745
251 918
327 305
670 519
389 739
242 492
913 983
972 314
82 776
206 598
274 135
695 171
885 848
231 185
120 576
332 113
459 316
93 155
810 61
602 666
272 677
106 889
881 26
766 773
38 211
89 25
565 902
511 433
206 969
240 385
652 276
782 426
472 984
807 859
789 17
387 566
791 837
456 75
198 22
756 819
140 617
503 842
642 124
917 599
819 377
951 479
698 134
974 692
326 41
42 167
884 678
819 817
103 824
308 716
83 205
943 707
454 361
66 907
299 56
527 601
912 877
363 154
267 506
878 487
639 752
146 336
594 960
59 903
572 933
417 665
500 518
674 604
672 543
12 366
979 701
518 602
803 278
62 99
197 815
179 439
640 185
557 516
18 762
778 800
892 732
294 749
664 73
284 112
811 118
505 537
209 627
291 200
553 403
872 364
605 173
86 115
37 631
120 128
436 988
446 972
397 227
343 571
346 815
639 758
231 971
687 99
245 908
587 160
883 888
543 305
783 19
356 776
669 703
90 986
137 569
270 939
389 570
622 554
598 203
882 396
12 602
592 380
547 429
3 220
264 277
647 268
657 71
529 178
978 983
351 600
689 817
798 987
742 320
467 355
814 473
90 953
790 785
648 933
18 858
945 666
138 77
718 247
987 208
747 713
971 252
932 726
716 478
638 494
503 75
529 435
87 493
108 430
316 251
518 956
309 874
86 975
33 505
334 624
873 988
819 276
786 554
684 625
888 322
211 151
939 370
42 41
297 843
104 700
856 704
281 405
12 141
660 809
444 118
92 848
814 195
297 655
285 205
952 697
255 118
458 718
570 459
726 970
740 396
399 206
331 273
276 461
47 884
880 809
601 526
792 543
283 532
534 105
511 514
600 443
855 372
238 919
143 360
472 624
897 642
462 965
464 25
570 845
269 374
216 316
833 220
259 901
164 234
54 919
448 234
639 17
352 252
5 172
347 71
262 263
694 148
239 265
30 4
799 911
219 751
431 915
865 843
855 250
231 362
506 295
699 555
362 539
728 87
104 603
374 833
523 51
363 414
305 507
438 242
505 703
130 615
386 822
583 531
961 613
551 263
718 119
570 11
63 950
84 774
887 829
797 356
492 625
376 628
732 754
266 420
426 985
804 382
326 84
931 201
460 329
175 282
706 512
297 724
672 255
586 83
724 772
16 46
913 996
200 784
759 866
2 93
123 507
891 85
254 685
228 311
959 662
994 233
819 817
711 748
647 734
449 125
504 855
801 226
348 233
662 407
103 951
996 731
625 54
321 991
816 517
555 66
73 614
9 798
810 968
425 137
664 770
645 936
430 7
34 698
428 439
573 204
155 888
27 900
935 895
255 200
992 485
282 608
753 766
870 314
209 858
896 135
840 641
181 723
91 841
494 743
160 320
980 998
697 478
276 608
133 617
849 604
628 664
860 846
988 951
137 500
684 247
883 474
620 211
432 419
800 83
897 489
877 721
119 469
689 959
694 342
979 717
387 433
912 309
261 313
945 840
461 462
1000 860
82 353
686 290
920 573
818 147
894 712
525 407
92 155
816 931
290 634
904 825
828 542
847 402
989 691
698 131
183 18
357 420
152 370
344 247
587 510
893 929
904 296
326 201
92 850
21 75
363 844
373 439
626 200
569 686
729 755
330 782
78 811
800 933
454 698
151 356
945 680
750 454
848 655
641 900
207 313
954 749
900 263
749 970
992 349
932 180
117 735
283 741
752 402
583 57
10 54
722 658
261 135
808 647
244 514
929 451
551 878
231 798
269 829
748 514
99 944
216 435
542 743
118 572
434 584
716 277
257 840
808 566
335 576
205 562
335 689
849 76
469 469
400 677
71 340
199 123
737 188
387 499
310 964
394 610
582 364
842 159
405 769
651 123
290 72
790 832
7 341
301 388
12 924
533 827
435 95
639 972
386 924
236 779
287 193
814 118
860 491
576 183
633 973
461 914
597 119
826 506
510 141
721 73
511 949
503 557
912 462
494 441
835 857
547 275
799 76
891 130
816 508
540 834
437 493
989 741
119 245
620 891
508 484
814 191
94 715
447 572
59 560
291 165
915 752
985 725
744 531
686 959
624 263
270 802
860 722
745 924
357 108
749 842
686 18
517 41
307 668
10 890
894 865
578 808
676 334
396 846
123 276
408 276
658 681
378 900
401 400
241 546
418 745
164 672
885 906
931 61
760 947
855 461
294 308
180 213
557 848
297 66
162 175
711 984
732 341
630 159
525 255
888 605
427 676
356 440
501 372
936 127
933 266
989 433
421 290
939 523
495 628
192 918
756 43
470 579
380 244
677 139
928 905
195 74
941 799
692 140
825 342
594 974
397 684
657 317
444 726
60 669
702 502
542 798
661 565
380 726
362 750
957 814
9 867
769 974
844 390
724 426
805 662
802 538
754 665
164 315
78 629
573 746
682 478
480 618
735 262
4 421
879 858
149 369
409 544
670 226
120 136
503 856
984 379
585 236
176 41
600 358
443 271
2 217
247 946
141 52
51 131
411 648
950 501
70 478
273 409
336 682
775 554
33 887
890 167
773 782
470 220
891 538
620 192
975 766
931 341
848 399
697 928
601 400
929 730
57 884
902 557
258 960
919 678
163 423
681 483
16 245
869 899
238 51
737 615
967 708
298 844
931 697
510 680
208 237
604 504
178 304
658 664
748 387
370 346
40 289
136 255
382 967
714 112
686 618
798 269
895 832
91 130
491 211
210 280
360 968
898 231
212 718
916 509
989 313
112 364
54 1000
931 808
243 721
935 110
606 839
197 502
740 945
114 817
150 591
133 310
800 232
96 204
781 591
954 331
53 208
800 144
52 417
175 80
773 591
68 693
979 137
940 92
732 572
440 768
228 735
192 875
223 416
77 242
925 783
741 848
164 582
584 224
794 985
190 206
515 133
65 610
331 577
760 244
477 391
975 643
692 636
873 645
579 355
182 875
687 27
688 531
925 324
386 709
750 988
916 911
485 808
456 457
531 394
505 969
210 770
286 849
393 359
790 812
255 479
307 48
677 385
633 30
883 600
739 814
736 766
616 150
500 755
189 481
473 73
992 401
305 23
606 167
480 123
549 770
722 183
284 385
969 730
6 828
770 943
771 14
123 635
885 16
148 928
519 268
218 188
537 561
149 838
919 823
134 537
717 122
877 28
810 631
463 514
501 209
876 312
44 408
603 527
277 195
746 388
827 901
409 503
401 506
831 573
306 913
957 257
245 69
330 63
523 221
159 438
451 395
248 969
799 490
274 382
169 377
396 293
752 388
785 501
802 881
753 641
332 371
768 689
965 918
827 119
482 354
151 460
235 668
978 949
512 347
115 111
403 186
515 270
496 895
53 828
914 179
841 406
247 324
970 500
625 118
182 952
61 164
487 436
682 955
301 563
618 872
555 395
54 971
298 364
239 974
576 32
718 365
287 946
512 559
487 708
926 489
978 374
710 862
188 837
571 155
192 435
638 757
334 427
209 606
534 413
15 439
322 278
629 492
627 601
959 557
637 263
760 503
140 605
840 635
127 702
164 585
149 291
363 243
140 923
147 263
271 205
123 802
673 851
970 462
850 118
949 665
467 927
36 197
814 599
381 474
974 295
413 770
735 557
24 569
669 999
863 109
100 233
773 322
981 142
989 192
838 608
591 897
19 168
908 961
271 866
17 35
743 356
813 242
684 534
654 855
779 743
349 884
429 355
179 904
705 652
768 233
266 807
476 507
250 288
713 515
607 445
753 386
991 622
7 573
427 971
255 414
943 144
930 722
658 492
930 399
379 579
180 849
904 84
383 34
913 743
750 911
30 247
522 659
804 52
575 378
86 276
310 370
631 532
315 608
428 873
140 532
266 607
541 336
654 445
85 547
85 596
322 3
61 613
96 927
866 785
551 818
481 830
653 932
246 849
314 439
137 839
389 988
76 645
893 348
730 188
973 706
823 403
421 762
91 311
449 992
284 866
197 82
187 404
890 875
490 709
388 42
435 413
3 362
727 425
662 700
923 7
225 953
797 307
874 360
561 240
158 367
971 936
652 144
255 498
146 309
915 173
510 418
116 479
904 98
765 147
290 13
244 245
457 668
628 137
325 176
830 124
492 681
306 180
720 927
177 486
220 405
747 399
111 1000
934 506
616 879
931 303
21 60
533 43
942 577
646 312
616 775
987 948
268 241
963 124
504 839
882 682
522 494
757 406
701 140
917 15
55 1000
249 211
781 136
638 2
26 35
620 965
670 569
180 455
369 553
533 4
831 150
38 233
405 354
558 860
160 490
16 304
501 993
601 101
258 141
964 662
638 176
163 630
850 492
722 616
461 819
46 309
423 845
958 230
955 626
174 393
46 744
85 117
168 377
417 512
77 591
116 321
178 551
634 939
658 490
825 126
379 979
593 675
212 524
501 420
393 769
418 715
368 858
693 128
638 309
885 809
408 329
241 272
253 834
608 830
858 315
139 923
56 522
532 290
398 333
406 427
995 346
745 355
969 810
184 289
747 603
685 889
821 401
240 237
264 426
958 818
703 397
858 264
401 469
331 114
865 144
589 374
542 421
230 184
57 457
982 297
614 775
553 312
397 927
541 174
986 849
143 374
73 183
179 79
799 284
440 623
873 525
748 377
761 674
732 597
187 451
793 247
169 985
282 507
360 268
708 435
988 263
582 582
883 494
896 915
290 69
364 745
495 923
309 236
860 533
927 960
721 479
508 344
949 368
525 117
537 112
207 268
502 190
630 421
396 494
118 712
127 882
404 256
322 982
240 638
721 127
994 962
378 909
56 869
993 113
313 583
726 781
656 306
299 973
776 943
13 84
89 406
516 555
816 679
418 609
429 237
257 159
237 291
673 989
40 404
146 491
303 944
546 438
601 854
994 850
159 48
851 401
303 681
154 83
388 357
541 857
559 7
541 902
827 23
685 849
909 571
988 801
153 126
836 694
361 27
145 977
193 507
369 851
31 843
43 942
220 436
138 786
980 554
40 619
161 732
142 845
197 863
468 903
670 549
496 446
240 279
246 54
318 718
188 431
952 505
783 929
361 975
63 73
911 803
191 13
237 988
341 755
27 23
356 69
92 887
248 490
700 628
49 153
651 942
700 334
551 915
56 280
368 918
775 671
133 59
420 226
25 686
521 504
305 633
430 218
90 684
37 573
245 956
427 511
34 656
741 194
876 792
901 754
60 773
96 87
550 401
866 627
582 192
970 571
369 999
202 862
156 371
311 927
664 470
12 222
332 212
739 854
936 590
504 566
724 736
97 488
700 176
589 753
881 904
233 474
112 486
149 492
609 816
617 899
944 846
937 519
610 267
64 884
599 923
229 916
82 353
639 21
59 586
757 368
93 862
699 408
764 159
687 383
413 943
131 713
419 641
746 932
719 989
279 513
610 358
641 159
46 810
818 143
596 534
493 138
359 51
460 548
750 373
108 416
663 20
374 810
129 922
680 542
227 488
706 711
381 892
201 2
456 134
86 543
670 403
386 865
546 566
95 260
5 339
888 453
989 423
964 169
731 775
825 34
972 455
963 467
456 903
363 434
139 810
532 59
401 144
293 604
284 1000
685 160
486 105
75 907
351 43
348 968
586 887
634 302
582 116
714 129
600 531
8 835
560 615
327 752
763 395
727 6
364 810
583 145
295 367
763 805
537 839
770 616
943 29
129 370
107 173
625 716
673 350
43 948
180 137
583 44
423 190
115 128
466 665
292 830
163 110
379 675
734 473
394 234
384 78
418 770
603 905
559 398
283 830
249 544
924 248
205 951
477 552
153 932
367 876
879 990
242 616
459 200
255 351
55 932
144 728
481 149
135 182
333 770
756 436
977 144
458 521
332 356
960 634
554 856
227 629
502 995
582 75
162 35
374 319
120 967
438 135
536 176
673 763
577 785
908 897
772 340
640 313
343 95
205 161
568 232
278 202
666 761
437 581
821 894
309 714
334 34
869 50
496 112
318 679
894 63
350 997
468 915
712 1000
87 673
257 42
934 662
280 359
556 336
817 268
192 868
996 656
272 571
96 967
133 185
5 364
932 523
446 806
436 240
985 504
926 994
363 539
357 214
187 245
694 520
740 516
538 987
910 737
569 169
946 97
9 802
87 165
102 247
256 395
787 275
142 797
87 741
833 124
421 931
490 470
789 303
703 992
482 118
760 769
248 410
467 148
179 404
167 621
771 941
722 929
286 509
67 581
39 931
792 8
336 4
338 422
910 386
828 683
783 210
162 63
347 374
972 465
715 119
723 931
1 271
884 365
319 240
311 897
572 159
756 853
347 800
875 21
32 390
913 242
602 32
69 39
149 832
577 88
451 890
992 932
148 685
203 41
555 338
327 531
629 974
422 743
909 500
937 405
738 321
363 589
443 854
424 268
545 281
581 269
427 567
266 721
776 36
355 970
721 466
804 486
584 253
149 329
729 625
732 266
843 25
603 183
349 674
890 807
530 807
342 519
833 214
771 438
931 952
694 330
257 152
945 71
81 493
511 181
48 563
367 195
735 184
845 841
663 650
9 948
662 841
547 315
158 495
670 167
789 846
904 36
270 219
422 469
329 409
798 531
573 949
185 532
68 672
910 169
341 525
172 821
148 633
525 521
335 570
433 970
688 926
900 502
156 215
782 113
486 327
853 913
572 277
761 999
146 102
686 580
490 875
443 59
71 32
618 58
591 163
263 743
454 768
263 339
11 721
497 952
810 180
275 636
19 526
777 259
795 951
731 789
584 441
909 952
220 802
832 974
68 157
951 785
898 939
798 581
482 447
107 917
291 152
11 329
691 175
895 63
127 636
470 695
896 804
513 481
645 673
422 117
484 74
469 386
111 286
449 348
375 78
696 74
13 682
423 811
76 491
579 729
924 254
656 802
116 509
605 258
281 788
247 568
486 683
489 154
683 152
471 437
281 931
164 601
245 265
312 324
892 490
993 231
446 634
669 532
644 666
62 636
476 557
167 789
555 623
758 226
546 955
582 138
723 348
942 248
529 801
322 484
478 659
935 785
107 38
426 819
163 824
384 357
2 461
456 879
614 364
928 714
514 731
946 971
368 945
761 139
766 784
6 293
300 151
604 169
424 54
319 961
202 163
547 267
877 443
790 362
657 603
143 500
233 377
219 791
788 534
50 471
925 34
338 121
416 137
605 34
50 567
415 976
663 42
47 413
919 884
624 295
467 72
895 390
767 520
46 364
661 738
297 239
829 878
964 586
850 980
66 372
811 502
464 566
617 938
988 921
417 57
338 767
84 742
897 901
378 758
64 749
942 194
228 763
654 450
61 751
219 810
823 353
666 264
747 937
647 290
240 272
687 308
506 240
425 786
581 45
690 112
190 840
299 748
591 3
963 745
423 661
755 418
333 623
200 269
534 343
886 872
820 40
193 357
455 935
135 806
296 848
65 358
90 737
273 236
832 363
728 607
812 28
434 580
953 583
955 895
704 332
901 734
789 390
867 875
703 456
885 175
37 96
486 52
89 894
423 931
430 860
71 821
549 513
568 335
475 722
188 978
183 911
951 831
369 201
153 697
604 695
5 332
927 169
355 821
960 567
952 969
80 949
894 569
899 56
127 438
292 509
528 282
505 623
741 223
484 982
554 651
675 678
935 12
732 24
653 199
628 318
22 533
308 754
391 7
501 734
647 517
110 345
148 864
899 169
297 372
398 713
255 738
151 251
269 720
832 973
712 577
329 7
829 751
272 232
703 175
940 800
333 856
416 856
113 422
326 768
679 415
658 998
117 761
799 240
638 993
322 896
796 579
231 627
557 856
248 340
270 964
675 269
282 907
933 360
303 205
647 706
803 144
524 954
902 209
693 268
312 220
23 107
670 765
398 284
315 717
949 919
217 907
155 975
216 815
254 800
422 69
664 991
79 245
723 65
751 896
704 946
368 590
264 322
848 450
648 65
626 987
21 623
490 55
862 490
914 86
515 755
480 947
647 854
599 328
578 894
157 338
346 421
290 274
389 401
382 61
642 865
155 190
806 413
820 242
400 537
455 684
371 133
555 156
138 1
864 634
449 251
332 710
648 833
767 740
614 82
438 563
548 131
659 217
195 257
445 139
970 248
140 742
654 866
572 887
399 712
700 934
188 230
228 59
551 916
495 548
751 983
742 109
51 789
991 405
893 363
733 416
949 756
424 19
532 931
974 378
472 550
702 562
350 316
660 637
132 791
501 853
470 746
461 443
234 660
334 175
891 146
742 957
538 800
151 770
82 608
765 865
987 302
458 236
842 423
495 127
732 249
55 704
821 733
359 153
520 977
221 731
338 734
930 406
862 586
79 442
29 510
380 505
869 718
155 902
449 498
727 515
649 983
187 704
975 78
256 477
884 282
292 869
923 364
566 809
872 97
532 404
593 964
776 458
10 533
894 798
209 258
6 332
112 221
519 979
685 382
727 295
863 305
758 652
569 931
357 403
178 640
95 334
755 336
394 692
421 509
865 548
847 278
905 579
443 270
741 416
815 471
741 839
551 444
325 533
733 33
548 336
567 753
857 338
175 385
347 423
666 5
760 801
222 318
11 397
758 796
914 756
671 3
160 857
598 981
307 943
687 714
93 675
963 420
958 961
115 795
550 601
518 122
13 163
298 557
660 324
95 478
874 684
782 670
625 743
40 217
561 52
327 690
422 580
959 238
484 353
948 353
862 81
59 599
389 41
527 177
278 747
867 421
136 358
827 638
225 868
612 976
535 790
278 472
236 173
278 472
859 336
167 670
725 435
392 624
585 707
284 185
901 725
6 692
733 615
400 449
737 100
106 500
598 396
67 401
420 574
767 73
495 172
154 80
860 160
282 862
252 70
846 524
462 67
835 490
391 917
600 608
562 783
643 478
906 809
210 320
212 193
721 51
930 528
744 39
159 697
745 323
392 448
494 576
968 982
158 233
332 605
28 327
917 30
469 576
378 115
212 879
630 169
131 471
774 733
902 345
882 31
348 150
561 524
648 402
357 90
83 844
