1000 1270489
5000
562 891
258 861
833 267
859 958
167 804
553 379
156 813
462 760
584 798
911 75
461 802
800 686
910 459
947 926
844 590
490 429
193 63
654 937
480 932
93 411
591 605
635 555
610 668
103 954
153 977
455 712
395 459
437 386
786 437
791 306
689 790
35 596
681 455
733 644
857 3
938 167
454 958
481 317
62 578
466 164
846 803
818 818
761 189
182 870
568 974
737 221
895 603
155 630
743 344
990 777
738 667
46 431
981 403
29 510
514 692
597 893
253 505
520 490
72 58
929 668
143 637
272 938
390 139
819 340
963 815
57 819
357 262
463 259
501 759
517 74
157 332
746 491
46 210
172 397
382 216
598 48
396 979
882 981
479 425
395 91
13 557
73 996
605 430
686 140
716 467
134 810
320 610
829 770
248 905
529 659
819 87
56 75
943 293
57 799
114 795
804 388
791 779
620 445
86 562
545 471
78 679
939 46
723 81
996 54
670 933
776 22
757 604
209 108
278 36
778 530
768 254
732 821
507 101
536 629
703 350
481 509
701 304
713 118
70 536
480 179
862 802
159 662
64 675
81 913
771 463
779 975
601 936
596 478
874 766
268 294
129 217
129 274
154 386
209 437
802 143
550 11
450 976
440 881
418 180
104 318
389 734
751 212
531 346
669 318
657 589
127 287
638 920
787 545
13 555
759 732
105 209
529 648
608 611
72 584
539 658
693 533
195 756
445 909
694 550
700 571
673 869
687 486
860 862
749 340
315 883
854 680
233 506
305 723
200 23
717 583
295 603
389 529
814 998
724 364
373 908
506 316
394 771
574 854
574 869
124 106
909 59
248 325
411 506
71 10
458 363
809 686
384 655
424 400
669 733
629 897
940 447
830 137
433 460
252 604
126 933
796 988
894 635
108 281
23 166
6 762
558 993
635 724
470 915
350 454
506 77
831 477
1000 813
963 770
736 920
967 391
455 917
984 118
277 65
977 631
906 512
319 737
322 121
926 769
390 483
732 968
68 456
283 233
146 682
880 638
900 550
420 819
10 764
2 133
446 723
772 710
955 974
331 716
230 831
64 435
851 691
45 395
781 309
393 158
507 411
82 292
501 637
452 516
407 416
183 758
113 514
275 218
901 921
389 120
170 796
675 183
38 586
296 85
707 538
138 168
303 81
948 35
444 19
949 547
447 527
549 930
825 109
326 629
809 258
758 280
15 411
274 956
394 971
835 524
926 634
836 956
203 56
55 748
669 124
65 543
534 809
3 908
995 190
767 175
129 186
731 475
662 681
177 831
96 318
550 612
739 77
662 256
222 974
533 27
803 276
465 844
174 901
85 634
762 174
71 468
911 945
384 2
770 276
819 691
475 812
483 541
258 401
189 713
462 341
938 238
21 732
888 354
67 479
286 42
87 904
868 620
567 344
766 354
733 139
32 444
636 974
175 76
386 64
446 504
87 264
264 961
336 35
402 575
530 747
597 237
467 622
152 367
324 123
148 308
783 429
583 444
208 887
288 489
286 922
513 429
260 372
12 659
143 659
489 167
444 731
955 750
964 929
597 818
696 699
969 178
480 676
712 70
827 903
268 563
575 757
743 293
735 149
636 491
918 998
539 513
203 18
211 233
297 233
679 331
401 876
655 202
744 985
474 223
828 864
2 667
417 370
880 394
652 219
283 299
999 879
701 662
138 362
376 718
614 176
773 525
281 863
917 460
704 995
240 748
291 560
774 98
274 502
495 401
533 557
468 338
929 982
928 702
585 6
658 65
638 892
857 166
14 833
499 216
680 816
107 416
541 711
247 989
306 396
656 163
16 19
26 38
567 965
340 675
449 969
314 212
118 415
271 927
136 724
783 368
786 935
651 959
820 689
512 496
588 742
492 479
78 472
936 417
856 964
356 373
974 869
602 648
528 912
15 442
137 292
109 594
516 795
445 657
736 808
624 775
616 998
864 287
616 941
122 325
52 417
631 59
809 14
111 538
528 449
493 242
158 115
307 286
940 162
540 614
887 690
550 900
711 130
289 118
764 451
136 265
499 931
182 122
631 447
794 889
316 787
727 139
79 433
577 99
551 826
796 811
137 944
209 983
362 928
782 467
928 593
26 813
811 974
868 302
783 331
577 975
829 11
322 500
61 521
63 319
520 937
328 110
184 20
48 695
76 89
295 454
977 372
201 58
156 92
477 453
198 726
288 244
290 71
536 842
202 399
656 572
725 877
308 557
976 552
951 818
961 562
673 740
373 58
897 979
914 924
457 871
772 700
299 82
878 795
333 616
721 437
836 280
644 663
708 843
10 473
609 900
180 373
103 770
806 556
691 25
966 689
460 333
281 126
618 82
281 625
998 831
283 465
799 851
626 488
300 953
69 293
585 242
682 189
821 843
796 578
34 54
922 321
439 774
312 75
357 168
730 962
888 118
606 982
815 786
475 938
698 803
75 134
254 722
101 986
859 368
867 917
617 595
719 575
824 819
83 200
500 510
671 154
812 434
642 572
95 341
64 887
632 154
588 249
789 317
240 382
326 383
736 2
156 662
56 546
964 727
868 248
491 446
113 101
888 194
959 794
593 816
570 886
178 954
427 524
251 851
230 337
134 62
84 198
808 597
716 388
215 662
642 969
876 550
992 34
161 653
337 229
560 220
484 911
232 501
272 165
371 782
436 407
550 670
159 339
71 159
620 616
456 580
567 84
606 448
927 19
936 910
844 661
419 347
915 317
912 223
278 792
444 487
490 645
177 737
80 698
453 445
993 123
240 346
99 961
753 292
937 371
984 740
205 528
862 674
585 395
604 980
68 500
7 652
869 838
944 548
382 549
891 152
213 114
785 192
522 863
329 223
573 299
957 164
261 745
358 304
414 542
132 389
137 636
704 623
454 825
478 668
232 105
315 887
530 631
242 479
170 172
115 414
700 841
957 922
267 141
150 531
814 568
201 993
727 606
194 213
170 983
172 103
146 430
751 629
247 12
77 946
708 263
32 568
868 862
530 707
677 595
856 456
689 883
538 506
497 123
798 35
318 684
465 330
930 437
888 988
949 646
688 320
618 175
945 876
809 951
269 965
865 728
227 952
822 671
654 85
518 988
596 711
291 819
552 979
362 355
954 649
493 494
424 107
582 594
860 253
82 431
232 605
66 679
682 57
411 771
648 916
391 45
239 37
221 186
82 110
525 265
180 753
158 291
282 391
274 116
156 136
516 944
868 1000
879 870
471 652
600 436
574 973
631 808
287 483
17 913
656 136
728 840
704 714
954 295
793 918
426 24
315 397
667 297
178 910
271 201
231 688
257 699
441 603
376 237
270 525
394 445
944 464
672 499
771 310
794 752
686 9
321 611
869 410
117 582
546 133
90 660
38 312
327 746
398 520
349 838
885 554
957 449
223 600
785 285
323 300
176 598
708 184
629 602
914 405
949 234
785 185
734 922
773 409
561 537
7 231
306 668
753 453
824 415
605 463
393 53
494 668
262 548
387 839
867 869
506 102
615 40
615 787
332 421
503 401
229 623
590 127
20 506
851 152
286 244
360 139
412 32
251 155
231 672
594 681
50 182
772 414
753 208
397 296
2 375
770 439
240 379
516 438
128 240
495 992
437 5
560 895
39 410
928 612
915 98
633 698
717 55
146 762
102 543
881 916
595 69
731 322
620 397
676 71
917 306
782 631
488 872
580 982
953 819
104 781
465 608
353 353
814 486
535 685
973 928
279 886
131 353
87 853
9 634
664 274
550 450
348 866
209 342
396 16
955 734
384 332
816 685
636 271
759 692
539 624
28 941
642 806
927 986
231 918
222 701
543 443
642 412
400 732
457 829
512 834
438 221
10 847
390 478
314 882
716 565
806 403
495 4
206 759
809 837
749 399
775 455
220 828
924 501
338 993
772 571
518 196
949 811
255 849
515 448
637 627
632 201
977 871
844 724
362 594
991 773
393 95
553 651
33 219
91 486
382 818
55 596
629 369
770 860
165 877
667 583
859 118
535 963
157 229
323 888
354 662
919 321
826 488
545 946
407 144
417 395
875 88
970 420
330 458
857 959
291 354
928 807
593 604
731 549
2 250
745 517
481 245
4 994
490 318
923 772
291 491
77 147
411 125
106 759
921 452
66 600
399 382
876 947
191 327
56 3
176 545
402 95
195 14
284 396
399 6
599 584
559 549
822 374
281 869
829 201
729 143
144 908
638 92
2 325
293 520
107 470
816 226
68 838
739 65
756 857
323 9
74 263
433 644
40 730
677 683
273 211
429 475
399 810
480 168
591 500
109 123
792 645
122 346
200 697
799 832
72 415
776 280
27 354
720 410
45 614
580 185
23 525
221 106
958 945
280 993
776 327
145 455
285 975
70 784
935 300
14 548
522 544
26 324
436 849
330 183
258 90
180 796
628 535
753 541
661 435
632 429
812 251
224 406
213 425
941 244
845 806
792 1000
3 820
221 968
341 844
61 179
64 126
298 131
659 401
531 554
955 848
658 82
201 490
769 848
402 628
310 119
473 881
463 135
695 7
364 723
810 24
933 539
41 965
709 70
738 21
766 605
746 656
828 292
81 297
210 422
444 267
950 141
193 718
515 573
426 930
910 368
662 299
488 479
65 97
258 510
773 991
759 40
714 755
864 393
310 157
29 91
311 510
201 348
686 619
862 100
975 123
505 641
213 637
906 183
516 780
520 836
668 738
317 724
536 132
628 168
866 583
590 288
997 371
519 146
28 206
271 429
489 691
218 606
843 523
644 701
199 656
879 504
979 881
666 634
707 44
626 99
605 416
912 415
860 390
848 349
486 912
350 87
538 822
419 275
140 857
501 33
340 99
591 938
292 612
489 383
442 156
895 847
242 213
171 758
122 724
737 482
105 495
324 7
49 18
664 573
475 789
644 879
661 797
75 821
330 76
400 822
897 332
566 900
915 673
649 295
613 769
769 604
158 616
137 621
475 863
608 150
612 628
3 410
461 315
128 58
950 668
837 604
640 292
852 879
698 912
326 164
247 252
733 281
894 149
582 72
263 347
256 40
485 927
845 430
757 330
282 915
709 823
233 22
787 26
766 425
96 436
669 459
700 6
248 514
225 224
946 501
380 558
535 30
663 738
190 875
228 207
226 359
728 170
51 368
628 437
600 750
960 416
733 47
947 382
549 616
894 455
664 744
70 663
146 218
867 852
58 409
693 775
407 184
910 362
417 995
929 469
801 34
707 601
97 270
649 410
869 487
284 923
372 603
426 380
655 236
280 258
806 7
328 602
50 983
586 931
947 744
686 837
28 429
333 315
810 774
257 277
829 924
466 167
484 866
771 30
914 208
711 704
168 118
762 236
903 336
649 987
694 747
238 347
412 316
625 259
575 893
226 283
489 116
748 873
506 961
192 491
168 916
968 886
735 813
975 172
538 574
47 32
485 669
378 283
695 221
890 376
409 915
169 695
690 829
623 130
719 325
296 477
936 802
776 568
234 69
729 844
784 736
882 633
212 957
90 122
788 761
392 168
254 12
224 979
739 148
424 261
969 552
299 65
402 217
910 91
255 399
252 131
254 344
720 55
404 700
759 597
347 555
208 498
858 367
470 868
315 965
112 11
631 152
787 797
884 952
628 26
729 696
923 980
123 865
994 361
929 755
198 239
720 186
647 876
401 987
454 419
451 838
21 433
894 690
616 555
714 174
844 69
929 739
905 532
211 849
591 946
745 903
299 632
406 273
691 569
969 609
554 59
733 364
435 827
884 492
530 281
236 540
459 331
773 792
506 848
433 49
261 145
676 36
907 685
924 241
317 907
444 906
452 619
952 782
700 994
471 374
689 822
949 849
689 429
89 141
37 21
305 981
439 679
114 217
512 763
60 717
61 223
709 924
733 427
338 846
955 135
537 11
227 506
233 399
819 646
978 217
628 459
952 224
301 976
349 578
26 545
154 159
904 798
699 725
555 948
70 288
947 475
327 486
322 881
41 640
171 640
978 589
720 610
712 456
721 206
734 966
334 790
224 539
405 395
433 579
598 141
553 732
970 362
307 607
53 257
651 931
178 759
568 388
553 52
466 713
33 890
290 855
639 537
403 885
623 55
366 537
175 195
711 709
283 49
955 955
800 400
393 225
104 947
394 591
158 576
486 30
419 169
764 490
707 20
36 977
829 535
987 731
681 563
253 255
534 120
771 641
83 684
213 641
378 91
14 454
620 431
291 28
686 533
853 477
232 950
406 388
317 305
422 696
973 92
482 167
205 867
674 560
43 948
166 624
808 183
732 877
214 142
732 953
852 457
542 392
255 757
278 667
884 852
55 908
423 690
741 76
813 309
556 875
862 187
702 496
201 552
417 127
487 566
63 464
755 320
339 25
242 360
118 349
896 56
316 180
568 965
660 160
544 413
381 100
908 321
86 918
131 327
371 779
158 222
279 288
908 622
699 520
780 61
456 141
599 392
382 800
986 479
140 794
259 231
124 683
219 900
275 588
145 324
58 976
115 154
590 928
702 452
803 450
100 710
852 554
67 184
325 303
456 605
581 58
798 908
520 818
423 979
301 884
913 441
884 541
364 341
595 344
761 556
104 721
976 226
508 670
801 686
984 440
236 922
948 791
695 759
252 971
834 84
50 351
892 644
81 617
623 570
512 709
952 641
368 228
489 853
224 666
281 271
995 89
976 84
572 876
59 353
420 695
35 795
417 125
117 423
628 971
892 134
931 532
785 33
925 739
308 43
351 456
410 566
641 339
563 349
479 33
870 159
305 358
922 867
820 390
862 635
284 960
189 884
243 611
947 252
823 759
28 592
215 97
963 86
74 523
264 651
602 432
17 448
93 404
468 582
806 423
132 699
133 390
178 407
568 488
752 530
949 432
660 779
893 93
222 666
421 550
416 320
951 622
982 493
809 271
418 778
566 172
434 60
402 465
447 523
233 245
908 87
33 612
401 810
310 45
881 311
553 968
55 42
875 32
557 577
798 949
750 71
486 96
645 166
600 924
563 980
592 471
800 954
257 566
873 42
943 51
180 869
92 582
661 959
270 419
881 370
357 144
922 329
250 983
56 94
238 691
920 116
18 667
259 313
404 432
882 873
844 581
870 99
211 394
981 109
667 323
21 36
81 736
384 856
238 262
631 8
131 359
795 281
949 786
568 946
271 959
850 839
521 190
931 279
518 750
264 107
223 303
143 594
988 604
841 605
700 235
649 288
28 930
201 913
15 185
780 764
46 36
249 89
73 151
204 622
650 637
735 729
70 927
910 187
358 788
22 313
146 54
435 272
19 727
572 497
575 871
598 903
688 412
773 565
991 348
703 178
342 615
678 51
98 317
848 93
449 325
321 141
927 596
598 27
136 983
159 247
781 49
97 132
973 672
646 88
471 780
618 900
175 609
296 202
418 252
910 697
1000 658
316 684
659 23
998 734
933 272
265 231
385 98
118 200
940 795
216 179
274 81
627 416
330 174
842 455
159 159
407 45
205 705
10 221
462 818
998 982
537 583
165 62
30 373
300 97
861 968
337 562
607 698
502 578
752 616
268 841
19 659
746 301
305 482
211 694
338 614
71 750
928 291
135 505
593 799
369 226
702 690
260 634
701 903
9 697
138 651
62 270
565 615
325 213
970 208
633 610
514 438
272 455
870 583
699 478
932 533
88 748
173 748
902 222
561 715
371 709
132 497
984 156
96 382
173 457
543 67
261 233
279 700
764 978
785 405
908 297
733 823
924 713
522 667
244 604
430 317
839 86
77 46
595 861
312 56
682 132
116 151
928 308
17 339
849 986
950 395
267 507
729 133
547 947
916 224
568 232
389 41
266 870
293 357
135 735
50 670
279 697
265 685
34 461
970 882
873 464
59 322
300 809
48 512
617 847
433 518
698 639
767 202
164 368
17 125
779 814
460 645
720 297
536 585
825 410
179 546
628 8
666 746
63 544
184 6
969 243
792 685
19 716
699 735
130 878
691 522
335 8
432 516
542 194
729 442
505 884
496 211
47 665
874 523
360 664
644 358
337 335
720 64
917 54
618 210
739 297
252 896
892 388
440 653
77 615
424 417
399 758
802 78
518 513
901 617
676 873
967 164
556 483
96 342
588 662
214 863
834 235
500 89
300 495
741 74
83 326
355 968
232 402
233 122
141 152
491 706
103 606
949 615
187 81
270 490
198 341
939 833
277 741
691 948
569 605
42 663
505 244
25 34
697 365
653 779
362 397
841 420
747 322
694 902
266 156
638 276
249 480
148 776
188 784
611 223
990 93
892 131
256 617
539 22
980 108
95 430
681 404
293 843
607 946
337 813
164 563
923 149
151 903
465 627
565 916
304 408
577 216
186 681
846 411
864 595
866 486
791 685
975 944
993 313
939 447
610 452
582 346
907 134
610 469
467 226
258 971
6 827
943 913
939 678
50 968
213 117
207 521
505 667
828 928
94 89
266 686
583 364
807 453
260 105
582 440
441 215
980 188
365 463
118 196
645 313
339 652
657 41
325 363
518 232
744 280
746 69
830 280
654 95
752 562
670 962
653 956
60 348
760 453
847 528
672 289
851 499
81 31
354 946
726 614
397 802
659 745
756 693
965 32
432 100
599 261
488 553
255 766
63 243
162 132
212 740
453 327
936 14
637 196
96 793
422 62
279 866
537 129
881 282
144 741
973 191
626 59
489 409
473 317
814 565
290 934
387 53
537 819
861 399
818 889
647 309
422 305
895 23
389 728
246 801
101 434
742 56
163 392
134 201
234 613
384 713
78 638
927 784
790 327
753 936
652 545
833 881
879 402
125 559
866 659
797 657
165 629
536 916
854 3
21 67
861 179
217 189
214 446
779 649
599 915
361 173
417 90
651 744
142 182
532 964
91 922
108 240
168 94
422 210
390 113
77 916
284 473
291 700
202 541
381 943
676 191
593 955
110 210
949 883
433 406
190 271
725 477
165 595
385 501
118 492
367 231
689 736
603 801
833 548
809 62
405 996
94 47
70 173
87 98
186 880
395 956
417 678
146 939
553 266
74 742
338 106
50 554
412 998
309 979
88 138
813 232
443 213
58 324
20 961
53 872
369 262
67 610
77 817
585 684
394 568
846 917
321 837
742 325
671 879
575 192
164 986
251 196
60 493
663 723
968 491
707 911
630 169
258 884
125 732
618 388
741 825
810 214
960 235
625 851
141 260
657 239
86 25
896 174
339 830
320 220
670 714
102 70
877 313
188 775
538 124
712 377
380 574
877 435
186 512
847 683
600 308
720 100
306 234
62 731
348 309
213 802
533 85
473 386
540 722
9 762
929 540
842 935
9 420
929 483
932 957
825 539
5 18
729 453
711 712
179 455
288 809
649 167
22 501
989 468
829 147
105 111
610 462
808 433
906 731
344 947
461 377
927 104
157 537
636 690
235 569
277 655
789 92
871 238
357 551
380 555
994 641
249 231
741 789
532 305
24 141
862 374
292 36
842 713
289 307
815 964
194 358
481 24
346 709
264 432
249 46
726 364
460 968
785 851
449 717
324 40
49 847
311 923
894 512
278 997
162 332
470 433
587 478
181 20
945 281
283 867
869 143
754 971
544 795
339 717
583 453
617 829
949 598
920 424
185 367
193 447
17 177
362 985
576 872
433 345
261 349
152 50
633 272
51 643
397 848
158 635
380 270
397 898
588 38
141 211
992 885
640 785
547 556
811 4
464 8
61 793
178 723
223 667
422 174
156 345
879 901
935 170
530 763
167 47
375 401
224 287
338 632
706 912
688 850
997 527
759 989
65 714
262 711
653 374
285 4
919 176
823 570
273 513
110 645
724 711
538 445
145 247
667 138
944 789
227 589
910 209
299 689
653 300
839 223
703 298
667 323
151 283
166 165
259 32
643 310
257 795
574 459
925 656
695 886
507 198
257 394
903 277
183 178
994 555
479 69
447 5
947 607
267 632
846 748
659 149
733 337
639 89
700 612
976 106
674 904
566 661
984 913
98 938
359 155
301 360
310 110
643 108
200 276
619 510
579 372
928 240
499 527
852 835
907 677
907 853
282 609
443 109
511 147
936 909
274 126
355 5
843 125
149 692
483 463
109 838
820 494
396 805
643 212
324 269
387 636
628 190
329 851
612 88
969 92
180 576
554 479
536 251
369 762
123 156
355 748
468 608
768 967
312 112
294 524
52 107
896 791
560 560
298 216
166 460
286 415
650 140
990 653
187 754
255 643
915 537
319 117
976 84
887 423
520 143
685 952
900 582
186 602
331 581
552 22
232 457
678 708
74 416
345 979
597 262
502 572
719 483
518 854
398 382
410 353
999 226
53 356
344 567
435 733
870 726
480 210
232 136
434 454
65 340
455 624
660 347
410 53
822 672
495 396
893 60
16 418
96 323
258 980
510 254
646 460
483 67
684 61
679 75
787 467
138 11
10 514
304 973
101 822
265 14
887 169
589 110
418 655
643 892
401 483
226 876
58 490
348 202
384 619
530 166
376 619
18 443
625 462
578 308
787 43
424 14
801 251
452 492
270 5
27 599
528 829
34 144
162 229
276 176
410 482
240 193
576 44
788 461
605 875
81 212
970 803
612 221
558 317
832 738
669 184
853 705
217 821
496 510
587 759
37 622
510 188
145 903
783 250
232 678
1 91
480 788
742 813
182 847
103 106
362 882
917 614
109 532
293 486
814 475
130 696
148 38
905 933
605 423
138 977
534 960
340 900
658 842
657 224
944 423
965 513
800 348
553 267
181 949
671 893
309 133
171 983
240 888
728 865
983 659
898 46
692 166
39 450
125 496
456 706
224 620
754 779
39 396
141 468
930 108
596 386
689 361
714 101
976 43
73 294
17 52
333 292
758 444
807 268
461 193
381 942
497 190
13 588
822 377
170 952
106 994
14 125
716 207
158 631
454 436
63 782
310 275
951 223
762 868
249 277
68 344
770 641
379 222
376 575
768 17
901 268
54 224
807 455
600 871
46 187
342 995
77 78
228 176
668 438
620 11
787 374
461 206
914 829
459 689
802 263
38 864
219 432
476 900
737 71
269 820
423 523
785 1000
115 67
892 849
597 604
516 946
622 511
618 928
566 699
467 676
866 631
250 210
334 813
259 179
840 720
860 285
780 591
786 841
944 34
543 44
933 10
64 314
756 917
620 745
839 218
280 384
708 244
325 229
462 874
424 980
446 81
309 573
620 859
761 294
725 182
135 740
173 823
214 771
474 520
371 269
630 281
163 738
797 39
517 640
655 825
979 560
589 746
347 56
152 636
46 528
827 397
130 51
165 40
858 401
493 979
890 764
488 32
426 971
202 666
450 524
138 654
503 753
484 24
866 699
742 584
271 483
642 718
863 515
334 759
440 626
671 75
714 867
239 77
83 236
443 698
444 529
154 256
84 13
775 71
83 974
711 129
878 32
43 887
373 894
677 356
12 237
296 386
893 58
617 64
680 751
252 549
403 503
225 878
165 12
751 290
372 405
657 302
739 420
126 158
494 962
110 552
593 78
118 746
942 126
144 178
574 781
826 976
377 839
785 572
754 408
805 264
647 92
327 496
91 911
897 918
248 804
939 342
662 89
839 245
572 580
392 26
781 800
717 243
727 816
928 839
156 876
334 88
80 349
469 272
230 370
401 641
402 905
50 153
653 649
790 407
257 291
785 490
205 879
706 831
659 88
328 403
804 518
412 660
158 769
751 711
896 405
715 932
831 944
494 853
348 199
542 238
558 110
152 854
586 589
806 26
292 348
200 859
404 228
494 460
557 596
865 862
740 918
797 726
387 688
915 389
577 842
109 864
537 473
604 526
592 210
410 96
681 923
184 787
934 127
975 527
678 734
435 635
571 141
264 457
307 727
699 171
10 129
945 888
236 137
103 171
186 871
55 108
135 615
467 236
717 276
633 959
8 710
73 366
447 880
305 64
21 619
373 53
223 6
807 442
298 33
143 622
334 791
988 688
16 990
986 578
868 155
819 448
725 79
300 933
411 383
486 866
590 47
806 437
336 693
798 236
431 65
823 928
871 564
513 376
571 632
172 491
269 187
62 684
449 828
313 369
453 114
365 568
188 686
136 256
43 553
645 537
547 132
790 296
480 510
842 988
760 659
787 635
692 417
761 153
37 867
993 786
34 631
511 69
706 668
240 192
879 921
797 954
572 377
149 720
95 487
212 446
49 300
847 506
263 167
661 673
25 503
341 203
481 602
718 997
618 435
843 487
320 481
954 814
631 870
881 360
428 783
812 503
324 207
740 214
252 790
567 567
197 494
536 693
181 54
312 111
683 497
847 717
641 457
796 394
435 934
573 524
112 813
225 339
293 601
624 314
626 354
396 748
544 239
423 905
177 735
433 423
794 315
948 241
816 346
752 893
648 183
623 920
408 779
578 924
491 218
825 18
624 93
579 915
389 227
452 939
614 398
715 55
986 703
817 683
404 613
294 620
70 338
246 176
629 24
23 85
384 355
878 374
994 108
934 534
313 336
478 106
882 764
466 399
244 661
45 343
332 944
75 418
678 269
353 626
141 859
397 930
829 573
310 165
989 810
523 682
748 94
705 336
889 433
652 239
501 809
886 988
913 981
415 301
286 698
82 586
624 488
678 518
969 199
168 694
950 608
133 207
966 379
408 301
212 39
752 662
951 908
489 25
878 696
565 808
409 800
488 663
283 627
476 402
566 502
754 9
851 827
878 583
570 308
82 833
910 704
968 710
42 859
785 735
893 880
777 208
58 854
841 422
704 829
949 666
506 348
957 880
70 140
790 167
733 29
165 36
374 670
104 649
604 486
125 470
901 711
313 793
395 290
290 901
536 63
671 920
489 730
317 295
108 365
999 531
285 735
170 954
925 399
534 674
340 439
424 108
713 271
557 962
810 344
909 832
668 696
956 303
577 345
942 834
74 234
124 435
183 888
234 395
804 624
238 937
670 531
407 147
516 430
417 720
313 308
131 239
725 423
216 574
332 974
577 924
723 100
976 509
288 916
572 734
378 583
953 442
335 483
119 102
224 946
965 101
357 371
341 217
46 92
226 301
281 357
604 761
346 226
560 715
964 129
694 141
465 126
781 449
307 289
930 301
338 986
496 552
353 43
808 960
67 173
918 333
920 390
622 15
498 922
664 840
553 144
403 275
129 25
400 326
527 392
260 22
396 987
182 747
951 891
211 608
541 443
362 735
618 90
17 331
469 800
571 317
971 403
64 291
985 618
127 820
947 617
731 37
36 432
562 134
388 32
195 358
205 283
384 757
363 798
587 610
137 231
187 756
891 623
309 648
751 848
138 104
993 990
229 932
441 362
962 115
823 851
823 112
72 134
735 476
468 868
83 112
316 127
809 141
218 479
849 129
527 644
915 427
332 80
76 51
332 226
818 738
429 361
68 882
721 545
770 166
524 950
386 793
110 349
978 989
868 214
419 43
774 905
481 886
544 611
442 498
964 633
568 581
610 759
861 151
565 784
443 724
785 55
614 76
261 798
635 768
711 162
200 554
420 712
157 760
892 865
155 793
858 393
722 597
925 530
205 663
287 568
907 753
926 590
833 116
710 846
176 33
500 359
624 509
328 11
961 578
368 413
230 382
399 644
170 260
49 793
762 938
295 468
152 282
445 252
153 388
868 594
827 340
347 191
492 688
317 588
55 778
529 545
335 19
763 837
499 983
194 918
419 362
452 492
471 347
514 84
590 320
287 198
968 256
140 59
391 798
116 317
374 902
272 671
139 325
568 939
559 585
96 91
677 743
110 5
154 92
318 148
911 66
347 257
422 453
124 108
999 159
721 131
93 888
904 355
686 548
17 621
933 645
49 691
614 747
397 52
282 664
461 411
685 850
671 252
4 745
740 772
805 144
221 962
749 238
726 606
573 405
231 535
993 674
276 241
407 212
696 199
583 790
452 871
109 342
548 364
583 731
837 676
705 315
622 38
963 418
38 288
808 39
557 827
646 923
610 767
651 573
640 363
725 795
745 573
771 120
746 214
915 641
998 625
656 187
592 947
651 471
986 209
452 373
166 870
102 334
371 617
995 612
883 564
33 230
519 131
822 726
91 552
332 575
570 708
432 493
170 911
274 803
720 803
666 373
857 645
470 955
632 474
849 491
381 22
267 490
343 452
160 967
429 12
755 990
796 163
458 728
703 539
777 408
825 277
691 912
771 353
719 748
749 741
592 760
937 617
697 749
202 385
377 104
821 615
486 302
537 708
496 552
881 787
203 520
445 484
198 338
522 820
338 117
138 224
521 748
527 481
250 699
214 504
9 91
534 1000
502 716
533 928
1000 597
274 979
856 893
181 923
908 188
384 156
534 517
145 565
652 234
63 277
262 296
126 553
45 597
960 533
573 443
441 636
542 790
534 23
74 566
909 330
607 217
72 209
310 420
729 373
97 613
760 298
293 798
857 563
149 491
844 989
109 387
28 951
767 900
392 32
988 870
636 644
190 843
646 869
338 581
118 976
65 905
686 437
756 206
449 504
688 424
437 513
48 765
353 288
651 659
162 834
923 356
735 741
458 632
539 644
160 363
221 737
240 466
888 945
220 178
121 472
41 168
377 87
634 182
537 271
149 777
453 261
183 236
667 617
591 162
643 545
159 28
684 523
814 351
288 785
477 884
999 296
356 206
712 277
955 883
408 582
142 972
235 615
77 906
297 491
366 490
458 202
812 615
539 104
178 9
786 894
461 344
305 430
506 687
228 256
514 177
973 918
702 219
585 845
840 328
716 658
724 27
486 932
659 708
645 561
822 865
204 717
315 340
140 401
760 120
213 768
834 911
224 532
688 771
685 285
219 10
452 234
263 901
612 117
157 154
527 594
92 11
995 748
84 768
222 479
43 237
898 971
927 833
475 789
283 600
738 419
282 764
644 658
912 557
636 515
383 563
28 843
750 993
621 452
653 563
123 810
758 555
855 675
865 917
209 452
849 623
56 592
349 65
995 467
930 788
485 598
774 537
781 282
991 231
77 720
728 384
259 576
31 740
905 167
415 484
284 114
310 141
887 583
829 526
299 290
96 167
299 848
856 800
575 322
806 375
803 406
879 600
584 494
705 155
491 631
787 939
823 809
195 593
855 960
602 837
131 351
140 469
975 407
134 372
768 170
804 343
899 973
241 977
953 236
864 182
676 249
761 220
13 915
519 123
659 842
614 351
274 509
462 277
432 473
961 268
869 915
990 351
826 378
550 653
333 388
915 738
335 134
699 124
991 737
420 984
172 785
30 31
233 63
697 816
76 224
797 796
559 320
466 410
861 63
864 714
199 207
979 506
999 18
653 299
404 878
707 967
928 828
172 46
201 601
682 866
616 799
935 140
313 51
438 730
827 32
719 506
646 394
687 12
483 131
205 849
770 884
78 542
555 772
542 993
993 22
936 730
661 550
748 714
246 141
319 281
138 555
774 935
487 645
800 666
246 674
257 510
494 616
165 517
620 965
315 325
159 42
951 249
347 444
950 368
815 563
56 790
163 330
454 454
534 884
86 196
982 91
726 910
372 786
734 555
849 482
442 866
666 465
104 550
329 256
854 276
704 620
612 822
80 671
709 831
160 207
375 918
853 279
515 72
896 679
588 632
785 30
628 622
436 796
643 834
10 48
761 125
360 669
179 539
283 388
844 221
867 564
59 36
414 307
172 108
479 258
868 235
270 50
374 81
459 385
139 622
386 191
375 546
510 141
131 987
48 201
426 869
902 79
459 460
891 155
972 385
251 136
501 978
935 193
446 924
434 126
921 800
167 821
299 508
771 130
872 460
29 577
459 230
289 41
235 316
512 827
333 27
338 553
534 316
962 517
221 719
897 797
117 520
475 532
148 285
572 705
851 137
56 884
541 973
863 515
833 186
787 815
293 384
238 655
854 131
65 373
761 894
304 47
669 488
570 92
852 52
880 460
744 622
537 647
770 905
288 632
596 656
782 131
252 870
190 287
998 164
19 30
938 480
429 942
232 801
58 903
706 563
223 709
901 900
568 286
187 519
758 360
392 192
401 746
281 158
815 95
960 528
413 475
887 62
124 624
491 145
295 963
544 132
869 869
208 959
634 784
242 122
231 224
944 621
307 149
749 443
809 691
535 974
638 897
750 683
593 436
633 655
621 524
955 742
109 885
763 569
981 575
133 55
282 28
29 337
529 983
486 262
377 355
990 280
455 267
268 15
638 171
280 787
786 947
200 956
983 782
666 406
670 113
531 6
866 196
900 556
810 720
840 890
852 101
442 801
766 351
329 115
264 222
409 159
751 491
329 254
272 234
868 757
123 1000
110 609
793 726
765 889
58 471
919 947
503 910
278 316
674 235
793 366
593 780
896 923
865 446
674 819
461 96
41 679
499 661
823 600
539 352
82 431
5 276
223 915
577 268
366 683
440 794
344 572
913 28
473 674
82 82
945 102
915 985
770 666
310 974
550 465
704 545
837 601
223 637
617 793
651 686
684 144
117 330
756 700
531 346
432 463
454 761
821 721
393 559
160 400
398 833
90 47
631 818
681 812
746 206
675 649
471 598
349 369
940 628
963 587
458 983
192 368
891 541
572 18
461 1
215 69
734 591
219 438
888 567
767 431
855 581
908 810
766 822
728 821
697 247
248 106
131 564
669 556
774 432
617 550
350 367
723 564
480 684
743 479
574 600
827 101
883 634
86 235
798 825
334 52
301 604
210 213
116 727
126 222
45 439
16 138
428 786
923 931
84 859
489 923
907 722
167 100
348 37
380 575
857 744
638 611
974 142
976 279
528 276
911 779
211 41
580 595
667 230
151 915
62 419
827 497
603 268
238 656
887 3
445 963
47 467
376 613
751 197
442 92
388 198
886 782
656 159
726 100
394 85
407 615
971 920
402 829
251 698
108 917
457 149
931 913
814 666
259 398
652 522
656 406
912 406
271 690
593 285
281 69
166 132
881 19
917 950
767 336
171 847
357 447
834 143
690 814
259 890
326 777
215 259
362 38
410 151
684 237
886 711
772 314
206 827
635 397
507 717
195 148
991 225
299 371
962 856
787 145
527 276
10 241
517 880
235 691
197 125
897 498
608 623
712 673
584 661
772 672
609 33
329 273
544 64
80 496
550 378
651 778
651 434
196 317
311 578
350 180
385 899
709 338
109 309
836 626
416 138
323 130
224 36
73 60
644 645
518 818
895 3
61 747
227 2
559 158
228 688
452 89
634 753
28 735
666 807
128 887
921 111
273 481
100 818
495 398
647 858
666 179
857 648
132 14
105 908
676 43
344 36
754 291
651 791
166 229
131 236
131 736
22 811
163 24
472 105
883 85
889 57
844 813
479 616
868 383
365 522
466 397
873 816
407 857
596 893
62 762
894 297
139 946
450 715
961 827
926 473
422 947
544 821
861 715
436 995
63 72
509 687
165 711
458 576
699 540
963 948
893 851
65 800
872 822
709 942
993 594
466 492
542 335
555 760
420 751
252 498
740 793
118 281
929 55
632 545
365 808
464 699
854 923
700 167
10 835
656 321
686 705
662 387
512 140
797 809
93 121
676 556
381 879
735 447
396 570
728 32
18 697
507 904
887 911
171 594
379 74
533 846
667 270
408 436
169 861
736 491
80 249
986 798
469 645
590 574
524 898
666 388
640 379
545 926
304 312
878 440
636 200
890 424
391 497
821 885
514 557
573 886
644 926
807 230
319 199
197 342
989 35
221 945
742 282
469 262
251 394
251 221
458 483
549 479
666 539
709 124
615 679
123 541
134 247
766 156
892 680
512 555
914 648
185 379
134 896
406 77
502 741
89 593
929 81
479 57
975 855
745 872
53 757
214 618
284 26
122 731
282 276
57 427
361 557
281 784
150 346
185 98
459 681
702 74
470 52
409 379
618 229
428 149
284 857
784 820
354 89
418 283
406 295
983 668
979 13
101 16
207 193
67 706
508 986
335 693
384 190
52 759
64 855
837 898
887 821
240 839
830 903
134 399
395 22
615 72
212 254
547 634
477 491
232 777
766 374
159 25
707 191
17 277
585 646
263 672
779 191
610 670
936 131
2 15
849 293
341 302
716 930
16 62
616 145
975 215
568 801
863 779
554 774
501 873
149 148
822 419
622 918
254 269
921 726
976 807
160 53
781 115
686 352
952 881
81 333
342 475
794 887
187 552
422 823
230 513
419 406
768 771
244 407
863 631
195 337
472 869
72 253
883 942
516 903
211 859
932 254
43 290
262 940
922 126
303 964
898 809
44 349
816 828
58 182
517 121
436 524
305 582
430 850
892 810
748 857
597 221
672 80
896 59
154 729
972 119
246 426
763 889
175 385
537 575
542 757
267 697
244 617
907 254
326 215
665 138
648 787
581 672
438 627
378 374
985 236
634 685
18 676
63 68
353 656
640 252
293 785
772 742
781 553
132 886
763 135
614 57
316 569
242 820
735 928
939 523
9 143
12 696
563 462
457 125
614 196
142 68
702 977
226 77
719 188
227 208
842 446
955 155
467 270
376 480
432 452
613 26
473 792
776 398
796 275
685 27
152 115
243 911
362 564
379 127
909 942
131 358
810 292
416 954
154 613
626 584
229 739
127 348
158 580
347 928
445 122
525 125
505 305
110 169
138 230
308 493
40 253
418 428
118 496
570 240
282 56
143 642
94 13
208 709
79 810
717 323
555 948
109 776
36 507
700 155
867 438
537 739
648 309
767 899
679 767
5 762
222 960
648 687
240 895
939 306
210 838
72 646
635 655
258 282
275 940
605 290
84 390
338 988
743 556
247 915
930 569
389 907
304 561
137 1000
608 655
829 764
268 277
183 258
27 896
981 773
395 174
45 811
183 501
548 667
454 201
130 247
352 544
95 839
137 579
259 322
142 40
68 102
176 398
829 46
359 438
528 354
503 503
19 654
106 147
391 816
237 983
880 602
959 636
572 176
127 259
442 536
626 397
470 184
220 462
681 110
558 125
634 889
615 276
704 158
877 575
180 674
15 270
191 233
26 586
491 334
116 508
89 121
912 958
93 772
229 193
375 859
740 511
579 109
455 58
332 107
568 385
948 326
402 674
393 358
54 389
980 588
853 928
152 557
688 154
248 362
438 506
957 782
717 210
555 4
265 204
686 16
599 992
354 643
938 114
79 436
740 736
83 114
417 114
873 144
522 859
203 335
891 787
316 121
984 225
996 4
11 861
283 858
402 169
245 769
453 350
762 744
374 743
274 651
870 320
707 559
892 725
545 36
373 445
594 660
20 565
672 422
680 96
724 906
323 961
862 937
189 788
390 129
223 349
798 218
416 920
752 533
366 74
285 309
836 406
763 826
971 771
51 477
527 464
386 875
702 906
277 470
522 109
787 390
625 987
394 337
603 270
540 391
231 773
822 135
771 62
988 34
643 909
355 426
8 492
412 462
455 406
158 783
559 825
609 347
578 1
486 419
715 707
717 954
802 172
54 803
272 448
567 455
617 924
950 24
622 235
951 840
239 169
651 667
341 139
676 525
542 851
676 316
387 200
151 667
336 130
922 1000
359 755
16 698
629 173
147 252
866 355
435 510
609 347
606 111
751 652
893 954
718 82
833 224
105 454
147 527
924 557
698 52
61 795
569 311
52 355
791 24
306 213
954 175
108 395
817 675
718 605
791 826
998 730
199 491
473 272
241 952
563 770
677 399
43 207
928 973
384 430
820 328
238 107
953 167
97 896
434 544
731 197
977 601
24 11
842 70
551 127
301 28
503 136
721 120
64 147
265 789
732 679
48 566
261 33
195 236
857 355
582 816
821 731
638 311
232 663
116 183
292 409
661 304
565 198
887 219
627 307
773 266
163 40
587 282
986 970
439 523
473 526
341 53
384 412
145 101
595 613
432 792
367 130
585 364
144 159
955 587
288 604
212 261
194 863
900 515
297 459
907 306
339 592
125 49
417 769
408 690
439 423
43 977
541 631
516 462
103 379
464 111
599 255
504 604
806 204
859 503
970 398
161 719
699 363
10 66
436 242
318 613
302 568
733 993
700 304
202 305
182 68
351 377
998 99
780 629
715 420
120 733
204 802
445 542
200 669
172 483
786 594
869 296
799 312
450 851
128 305
329 170
655 889
650 792
221 937
159 667
910 857
263 919
351 971
10 30
845 713
674 717
650 233
442 632
810 523
512 652
43 167
872 505
591 810
863 633
482 29
280 633
482 797
420 802
250 964
191 648
46 852
916 95
800 890
776 627
517 55
693 526
346 813
931 243
652 260
888 144
783 345
475 464
383 185
467 909
994 418
561 244
722 831
987 790
81 188
544 928
844 573
735 23
739 744
939 494
792 46
882 491
155 103
174 62
791 87
880 951
949 883
442 878
33 12
419 992
696 747
816 500
975 16
74 30
71 302
145 882
551 985
118 475
386 356
411 446
142 624
553 326
375 731
113 44
114 360
161 715
248 814
624 756
485 535
905 745
748 966
977 628
253 606
526 370
897 999
803 737
944 535
70 73
127 293
159 568
660 397
481 69
655 799
946 984
253 89
637 800
576 675
95 753
180 562
17 262
221 590
862 408
904 203
823 387
54 771
55 649
866 934
809 828
264 246
83 200
685 808
503 615
706 593
227 631
954 921
46 616
878 179
314 934
358 755
220 839
581 7
614 777
894 981
502 143
752 179
470 880
110 583
872 725
873 803
464 725
346 324
94 922
771 761
212 308
689 706
805 817
511 305
616 371
257 423
208 764
416 875
418 735
784 962
830 224
889 225
685 688
384 136
925 203
655 845
178 900
731 442
449 957
875 55
632 631
174 332
757 437
440 58
452 93
612 245
878 578
328 221
667 92
636 301
838 622
949 228
88 246
862 334
592 635
485 160
10 626
119 780
324 981
86 670
332 911
880 774
83 844
401 355
985 851
983 797
137 393
58 954
414 818
66 926
206 251
127 59
969 843
216 817
668 430
229 762
337 152
160 117
680 77
4 107
828 863
853 590
148 36
563 777
792 854
586 678
624 642
882 972
732 353
187 787
915 873
165 111
647 183
160 533
84 472
112 512
728 237
366 568
149 1000
371 174
752 426
659 173
118 474
905 650
803 774
282 251
618 157
356 442
683 880
292 185
919 535
536 191
779 152
561 660
491 537
790 11
407 319
809 219
373 686
802 915
389 663
611 123
756 149
466 779
423 382
567 49
414 625
263 846
669 968
463 448
573 474
631 920
26 837
734 503
759 656
466 486
740 814
146 431
882 32
596 743
717 37
395 689
749 119
459 824
430 904
430 373
399 529
740 570
152 998
506 367
462 528
451 166
127 827
217 951
909 464
624 191
486 55
438 205
831 420
793 28
36 955
741 767
643 2
281 607
858 231
819 789
748 67
144 399
442 585
181 319
584 575
526 896
820 620
24 243
802 328
559 390
492 830
589 214
602 107
116 371
524 300
174 542
107 12
394 329
884 797
533 290
522 635
560 30
6 271
244 586
213 707
23 18
985 134
671 378
275 540
641 129
496 806
814 344
308 691
567 118
955 369
964 189
624 302
83 78
170 199
740 450
204 991
510 551
265 883
401 585
343 521
56 394
98 684
609 736
851 412
288 164
411 89
33 434
416 490
643 312
133 115
180 108
243 422
241 876
594 387
898 674
590 701
671 594
84 561
638 117
346 380
949 707
447 956
840 887
854 76
565 527
382 654
176 923
970 748
115 844
763 650
469 989
931 993
177 528
900 477
904 17
418 740
856 240
654 520
795 272
974 353
721 419
691 24
722 835
167 763
55 283
398 441
946 745
137 69
89 672
730 992
475 126
762 478
107 644
999 930
814 190
264 177
197 963
515 224
401 377
681 876
220 931
650 257
643 391
236 528
15 300
382 445
106 764
300 806
432 700
733 172
97 636
972 249
468 438
846 267
397 580
352 523
443 555
630 901
871 602
755 48
746 588
203 949
260 441
721 612
807 581
644 800
131 583
44 540
234 885
225 159
157 967
945 9
294 496
231 89
223 255
442 281
403 452
472 331
23 983
322 599
81 139
65 1
46 33
756 757
791 351
959 86
784 516
142 558
894 841
444 402
796 892
534 410
392 673
364 260
994 855
829 755
2 513
263 968
164 880
703 836
752 857
99 633
910 547
761 996
906 905
717 116
744 86
758 973
564 315
27 425
258 585
939 4
210 815
553 610
359 953
9 400
18 178
119 325
187 729
684 446
356 887
384 398
236 814
264 653
411 964
759 693
48 552
828 627
558 42
25 610
965 837
506 280
192 998
424 601
398 450
268 341
254 862
377 464
908 568
216 479
708 42
62 37
401 88
217 537
637 176
930 302
801 282
364 552
775 938
685 914
7 730
228 486
188 433
677 566
315 413
88 962
16 616
708 209
756 122
472 639
659 359
752 222
6 844
670 52
919 732
814 137
836 747
961 809
946 388
819 598
608 133
810 247
97 521
867 261
223 720
756 566
761 85
860 983
647 458
703 922
127 197
213 6
955 961
175 900
92 759
110 630
943 975
850 932
434 411
559 84
36 704
295 864
221 861
859 402
815 436
234 689
953 965
127 536
727 976
932 865
820 55
503 968
136 191
690 246
504 617
458 951
32 865
351 332
385 540
430 230
935 510
563 459
173 915
758 468
82 81
