1000 1266525
5000
791 577
90 850
529 895
468 73
881 989
850 511
531 127
360 568
742 184
367 723
961 331
259 694
417 940
574 990
887 678
915 962
794 146
615 517
937 664
133 956
516 1
155 903
33 846
457 847
661 697
711 285
592 813
191 704
788 177
186 134
610 355
156 298
41 441
917 839
788 880
440 567
433 476
40 478
677 610
563 109
915 21
914 767
875 707
117 404
467 646
238 872
896 780
569 707
378 53
895 505
744 283
725 580
821 277
222 443
960 71
782 696
724 549
386 907
904 563
461 269
380 181
230 170
653 380
263 927
3 118
755 943
725 252
615 14
166 774
24 995
41 724
330 888
79 699
888 397
481 943
612 609
421 709
302 347
995 113
386 989
941 432
746 769
556 440
919 4
800 650
446 615
861 610
311 20
351 353
159 835
457 38
110 472
345 779
806 65
17 409
28 424
448 889
52 816
433 144
80 481
597 544
398 929
740 531
333 248
275 14
734 932
656 95
441 836
257 964
462 771
865 981
306 377
369 992
252 317
487 436
879 704
561 353
549 562
424 879
485 222
748 979
189 251
262 952
425 180
148 254
917 685
706 775
475 806
230 204
120 343
864 688
168 497
515 685
795 934
525 708
902 965
531 266
668 633
933 927
754 244
313 124
453 395
819 140
120 650
942 573
325 64
686 943
494 758
806 445
360 683
290 453
357 738
577 689
796 147
278 936
388 373
194 175
448 478
315 950
46 309
588 808
815 877
732 392
164 185
983 432
905 129
365 437
678 688
276 65
734 421
468 458
451 988
162 198
436 357
3 890
244 588
300 263
594 179
417 374
715 133
776 988
107 774
6 22
681 699
702 542
351 486
641 498
688 447
816 627
299 295
473 18
852 709
807 772
610 148
952 959
92 548
941 820
376 103
517 190
621 367
4 910
877 895
1 834
481 255
223 212
718 898
14 540
605 896
300 130
744 943
399 380
78 961
14 719
773 908
930 47
196 565
374 626
711 844
758 876
106 371
651 313
88 159
611 546
700 188
665 153
656 865
592 638
487 738
469 606
748 155
711 785
989 954
8 949
266 10
651 629
300 646
933 225
227 167
101 459
615 406
615 853
225 767
51 59
973 40
993 42
415 581
855 698
86 372
745 679
191 674
1000 238
471 288
499 88
479 810
170 948
317 94
345 52
446 230
861 338
503 91
508 365
739 70
111 932
173 623
637 441
983 44
533 354
708 556
907 889
836 605
685 704
245 850
758 478
281 572
654 282
636 491
872 762
463 874
572 769
386 927
788 975
463 576
378 653
557 361
763 825
307 626
833 453
862 883
717 50
714 633
271 79
695 787
230 217
250 595
894 50
730 586
98 248
963 913
240 878
280 797
359 544
62 181
142 119
287 715
786 945
661 231
367 758
904 680
366 480
290 256
56 738
655 265
780 825
566 81
714 345
80 329
266 950
627 532
50 648
385 620
590 920
25 957
1000 991
208 567
611 942
387 319
398 42
870 671
545 40
470 284
749 19
370 174
521 859
993 743
924 546
888 569
602 136
848 303
299 220
218 835
107 714
618 908
251 828
681 78
321 586
864 943
25 151
988 35
905 581
401 909
2 521
695 775
543 722
339 105
340 883
26 136
574 968
271 926
396 400
118 694
268 268
113 646
445 879
196 354
746 584
221 918
398 914
975 113
216 888
491 646
308 326
133 423
622 961
214 839
423 896
282 241
262 704
406 147
559 815
703 910
238 912
247 539
891 849
951 991
694 835
275 126
25 319
156 365
885 749
958 814
404 214
972 548
603 250
808 971
498 567
368 859
325 918
543 455
214 120
937 2
213 816
779 295
903 663
254 857
552 783
237 61
83 95
91 343
24 475
40 589
26 647
664 508
831 964
140 273
975 391
735 104
539 174
538 63
995 121
848 154
889 21
87 834
663 895
325 507
128 424
584 540
177 402
60 866
988 503
98 766
365 371
149 322
827 817
568 751
682 465
370 400
322 78
506 836
332 130
731 300
137 142
117 885
225 48
210 342
560 89
507 241
396 398
565 439
684 393
603 466
828 611
857 312
392 174
723 58
66 433
947 568
812 40
445 883
888 906
625 320
262 482
594 929
714 576
478 143
85 335
175 721
644 314
688 906
932 627
455 380
616 769
366 504
544 280
861 454
649 886
934 228
82 177
323 651
554 905
995 994
316 202
15 78
544 923
20 196
810 353
754 650
307 134
933 136
375 192
314 394
95 553
913 984
987 398
9 302
937 82
98 447
938 603
453 323
709 418
351 741
964 349
251 222
102 584
775 511
545 286
672 953
796 608
903 852
620 345
121 335
191 506
405 868
439 925
469 50
300 291
661 880
686 237
582 824
621 328
314 19
607 916
349 14
86 55
774 828
599 351
54 980
365 391
516 901
557 781
904 201
209 599
367 173
848 570
433 960
651 200
290 377
700 893
543 316
290 635
938 227
802 233
799 879
788 327
774 344
846 166
882 844
726 215
670 965
572 658
168 540
435 593
801 643
165 39
223 985
820 995
664 982
161 159
1000 843
928 945
901 596
654 359
611 545
312 533
529 513
346 148
565 477
845 702
542 714
338 859
294 687
635 528
941 99
618 709
585 77
705 239
399 837
545 176
776 91
939 181
431 489
232 470
218 951
212 232
291 983
727 362
557 53
677 641
997 552
177 272
140 960
42 415
875 965
599 166
981 19
307 950
591 409
249 67
905 967
231 902
455 139
208 421
642 841
921 823
724 702
247 25
267 917
446 685
50 689
231 515
357 263
37 683
423 725
130 386
904 94
20 144
259 212
166 14
926 824
480 344
846 895
650 854
768 516
416 347
21 672
775 307
899 366
237 191
502 717
184 927
797 190
646 392
83 239
867 356
468 67
645 398
978 265
219 198
323 447
58 468
938 623
763 934
821 231
532 999
601 496
649 775
332 306
21 820
418 604
888 287
884 406
147 216
939 807
806 667
339 267
945 809
827 289
169 386
445 107
127 310
916 501
793 978
38 487
312 480
346 569
612 788
380 949
780 324
355 842
836 189
34 914
150 592
784 730
852 836
617 364
209 962
165 906
528 963
167 569
835 627
656 818
963 293
599 469
835 129
67 588
994 490
165 129
10 694
11 687
197 208
11 273
323 238
604 657
607 724
44 974
672 965
210 469
292 818
767 121
161 957
254 724
435 220
426 271
378 300
143 654
972 999
538 884
767 586
129 426
790 574
100 234
289 128
352 476
348 821
413 221
231 77
850 309
444 753
754 483
208 517
417 183
98 886
224 823
941 702
234 784
109 176
949 834
227 218
28 79
145 791
655 993
17 778
596 739
766 925
217 464
214 372
930 268
922 315
20 485
682 332
451 760
828 753
776 962
81 231
413 298
843 700
654 881
39 303
165 991
163 115
474 377
442 350
362 675
97 459
686 185
642 891
389 287
25 532
465 523
611 462
165 385
962 828
287 281
589 77
217 472
121 391
777 309
957 580
511 690
528 465
414 360
823 206
567 650
395 278
797 144
979 426
386 218
859 451
626 63
596 470
901 36
694 698
590 498
901 993
967 366
575 622
677 204
233 176
236 325
892 448
3 728
796 365
698 745
396 366
746 743
456 971
970 171
545 109
856 323
156 789
842 725
998 394
820 99
981 415
540 27
776 934
592 981
444 834
979 118
99 125
487 962
758 373
898 753
896 163
244 641
554 600
487 624
768 456
895 915
684 473
513 767
194 293
607 423
785 921
793 742
251 809
298 460
636 394
28 653
490 466
781 152
15 55
578 181
280 311
169 123
984 18
44 353
894 866
784 102
838 218
637 711
608 241
795 448
86 32
326 407
635 856
124 725
568 824
856 291
571 511
154 35
288 240
814 222
419 136
48 50
57 289
500 694
855 147
363 155
194 491
218 669
116 110
547 601
601 690
771 757
458 917
702 391
3 515
823 704
51 743
28 554
774 52
211 415
797 975
128 999
992 72
514 84
786 518
926 907
813 189
834 479
726 750
80 365
350 617
619 437
54 226
502 624
645 425
224 859
293 352
565 238
874 79
275 1
987 175
637 372
293 309
993 936
611 987
644 907
956 438
294 155
667 881
590 284
355 84
467 114
263 362
492 205
24 627
150 725
472 272
524 74
8 205
759 448
757 355
970 955
685 718
726 120
291 506
817 403
78 590
678 642
876 76
206 943
452 249
906 511
511 91
218 434
161 839
402 660
81 733
451 992
335 232
257 933
825 692
218 553
714 405
682 185
675 161
908 807
286 185
947 102
884 290
20 125
645 534
361 272
52 983
59 845
891 417
335 179
433 640
796 921
264 376
965 426
502 791
603 220
290 745
191 141
232 200
760 506
678 785
400 565
524 624
215 923
182 335
727 660
590 312
793 80
67 272
165 121
69 46
718 285
627 201
597 292
63 731
68 441
992 577
41 43
568 751
970 833
712 8
63 489
572 455
673 47
784 911
262 454
212 218
662 976
482 425
914 225
160 91
79 547
467 176
955 358
447 427
195 431
18 516
608 672
153 409
531 435
337 322
212 289
714 880
866 998
202 973
751 667
724 63
77 298
450 422
40 299
386 971
195 801
962 366
985 854
890 46
488 123
388 59
181 838
701 18
606 108
773 138
290 1000
683 961
600 981
247 125
777 586
458 596
624 927
309 846
623 831
870 622
692 960
329 296
520 189
868 226
262 66
819 406
164 999
187 77
32 571
434 692
60 54
353 392
664 996
865 281
698 358
877 526
325 5
326 872
499 180
393 577
702 377
648 991
983 556
663 425
186 631
901 213
904 233
349 255
787 917
152 116
558 991
467 612
324 19
321 735
558 200
933 371
377 891
4 164
412 173
437 758
247 550
547 302
887 693
770 473
360 50
427 23
767 46
88 809
599 417
171 576
17 823
46 126
114 867
949 585
620 594
787 359
137 893
17 614
777 475
102 144
912 847
992 363
785 62
95 634
635 576
976 579
834 723
227 2
156 412
879 934
215 802
814 526
428 292
147 291
87 685
143 33
840 105
425 975
8 722
900 451
612 211
653 893
565 584
435 416
454 799
507 265
743 39
638 703
760 642
383 381
401 308
541 189
803 54
840 762
883 571
260 259
91 456
523 395
397 948
468 692
659 882
118 460
881 665
766 132
161 543
981 717
400 7
464 881
821 477
249 768
474 891
955 347
637 702
818 735
770 268
799 330
874 163
884 648
439 882
983 41
473 629
754 496
665 328
929 125
884 178
729 719
467 120
469 873
930 525
409 111
374 150
976 906
8 394
13 415
236 268
1000 73
512 169
106 627
100 212
922 287
1000 254
768 584
808 804
383 200
510 557
19 828
597 506
594 961
298 810
914 396
544 729
173 743
598 362
422 358
174 853
724 700
880 868
118 174
857 377
523 658
744 278
291 549
266 799
792 802
759 494
633 522
923 144
129 234
298 526
564 59
596 512
155 730
88 294
187 935
762 15
624 31
171 994
806 465
861 881
230 882
482 687
594 118
357 322
474 489
999 926
958 358
447 690
402 338
721 741
202 207
353 720
673 845
497 368
338 97
949 534
728 149
641 723
227 671
930 473
204 785
837 621
89 104
44 840
762 123
416 909
616 439
775 776
71 101
535 882
653 631
537 62
404 422
542 959
874 768
718 434
481 13
785 470
702 608
649 44
242 653
151 216
448 323
263 238
506 327
97 373
786 897
762 662
944 324
117 763
905 301
697 853
254 792
884 89
827 825
95 457
58 768
750 893
626 77
35 510
133 197
174 399
216 178
162 701
836 885
177 929
18 992
733 210
617 369
829 347
902 953
766 142
520 231
742 204
709 810
272 237
885 6
292 698
492 443
213 67
469 194
156 977
490 368
2 296
675 315
869 11
738 41
810 896
112 356
803 637
863 404
729 56
398 674
724 1
591 114
854 410
995 800
944 407
863 60
21 943
590 628
660 927
377 926
250 349
197 385
729 658
459 12
565 455
909 356
71 945
537 384
32 469
352 541
524 41
116 749
981 775
618 491
975 209
417 858
926 972
437 148
507 126
467 274
181 617
332 699
202 522
986 111
770 154
13 382
376 675
936 518
740 108
355 295
56 70
339 840
819 226
93 681
960 493
576 73
489 560
577 785
920 923
975 350
376 344
314 996
212 243
594 850
451 355
364 639
64 409
719 726
928 547
97 839
274 832
834 787
168 742
724 853
767 129
415 66
725 340
733 600
903 961
226 230
517 438
313 803
589 753
807 105
158 658
612 168
645 314
637 319
682 13
994 78
878 240
662 652
611 604
692 338
522 663
255 413
71 586
52 83
715 33
615 861
271 762
176 738
277 649
477 630
246 380
124 152
873 109
797 450
442 236
206 78
404 600
102 624
821 598
117 57
512 238
979 881
687 495
562 753
498 508
280 562
894 394
323 126
104 2
997 756
496 573
128 752
67 208
931 386
753 644
550 122
759 967
931 464
431 815
37 488
329 463
529 187
874 876
887 917
616 322
724 361
791 682
740 300
456 199
871 398
215 229
518 19
916 477
196 16
554 49
514 521
499 193
786 139
794 621
75 785
415 691
364 89
732 571
829 854
745 326
326 2
336 316
428 325
994 662
525 676
122 379
47 665
725 728
965 125
880 436
949 206
28 485
435 970
411 154
153 29
619 855
902 854
556 817
332 727
414 295
406 799
291 811
506 778
30 727
812 736
589 651
795 19
296 248
753 663
560 25
667 602
983 253
326 729
298 255
752 896
143 505
546 494
154 399
465 67
674 980
282 590
701 830
28 735
97 356
243 460
230 77
531 92
517 137
134 742
904 514
739 628
234 815
363 473
586 319
46 326
759 41
758 590
906 402
276 428
547 146
101 913
85 798
951 742
929 480
955 504
639 557
916 989
692 608
518 672
797 403
236 662
715 951
132 273
608 784
438 408
878 969
972 420
497 687
731 604
40 832
985 375
634 39
568 880
501 536
313 899
697 677
47 133
671 732
865 258
675 986
326 142
783 593
43 241
135 660
378 86
704 13
279 217
101 666
608 224
353 401
248 304
381 816
612 440
562 247
210 533
912 334
161 278
871 917
430 227
140 682
670 85
492 259
624 525
323 52
960 472
337 829
943 487
708 446
228 290
765 638
62 872
224 115
101 24
11 103
989 44
527 257
676 742
891 680
962 632
797 4
873 262
445 686
357 842
986 439
994 629
469 634
527 621
591 331
797 119
500 625
101 289
384 883
870 389
607 494
190 272
249 859
905 360
426 829
46 156
251 864
254 463
330 880
315 19
884 165
9 721
311 671
576 226
90 68
12 175
20 584
751 310
638 643
657 157
572 675
710 302
47 650
763 714
235 80
593 515
4 696
604 19
789 847
77 728
705 317
325 159
607 6
706 993
760 653
88 534
95 360
678 264
875 651
303 118
686 920
608 967
479 742
398 531
740 213
553 750
262 138
918 346
507 177
927 880
415 910
146 221
357 226
746 822
568 605
687 412
791 962
36 346
164 976
503 123
97 54
500 469
909 650
43 875
435 167
632 956
113 160
23 619
52 900
667 44
292 704
793 386
104 398
654 681
858 520
646 945
364 974
102 168
820 505
994 384
72 390
42 389
636 238
184 862
550 473
938 779
671 986
916 625
444 180
75 948
435 684
540 35
55 229
557 92
379 809
692 257
264 101
559 906
748 408
128 832
948 299
889 36
182 817
878 548
759 234
434 42
137 208
427 636
860 185
889 728
188 19
174 160
440 224
195 487
54 10
499 991
252 202
744 525
514 794
765 967
893 271
940 915
544 878
721 181
466 898
946 778
867 747
621 374
245 657
196 127
131 823
137 270
536 688
879 801
773 947
493 956
679 395
701 797
203 402
296 258
702 187
887 702
478 109
13 366
689 113
980 625
41 299
576 34
18 198
56 285
340 58
253 925
179 760
987 694
472 783
509 405
693 569
652 646
442 868
106 902
760 118
764 914
589 579
834 858
67 196
656 765
22 171
35 575
661 703
631 100
482 873
444 198
119 364
276 883
188 547
191 789
622 195
541 535
246 862
339 533
952 698
156 561
417 569
528 101
431 187
479 793
816 745
524 212
750 430
681 952
215 354
689 780
521 561
272 795
794 711
888 597
486 90
799 952
731 33
111 623
18 437
782 15
382 385
527 78
112 143
533 248
521 402
975 247
750 725
836 890
394 134
678 419
948 532
626 770
692 263
866 415
441 988
393 795
284 545
602 536
163 880
322 697
62 138
68 849
419 252
230 83
678 684
945 435
948 264
911 523
649 799
249 213
952 296
272 345
624 352
522 146
493 713
799 689
144 14
775 830
834 107
752 821
668 424
933 407
797 801
468 687
212 314
679 532
292 690
886 107
283 132
453 506
698 728
70 105
563 743
966 93
189 122
755 144
96 770
85 350
175 416
642 721
293 168
669 1
277 797
860 194
91 977
610 623
620 435
604 242
756 444
133 990
720 804
271 927
815 2
213 606
89 612
83 993
481 230
542 414
215 251
829 875
432 480
704 349
624 786
39 5
340 841
424 629
867 348
559 217
811 596
641 89
225 585
579 488
766 243
636 909
351 223
490 986
35 603
104 12
298 922
674 392
691 378
618 528
985 951
888 34
88 168
634 978
93 668
413 718
836 157
794 21
706 391
824 612
610 276
606 863
138 594
394 75
924 123
257 584
560 619
15 525
498 764
149 769
683 757
414 644
19 973
883 313
727 456
549 894
644 994
422 431
696 475
59 109
668 149
574 228
949 227
952 163
321 560
73 612
830 576
713 938
353 305
311 366
889 863
617 896
724 63
895 180
957 615
647 410
657 882
42 652
235 575
964 40
355 978
113 926
889 685
678 106
573 938
195 637
370 951
50 423
347 459
771 384
840 113
865 733
959 436
278 705
153 353
744 651
937 266
693 832
535 471
889 835
58 520
162 248
145 334
331 560
306 381
910 509
91 93
733 836
811 369
263 161
255 176
751 374
723 704
235 755
737 260
511 160
254 274
552 61
164 668
821 935
131 778
416 39
108 857
512 512
379 794
695 698
346 633
631 847
113 789
400 920
525 457
425 943
119 122
249 623
594 309
507 492
867 931
276 480
635 23
741 722
907 989
757 298
8 142
715 199
327 31
797 24
712 592
731 233
892 873
867 987
269 437
418 850
311 989
882 919
691 839
996 290
996 756
236 404
918 861
320 475
128 930
759 883
93 985
116 864
279 677
970 231
341 812
549 521
531 65
578 672
26 593
401 75
425 993
380 450
117 839
519 703
302 324
873 730
88 660
702 178
671 152
118 400
391 723
385 592
190 304
669 348
369 603
26 724
536 240
802 1000
879 375
271 250
501 260
908 481
656 50
595 971
274 826
957 153
19 627
388 418
607 123
417 584
268 670
456 559
649 881
181 277
897 746
674 484
176 951
686 622
692 960
127 644
92 503
646 574
872 325
447 784
859 215
116 853
108 816
624 380
554 689
744 580
866 401
277 397
653 596
995 185
583 661
563 773
248 502
302 683
98 331
291 291
961 52
944 299
703 549
442 413
580 974
690 123
108 725
534 818
613 43
318 578
136 178
500 543
310 522
232 59
818 750
797 491
416 157
204 362
748 39
133 147
561 948
722 170
175 770
317 982
112 201
347 138
940 420
198 230
339 343
861 375
765 686
59 200
130 215
372 606
85 746
259 89
444 137
323 728
362 773
986 932
945 144
527 94
204 479
697 831
225 704
103 65
915 156
679 619
492 483
506 800
16 31
218 270
128 410
946 526
6 235
883 502
232 192
727 453
104 839
484 376
89 478
75 336
706 573
273 74
730 405
985 859
891 838
633 460
747 635
333 826
580 125
527 208
386 748
383 39
560 227
940 793
990 88
787 540
169 699
749 99
64 388
56 745
441 197
133 830
993 635
520 109
74 227
267 73
371 826
295 229
666 503
997 592
774 7
508 580
505 770
434 138
74 450
152 166
844 65
221 780
46 511
884 916
565 95
123 910
743 634
571 95
231 972
925 858
13 117
350 532
836 714
808 338
392 204
174 921
154 857
159 473
23 607
454 490
584 528
715 365
35 831
617 776
842 161
463 516
834 341
87 86
874 541
780 90
888 848
235 226
144 393
909 459
734 698
740 762
169 519
487 706
731 686
326 731
288 88
407 392
294 825
806 535
939 617
195 90
890 305
568 997
798 174
841 925
821 285
638 819
487 466
199 274
754 251
287 610
408 294
675 282
563 665
870 463
608 321
207 177
412 297
911 60
28 39
389 111
453 69
356 97
28 412
234 331
66 272
642 538
912 422
436 703
407 911
617 102
927 908
147 490
905 711
28 362
946 722
656 274
158 325
526 370
266 686
838 15
962 264
283 646
412 696
1 833
738 602
470 939
782 556
282 280
856 805
363 671
102 711
690 669
605 363
17 773
281 400
157 673
432 846
510 712
542 813
4 469
81 755
718 996
380 711
797 603
900 423
397 762
424 989
853 648
657 759
818 530
346 852
837 273
734 159
806 183
428 395
366 257
621 404
826 587
620 405
915 321
181 934
552 327
29 25
606 482
453 695
510 837
188 554
845 858
131 707
599 940
188 986
711 285
53 902
830 340
422 753
632 689
983 305
957 650
228 59
808 301
583 299
310 702
923 438
584 954
200 672
61 974
889 987
430 916
610 751
154 682
25 550
560 965
492 678
268 540
262 597
773 718
841 614
486 874
405 662
410 299
286 639
358 948
80 836
77 458
382 647
827 16
180 395
977 957
342 510
379 499
70 28
909 962
740 4
544 387
600 817
973 716
751 580
66 640
483 447
741 853
878 618
174 321
624 562
82 417
234 665
916 9
152 80
64 462
129 784
101 942
347 22
655 358
543 778
963 107
769 949
93 698
619 178
463 839
344 784
524 413
578 582
172 846
74 54
446 403
397 812
809 568
661 89
287 316
233 660
947 407
594 588
405 743
470 493
990 287
815 52
826 2
579 877
714 211
665 840
117 996
769 833
884 837
914 890
164 831
443 609
206 600
492 362
213 625
515 966
572 917
896 889
213 252
122 333
395 70
926 341
607 865
480 551
585 439
594 67
598 316
141 499
285 49
216 218
497 676
287 190
98 598
65 39
468 982
833 559
764 481
136 567
402 698
316 579
465 138
516 722
393 360
456 425
171 606
406 928
30 874
575 381
918 809
491 253
368 599
337 522
173 933
145 305
541 757
929 653
728 150
839 787
618 419
756 278
877 64
237 74
320 321
327 974
227 823
543 428
320 497
201 734
116 151
317 422
500 621
611 273
7 857
416 206
774 185
437 299
379 646
934 466
326 606
221 976
188 437
821 901
234 67
566 462
177 726
741 408
450 465
634 106
884 428
308 445
841 586
463 660
120 904
676 182
117 49
116 284
793 162
324 818
166 368
255 11
154 995
243 38
370 301
645 155
853 391
525 591
660 335
148 822
883 673
272 646
242 211
137 117
621 61
74 606
584 946
242 570
597 273
795 787
306 571
125 452
758 986
157 651
391 654
911 38
34 306
201 448
168 353
376 437
490 383
75 426
446 98
17 474
47 700
33 283
425 649
545 716
638 651
869 822
566 463
225 746
611 595
40 101
133 55
854 452
956 941
429 207
49 697
724 857
834 471
983 12
588 180
303 236
310 216
861 602
504 919
654 117
384 80
52 334
921 166
676 586
948 935
102 122
55 310
508 435
163 788
785 334
214 224
160 768
729 495
158 796
509 212
150 149
118 202
555 475
9 374
3 310
58 784
590 983
663 394
939 919
842 902
826 632
301 609
758 655
280 408
946 241
471 838
229 405
163 309
973 898
568 572
924 957
875 837
475 839
751 394
104 21
807 329
166 964
872 824
671 529
559 477
599 333
973 702
587 80
572 964
522 354
133 321
618 722
294 13
546 489
264 903
751 32
193 361
317 889
414 506
904 259
453 411
48 632
837 585
175 984
331 170
478 441
261 871
598 925
541 499
484 560
127 652
609 185
654 114
455 260
999 612
544 774
566 11
822 269
199 908
783 555
579 238
742 104
432 244
25 934
617 596
725 781
873 758
446 509
88 458
108 53
951 664
762 328
924 650
925 73
230 662
191 850
874 131
744 564
413 379
88 352
483 867
70 359
936 715
847 521
905 281
293 635
589 274
763 125
306 128
487 905
978 358
30 649
139 415
156 205
257 477
916 895
112 225
434 753
972 360
1 923
606 593
739 850
568 698
116 416
697 290
766 378
759 305
254 614
291 570
253 755
497 664
316 764
790 916
454 981
81 711
429 276
786 41
958 810
920 821
458 24
54 541
84 752
7 752
714 853
309 129
186 691
772 367
86 55
126 857
768 204
477 75
771 930
661 207
896 612
310 631
636 498
263 132
269 740
785 131
847 269
875 629
149 141
553 118
988 782
306 42
926 186
832 412
92 349
893 625
661 666
270 103
871 876
168 746
250 291
445 383
61 132
289 936
954 394
987 952
26 284
114 5
365 264
957 700
425 832
472 952
443 313
405 268
47 660
77 321
175 503
491 980
147 629
128 311
901 39
594 996
271 391
615 527
954 648
357 304
944 460
526 219
368 63
727 735
714 217
96 213
890 999
88 585
367 536
251 288
828 918
338 963
75 450
804 682
975 541
391 616
740 918
9 424
419 824
72 242
327 712
378 711
902 58
446 408
731 161
76 465
137 820
989 190
883 178
216 916
319 402
625 786
999 223
630 84
515 512
495 323
373 818
327 884
2 467
607 474
868 381
511 987
514 892
646 768
759 987
787 401
309 544
862 922
953 644
923 849
985 304
237 697
590 199
564 839
788 578
376 243
446 5
554 257
645 586
231 525
300 958
230 302
711 587
753 685
286 63
807 875
379 495
865 408
293 812
855 461
419 255
778 484
669 205
187 924
455 201
511 606
855 741
517 801
520 390
662 978
351 989
711 478
60 23
409 51
466 510
183 319
702 710
492 994
194 66
442 211
673 71
559 727
742 230
118 867
393 502
187 440
580 384
363 245
419 7
853 778
614 622
392 439
745 697
548 146
90 524
496 551
142 984
72 46
274 840
410 4
959 602
947 995
114 303
970 95
810 892
454 1000
174 55
538 556
496 795
418 529
505 175
974 650
41 226
272 581
773 720
759 299
98 504
40 57
545 162
717 81
386 810
320 934
479 223
410 250
625 632
856 723
568 809
170 315
212 201
405 818
830 816
543 930
320 753
324 228
705 3
637 993
356 129
17 806
228 758
486 540
688 178
729 86
416 161
326 553
421 994
149 975
182 896
819 436
832 969
858 671
691 625
328 900
418 290
981 364
593 57
774 125
431 700
552 846
656 209
678 657
994 292
127 552
506 705
366 278
81 176
907 274
547 164
954 408
31 116
70 240
524 438
960 782
34 867
459 940
835 701
298 967
144 116
672 86
766 65
604 599
305 714
496 479
210 983
324 463
371 787
340 240
372 61
75 455
437 290
717 992
436 530
822 951
255 921
338 592
699 250
95 611
580 989
558 4
609 251
689 65
791 956
814 692
919 759
551 79
223 134
396 759
473 203
370 40
190 404
884 120
111 299
982 160
204 700
171 191
645 227
460 510
705 48
376 191
433 497
203 202
102 916
666 18
961 429
790 68
596 357
962 809
420 498
948 503
114 558
924 952
984 487
161 440
448 534
899 336
912 488
973 978
366 320
235 996
265 963
941 760
548 996
543 357
791 646
618 51
226 673
435 968
400 638
913 79
195 275
758 865
673 934
26 988
698 739
370 980
334 821
641 279
810 481
219 109
723 750
120 481
121 194
266 947
665 12
484 830
899 77
984 37
929 224
320 688
725 837
288 153
533 955
541 113
73 596
580 896
718 797
60 304
711 372
187 823
767 115
805 979
722 102
691 938
69 56
552 327
869 735
711 856
317 428
764 149
520 744
494 178
351 247
770 510
406 232
285 145
30 375
281 362
487 681
154 43
213 932
630 842
706 979
409 550
24 176
144 746
300 398
492 63
22 619
1 278
278 148
163 394
498 10
997 112
440 758
151 951
125 442
907 598
879 944
527 69
37 132
275 103
637 509
332 11
386 498
349 633
273 450
221 620
339 905
244 795
111 478
488 867
366 445
228 429
108 428
4 942
291 108
634 373
963 135
399 197
133 380
69 168
686 207
371 922
237 368
405 97
580 102
494 510
179 989
623 412
223 694
434 822
40 355
561 125
105 571
336 612
603 698
476 377
683 441
5 443
274 22
770 862
195 905
177 993
6 496
18 344
904 115
75 399
418 116
294 864
447 921
670 267
412 10
691 613
302 143
867 112
636 993
413 997
237 355
318 26
619 290
773 613
208 878
386 718
694 122
362 623
356 254
378 635
340 708
412 923
138 434
842 90
87 520
731 346
423 927
466 591
832 131
896 344
544 87
724 801
254 650
626 232
209 677
556 391
333 477
556 175
406 835
728 112
568 400
783 159
156 474
467 104
297 330
512 5
286 941
192 88
7 370
782 132
372 345
912 358
726 155
781 984
95 877
298 195
579 529
498 808
713 421
599 683
556 394
284 943
768 180
184 742
42 187
183 265
925 297
196 613
420 355
826 500
411 861
566 817
951 5
344 657
958 539
616 775
456 998
492 30
124 931
286 864
473 437
391 200
506 919
636 426
23 223
509 913
162 47
867 523
368 960
122 873
189 631
282 626
883 744
761 862
323 704
541 446
183 25
236 618
951 764
49 932
943 118
659 441
821 748
75 177
411 587
984 761
921 771
795 10
361 287
181 789
236 818
830 745
221 589
289 778
165 245
552 39
493 918
849 518
199 910
711 871
390 451
276 715
126 242
370 34
103 593
521 514
690 320
884 480
927 614
496 534
145 183
628 356
557 381
645 446
347 577
487 522
737 168
174 957
232 51
16 10
603 568
557 832
93 789
637 183
537 33
888 134
633 948
777 43
302 487
914 147
451 65
668 228
999 63
543 206
259 191
500 440
296 724
731 82
421 376
166 419
318 288
23 995
646 157
204 930
230 877
536 193
187 609
602 559
814 857
309 566
209 596
119 524
622 315
200 431
174 30
421 181
167 853
689 996
83 25
459 170
775 117
700 534
532 693
848 204
857 573
787 276
742 433
317 521
360 615
809 110
783 651
671 324
820 877
602 919
738 62
767 541
914 994
452 50
157 494
565 746
678 395
91 194
782 213
939 939
291 151
639 995
844 563
776 735
107 720
673 157
439 891
500 196
558 428
991 331
586 751
617 880
724 632
81 228
730 959
142 317
587 650
68 816
660 909
103 174
703 17
835 863
745 124
193 518
720 50
7 824
764 741
755 399
758 571
848 491
164 306
606 865
807 623
790 404
456 800
54 553
408 9
93 930
142 353
18 851
774 843
784 204
528 922
436 426
149 332
707 175
697 703
382 76
182 913
297 737
552 134
976 467
149 647
426 791
319 292
897 447
312 160
655 494
912 448
348 977
474 336
843 62
685 816
382 818
879 587
661 227
402 330
134 609
77 574
950 155
588 549
612 688
590 875
740 309
552 725
940 450
277 683
734 451
349 304
212 836
611 673
752 974
28 750
723 918
244 492
72 775
946 265
983 330
343 8
488 490
245 552
121 519
539 339
556 878
126 999
285 112
910 665
984 605
954 718
107 642
962 23
131 473
863 991
376 518
698 2
731 214
394 506
883 411
21 52
288 328
300 270
329 376
264 584
947 916
957 947
190 604
917 367
33 824
874 354
775 984
768 650
643 761
964 354
762 830
650 451
264 322
451 59
212 439
4 807
797 156
926 4
26 454
766 278
837 526
464 903
183 771
795 259
137 262
711 698
437 962
798 881
335 499
493 697
991 112
6 257
998 775
827 740
405 845
656 912
417 715
692 86
995 96
844 456
256 143
429 542
713 100
632 166
447 838
769 506
387 723
236 294
755 552
105 184
87 334
10 245
538 962
159 524
309 523
92 884
29 488
254 567
923 574
301 513
604 335
490 180
770 474
83 975
260 74
892 717
753 245
540 135
954 237
800 573
424 390
988 278
698 291
297 635
967 151
783 731
321 301
342 313
239 802
747 730
141 975
925 888
519 122
588 947
178 639
252 859
363 16
617 173
22 652
976 254
764 907
885 574
953 286
597 428
556 152
602 648
83 605
502 665
596 625
844 649
416 998
248 344
136 722
926 950
242 676
89 121
371 486
998 613
182 65
719 816
830 128
622 729
393 921
626 317
716 962
21 464
562 19
849 812
215 327
648 844
216 489
908 485
614 983
363 775
917 518
687 205
762 56
828 276
374 818
772 964
106 362
571 315
7 799
737 431
356 591
411 365
593 537
24 59
142 526
876 1
852 496
755 822
155 370
910 855
994 741
715 833
699 719
704 742
656 306
304 214
468 149
867 265
58 163
329 87
695 27
979 455
539 192
599 790
358 776
275 934
773 519
934 267
844 494
460 82
297 100
986 848
491 582
469 818
3 669
220 462
867 399
431 75
802 599
765 9
76 802
505 142
718 497
897 290
835 560
671 289
866 643
47 92
924 720
381 386
144 594
673 59
687 221
181 339
238 878
499 876
780 194
498 98
236 8
792 773
245 471
817 778
373 877
69 29
698 568
796 256
356 642
381 662
980 116
382 547
255 156
665 593
630 237
350 130
46 117
811 565
347 428
181 211
546 824
966 497
235 351
785 832
310 413
569 830
375 804
619 744
380 960
230 320
372 494
556 755
400 881
126 85
427 583
257 45
774 80
525 536
517 19
972 407
356 364
620 451
888 973
779 732
175 722
997 812
920 429
752 656
885 489
22 617
595 337
60 389
43 535
472 941
214 686
967 485
755 258
695 971
336 921
474 420
838 776
637 18
76 733
535 379
337 506
141 519
871 385
410 594
390 730
451 539
65 932
293 694
718 666
361 972
262 183
245 472
203 922
440 605
806 123
262 115
6 906
760 754
97 941
18 669
864 742
106 794
716 214
364 411
53 500
90 71
216 870
960 41
551 696
926 74
373 33
456 633
709 570
154 310
84 369
51 414
916 500
254 301
391 125
228 725
137 721
185 455
599 553
888 663
209 367
221 152
501 208
789 862
665 174
681 496
202 203
812 321
681 355
302 101
243 940
210 803
504 362
114 708
850 806
291 307
864 934
826 616
430 200
656 740
776 419
369 942
322 515
626 220
882 450
287 986
356 86
804 58
651 868
492 8
920 18
884 300
177 925
304 223
792 265
235 660
223 613
469 223
182 421
522 46
930 856
313 950
403 965
506 991
446 656
639 232
528 364
563 410
549 658
892 153
929 899
29 712
597 156
697 436
696 593
741 273
557 106
534 670
784 63
649 449
807 529
515 363
531 890
237 236
551 217
513 994
184 923
612 54
926 216
723 582
747 432
60 295
599 847
166 462
700 809
201 385
373 621
190 862
777 60
241 970
153 8
537 330
60 162
409 601
1000 336
496 265
811 819
402 118
304 292
850 556
754 230
454 516
847 655
777 322
46 528
807 93
822 716
845 146
232 876
338 446
37 842
723 194
352 628
936 586
588 419
803 925
954 726
347 921
624 378
135 957
310 26
696 256
816 886
113 367
81 138
122 612
624 476
993 371
17 264
651 965
694 47
417 55
295 16
838 71
523 973
127 399
873 165
940 105
285 601
662 442
408 41
1 974
433 918
429 919
652 723
789 975
800 137
831 990
435 675
597 369
626 858
624 141
313 367
958 709
483 103
675 922
443 162
343 557
283 434
660 173
737 845
474 121
97 392
421 409
671 818
881 112
401 720
530 448
426 696
109 511
890 263
793 578
691 328
185 962
7 648
210 164
613 326
391 382
21 903
7 30
521 909
612 942
827 308
73 626
962 257
833 921
465 983
275 462
585 649
742 982
49 327
115 170
959 958
738 727
858 875
991 827
983 958
424 480
163 263
462 115
834 141
756 654
978 665
628 359
628 168
902 480
44 808
9 379
617 363
537 955
807 255
70 641
323 831
954 675
839 377
680 114
76 587
627 498
480 435
528 788
513 615
398 296
804 693
958 305
565 834
297 74
463 126
507 521
999 12
124 366
755 677
904 534
23 816
539 577
517 546
48 224
148 885
958 280
286 853
404 982
209 120
46 75
760 88
219 581
83 968
842 975
934 355
626 53
423 274
690 700
75 443
981 101
212 933
612 551
157 76
167 824
869 948
772 74
317 254
628 152
911 17
90 316
235 955
775 848
69 357
348 395
265 393
909 326
694 871
427 36
729 73
560 801
309 872
652 113
388 60
865 760
539 622
434 997
478 144
6 753
923 255
403 564
169 661
540 512
278 714
235 835
233 673
492 299
69 661
259 237
923 517
904 851
242 685
576 764
835 877
216 229
1 788
475 424
26 741
348 168
842 591
45 836
2 461
798 941
898 51
679 368
925 631
466 182
424 860
365 807
406 62
113 339
1000 63
477 484
497 655
173 568
373 523
385 796
363 846
894 712
836 149
47 463
401 619
614 255
66 713
830 929
422 652
293 660
791 28
908 84
540 929
792 451
492 16
115 273
388 402
983 539
177 244
482 135
786 386
591 209
582 969
290 822
738 106
278 131
79 244
962 275
608 751
733 887
99 76
437 776
977 375
535 467
781 229
419 619
209 446
917 200
812 871
621 436
415 42
83 871
686 589
85 145
545 820
506 786
621 295
169 978
175 498
108 43
923 740
769 332
685 726
972 405
535 228
395 481
149 718
488 267
685 370
620 145
913 512
286 869
12 238
419 2
538 752
399 490
634 610
535 353
963 966
378 452
563 49
432 986
232 888
332 873
241 509
409 155
545 122
829 293
730 649
616 486
36 720
386 631
500 466
731 241
95 900
29 124
19 717
192 321
667 815
387 579
188 945
523 609
570 930
319 608
672 801
892 380
511 701
835 383
860 701
50 785
781 361
891 316
647 619
36 384
759 881
860 373
818 706
243 195
224 842
474 670
231 317
800 205
226 454
525 948
37 136
854 687
946 40
506 383
544 183
985 274
166 771
248 392
579 406
333 167
209 425
897 269
289 481
666 129
884 284
874 987
719 930
410 756
637 287
891 61
971 689
924 642
555 363
591 949
297 207
750 292
949 156
530 497
339 919
974 324
610 812
986 918
404 739
739 318
781 987
291 976
18 107
961 482
999 911
232 610
343 835
532 170
813 598
611 404
445 79
481 463
767 858
660 796
207 3
28 35
78 975
976 565
602 300
274 518
243 871
577 584
516 108
17 897
633 623
418 857
400 758
444 573
521 899
940 375
177 142
752 205
269 353
280 8
14 836
70 343
469 638
267 154
372 951
826 993
900 57
301 155
979 792
304 388
96 388
58 550
124 679
801 729
140 527
484 12
315 198
973 127
942 355
396 287
365 571
839 314
37 464
812 576
241 65
513 762
933 602
118 848
291 973
74 490
436 659
585 54
473 975
478 678
464 735
635 810
130 315
155 888
170 452
705 138
585 551
762 963
312 845
718 858
726 28
651 185
810 683
427 821
388 733
754 697
187 483
676 48
168 19
314 895
333 909
552 168
323 481
740 475
221 268
944 922
688 963
59 465
928 34
737 503
554 226
570 528
622 63
791 495
185 674
284 589
648 841
836 496
978 407
61 55
959 376
502 907
968 947
999 30
774 631
817 34
736 413
314 839
437 211
31 668
345 259
61 363
10 716
961 823
936 10
477 571
358 167
469 51
567 985
659 408
318 646
656 563
398 693
420 258
188 480
551 129
674 86
813 671
323 69
217 436
230 159
349 37
976 829
359 758
423 1
18 406
990 726
747 75
302 886
286 17
26 984
524 720
648 976
309 780
642 400
330 949
129 613
93 404
948 476
173 84
417 441
592 514
46 916
912 83
184 342
219 619
151 164
238 688
856 445
716 724
538 865
537 183
101 965
345 432
747 447
530 657
967 54
824 905
544 483
635 925
55 657
657 562
309 374
555 130
133 719
433 304
420 473
274 361
895 129
774 398
685 215
157 975
933 51
407 821
748 376
741 241
806 987
687 196
32 822
774 253
970 148
763 740
378 588
465 474
723 231
840 418
593 392
858 78
511 224
906 415
565 126
667 291
712 973
43 319
633 744
846 540
629 42
359 764
574 203
290 98
758 491
597 728
376 719
258 528
238 55
389 170
474 47
896 706
357 573
584 426
246 157
777 557
734 403
215 965
562 179
497 986
667 61
565 926
988 716
79 52
521 247
128 659
299 680
647 719
15 434
831 364
253 483
601 742
41 335
377 302
706 337
284 559
773 783
231 787
164 990
685 807
290 22
880 889
433 824
538 902
518 109
198 329
687 430
851 174
905 820
493 599
252 876
377 505
471 355
535 736
665 283
401 828
420 869
201 426
942 332
184 479
495 496
712 599
804 485
502 170
364 334
445 966
649 384
650 647
885 201
55 44
359 865
160 234
400 47
432 871
48 185
499 791
194 533
933 80
537 268
187 21
738 732
635 152
415 78
662 337
554 392
903 316
276 618
109 76
94 938
784 161
189 47
576 288
535 27
755 127
751 790
573 860
541 500
625 447
600 666
326 97
795 625
373 662
715 626
160 963
236 957
939 6
311 943
889 38
527 832
957 972
968 723
71 481
171 512
206 609
614 221
557 661
974 812
283 817
822 48
882 290
154 605
641 707
190 289
522 748
711 325
387 498
764 998
234 194
273 109
376 638
79 169
310 839
361 30
716 870
134 433
605 1
218 131
654 320
759 172
918 356
704 354
164 995
346 251
387 109
825 947
586 419
239 937
171 644
419 612
512 37
219 823
825 334
770 256
344 938
143 610
97 30
45 938
917 940
840 378
908 574
713 357
3 659
185 948
62 916
472 825
900 624
216 775
67 809
341 330
716 282
324 781
989 21
669 97
992 423
356 911
708 891
743 204
558 861
55 918
861 54
513 542
898 628
485 688
633 235
123 35
975 899
903 62
208 646
403 879
91 435
936 65
490 253
303 931
579 130
454 874
461 202
811 564
338 897
540 468
483 392
561 315
619 169
734 685
925 801
419 421
852 473
585 625
796 217
387 357
556 68
419 903
675 552
635 859
93 662
169 388
897 73
372 899
118 932
606 846
348 56
962 205
861 839
451 666
935 27
849 392
990 923
685 640
976 791
358 223
999 753
180 919
965 140
597 622
396 771
183 742
972 701
137 146
346 910
99 635
844 941
548 867
258 778
537 6
877 980
96 698
500 467
64 387
410 383
755 957
487 202
913 893
35 248
708 569
310 331
916 9
445 23
263 411
607 86
611 471
727 333
931 961
888 826
165 621
103 979
429 16
424 556
644 295
627 643
591 49
451 468
235 857
793 366
209 115
439 705
764 186
746 209
106 751
879 213
137 237
729 172
854 428
700 608
433 63
340 124
37 187
658 113
421 850
395 136
973 260
639 924
511 342
668 400
892 390
842 632
200 588
585 528
992 237
37 624
110 388
358 553
257 714
565 651
679 314
956 612
705 99
209 121
465 432
235 734
630 40
157 160
801 750
712 779
909 247
44 598
943 43
238 181
352 458
336 35
714 428
841 897
972 483
415 348
986 850
272 643
126 704
154 352
831 589
277 399
804 619
30 953
725 137
661 252
581 719
423 923
58 673
920 678
536 208
998 823
769 684
622 768
529 72
459 804
747 319
785 405
254 474
100 675
344 973
994 601
925 77
512 679
497 100
13 276
150 265
653 367
431 851
175 758
844 859
791 538
302 555
207 10
410 234
523 297
462 635
801 177
309 621
895 547
19 925
69 641
789 192
99 108
51 40
469 712
682 911
878 100
9 493
335 872
680 881
582 612
431 975
533 613
234 508
945 53
683 366
921 21
153 998
121 338
893 386
983 21
729 421
371 35
470 638
380 739
390 651
512 780
838 956
648 770
487 402
618 799
525 970
531 868
751 982
295 360
21 750
55 141
437 81
730 746
831 621
132 203
220 397
601 374
337 189
553 507
718 940
599 956
5 435
508 88
155 240
162 496
810 89
372 129
727 725
441 250
370 184
841 229
672 731
37 163
648 795
306 883
707 372
921 523
982 447
322 330
101 743
456 236
303 158
565 106
364 854
889 502
831 130
173 959
479 105
521 633
10 2
941 291
888 849
588 733
401 474
781 521
24 71
328 313
757 127
209 293
88 613
505 940
458 640
416 880
450 152
974 231
431 154
100 954
195 629
644 893
431 606
852 381
76 655
68 727
657 527
631 354
522 255
509 817
574 463
104 823
218 482
856 258
517 60
503 501
455 884
22 258
643 245
615 667
961 736
255 380
752 256
248 706
490 186
27 436
789 338
670 240
979 62
669 886
1 441
291 537
363 705
739 632
680 436
807 205
449 755
474 579
653 263
326 947
407 352
385 559
834 641
742 457
242 544
614 631
722 948
706 69
617 929
623 885
716 702
113 335
408 571
350 336
188 435
106 954
821 898
24 598
556 389
241 996
639 54
628 252
720 934
100 709
545 937
909 674
453 277
793 541
335 853
706 519
655 134
639 863
671 234
358 985
872 502
628 582
763 499
876 87
43 610
824 576
418 843
529 885
408 889
119 352
279 66
81 987
967 694
807 151
559 464
957 590
871 401
586 126
848 407
916 397
493 976
38 877
589 135
56 630
478 304
724 848
526 13
666 895
106 231
136 964
981 597
35 172
