1000 1258220
5000
842 454
537 756
201 416
501 930
314 761
662 47
624 52
456 498
822 786
172 451
328 286
26 131
613 552
690 781
535 89
816 336
811 37
808 993
562 260
735 605
74 951
924 251
64 301
550 127
834 871
740 394
161 735
864 423
170 940
670 845
952 138
90 227
884 748
992 515
660 841
863 515
684 242
301 446
202 243
939 37
21 190
804 481
125 549
177 30
902 693
358 403
153 776
183 255
504 103
501 182
689 40
636 628
744 669
143 28
38 560
677 162
643 454
835 456
439 908
929 816
579 111
326 266
631 852
396 719
652 913
30 289
995 796
776 927
127 310
990 496
200 141
868 584
244 229
500 934
927 576
191 854
647 162
132 335
103 222
374 885
533 816
168 251
797 31
701 910
900 18
693 393
340 37
637 706
100 127
351 76
839 131
502 307
806 837
882 431
938 89
735 800
484 312
112 824
838 301
690 352
807 513
942 886
840 779
865 130
548 559
113 952
457 722
85 935
925 323
40 167
380 110
523 102
860 694
124 882
682 615
663 277
906 230
860 991
893 41
993 229
990 924
585 366
561 734
591 589
938 165
377 391
821 805
568 545
571 243
859 76
727 119
640 592
137 574
425 265
935 337
43 758
668 177
467 321
570 428
497 197
829 660
242 651
135 605
939 299
283 733
337 681
732 263
76 560
480 500
689 344
616 50
862 367
885 419
353 817
15 452
542 259
412 229
97 783
321 339
272 549
833 119
274 54
238 27
736 912
555 313
118 281
781 448
64 526
920 250
497 343
679 203
456 991
308 373
868 791
127 577
901 942
71 190
84 36
527 298
986 81
519 619
296 974
942 120
187 37
753 442
191 118
499 239
238 484
22 562
606 198
129 700
806 188
605 574
322 381
358 48
130 300
946 203
219 365
858 132
285 638
293 48
390 147
667 95
324 17
993 499
587 900
747 945
517 27
445 988
150 835
776 674
789 916
894 702
201 516
577 112
866 690
162 5
96 436
600 931
897 214
797 876
253 191
780 417
534 162
732 281
382 266
554 929
3 537
241 175
837 765
503 808
556 855
619 566
254 273
954 202
261 110
603 831
119 991
697 918
306 125
961 273
453 931
911 535
665 432
744 165
31 126
432 283
555 919
112 825
752 256
598 833
795 764
295 35
377 560
977 933
321 508
606 454
571 891
867 264
955 791
937 877
70 859
905 194
857 641
774 41
559 566
568 135
605 331
680 661
686 887
318 11
943 652
704 135
28 198
892 25
175 249
486 20
133 610
460 294
912 604
941 723
303 490
842 838
677 956
203 786
97 733
933 294
42 70
382 955
559 736
960 397
463 292
111 255
927 230
481 911
984 664
203 176
49 544
289 398
893 338
742 657
775 456
358 930
362 663
377 165
417 658
238 628
252 617
818 158
276 2
88 597
233 800
720 470
306 765
310 155
683 510
783 288
812 587
501 851
870 101
476 958
566 988
552 882
462 739
259 592
823 810
686 226
397 833
148 265
534 429
284 367
360 708
803 78
207 350
817 955
417 622
801 716
380 776
652 487
2 951
409 91
275 731
676 615
261 474
334 571
133 243
529 22
659 672
203 928
267 825
237 793
877 826
137 916
915 225
182 694
538 658
344 64
578 571
505 848
677 38
540 430
360 554
652 735
403 634
573 790
512 182
957 504
492 606
508 190
524 985
907 451
80 89
722 893
973 669
770 348
727 949
537 674
545 495
370 536
118 416
91 257
984 72
100 313
298 793
755 914
76 885
665 98
594 972
544 728
24 633
224 217
903 336
771 99
958 668
103 652
816 239
975 604
748 770
713 69
204 131
894 625
319 542
618 282
284 413
502 33
773 167
847 597
103 104
508 236
670 539
622 169
244 273
700 312
823 814
143 974
109 26
686 956
817 786
962 38
937 279
88 393
537 870
339 35
232 536
4 735
189 683
22 101
312 599
509 477
437 361
132 355
330 855
309 459
647 904
449 674
428 797
471 527
613 504
286 295
378 758
158 475
259 353
794 258
231 442
137 50
635 86
901 795
939 686
326 224
79 681
624 874
369 350
9 438
110 735
724 838
52 483
398 608
96 624
717 887
31 666
422 396
918 749
991 518
388 302
488 829
285 169
542 8
445 696
259 146
600 784
114 115
393 67
389 81
675 104
300 236
975 420
971 409
797 262
55 633
55 857
690 814
885 851
888 892
731 795
738 289
935 835
143 467
630 114
848 372
262 431
328 551
57 895
974 143
29 974
63 53
598 675
812 905
910 204
514 390
734 630
699 139
161 47
919 371
941 279
356 738
35 365
132 528
553 535
50 312
820 293
630 330
966 931
46 917
549 58
567 111
468 956
130 919
821 677
760 534
691 480
939 524
810 243
600 942
551 848
768 80
537 535
105 975
215 793
411 173
145 522
200 501
241 33
139 67
879 379
11 169
765 63
646 701
730 602
670 993
603 713
609 579
140 545
415 760
386 406
849 646
684 909
377 542
871 134
579 226
374 923
845 589
310 489
804 993
560 45
202 152
718 974
267 321
924 275
407 751
106 4
133 79
689 646
990 731
600 343
505 48
273 192
667 783
921 694
601 1
44 158
966 280
208 218
158 850
463 646
390 521
789 186
992 293
52 700
638 967
97 163
135 776
679 908
920 135
224 346
125 174
733 479
683 293
788 905
705 388
864 120
948 375
49 170
142 694
733 610
828 596
520 862
880 7
265 984
636 986
796 465
284 69
654 170
995 298
343 875
174 810
128 174
603 672
82 810
440 475
922 99
681 768
667 846
414 975
960 67
86 180
397 333
588 82
312 307
913 68
2 354
430 466
3 642
812 751
547 457
918 976
311 647
133 381
999 336
304 243
519 722
973 586
33 646
742 338
649 136
72 493
178 638
727 956
990 215
737 778
175 772
918 345
939 359
495 577
518 43
776 836
724 409
934 424
333 193
22 232
930 345
538 518
455 906
196 466
82 413
206 249
819 128
825 338
500 688
176 999
275 96
548 711
335 423
917 344
487 496
796 278
240 554
353 555
657 843
973 135
98 46
606 326
17 109
632 642
19 195
967 648
40 19
251 724
924 181
957 102
583 501
657 528
29 556
487 843
443 460
14 980
791 689
52 628
74 470
623 86
417 383
94 428
116 191
898 127
887 543
713 732
413 840
522 373
973 437
882 905
162 112
779 571
488 643
827 978
538 168
535 646
40 362
33 905
214 214
953 880
927 882
579 62
547 867
389 511
608 813
648 479
818 420
117 626
32 161
840 593
707 330
955 899
221 753
798 681
942 48
57 353
428 81
316 695
182 985
376 500
715 375
384 609
259 206
689 253
574 573
607 127
176 23
407 869
417 979
118 777
424 382
862 278
726 374
771 286
805 648
334 98
799 724
532 934
583 65
171 789
797 303
11 188
34 632
944 334
777 107
575 892
680 66
367 648
675 492
959 61
282 75
199 190
685 282
216 693
491 412
876 572
941 931
481 49
237 207
995 329
777 643
363 148
1 783
852 418
125 872
910 614
776 55
968 285
864 851
539 45
919 831
283 97
806 103
970 929
24 921
141 148
79 649
229 851
464 559
97 963
386 665
404 98
939 21
30 143
593 435
720 963
825 364
588 156
143 699
839 339
532 473
988 936
412 543
35 196
787 159
449 4
371 929
393 310
147 311
141 129
280 231
7 368
65 899
705 310
212 773
431 2
107 56
104 806
676 1000
333 682
32 742
951 91
736 211
27 951
188 486
49 49
72 826
544 416
860 527
781 928
386 959
39 480
412 228
169 410
357 229
882 906
816 634
986 727
732 546
512 673
455 922
828 772
175 751
879 776
561 175
272 999
677 64
748 767
21 136
806 261
943 252
295 595
449 477
457 4
159 845
441 574
709 12
4 344
592 163
287 486
833 629
157 812
914 918
803 611
813 236
244 225
282 407
469 650
732 662
758 160
936 725
84 649
310 791
396 806
634 139
946 900
688 23
80 431
609 169
561 631
163 46
444 347
971 202
38 415
225 226
378 909
939 57
47 249
316 380
438 767
509 357
245 788
782 70
830 242
925 133
947 132
876 113
144 316
967 464
541 106
643 389
539 252
559 518
864 301
536 534
794 800
996 480
718 496
776 913
404 713
836 927
340 155
186 287
138 776
463 267
786 171
38 185
621 141
899 378
312 852
598 167
721 117
812 93
360 301
501 913
228 787
779 374
575 551
835 950
347 270
28 445
750 372
5 551
240 282
343 751
684 296
312 866
937 613
820 832
559 643
587 119
534 407
262 587
718 587
543 453
153 143
557 346
260 686
596 446
888 845
323 892
451 156
555 264
599 227
216 935
118 947
706 416
283 204
600 997
567 348
554 344
865 471
769 68
721 974
92 916
607 311
947 855
494 268
695 177
280 527
366 31
694 100
922 502
56 107
527 513
309 616
77 647
388 400
933 300
808 516
956 575
816 391
392 722
459 159
571 576
50 939
930 790
385 73
533 421
779 983
15 620
924 27
75 517
949 216
710 159
331 778
870 874
265 657
670 126
495 961
790 827
401 577
718 135
857 915
258 41
937 225
998 463
17 803
444 841
375 381
963 17
512 18
392 23
728 487
286 45
361 691
836 832
219 463
897 728
634 844
330 736
377 155
735 854
20 254
956 786
975 730
596 426
105 915
456 799
203 108
615 633
1 294
704 589
113 78
586 551
858 557
574 350
669 290
203 146
217 243
100 433
292 910
569 6
143 29
359 763
948 561
785 242
731 755
909 544
988 492
30 9
175 157
483 274
967 201
46 219
524 668
528 611
801 722
304 831
641 432
474 327
130 353
207 659
202 416
60 83
962 402
178 605
569 682
857 290
337 722
606 769
403 251
311 12
429 223
911 456
748 458
130 38
740 986
31 925
71 426
639 899
1000 817
103 563
584 735
191 556
202 713
638 305
610 625
656 659
326 671
74 746
150 899
170 669
149 519
383 328
821 272
586 565
714 545
407 6
260 480
968 208
754 725
843 807
265 478
177 806
390 792
105 939
639 911
681 306
351 759
195 349
465 52
693 322
702 288
978 506
845 58
900 520
43 931
886 876
164 769
388 276
137 829
138 294
675 772
430 123
181 466
280 923
52 673
700 940
889 460
892 894
27 925
877 926
255 557
448 99
189 200
353 411
726 204
588 948
456 627
576 56
356 720
837 965
240 187
468 256
150 863
773 58
916 230
463 186
593 552
874 535
781 323
378 343
481 86
35 174
635 825
222 407
28 940
50 16
95 213
297 262
875 510
489 181
569 209
443 796
988 96
673 583
746 463
349 368
474 956
272 961
537 447
96 234
514 5
59 202
621 511
135 314
375 356
74 818
632 553
25 960
993 1
421 608
42 138
596 667
443 685
117 332
265 556
848 345
674 86
673 680
20 45
286 484
256 340
771 931
726 316
620 598
808 140
596 221
121 651
489 868
508 164
553 96
186 969
782 127
634 717
380 92
447 530
133 882
939 914
478 925
330 509
556 157
503 856
420 946
434 607
375 724
326 66
739 345
176 22
251 126
599 809
209 458
241 150
600 238
743 47
442 692
422 627
208 49
807 636
879 44
482 157
33 747
549 893
374 388
438 282
567 793
467 189
164 854
254 192
378 950
317 814
838 306
110 593
480 441
492 714
321 928
498 550
511 508
587 120
886 298
499 881
353 616
444 236
314 551
702 876
186 82
211 550
991 288
589 958
301 756
76 488
27 894
501 880
315 590
383 937
215 355
652 610
868 643
62 862
344 488
140 47
105 843
692 775
995 434
175 481
301 442
187 119
625 433
226 235
665 452
330 263
273 186
278 569
303 214
889 881
783 123
171 227
268 9
395 557
930 672
73 402
769 333
830 793
937 341
463 384
876 986
93 655
393 611
320 45
65 958
236 313
444 45
240 417
435 998
224 694
876 532
422 411
953 113
640 453
459 842
467 104
130 410
240 639
646 493
873 560
238 180
239 145
551 897
603 532
757 389
189 391
275 737
735 991
766 19
477 614
17 727
176 9
605 841
208 660
149 632
545 318
398 754
534 465
967 885
295 8
534 485
128 393
583 922
168 423
867 220
2 655
803 843
133 482
982 887
773 148
309 600
749 484
486 309
849 940
115 405
194 737
478 553
960 231
708 434
862 144
258 485
453 849
820 133
867 879
678 474
572 621
451 792
288 475
668 618
773 627
109 905
464 127
955 6
442 862
837 422
423 751
428 388
37 68
821 309
364 823
158 39
195 656
620 134
297 309
886 447
416 739
130 621
900 23
346 511
32 609
413 100
779 405
88 556
262 662
928 258
731 713
294 260
811 933
972 585
538 906
151 346
190 800
546 902
392 105
904 642
255 792
422 221
686 921
774 15
727 484
846 411
636 657
202 843
199 17
395 759
224 143
890 44
278 100
446 941
805 230
171 222
177 735
809 549
606 167
990 214
450 400
165 378
619 612
549 642
597 203
449 771
205 779
636 112
925 225
283 370
580 317
636 839
875 364
877 990
712 463
598 578
825 878
854 668
737 233
53 518
691 251
566 872
207 388
302 625
808 135
260 757
445 602
449 743
92 325
773 194
770 172
569 446
656 785
480 635
267 794
123 71
893 540
515 986
452 998
15 221
567 683
157 958
425 722
522 11
265 445
272 786
19 909
196 881
843 728
814 719
422 741
292 139
767 959
511 406
761 14
842 569
676 559
992 138
877 80
819 601
145 717
802 989
165 206
356 325
317 665
790 157
771 125
489 191
85 720
40 3
763 366
893 713
153 161
675 247
187 953
712 551
899 725
350 962
75 507
669 611
453 378
977 118
924 219
86 560
699 439
7 233
908 609
22 716
81 443
632 22
975 536
639 88
943 677
858 784
103 966
148 695
524 675
654 678
733 369
882 36
685 372
123 544
232 1000
187 462
123 981
230 577
177 818
748 52
490 485
293 372
374 135
269 923
144 241
398 197
599 316
147 722
672 198
263 399
290 701
121 77
52 421
193 541
244 781
494 378
917 244
687 317
594 422
830 255
956 503
963 812
485 345
834 513
963 944
965 5
241 662
675 748
413 697
516 384
210 341
924 735
345 858
694 765
654 452
672 50
392 698
283 93
665 73
834 272
128 795
652 893
612 469
311 903
343 882
825 841
479 259
208 475
131 638
680 153
40 965
45 497
832 400
973 670
186 428
798 333
156 152
849 327
504 557
167 820
699 101
555 274
833 980
509 672
863 155
229 392
545 190
281 167
202 70
712 233
624 392
638 706
673 44
262 975
525 496
831 520
70 172
511 231
878 734
431 262
420 322
94 397
853 313
39 369
879 863
376 692
785 369
376 306
941 773
611 92
912 187
606 756
32 185
429 288
766 681
276 938
312 11
16 453
166 648
394 754
471 502
353 475
248 680
717 440
247 344
137 422
616 207
962 178
927 527
524 145
783 152
161 255
601 926
588 464
529 807
515 831
185 125
127 738
591 372
24 886
934 235
177 778
97 684
702 860
334 570
846 904
821 484
758 383
676 913
622 865
312 20
808 262
876 37
599 961
723 676
82 150
838 821
116 408
414 261
304 853
841 21
171 265
620 85
855 38
713 733
539 938
905 476
708 560
638 702
841 170
903 866
76 816
582 814
555 914
955 629
267 465
183 647
251 99
175 444
913 527
895 670
428 567
620 35
473 326
894 713
849 285
261 893
592 692
767 889
39 318
681 252
130 84
907 105
742 66
551 651
109 378
663 807
642 108
575 950
777 409
976 401
858 312
221 426
84 557
946 145
65 138
835 183
199 560
77 460
135 196
544 859
219 74
543 166
729 698
669 24
294 265
764 990
76 634
389 532
42 864
693 689
423 407
117 718
861 767
204 563
287 529
502 33
951 905
834 139
236 473
803 454
417 457
836 483
332 998
541 838
519 78
977 804
538 1
223 865
756 14
531 621
680 177
292 499
424 278
920 387
121 751
473 764
952 599
932 508
29 815
63 257
649 127
949 844
920 58
832 300
4 944
30 299
27 350
442 612
927 943
106 607
228 541
791 621
986 264
997 45
884 483
31 29
904 503
445 671
74 758
527 417
601 428
481 975
548 340
550 714
355 155
982 233
66 396
207 683
625 798
19 735
540 542
675 856
844 517
749 164
605 123
230 385
846 912
267 115
970 13
34 503
381 120
98 156
410 999
324 97
22 643
663 834
349 614
873 916
229 712
571 957
324 974
121 43
476 335
387 684
850 546
532 246
569 353
509 666
337 565
740 483
76 844
799 257
271 363
897 336
81 950
472 639
656 907
716 890
62 802
217 511
988 61
355 793
398 106
262 275
596 311
162 175
266 492
939 794
576 850
727 738
91 865
726 379
906 319
664 199
405 389
468 219
301 433
647 89
762 441
553 468
652 982
555 866
498 407
145 352
687 668
673 30
173 159
875 554
219 20
60 216
988 63
600 308
647 586
716 964
671 386
530 854
467 313
281 503
529 3
34 892
143 281
647 455
688 237
24 399
853 985
911 528
208 770
979 894
131 775
348 975
844 102
557 350
468 188
882 485
860 725
660 929
868 902
715 612
979 381
981 240
973 880
251 732
925 668
614 246
62 910
121 126
318 715
935 333
276 395
592 221
55 101
219 627
717 320
539 501
461 152
638 345
715 10
355 535
84 396
739 547
200 702
667 315
666 266
439 867
251 118
671 183
241 65
261 51
660 414
569 679
682 604
223 938
726 258
146 120
604 978
710 59
149 277
328 604
715 810
356 824
986 81
899 665
749 602
806 200
71 138
646 74
100 251
263 299
319 593
974 555
599 669
346 403
998 349
145 639
922 870
771 385
326 336
62 2
161 661
528 59
526 435
720 31
559 582
613 225
780 45
970 693
214 33
289 540
839 439
970 269
562 621
558 449
155 136
605 657
472 597
865 46
241 635
109 352
518 32
264 516
451 721
413 824
724 723
144 773
875 543
6 622
164 117
314 958
270 708
254 997
268 182
972 894
373 484
339 609
519 177
371 552
495 953
918 891
15 601
562 189
581 247
813 403
129 629
179 290
936 225
239 166
15 817
70 156
861 891
974 413
363 749
113 250
236 505
368 392
668 230
663 409
131 187
301 223
598 437
74 353
227 363
407 425
336 174
102 375
34 901
646 3
135 588
447 668
68 736
924 416
590 464
248 636
736 882
63 270
689 857
728 77
800 377
921 755
273 664
331 267
56 34
127 563
45 325
58 843
868 921
534 40
734 504
343 758
763 355
406 853
471 912
687 986
364 377
106 86
656 507
697 982
933 454
827 93
109 74
113 186
352 272
790 656
254 327
848 198
26 933
892 664
538 233
296 281
559 618
602 603
558 640
884 583
423 220
886 122
437 89
55 115
476 701
636 704
220 975
760 820
563 77
981 63
217 71
146 73
355 896
527 588
726 721
787 440
969 652
756 178
425 252
308 880
998 80
56 429
386 889
872 107
526 732
686 683
855 288
989 239
798 240
509 227
439 726
12 443
62 15
94 329
661 876
129 12
684 462
351 428
179 831
848 987
162 761
875 991
217 847
516 640
903 799
224 599
790 799
839 566
506 568
621 513
717 687
568 419
933 645
806 894
160 723
46 797
574 409
335 50
416 953
998 765
638 706
231 231
252 66
354 388
999 517
536 143
378 678
705 442
559 220
255 259
813 897
915 454
732 782
969 909
890 978
140 745
145 47
143 448
750 683
189 18
87 278
372 820
230 823
369 808
809 95
45 16
676 657
357 130
835 628
54 186
69 593
612 847
724 97
373 838
249 642
559 347
144 854
925 153
629 700
676 38
956 356
62 944
319 615
528 557
296 774
378 187
860 475
343 30
966 512
624 309
89 160
572 998
420 376
211 530
276 284
941 809
308 752
292 556
294 475
928 489
968 662
897 824
220 776
627 318
873 366
815 290
326 148
701 561
277 22
942 756
190 669
774 330
241 789
840 640
354 754
530 776
771 665
778 369
993 466
495 263
315 918
723 487
132 263
696 905
9 86
327 505
324 860
744 371
315 291
378 998
657 445
474 511
806 99
626 135
59 510
420 65
26 904
291 108
833 787
695 85
86 29
344 694
722 48
255 15
610 999
941 280
503 698
827 614
305 562
493 978
780 157
867 942
219 153
786 756
939 402
368 217
957 893
847 750
622 267
298 846
997 900
756 663
399 566
215 629
531 97
925 746
978 365
387 551
230 46
870 601
209 186
486 542
2 434
838 575
534 365
883 536
923 960
105 721
51 536
772 473
121 449
78 820
148 962
616 183
414 249
967 477
175 155
454 697
662 992
832 632
187 575
398 350
159 560
474 72
941 878
326 96
860 269
813 507
855 200
474 976
349 893
281 128
865 454
586 106
716 944
223 480
404 110
19 443
937 968
17 543
871 353
935 541
632 908
891 383
863 934
63 148
825 244
452 98
729 252
681 823
27 353
650 901
878 769
164 575
509 485
974 431
403 204
165 117
447 376
313 665
733 594
565 953
163 77
351 325
421 146
99 219
779 444
647 153
884 313
599 70
595 666
525 842
772 67
459 540
126 591
23 538
941 392
441 87
306 353
946 364
488 339
931 714
701 720
36 943
785 866
519 223
633 476
787 302
513 919
763 861
153 866
673 339
165 838
515 808
7 731
791 612
423 119
299 638
231 67
167 961
641 575
617 395
51 616
451 804
452 375
351 281
128 496
419 19
735 781
142 850
691 569
566 606
298 174
666 820
658 676
46 352
282 182
15 328
618 597
856 731
643 53
308 781
725 798
381 102
620 857
2 109
231 568
914 394
32 984
85 185
857 871
816 9
500 575
555 811
632 687
413 650
418 131
944 831
44 400
265 662
783 752
667 810
542 64
923 343
469 813
371 821
652 571
90 270
758 120
864 933
301 738
626 779
657 705
238 905
641 842
609 839
354 358
813 48
943 423
31 136
996 559
659 768
357 72
480 672
264 636
486 321
92 141
752 286
49 197
475 120
567 170
339 440
853 596
322 864
494 13
626 865
72 493
153 776
438 765
383 64
674 95
304 999
379 42
195 796
347 598
957 617
589 665
946 470
312 710
802 257
991 625
303 193
961 618
333 868
950 156
223 725
424 91
224 75
829 859
164 401
25 922
742 485
678 149
290 921
368 878
204 261
118 848
547 113
227 953
792 731
725 687
437 584
150 213
985 364
306 467
274 461
929 755
975 201
196 682
329 515
167 1000
996 879
452 960
681 725
28 272
559 89
250 681
451 452
317 931
424 782
317 613
601 108
150 675
350 940
245 649
557 606
955 472
507 856
480 759
465 95
261 577
887 799
758 837
213 275
486 765
322 193
43 174
747 976
721 784
121 707
333 585
836 142
738 576
290 650
486 19
401 432
222 681
166 177
937 683
998 737
273 829
247 46
484 863
504 580
967 904
265 40
757 399
698 230
871 846
247 887
402 356
544 734
661 922
155 860
267 632
415 71
29 509
604 895
911 849
183 734
819 380
396 819
499 926
209 436
846 754
809 752
470 462
587 727
961 52
537 820
678 338
552 972
380 506
186 268
349 491
485 270
32 301
862 230
243 274
192 907
902 415
595 891
432 681
940 481
673 824
726 521
503 574
929 352
409 846
672 134
777 878
579 757
528 663
934 316
924 53
187 502
540 596
197 528
586 483
241 457
165 180
400 761
786 314
643 192
130 822
675 664
581 622
433 245
94 329
823 786
393 861
222 839
56 544
142 345
804 314
379 961
716 188
136 211
235 184
870 895
707 231
585 317
8 308
608 123
367 979
103 849
228 162
485 925
331 839
311 195
821 803
415 132
710 529
426 443
952 45
625 589
282 687
453 937
289 817
72 211
46 828
340 294
85 700
697 668
343 815
336 268
875 59
719 23
861 901
865 54
473 755
740 15
727 176
890 169
81 858
177 363
939 758
885 982
883 94
575 576
973 731
589 455
232 379
298 799
94 188
702 705
950 264
209 256
337 661
270 743
544 142
264 830
592 342
134 170
165 434
726 847
983 783
93 79
307 5
72 56
332 415
347 64
392 116
929 470
502 164
186 626
728 472
331 162
702 24
674 137
93 103
18 373
84 253
298 893
60 897
365 842
855 940
9 676
580 544
643 338
233 593
478 586
852 254
25 302
986 871
337 408
700 226
256 474
254 574
978 314
298 721
392 233
243 911
671 784
800 437
524 286
391 590
574 998
619 127
708 975
345 190
142 382
344 770
101 895
584 242
575 735
162 623
178 624
81 471
667 535
494 886
909 210
729 218
513 333
182 292
871 645
149 869
715 336
889 707
577 391
656 476
955 565
608 646
406 237
381 532
50 730
42 943
414 891
631 352
849 712
166 628
749 878
6 311
463 808
564 400
377 550
640 918
349 353
500 82
107 490
706 53
967 712
967 418
18 786
749 746
113 118
188 105
577 511
758 138
486 188
278 684
602 353
698 119
285 92
660 84
645 693
190 473
310 981
101 410
704 234
344 616
552 225
178 29
797 540
359 279
782 972
584 431
443 958
657 443
581 56
641 221
940 413
936 60
350 828
759 585
793 692
86 504
732 125
745 66
279 732
933 980
10 194
320 633
446 227
308 958
996 939
474 887
499 477
39 553
81 444
53 310
629 498
488 622
387 169
876 315
203 872
810 593
80 448
798 218
387 937
457 626
949 206
710 566
503 536
699 357
870 190
597 696
95 903
974 719
682 371
57 254
51 333
530 599
187 294
879 844
907 767
87 370
641 230
674 175
811 991
905 116
344 171
162 343
216 588
165 765
480 702
764 422
369 918
291 999
310 44
515 446
892 434
764 119
903 355
484 69
94 835
579 457
344 172
876 297
985 629
932 562
646 29
83 391
644 211
268 162
465 167
89 777
444 302
573 184
885 710
827 839
248 887
896 679
448 695
805 989
693 852
204 487
225 390
365 286
134 882
289 197
198 86
835 351
814 762
318 150
329 70
247 983
760 996
432 202
88 310
721 86
93 374
184 830
4 675
419 935
679 982
672 356
305 452
938 705
228 703
948 516
838 609
138 399
33 664
364 501
836 346
2 598
425 82
91 51
26 243
747 755
856 603
700 857
956 759
808 55
901 573
891 432
780 57
325 658
410 675
21 839
763 150
332 75
999 433
495 220
446 602
243 614
635 15
724 943
931 718
447 25
909 609
531 655
17 308
202 651
323 657
872 139
8 28
9 866
6 168
478 279
764 647
900 738
914 445
321 27
508 742
541 754
851 462
911 618
717 430
890 983
735 590
264 225
693 121
894 284
744 501
201 990
932 41
311 566
124 810
646 380
975 702
409 447
148 56
583 220
79 640
536 909
497 804
676 421
509 692
174 738
101 593
767 655
594 360
211 343
409 467
980 903
297 172
168 248
140 230
298 461
371 156
848 800
775 518
705 492
838 490
226 505
609 110
34 520
334 400
655 546
467 536
352 984
528 151
81 906
267 36
584 684
21 666
713 938
920 874
919 403
887 122
890 250
21 759
750 184
471 173
948 98
653 484
998 908
467 734
234 953
299 62
421 646
261 483
322 832
487 23
75 644
226 990
138 907
646 908
150 43
893 497
983 731
870 446
793 416
86 169
432 60
515 463
53 882
553 949
259 105
589 12
370 991
27 861
891 568
438 221
419 206
482 757
81 860
530 909
67 633
58 727
518 991
340 691
641 929
414 869
542 296
100 285
628 702
70 195
906 3
924 994
949 817
961 938
443 276
692 631
98 230
876 32
93 40
229 592
127 295
728 400
771 528
877 878
435 232
861 645
450 235
875 325
446 758
67 290
27 654
560 416
294 935
697 312
134 981
31 192
6 179
982 403
827 749
156 69
891 84
410 668
375 335
774 4
676 370
19 607
110 911
475 550
398 147
25 503
507 900
405 878
154 760
890 988
133 783
66 328
742 718
2 325
839 907
258 571
94 747
347 266
941 416
716 582
118 898
782 350
290 476
297 736
727 677
566 521
810 775
803 1000
280 382
279 316
26 497
86 216
285 425
23 584
237 768
185 30
424 829
437 529
587 59
224 563
166 496
434 901
769 877
277 152
35 464
29 726
444 634
318 682
920 10
803 562
889 1
243 50
461 372
981 789
225 958
550 78
847 786
437 691
211 75
312 626
784 111
104 623
696 812
707 297
999 699
168 393
229 312
177 194
651 884
79 17
445 626
68 866
921 351
157 257
404 587
550 392
980 146
660 67
641 845
120 352
569 813
106 797
716 870
102 345
907 242
351 69
381 523
720 11
495 157
839 172
687 865
857 833
698 220
34 408
222 33
334 702
314 539
557 323
242 780
37 32
991 628
368 865
451 71
735 72
763 211
791 141
925 805
678 219
937 436
397 481
17 286
401 837
292 842
79 833
559 867
272 132
805 501
210 403
771 296
750 316
21 804
938 510
503 965
976 90
736 739
325 133
761 7
664 16
803 734
548 445
727 685
148 5
299 634
650 212
797 377
6 403
907 393
949 2
953 494
731 549
776 623
37 731
688 246
25 711
408 164
993 576
481 951
355 953
941 392
132 828
798 896
689 59
311 728
56 582
428 114
677 390
281 901
677 217
293 797
292 151
422 372
340 382
171 4
27 748
421 929
285 767
438 830
784 660
412 914
342 703
206 923
76 515
550 997
344 964
314 152
374 699
644 907
424 164
458 475
728 812
64 225
935 410
445 351
769 994
482 972
556 948
217 58
530 594
262 112
558 323
624 302
511 425
124 287
557 352
101 879
875 597
680 646
48 472
831 808
392 688
332 461
590 362
106 327
703 927
445 600
78 185
578 106
824 809
505 923
747 152
563 237
30 234
974 569
175 875
709 146
70 584
262 558
524 255
553 133
298 592
367 970
454 696
668 694
394 620
376 682
433 141
654 724
313 973
911 611
491 374
121 981
119 972
154 608
818 680
87 661
381 767
87 962
202 418
732 4
313 1000
609 877
519 265
486 707
295 607
148 241
815 510
357 323
206 875
814 451
104 968
279 924
153 859
64 366
63 57
302 577
665 21
336 869
185 532
22 458
281 733
539 647
620 751
214 565
855 532
191 309
175 914
917 994
906 304
26 938
145 314
172 833
903 768
537 263
389 347
468 498
523 734
825 527
763 459
126 15
141 397
135 930
929 232
702 180
50 100
476 227
491 899
575 366
441 759
683 951
539 173
225 6
263 512
38 197
676 455
967 950
607 241
156 877
49 854
256 602
865 627
868 524
866 546
970 936
38 513
618 191
873 481
864 692
818 849
50 303
338 489
297 876
382 44
806 353
650 723
919 321
76 140
136 216
289 251
915 547
589 246
328 172
327 508
202 269
941 261
218 147
937 518
515 866
17 477
793 714
17 385
360 613
232 473
867 495
176 399
952 661
996 853
691 286
880 868
612 84
521 502
974 342
98 48
291 354
581 62
585 471
310 31
141 766
247 952
802 397
753 25
780 449
172 432
694 21
169 450
879 776
764 407
232 268
801 10
510 308
716 243
576 17
448 676
592 447
790 735
206 546
977 145
449 953
788 897
389 414
208 684
337 976
840 792
784 295
590 707
785 873
208 372
110 311
709 864
27 586
671 697
797 785
261 884
678 722
904 387
857 172
208 944
286 565
249 633
697 827
652 471
432 667
777 39
456 621
561 343
184 481
116 298
451 243
808 888
375 423
39 323
892 927
620 925
295 622
210 510
1 737
87 348
417 13
669 553
489 298
423 901
446 179
668 504
481 951
766 919
682 815
756 837
489 100
509 446
943 197
896 375
581 153
785 242
945 621
426 148
839 757
416 752
985 141
750 139
780 943
599 692
722 995
83 967
465 21
101 434
879 1000
407 878
550 417
505 936
857 842
689 768
292 605
60 603
204 895
994 632
893 833
759 702
708 848
990 843
577 967
369 887
458 795
55 527
112 851
279 804
322 799
495 31
802 680
297 824
653 32
299 431
631 792
605 472
513 420
242 821
922 183
239 939
338 823
716 407
757 785
606 656
754 429
953 161
138 341
521 616
316 354
39 83
66 45
20 174
747 621
579 336
169 503
277 114
610 239
233 249
972 243
412 885
879 464
83 289
702 557
833 527
497 488
730 677
298 867
469 315
500 773
217 955
862 531
836 322
56 369
269 128
859 302
988 734
977 584
905 838
560 852
319 31
749 768
980 708
478 792
474 156
918 216
22 813
358 653
475 856
201 357
632 483
850 417
994 59
640 495
456 781
115 545
912 162
286 106
571 170
318 233
942 547
727 797
55 694
365 970
676 227
520 949
316 935
550 722
866 131
673 370
594 236
382 770
119 914
216 106
890 113
858 64
7 10
495 200
740 622
881 858
313 462
199 270
869 191
688 943
557 391
127 360
966 826
318 184
828 823
982 587
631 446
634 244
547 865
636 295
702 361
239 679
561 650
865 473
149 269
86 553
658 326
562 634
457 480
269 35
826 18
999 634
773 696
957 906
267 801
335 396
840 126
438 753
298 131
954 215
167 967
171 738
229 149
197 162
987 285
26 356
999 889
162 914
843 748
407 408
687 586
630 897
210 290
276 354
163 960
27 572
758 252
543 48
296 232
372 694
218 648
513 11
23 815
108 532
148 488
855 121
872 519
232 350
746 630
631 872
578 88
899 810
594 719
682 608
588 463
34 947
772 579
590 8
983 737
709 946
75 67
897 412
603 374
831 955
618 472
910 428
55 148
48 192
27 746
959 459
353 547
156 25
292 540
809 387
101 454
925 959
35 580
403 757
370 295
828 970
355 325
825 990
129 363
359 202
70 765
543 586
981 223
822 319
547 752
951 634
840 346
661 862
876 354
954 477
603 743
455 47
570 75
943 236
227 749
608 95
315 94
20 176
748 43
705 985
959 136
188 98
38 708
433 265
79 558
572 787
92 810
137 671
899 761
315 348
801 569
746 622
817 927
944 428
522 239
826 717
769 549
522 422
66 255
305 238
175 824
818 146
876 601
328 759
673 469
675 114
449 402
365 8
993 941
677 729
716 38
236 83
465 509
822 199
398 774
861 392
575 862
884 307
677 152
383 9
752 408
29 203
826 439
519 19
580 71
699 541
934 711
226 665
612 370
806 915
502 230
889 91
695 790
651 467
963 16
959 230
299 13
667 160
26 265
253 332
432 591
701 356
11 969
287 570
324 431
410 812
270 267
76 241
536 11
645 637
280 825
179 253
769 319
952 537
406 958
626 545
604 90
730 478
962 531
671 597
590 620
65 892
88 105
488 346
926 256
601 17
31 103
259 592
474 846
504 994
462 494
427 737
530 256
846 709
794 408
865 637
752 954
194 616
938 754
500 420
701 277
262 392
956 262
504 741
470 207
557 57
821 523
804 783
689 268
991 139
441 776
413 206
588 46
865 956
170 949
514 66
300 174
579 385
308 243
434 694
595 322
931 527
110 525
731 343
831 89
695 359
670 339
499 27
900 760
877 170
217 65
50 838
205 688
959 149
366 331
649 248
664 6
331 831
138 520
466 883
501 546
419 937
153 446
489 223
191 85
478 971
273 616
599 919
945 842
700 383
72 492
640 365
329 341
728 748
262 233
548 963
590 505
431 883
940 930
236 683
591 654
654 478
999 169
493 228
872 610
906 135
115 3
445 826
867 119
266 186
416 526
83 684
773 512
181 89
829 719
432 360
97 332
13 201
781 780
519 325
90 77
210 947
92 394
67 91
342 354
356 122
184 85
971 179
938 471
88 205
448 965
172 121
807 687
10 56
615 31
405 897
932 913
811 334
913 150
202 938
453 930
612 734
980 579
376 978
608 86
185 206
141 162
984 337
494 217
182 196
753 331
877 508
724 146
880 562
956 197
844 545
107 507
599 461
653 132
650 170
266 919
685 390
869 928
449 603
443 504
149 690
201 329
400 318
977 450
689 627
759 884
118 299
849 897
520 321
554 499
442 771
277 575
187 21
811 831
143 30
451 454
169 425
377 214
629 175
810 118
750 114
864 335
635 140
980 680
757 423
853 740
611 487
577 177
900 513
889 896
542 334
137 454
740 282
339 578
948 247
946 473
112 435
535 601
355 758
175 517
82 963
360 818
714 36
555 713
759 731
217 858
436 394
897 116
615 632
299 42
291 23
23 468
235 588
936 7
886 774
546 754
338 99
467 760
500 379
203 807
462 484
820 769
531 118
604 872
47 989
783 272
288 912
77 228
517 80
619 729
253 7
408 539
576 621
885 760
451 919
79 885
303 143
569 813
137 889
441 195
139 32
821 119
306 471
281 498
265 866
842 471
633 640
997 673
304 772
803 508
341 994
590 769
397 298
490 255
270 264
532 486
392 855
40 793
89 162
857 802
785 904
699 312
497 204
780 437
530 872
862 802
127 166
73 203
688 684
838 254
182 953
137 265
140 458
323 615
341 811
684 769
269 199
563 337
77 310
679 940
964 699
916 969
842 907
585 918
412 855
375 275
655 275
454 417
903 773
633 647
183 920
912 863
251 53
552 106
11 629
487 424
467 984
846 988
824 186
518 474
412 199
109 403
337 266
545 241
985 614
936 892
511 681
627 755
585 176
620 340
961 139
955 871
559 224
884 304
389 295
683 825
878 22
400 327
70 486
11 105
780 312
440 223
134 331
179 511
275 796
326 140
877 140
76 759
197 446
601 311
564 176
143 262
287 267
727 243
327 628
243 310
561 111
892 921
950 469
988 493
474 306
404 414
898 460
670 889
543 246
697 251
739 752
458 692
239 707
295 448
730 910
598 284
544 748
195 671
867 362
285 432
646 45
81 49
692 823
215 820
704 29
644 258
33 291
990 843
562 951
817 72
36 944
459 913
981 271
765 602
325 8
715 613
429 292
288 730
809 65
279 824
74 524
123 525
5 917
516 214
753 561
798 829
994 713
20 250
214 825
288 462
651 842
529 87
248 544
682 89
410 832
961 429
683 300
501 702
557 149
865 547
160 276
893 458
397 476
178 773
945 273
460 422
364 504
408 701
846 546
119 296
76 906
685 485
789 523
867 672
660 177
308 205
440 194
520 279
374 717
712 909
973 657
297 27
930 834
526 750
685 544
985 24
957 879
752 496
834 827
645 428
890 591
897 909
862 976
315 918
893 502
602 837
140 427
544 771
406 811
879 172
913 949
521 145
300 327
944 351
613 944
40 867
880 821
409 784
502 896
303 279
356 280
791 777
507 478
134 191
887 27
809 559
24 785
473 745
967 507
99 746
576 238
203 899
555 185
468 587
864 732
892 534
18 291
419 228
137 15
166 212
10 221
756 130
735 320
869 275
150 39
213 497
971 885
566 746
664 266
363 697
373 212
962 245
775 830
736 840
384 739
916 10
492 691
139 919
617 813
84 933
921 963
283 902
694 766
334 252
817 143
126 716
642 655
509 24
81 464
887 62
327 815
862 452
616 404
250 637
978 317
663 876
594 87
302 805
996 86
29 653
467 932
330 310
240 914
607 648
14 556
163 928
631 456
363 904
929 948
297 844
956 480
361 845
582 486
95 557
747 468
982 319
482 806
324 671
966 432
514 811
622 916
392 168
932 150
709 820
497 738
985 698
101 340
210 178
311 918
167 452
287 306
701 15
786 753
910 252
660 896
588 875
76 201
815 814
310 296
909 437
552 893
770 863
435 152
461 317
956 258
366 747
339 272
808 830
183 695
486 275
962 317
465 624
36 508
359 695
228 587
780 936
701 156
570 865
684 959
457 863
94 644
100 104
380 499
47 352
697 929
595 374
484 157
639 801
237 140
162 808
704 172
729 466
950 438
950 315
958 35
399 402
231 17
180 602
682 658
867 111
303 223
445 153
209 798
714 303
626 337
441 589
698 680
723 748
938 495
358 52
707 76
35 711
200 213
640 10
710 178
432 430
452 821
507 493
531 974
139 891
53 726
941 864
909 689
556 22
152 14
509 759
562 348
255 653
262 971
638 77
295 407
773 565
232 139
30 199
471 748
918 614
285 408
273 615
225 943
382 528
431 279
168 609
691 244
81 755
498 230
713 834
795 777
638 249
249 47
356 962
497 454
310 597
562 227
738 846
395 586
85 311
613 718
467 641
429 259
492 134
308 189
590 671
196 737
556 848
654 545
533 64
848 409
705 101
385 910
61 862
938 466
835 841
701 710
602 174
633 38
456 183
105 901
989 309
295 388
627 961
154 585
507 383
267 556
152 223
839 259
30 694
489 816
300 574
723 207
974 799
551 401
106 244
357 250
92 395
492 621
767 435
927 121
553 848
173 99
79 76
672 810
265 572
948 870
949 338
684 769
115 865
25 687
239 592
374 243
13 673
166 738
275 619
575 203
389 666
701 712
833 764
512 900
895 743
865 297
311 29
823 857
975 131
600 257
49 933
55 918
573 149
464 359
940 758
360 570
687 215
214 644
626 587
553 761
772 364
898 648
509 884
814 977
281 400
86 187
474 233
557 752
965 679
541 262
56 973
703 647
125 361
446 973
866 835
70 397
722 133
139 787
855 582
517 606
990 15
286 969
945 82
550 592
179 581
620 28
553 338
621 546
469 610
826 873
806 938
823 28
777 333
706 881
783 596
892 800
516 606
625 414
911 114
229 892
722 67
397 364
283 343
773 454
276 351
1 855
402 970
607 844
182 37
868 264
402 604
599 625
233 623
679 305
297 933
141 645
117 528
68 82
465 375
501 358
876 732
417 947
116 466
689 282
830 731
975 225
937 340
708 740
923 597
153 650
837 960
8 269
736 350
862 495
984 914
604 257
988 528
502 507
562 271
66 67
432 275
928 933
859 533
562 229
401 143
210 319
210 566
816 38
363 702
223 536
463 460
462 577
937 19
852 953
697 202
548 611
544 745
544 348
490 748
926 78
875 423
250 376
596 68
441 641
819 76
239 720
746 753
982 820
280 309
990 791
452 527
500 441
218 433
806 972
910 992
675 249
725 967
122 571
657 855
538 859
946 489
930 871
310 365
888 691
901 77
215 416
653 781
840 310
610 37
386 561
627 107
612 230
717 395
816 606
122 646
324 780
191 920
231 999
715 610
180 215
947 960
91 364
882 67
231 17
338 559
591 810
718 25
741 180
436 473
191 375
774 578
899 341
494 747
21 19
842 877
448 848
441 536
514 911
458 677
65 716
128 652
322 200
240 416
677 18
774 709
773 992
353 21
827 816
404 152
501 111
125 81
658 760
161 692
485 566
409 705
279 837
454 495
572 659
702 760
800 36
169 850
120 844
41 146
400 879
535 56
85 963
757 43
986 437
72 933
995 246
380 987
519 861
321 775
32 487
713 126
654 906
44 393
298 905
265 516
561 458
341 212
827 299
517 110
623 392
338 912
86 174
528 580
974 916
679 72
406 832
921 390
679 740
835 695
387 52
407 866
627 368
432 819
680 532
468 620
116 830
374 792
562 409
145 258
300 740
601 639
820 622
63 840
846 592
948 100
790 185
307 677
280 232
901 704
431 968
67 407
214 744
866 689
797 117
548 54
72 337
211 524
505 42
597 599
823 415
446 305
287 384
69 670
518 580
424 246
179 302
578 912
835 49
337 208
372 445
306 108
62 835
726 277
425 195
642 286
750 726
995 537
996 209
831 261
232 285
722 334
909 486
88 998
945 244
237 191
655 101
452 373
467 572
949 209
474 748
370 262
686 348
25 94
691 294
769 672
942 929
172 921
414 313
296 90
12 387
129 28
25 774
123 628
602 724
98 345
532 404
338 934
431 410
497 833
335 376
476 29
541 176
432 419
487 455
407 875
294 540
425 567
710 294
411 832
656 216
770 428
228 604
702 689
360 832
574 417
394 443
567 24
774 126
370 807
55 585
306 27
34 553
21 713
759 923
258 445
221 405
702 192
819 502
275 613
708 911
769 343
528 17
452 693
480 898
910 571
307 152
730 22
517 853
165 480
592 496
887 248
735 308
286 741
435 415
356 699
415 708
154 22
741 287
936 253
43 77
93 622
326 462
766 396
673 799
515 661
256 772
371 706
332 139
418 639
671 474
974 712
910 466
598 198
585 231
386 159
139 901
773 538
811 607
64 932
788 596
196 29
697 207
862 211
754 267
49 147
902 39
399 596
74 612
447 902
427 574
782 493
423 262
243 752
901 738
223 130
92 729
359 73
777 430
340 903
399 981
5 60
798 615
435 807
76 649
134 405
590 628
904 890
698 203
397 494
254 911
594 942
756 634
473 516
509 149
911 75
344 477
835 719
873 540
226 581
270 937
948 973
682 896
537 465
462 136
144 925
672 758
253 420
650 843
852 926
683 953
169 387
470 430
830 945
317 240
443 404
52 53
797 546
8 116
736 64
984 473
26 547
949 73
736 211
609 164
339 467
737 457
383 83
924 57
576 580
78 43
32 187
286 235
755 178
780 138
921 693
227 951
230 988
26 871
380 700
724 978
546 618
244 101
291 108
926 583
545 129
307 41
118 741
642 420
644 516
643 148
55 603
912 560
697 163
95 442
151 887
861 506
18 350
140 978
490 599
947 946
410 110
848 530
269 465
685 911
617 785
119 161
594 364
779 484
661 471
711 789
999 111
628 339
16 228
257 975
451 300
470 944
608 137
515 406
850 947
742 154
837 449
852 445
469 270
329 494
468 954
593 786
928 223
427 349
376 617
189 351
185 522
440 491
502 92
553 923
