1000 1232005
5000
750 395
18 27
60 361
297 75
879 885
874 117
922 192
340 694
813 700
961 169
136 855
924 913
756 468
522 782
23 92
865 314
159 985
674 258
457 906
12 969
721 759
544 303
241 829
420 260
940 875
522 206
517 91
904 232
802 221
508 621
449 633
853 696
905 129
99 11
141 296
401 306
789 449
817 56
651 310
390 877
420 249
855 592
277 642
708 877
350 978
881 851
610 979
803 612
854 840
41 633
151 505
816 370
39 663
537 510
279 617
509 303
800 895
991 357
664 642
828 424
852 735
72 416
46 12
614 761
197 662
986 281
704 655
86 207
867 91
328 54
884 313
4 163
761 389
302 176
117 111
79 445
315 917
939 84
460 738
846 940
51 785
829 999
740 451
262 155
252 73
281 543
615 583
246 988
232 216
329 752
558 782
665 545
326 597
993 856
364 366
825 241
769 561
918 628
229 576
797 665
688 431
921 963
474 219
739 145
401 524
934 674
54 701
99 284
524 4
547 325
389 828
772 939
904 361
444 352
250 389
245 271
819 565
948 961
815 840
467 280
354 885
46 544
419 665
851 343
986 26
545 330
287 798
885 559
868 961
596 76
619 815
410 81
454 228
800 203
24 960
308 692
784 525
280 621
94 271
555 506
419 338
902 851
709 311
80 384
93 426
41 375
399 32
610 851
45 911
939 168
205 543
657 107
29 54
590 944
304 789
95 341
781 581
165 141
860 119
204 138
731 820
122 162
871 809
245 694
140 12
996 931
275 152
839 526
337 12
544 717
105 657
798 57
251 201
22 286
664 16
62 403
862 379
728 352
786 716
996 715
253 323
144 524
896 973
218 725
969 643
399 425
467 759
504 725
325 188
6 294
895 546
580 430
787 442
387 723
297 754
404 622
363 392
138 849
571 102
891 967
478 429
912 536
145 649
872 141
930 37
420 249
129 308
668 580
391 348
807 488
201 519
72 446
530 727
772 592
687 739
147 600
699 71
218 491
561 380
938 714
681 456
275 479
749 205
271 675
109 41
950 901
820 774
450 733
846 144
244 683
11 114
884 244
947 435
241 502
613 824
280 232
422 446
70 921
54 87
169 774
596 653
148 186
467 332
64 835
526 178
983 423
700 416
709 785
621 765
546 411
384 969
625 300
150 449
278 664
911 246
975 670
962 684
625 390
544 549
609 918
845 764
190 613
284 581
647 613
61 185
809 536
69 115
957 338
602 519
611 67
681 748
926 737
334 750
992 673
163 566
464 918
335 366
311 779
127 440
70 92
216 297
417 92
560 478
675 159
160 606
415 629
145 925
189 561
376 343
843 944
147 42
9 830
284 318
352 694
18 376
919 693
341 112
641 241
777 80
470 46
478 885
573 999
733 145
383 194
382 122
320 349
247 674
410 652
103 256
371 868
603 903
696 846
324 214
39 543
981 936
240 444
633 785
710 814
534 509
593 963
931 200
143 754
406 741
723 777
337 896
558 943
563 481
795 613
956 777
151 72
842 648
852 97
636 453
82 49
99 614
939 859
668 668
149 874
850 673
892 126
854 291
304 413
1000 519
641 634
268 810
975 701
848 845
753 353
907 343
379 335
924 946
525 927
526 778
144 552
772 9
139 24
786 742
449 180
846 549
913 741
110 867
242 453
692 523
77 979
806 872
629 503
414 528
914 403
89 899
854 927
900 609
163 287
171 822
237 443
851 783
582 209
865 206
728 171
856 64
146 838
822 467
363 62
858 408
619 410
308 330
24 529
497 494
409 453
893 683
177 734
821 144
583 224
56 111
313 109
567 148
885 971
371 962
867 848
475 543
189 252
388 495
925 25
819 366
301 189
913 782
103 780
575 636
741 826
118 120
872 206
377 156
630 528
235 563
683 149
579 828
797 755
693 756
732 476
381 667
661 741
544 276
68 448
432 786
162 638
106 758
148 835
795 141
966 128
432 403
390 527
948 288
493 481
5 447
449 789
152 918
925 362
56 570
644 31
452 343
732 999
709 512
326 112
880 869
461 70
699 438
526 302
839 979
642 399
617 294
349 774
127 741
110 189
349 832
926 748
705 656
271 87
770 900
976 579
199 335
61 294
265 562
816 341
78 133
387 710
542 545
82 662
58 904
324 518
729 81
787 907
497 249
438 503
315 152
677 368
255 109
305 72
342 879
701 350
778 843
550 94
555 463
815 923
518 137
42 565
379 959
109 215
45 143
576 418
402 812
404 898
124 399
217 634
290 193
32 12
592 829
413 207
595 442
193 121
979 165
130 376
439 124
764 329
911 523
700 441
106 586
906 529
283 268
185 875
203 577
519 387
285 675
989 196
941 557
584 561
871 275
526 119
437 65
397 543
223 90
466 925
976 775
725 112
439 956
963 576
340 710
381 37
161 407
377 767
491 850
771 144
553 304
475 567
482 279
946 753
93 269
448 813
50 102
402 141
497 740
78 71
389 872
324 493
923 706
263 876
299 735
548 703
198 673
355 279
664 898
435 436
31 44
74 302
909 931
702 401
594 176
524 64
358 758
60 679
222 518
259 494
794 433
739 165
834 928
616 661
89 479
937 555
475 4
277 44
243 605
253 455
624 791
400 691
447 176
781 577
891 130
639 467
835 105
117 237
714 947
296 126
982 225
746 527
315 823
718 265
490 521
301 247
681 747
96 635
471 283
633 975
943 17
134 52
269 507
906 177
874 408
901 287
426 490
433 746
344 990
685 383
219 5
606 982
636 468
268 138
515 518
608 248
443 13
273 491
768 531
928 111
171 725
729 886
430 328
600 467
662 530
640 962
755 974
375 255
422 745
782 222
956 354
717 200
753 226
125 208
156 736
253 435
687 491
589 943
728 661
792 369
258 338
234 537
997 504
416 580
803 572
676 343
876 614
227 37
955 142
734 929
215 505
799 936
527 2
282 859
636 712
336 896
289 828
10 596
367 607
868 565
356 2
825 572
993 994
576 431
792 518
263 121
74 795
510 831
755 445
84 220
239 670
910 727
701 549
771 237
794 761
469 479
736 136
513 106
566 674
379 174
362 132
703 88
512 199
852 457
444 490
957 852
171 253
17 27
925 954
237 318
725 518
382 69
405 521
114 963
202 369
511 582
439 846
497 507
335 72
217 48
665 417
913 946
289 880
720 878
368 815
987 452
312 328
760 621
622 344
865 802
36 323
495 57
848 630
795 735
473 443
838 449
711 778
28 686
426 248
146 94
142 56
604 58
980 838
497 531
292 422
13 375
210 31
845 418
851 967
525 273
541 625
226 544
85 48
760 868
897 344
435 612
944 583
902 425
431 634
487 923
384 410
438 629
678 299
346 926
794 533
588 731
485 736
41 226
462 631
606 830
443 386
451 15
507 282
156 194
943 924
331 751
476 60
357 596
633 195
603 463
7 834
963 373
247 458
824 958
140 65
237 769
446 938
967 714
55 431
906 570
109 508
156 460
635 619
613 109
515 518
621 904
748 3
206 358
272 134
387 547
104 580
184 831
604 659
205 787
861 216
998 52
962 392
456 316
14 602
989 69
183 455
979 412
85 685
527 682
287 190
520 492
340 451
176 523
76 647
390 991
992 32
545 953
65 856
756 738
357 944
296 774
583 222
747 296
51 261
32 477
399 226
680 449
831 84
487 730
810 967
728 919
457 660
256 103
348 933
319 411
383 128
7 81
134 163
239 462
541 970
170 900
28 903
137 66
981 718
935 349
276 100
741 784
271 170
731 730
541 832
410 27
474 724
241 862
272 698
200 386
294 120
236 165
391 366
602 979
837 71
140 159
728 875
35 400
175 907
306 59
132 95
838 529
18 488
625 630
696 941
932 698
127 526
323 661
332 387
66 618
963 55
494 228
13 606
53 792
95 912
643 36
974 446
591 988
131 912
888 60
606 246
100 204
364 373
105 525
967 835
666 363
104 247
194 404
956 122
777 565
854 770
431 84
725 839
694 587
370 809
208 593
972 85
270 284
47 489
867 13
793 168
411 606
497 612
968 318
931 699
313 443
345 596
932 817
707 761
630 78
503 111
528 669
998 255
931 149
217 343
988 758
1000 158
722 168
70 70
388 611
768 492
3 796
445 603
439 234
702 426
502 611
466 78
627 623
993 993
810 6
943 77
773 790
783 569
101 155
612 294
353 139
223 775
486 724
136 846
376 568
683 424
705 818
405 145
989 578
411 790
89 169
661 608
289 400
64 438
460 848
299 971
131 86
583 808
99 918
677 787
864 406
243 322
545 262
306 676
662 301
214 251
652 26
548 230
465 380
574 929
799 311
420 840
883 971
498 2
189 43
784 542
520 698
179 896
922 322
798 886
929 623
521 880
474 697
256 165
752 264
236 741
804 23
598 670
467 936
421 624
611 995
676 19
681 609
498 824
76 372
713 607
570 194
832 156
149 981
791 509
621 564
384 943
647 900
203 281
107 324
649 802
914 819
598 303
495 640
576 798
276 35
201 886
549 921
260 477
55 513
103 482
113 551
820 243
327 430
69 852
50 359
495 294
807 884
958 405
317 39
834 493
867 80
568 400
902 24
413 64
803 152
517 18
669 322
65 141
250 654
588 105
922 141
36 347
322 8
528 7
830 765
194 692
310 40
597 417
35 566
387 806
729 910
310 9
241 778
994 174
510 754
183 195
130 584
52 69
890 74
288 508
323 823
404 912
474 224
658 354
925 247
97 119
115 447
419 290
474 117
956 143
680 711
16 749
587 598
478 955
247 390
859 721
759 957
846 192
673 113
838 568
626 272
255 786
49 62
459 344
651 549
109 570
944 891
179 353
854 167
691 897
598 697
925 685
243 202
22 684
363 169
978 365
963 875
842 562
497 663
457 418
941 553
751 440
787 59
376 853
594 548
277 227
724 851
664 626
442 86
809 847
858 30
340 288
981 246
611 25
624 815
697 372
984 323
64 416
211 675
273 955
872 795
956 472
43 102
714 540
206 467
102 518
353 116
651 800
299 774
513 165
625 843
936 735
771 342
800 918
845 420
231 73
515 728
874 329
635 112
184 52
374 376
340 507
773 503
491 127
117 439
502 164
461 517
24 369
784 199
397 29
610 707
258 475
758 562
84 371
528 415
520 210
298 786
611 93
619 421
907 375
376 344
555 326
242 707
48 169
221 6
797 887
587 748
456 624
369 991
22 772
590 57
424 575
142 101
46 574
365 70
924 921
298 563
550 5
568 316
122 583
533 305
36 929
227 492
734 12
971 532
848 851
58 220
702 920
889 165
479 575
416 55
142 271
382 250
296 87
713 522
868 121
453 788
723 129
746 290
716 851
4 350
281 294
453 474
238 503
80 922
516 367
59 471
549 912
174 124
687 156
749 851
149 795
504 990
813 5
94 882
646 632
984 541
175 421
230 533
117 422
649 913
787 992
342 417
818 168
696 945
658 142
677 853
842 579
991 323
157 302
494 484
547 521
461 964
435 868
726 911
354 235
619 353
983 875
211 464
667 852
44 14
353 942
269 463
854 731
545 893
149 710
297 127
632 586
969 2
776 247
689 727
504 412
74 622
788 441
429 709
846 973
320 318
484 507
848 419
835 809
37 287
299 665
212 303
768 391
724 569
755 234
881 502
732 155
389 419
563 87
636 280
775 37
517 67
599 979
119 210
729 46
189 1
866 580
165 65
177 487
674 307
316 218
140 492
422 266
829 669
211 790
112 783
510 349
641 186
215 903
300 703
731 215
423 285
618 604
941 935
186 719
317 248
180 962
778 921
429 894
606 434
384 558
559 405
703 971
631 348
162 204
728 728
446 925
923 146
225 917
175 912
597 272
838 53
737 434
716 771
625 198
7 135
318 273
783 245
101 735
814 699
552 793
722 406
566 694
42 567
692 424
74 835
807 921
938 72
416 313
97 763
596 517
932 734
678 222
827 338
272 357
21 772
98 790
912 928
176 284
173 28
762 85
580 899
933 488
981 86
15 111
206 786
500 911
808 199
788 152
314 169
685 487
898 818
799 302
455 878
235 55
311 541
941 488
547 234
823 427
799 682
884 199
243 679
134 263
993 210
631 215
100 33
317 202
988 245
844 70
139 259
263 951
649 503
716 785
888 976
431 101
423 659
283 827
860 568
964 57
127 647
900 979
667 322
382 739
838 135
122 538
448 767
796 605
21 279
572 614
448 97
480 328
570 929
956 706
396 445
792 394
320 115
565 415
977 436
295 433
301 496
348 726
707 659
320 716
132 560
848 44
833 632
441 887
348 694
12 32
128 716
781 292
226 698
801 832
377 820
724 10
753 118
425 198
367 298
917 186
201 467
424 174
315 779
962 738
36 821
51 481
207 932
323 837
536 192
332 351
107 372
82 215
691 259
306 358
853 449
628 768
220 543
363 352
290 53
914 622
571 34
465 87
511 694
602 574
869 551
248 236
649 765
453 866
598 584
875 252
589 411
502 720
24 320
755 303
20 343
523 169
454 700
345 260
575 331
82 354
160 951
907 558
964 188
716 937
730 840
116 523
861 548
103 78
476 46
502 992
15 271
760 869
632 779
292 539
558 755
244 46
278 4
220 553
106 342
367 783
142 216
137 668
572 474
893 81
663 705
86 156
850 139
142 588
868 881
36 791
312 559
668 344
472 912
117 957
460 189
508 734
11 367
598 333
858 263
310 566
727 533
267 599
456 762
234 923
806 102
115 282
111 634
320 800
737 423
15 659
390 556
404 913
805 603
845 656
899 128
424 856
397 936
272 613
316 90
714 946
784 998
886 805
335 768
875 690
34 196
265 753
360 761
622 364
386 201
943 271
794 389
189 470
977 338
190 662
189 322
980 805
374 560
309 383
510 345
333 352
443 17
42 877
506 858
138 9
982 98
383 252
819 751
353 359
948 225
808 405
955 402
43 157
593 574
701 120
748 97
725 261
526 685
349 424
138 899
353 517
73 606
912 170
57 192
907 984
207 672
955 975
179 540
187 632
290 475
919 607
362 195
829 897
460 89
317 503
88 684
884 571
401 81
409 244
210 750
107 7
757 110
622 84
230 201
145 423
5 168
269 832
744 996
515 444
321 164
943 782
191 315
628 809
235 223
698 677
339 104
649 325
529 599
652 218
72 28
828 263
72 684
892 503
843 402
819 897
623 46
344 141
26 894
928 684
754 441
569 712
154 13
968 553
173 143
341 169
788 876
152 229
932 488
182 138
188 414
724 841
719 778
518 399
914 781
678 319
991 549
648 899
257 525
688 431
435 808
291 102
165 4
435 636
260 135
763 170
298 209
895 764
876 860
794 301
844 320
521 847
289 285
923 384
437 543
621 789
340 981
524 526
993 762
830 573
204 499
625 436
283 692
632 3
794 603
915 994
252 93
707 611
26 200
409 889
678 344
75 159
178 215
883 284
703 325
518 954
371 524
287 603
972 773
347 784
166 836
106 524
22 412
411 482
412 532
570 32
500 778
115 154
808 962
4 567
330 732
587 465
849 9
985 189
424 944
246 339
226 795
884 472
147 149
526 898
461 286
217 106
755 912
603 742
734 421
801 24
492 816
768 300
910 102
236 218
229 122
110 240
730 985
53 447
916 771
445 491
735 806
84 474
640 822
436 620
263 687
504 472
882 259
687 176
956 346
707 510
89 852
256 364
465 425
236 219
887 992
902 568
148 78
908 635
14 725
30 615
543 17
258 882
372 252
58 754
143 853
866 228
947 737
316 408
999 431
585 102
914 206
632 132
315 345
186 534
909 736
513 735
283 85
170 220
518 667
845 873
94 77
203 328
598 240
661 307
94 609
540 170
489 233
808 283
10 708
193 833
436 935
977 585
695 135
103 189
543 708
722 979
21 777
957 346
449 711
87 47
978 595
969 672
806 223
207 784
689 613
642 552
814 445
349 869
223 687
795 476
460 583
831 251
103 743
187 31
238 881
70 496
495 525
478 268
928 270
544 934
415 593
546 934
771 725
337 481
568 819
206 448
519 862
56 636
203 708
370 491
783 11
982 464
40 722
528 489
168 360
13 293
86 567
189 55
431 46
797 281
499 406
79 159
561 467
804 244
962 305
984 980
495 377
68 142
178 633
764 303
588 240
483 132
25 471
290 194
336 919
803 340
967 25
313 118
998 921
467 407
895 694
303 901
146 120
973 778
973 306
38 416
959 892
181 938
701 450
679 285
748 949
974 554
463 643
987 492
278 239
79 654
907 924
874 1
882 816
960 37
698 434
707 917
492 355
655 230
607 353
934 421
845 973
679 456
322 494
749 163
91 341
659 452
764 902
417 637
378 613
439 241
132 878
342 104
780 506
15 730
274 5
782 673
741 311
3 441
353 314
180 62
294 978
769 383
808 247
660 88
185 161
321 831
400 790
259 218
6 731
458 248
297 509
820 22
81 524
439 953
304 813
305 930
410 428
706 514
310 922
793 485
526 724
121 919
238 810
696 809
867 708
629 339
677 843
136 677
617 767
614 341
727 573
17 327
273 872
293 540
865 921
445 51
565 837
840 613
725 444
367 857
185 536
727 150
450 888
121 195
251 856
226 396
389 533
992 965
402 355
49 371
39 949
763 330
744 474
233 735
53 16
996 814
485 596
229 176
819 277
1000 717
102 944
694 508
50 734
243 548
262 890
22 760
223 452
369 135
959 378
891 64
138 895
372 214
933 685
860 17
309 219
238 188
645 586
192 786
493 725
171 89
618 619
510 112
455 835
173 652
141 524
102 421
892 645
685 442
55 947
392 236
816 748
786 359
533 523
799 980
294 256
884 706
817 856
252 747
658 569
868 718
616 404
331 718
89 371
882 357
409 749
140 593
569 329
55 510
178 174
10 219
106 838
311 934
297 350
750 45
773 319
126 938
160 704
882 804
656 727
288 733
289 391
970 613
452 436
850 181
571 739
344 930
294 346
546 155
700 636
446 441
827 162
680 126
536 474
352 731
470 58
526 532
435 838
27 285
949 489
165 748
333 478
279 240
8 890
293 782
342 760
638 690
695 240
146 634
867 38
578 808
489 349
748 742
119 556
23 803
947 829
693 655
94 59
241 750
273 458
670 705
574 742
882 198
507 931
219 749
391 183
488 383
585 714
355 462
963 669
232 10
826 910
123 612
405 407
304 785
186 744
944 119
725 160
248 361
337 266
210 503
711 789
663 337
492 455
232 229
66 25
696 801
72 170
1000 229
485 37
486 754
109 374
893 962
888 734
488 741
594 987
980 734
621 193
738 435
875 245
54 74
736 389
672 979
977 14
463 493
365 668
708 384
400 626
742 287
301 609
334 501
706 845
526 518
662 185
415 354
554 960
478 228
307 185
861 537
198 282
554 359
730 562
582 850
773 699
598 428
354 329
955 402
152 739
25 64
736 744
977 301
783 881
404 598
329 987
972 248
823 228
941 503
661 111
202 660
790 581
527 671
216 977
542 399
738 168
910 614
45 293
910 609
8 140
851 262
495 564
108 561
397 221
372 264
383 714
883 36
528 498
786 71
920 986
946 110
846 375
167 57
571 219
899 295
297 338
229 960
157 332
332 96
129 999
375 970
954 248
46 517
786 983
555 428
75 356
334 464
913 439
684 362
747 310
791 162
342 654
693 354
860 123
232 926
579 901
759 314
750 252
558 454
543 405
175 187
388 668
836 960
819 16
438 508
948 606
590 460
139 970
786 568
516 865
829 177
701 296
958 639
963 479
434 521
359 397
754 209
354 608
457 807
458 844
221 887
462 462
307 444
412 504
369 185
379 783
714 907
341 28
386 547
891 358
147 24
821 981
632 363
300 460
54 259
843 794
365 446
483 604
169 740
221 50
209 107
576 661
244 548
649 549
591 824
194 391
636 11
900 774
787 822
123 262
330 229
88 468
12 401
910 719
118 682
289 54
343 490
267 283
196 461
946 117
786 380
968 504
909 874
428 254
532 38
627 582
718 271
772 358
14 260
633 812
446 508
1000 854
475 406
929 75
45 436
505 474
347 82
930 823
286 57
139 207
622 7
435 824
297 643
809 634
954 148
625 619
725 707
404 340
982 416
557 418
637 152
680 112
167 265
301 64
636 494
328 26
669 88
338 527
229 132
580 714
40 925
812 246
596 319
727 836
710 558
639 843
475 655
611 524
103 165
71 948
912 169
118 415
713 801
61 974
354 941
583 459
275 688
769 96
589 41
608 555
350 552
514 448
985 42
254 27
188 294
26 109
146 170
727 391
788 342
123 314
18 803
845 260
373 170
410 73
88 506
648 827
760 917
303 72
70 775
421 67
852 107
187 573
905 647
887 624
176 777
253 973
423 745
89 528
848 326
665 436
237 297
265 842
458 183
146 192
629 415
757 359
54 421
590 780
974 444
302 368
430 51
507 31
799 826
143 58
685 209
196 443
289 732
158 300
561 496
333 854
993 267
140 324
681 367
703 895
535 175
627 156
8 201
978 797
847 408
295 479
220 239
540 132
80 353
666 332
918 216
270 402
380 653
222 786
932 260
113 792
37 221
158 308
487 277
352 314
419 947
468 262
511 137
646 656
206 618
968 709
547 561
820 730
730 866
735 876
960 349
465 692
673 138
458 473
800 969
465 387
571 496
280 191
662 745
264 628
799 587
548 413
702 802
163 957
274 339
321 876
138 903
303 489
438 41
571 645
359 32
88 471
109 371
590 95
576 253
822 482
219 723
293 985
477 459
980 476
127 814
803 145
399 702
160 136
986 143
282 346
146 809
774 3
975 827
10 942
737 276
620 815
358 400
610 357
983 310
692 76
338 517
718 78
525 161
150 413
648 799
515 668
794 578
112 291
988 627
121 577
481 916
454 782
917 517
418 236
259 330
473 827
20 247
915 861
683 593
589 295
385 378
200 805
347 71
717 260
306 199
528 317
307 504
637 652
144 543
508 830
600 665
798 178
4 559
329 88
185 365
505 419
619 439
633 774
745 625
46 894
722 17
232 704
826 435
691 904
24 18
759 440
867 514
957 608
252 763
75 709
475 502
371 793
429 857
613 381
759 147
436 581
583 383
415 627
788 948
741 489
953 933
164 658
267 627
703 51
35 830
782 78
606 180
301 594
115 729
561 86
828 949
376 784
985 472
95 132
882 608
897 169
271 407
296 989
287 415
481 911
354 448
128 160
507 554
385 664
17 568
196 189
593 329
282 35
312 516
436 825
551 955
276 861
452 177
627 413
208 983
49 551
885 781
849 336
880 767
492 307
844 612
535 80
137 24
593 769
464 624
23 105
723 351
542 953
775 953
86 418
509 568
648 691
613 642
447 64
684 110
418 811
599 649
517 909
450 236
714 922
479 987
713 376
837 715
371 525
759 102
460 32
259 266
901 678
583 443
493 126
270 510
379 149
782 383
437 407
210 101
212 790
306 765
921 473
254 906
165 979
174 607
674 152
928 970
960 226
756 379
176 690
165 381
71 777
413 131
971 230
841 710
163 308
479 38
975 921
196 412
76 10
773 106
869 480
344 581
472 14
289 140
600 893
998 918
687 427
658 191
170 765
221 744
283 705
783 333
378 592
716 774
450 648
219 716
842 628
742 532
684 137
784 809
522 387
810 377
320 607
792 852
325 59
686 386
998 331
705 796
925 463
153 959
521 512
413 624
5 182
14 789
134 320
985 913
776 221
840 296
571 286
292 183
833 290
556 829
440 55
598 211
149 210
481 32
792 787
299 939
726 405
521 267
863 465
576 868
466 170
289 983
280 378
681 406
597 231
216 102
565 28
958 365
446 101
954 138
363 549
145 544
455 186
38 968
33 482
153 431
11 375
523 383
430 596
184 407
901 181
304 621
497 448
326 74
343 964
14 837
647 272
227 162
460 453
125 728
818 66
671 708
634 356
130 17
812 304
905 818
450 626
607 404
750 229
805 353
880 228
347 425
176 283
841 551
267 424
865 678
900 911
210 988
816 157
313 830
732 47
690 436
290 249
295 564
895 860
85 386
116 387
330 798
341 15
77 124
53 256
692 474
147 789
15 939
840 629
802 894
756 671
587 722
822 33
866 803
377 175
70 604
843 350
196 637
50 714
739 26
119 797
277 531
213 526
247 103
507 137
10 616
509 105
189 664
621 941
16 257
805 867
27 86
598 421
925 953
144 595
538 504
838 504
866 641
887 785
336 889
452 140
196 494
682 720
785 956
435 861
335 281
663 23
222 634
212 183
23 133
65 121
679 852
47 862
800 614
905 734
247 679
907 269
139 47
76 105
314 53
991 182
304 953
513 537
126 582
818 176
123 804
117 480
525 371
30 227
7 604
312 804
538 53
406 898
67 340
193 328
333 911
37 326
549 355
360 445
487 870
638 167
273 971
943 637
703 958
815 92
420 663
637 477
433 539
902 949
763 256
78 315
178 101
441 824
374 567
353 154
609 143
548 18
78 398
948 690
576 956
683 961
950 379
671 102
505 89
421 334
24 840
44 750
619 708
924 793
488 22
384 773
268 170
14 314
414 555
176 543
418 661
260 89
31 763
715 77
632 718
904 773
612 74
289 120
45 780
704 72
644 981
849 570
866 454
233 787
427 204
365 829
206 260
126 873
274 670
225 259
98 213
161 709
219 317
339 53
84 439
673 614
323 505
796 270
148 805
389 284
267 99
124 344
398 487
984 785
202 922
789 810
54 924
10 516
847 467
687 199
78 366
371 828
17 850
710 867
375 388
769 130
575 802
860 335
500 948
251 740
916 471
930 339
197 805
70 447
350 598
407 760
873 189
439 538
663 977
341 966
440 312
739 535
283 119
566 523
178 968
529 956
715 779
457 544
479 100
54 205
250 740
546 220
954 417
959 46
829 314
539 961
559 154
814 72
108 530
683 170
794 633
413 193
790 320
722 383
684 877
753 522
2 141
504 131
676 678
385 19
379 574
861 339
767 387
529 242
404 748
420 725
273 344
671 916
636 830
46 478
130 958
847 304
506 716
983 407
646 108
214 247
430 75
778 235
306 189
801 821
264 771
215 614
680 76
925 847
810 781
206 693
237 569
550 904
558 5
806 406
409 961
479 441
153 396
291 811
65 612
190 333
122 506
555 91
949 329
376 833
740 662
960 185
621 905
47 517
130 284
444 346
745 341
667 96
817 682
898 985
674 247
995 841
269 398
400 833
568 968
387 860
169 36
288 544
73 192
699 318
825 60
518 577
911 594
142 454
10 97
303 995
744 6
379 29
279 694
940 417
84 264
422 904
39 138
622 361
463 747
602 198
261 433
94 433
574 586
906 215
345 729
726 733
842 894
232 46
803 701
676 10
210 27
416 357
955 530
529 221
818 116
718 349
797 715
975 324
269 13
791 339
45 274
685 510
299 323
985 9
149 86
127 337
87 603
865 295
443 140
325 967
801 88
669 132
290 65
824 136
817 602
803 719
249 119
869 531
800 106
953 460
710 674
582 297
49 474
392 267
635 66
525 621
675 482
708 481
91 987
185 550
22 4
719 761
914 356
404 542
87 840
743 962
591 4
654 826
307 328
830 115
554 487
216 269
663 705
997 222
764 891
210 491
416 607
554 79
347 908
582 259
873 160
452 879
638 165
824 34
836 891
114 257
648 59
422 514
619 314
72 27
300 540
432 44
821 405
121 283
229 147
868 822
258 149
862 869
111 251
720 276
279 79
132 725
30 413
85 933
966 637
457 726
518 503
517 898
735 671
65 74
694 272
524 945
54 486
418 817
301 304
464 748
350 663
55 91
395 954
930 606
663 815
654 904
89 43
84 710
909 489
490 964
248 850
349 824
807 912
824 24
352 731
932 538
42 517
707 887
812 363
895 443
332 380
874 783
669 946
908 625
49 2
74 623
146 700
914 224
577 313
433 339
536 618
857 209
204 786
420 69
926 664
165 64
982 400
580 654
834 417
207 121
958 238
873 871
382 31
351 195
211 748
558 810
612 689
320 147
338 135
213 363
765 167
489 219
301 999
866 284
83 874
561 518
974 32
852 503
461 456
808 585
818 238
527 571
849 1
247 549
727 271
22 273
795 600
325 745
910 305
128 821
712 459
741 75
755 557
655 7
30 226
43 89
268 74
378 719
324 452
675 286
887 809
546 925
260 941
558 288
419 888
247 449
268 757
773 903
878 775
809 987
917 690
24 273
181 494
554 276
475 246
581 264
27 3
789 627
69 744
962 484
745 439
128 908
3 400
293 813
465 330
55 694
882 686
813 634
295 788
374 57
472 512
25 635
872 465
189 357
457 872
765 150
528 960
454 554
249 486
418 285
471 567
514 876
584 81
601 711
955 311
880 510
494 411
703 447
599 494
204 258
673 51
393 424
536 131
902 769
696 914
734 604
111 261
101 253
516 787
462 427
880 315
438 324
995 746
600 200
690 827
816 763
515 965
16 666
622 774
883 866
703 200
102 932
481 374
997 299
709 121
136 858
794 25
255 738
550 107
238 857
464 753
158 904
265 224
258 890
648 756
41 191
799 954
241 404
76 480
403 751
594 125
260 660
926 21
820 913
904 430
975 124
31 530
76 689
712 140
35 675
313 68
692 86
152 991
857 201
393 155
400 686
521 281
724 406
925 842
569 67
788 527
407 443
933 85
674 25
675 553
406 316
936 797
289 898
3 480
522 702
447 213
139 340
180 396
805 720
507 593
138 50
292 530
189 395
161 980
473 168
16 682
925 288
267 242
982 722
38 968
559 812
648 751
958 39
518 29
696 832
874 88
45 12
949 805
585 15
690 473
368 660
175 156
574 506
615 801
610 795
287 338
770 900
310 788
884 74
592 536
111 342
949 216
937 190
138 254
250 274
5 731
809 969
634 791
614 64
894 317
255 487
170 268
335 1
904 898
656 395
665 66
789 445
152 136
221 180
408 152
354 550
93 256
650 306
224 231
592 38
752 62
526 881
702 954
208 861
748 560
911 416
672 473
852 724
575 972
722 189
844 374
815 416
71 868
903 495
241 693
388 289
532 705
464 700
411 491
210 29
528 283
388 716
485 883
263 925
565 789
675 339
374 854
257 56
556 967
586 623
218 754
399 556
964 266
423 839
456 576
921 442
204 64
596 229
754 308
102 88
724 759
293 785
609 838
129 26
617 158
144 92
512 188
486 928
290 589
430 510
155 987
490 392
843 839
802 113
126 65
5 365
482 960
443 22
326 951
36 64
578 390
750 630
202 120
455 260
333 809
845 63
114 426
500 252
447 598
752 905
67 755
209 865
196 371
39 925
685 344
253 669
508 505
921 830
639 210
399 606
45 779
949 610
309 4
69 802
789 786
541 663
140 259
954 604
251 418
888 701
254 331
243 519
813 371
920 150
78 117
369 452
184 230
17 149
174 356
187 797
212 513
521 44
10 310
318 584
42 298
943 753
979 986
569 12
813 432
245 225
741 565
469 588
180 824
549 68
738 190
714 200
551 159
255 459
366 972
755 978
23 586
648 33
816 315
932 472
471 217
935 576
201 533
495 832
123 376
783 885
599 83
732 787
400 410
290 306
639 998
908 19
661 4
441 190
677 901
99 641
864 511
739 585
959 287
86 990
578 10
55 847
600 228
441 189
287 140
631 474
898 945
732 290
368 412
654 809
811 749
47 191
436 150
993 292
542 772
502 141
664 693
65 792
311 865
967 681
889 20
858 31
424 191
307 227
354 311
983 280
49 814
927 83
992 287
649 561
958 885
157 65
277 448
44 698
547 275
524 999
584 340
724 261
623 865
720 485
303 337
883 479
707 368
426 830
210 330
762 575
254 43
420 143
516 13
596 416
864 624
504 247
69 308
569 933
192 853
193 923
795 350
387 732
573 888
271 647
936 908
117 438
644 674
647 914
656 626
936 691
672 673
9 867
54 369
661 66
444 715
3 873
514 270
749 795
629 330
46 516
401 680
476 994
893 818
472 726
236 731
595 620
383 472
523 957
854 588
311 859
204 655
539 240
123 316
920 917
211 901
554 154
185 242
297 737
774 106
654 857
88 353
2 672
390 667
755 670
598 982
710 450
273 389
243 145
32 340
453 677
561 380
640 640
159 403
749 996
569 875
528 980
702 774
592 610
831 881
308 859
772 977
702 567
791 695
396 569
828 474
90 999
600 707
457 27
337 239
496 576
25 775
682 136
373 357
290 952
956 354
949 89
170 555
487 457
949 390
103 995
702 493
210 953
558 287
437 134
826 357
863 100
249 496
762 220
852 98
905 435
981 38
25 102
613 226
42 90
952 849
541 760
740 235
915 723
479 292
100 670
263 510
302 397
907 227
962 766
274 384
771 272
988 347
896 450
833 301
569 398
198 193
964 99
539 860
812 822
891 17
317 834
641 636
65 374
546 573
766 963
258 645
955 617
922 828
728 97
790 701
927 896
405 125
114 475
758 93
390 532
203 412
7 561
606 25
833 416
765 491
930 106
994 906
280 596
966 816
754 143
368 680
144 953
718 250
195 868
229 392
307 762
263 813
195 336
562 982
347 38
905 814
6 513
32 646
325 682
161 644
13 522
706 742
544 214
599 921
677 967
364 918
695 188
12 563
944 485
246 267
951 190
754 170
218 310
879 541
434 399
453 318
461 133
143 686
189 165
611 842
641 420
457 112
511 366
35 167
704 684
383 159
423 472
421 88
651 22
69 442
647 772
616 11
679 577
123 497
526 53
631 609
839 304
640 730
576 123
150 844
531 903
787 538
90 620
389 604
676 109
520 734
623 888
284 868
370 1
656 13
766 100
5 490
97 370
927 999
530 973
713 441
31 770
470 562
537 304
142 38
493 459
485 308
564 180
483 684
663 842
353 377
212 345
959 159
613 763
930 641
965 609
117 984
441 473
129 646
310 698
478 536
790 969
519 821
370 730
328 459
965 588
586 447
367 489
997 154
976 803
992 641
905 432
716 27
440 533
957 476
515 547
443 308
650 758
408 763
79 32
654 657
757 917
190 890
209 405
187 284
713 73
92 728
327 412
216 936
586 557
849 474
541 594
422 995
315 918
94 368
321 398
220 216
412 209
978 140
104 200
10 420
297 415
805 514
611 13
466 168
412 851
238 943
984 17
603 345
279 292
242 672
869 666
977 958
316 342
302 28
761 941
793 264
430 785
827 558
80 667
374 894
537 106
96 525
531 576
861 773
378 167
400 385
78 943
117 384
757 581
475 700
468 11
67 800
165 511
11 699
158 383
207 906
990 868
458 278
470 746
812 98
562 279
222 355
350 116
48 990
945 930
90 900
66 889
632 88
33 611
232 771
472 514
13 683
277 153
786 639
995 425
389 122
649 676
61 444
590 429
819 706
954 311
696 148
328 481
553 89
728 945
328 598
590 264
886 73
916 134
264 43
897 268
925 572
845 179
454 502
789 129
237 583
236 34
965 585
391 829
169 614
765 571
838 521
202 849
457 86
233 296
811 567
888 308
525 759
944 991
248 963
349 521
853 117
940 455
543 99
551 579
791 111
341 682
440 615
235 704
273 928
111 709
687 404
543 98
499 459
543 353
312 341
874 56
401 563
686 27
156 648
850 670
96 728
313 446
3 113
722 535
484 855
600 163
787 618
466 982
878 932
303 517
855 614
525 794
557 591
443 543
579 407
53 576
832 849
771 76
264 285
641 896
363 226
320 744
758 998
484 716
182 508
264 796
698 768
76 19
484 945
673 433
573 635
772 780
640 897
671 570
504 127
988 884
776 173
8 770
495 777
301 287
380 205
239 178
791 493
438 725
919 49
460 106
857 215
507 797
278 814
823 5
13 983
861 685
101 291
559 29
133 372
734 255
885 532
734 645
872 215
475 230
14 794
618 74
383 655
255 480
353 773
284 21
935 463
572 880
455 463
186 693
676 419
819 993
382 949
765 924
959 416
715 552
663 757
826 709
341 87
904 418
960 379
411 91
329 304
511 423
97 313
197 188
820 54
485 983
467 387
690 113
242 171
619 179
31 217
755 508
736 548
135 340
63 3
589 50
900 500
665 844
581 507
1 155
611 299
458 243
963 295
580 260
656 229
678 107
193 683
941 949
26 176
45 207
63 694
891 148
567 969
950 682
432 979
947 19
720 735
845 716
652 934
137 828
802 738
904 18
139 876
674 253
392 490
459 926
50 449
688 518
486 325
922 344
851 762
487 778
35 889
150 707
188 129
332 629
762 929
512 769
420 162
31 561
262 151
909 646
239 411
427 982
493 317
231 321
236 12
889 389
982 350
20 830
186 159
442 758
922 574
404 672
573 69
622 425
714 756
45 163
611 38
129 149
366 695
183 785
894 308
765 979
171 472
170 559
992 14
412 377
445 537
46 345
464 634
23 838
979 636
78 191
533 955
390 708
667 857
456 945
226 499
373 595
141 248
678 24
495 21
961 321
458 397
769 410
771 750
45 285
290 754
917 205
799 23
239 342
108 758
792 879
364 857
59 735
259 926
589 307
831 727
873 141
677 787
252 141
83 832
931 278
937 972
70 189
901 785
107 779
149 897
178 680
523 556
52 165
745 684
609 741
535 305
114 509
967 235
435 786
581 627
919 44
433 522
738 667
582 110
870 487
624 932
902 405
341 304
708 372
899 955
927 564
801 348
822 215
826 989
250 344
260 177
930 636
926 8
43 449
865 448
699 207
983 99
316 326
365 990
684 70
537 439
132 964
234 636
590 223
330 467
367 213
622 396
103 578
714 212
488 360
957 957
317 247
573 559
350 575
468 88
858 207
211 848
442 298
154 59
765 303
350 589
856 684
518 601
684 676
124 373
823 175
185 876
129 415
861 164
33 299
62 465
207 565
634 758
502 397
393 702
206 737
448 935
454 566
598 109
384 500
430 427
647 176
179 192
655 870
313 558
774 428
695 147
80 982
110 533
735 79
764 34
825 896
251 123
396 641
47 20
731 370
263 395
716 341
913 321
35 328
768 731
3 308
926 408
842 447
296 515
595 545
191 937
378 343
303 827
583 72
723 112
853 310
451 512
836 863
255 322
664 905
590 823
672 827
723 25
110 268
775 859
538 769
669 519
226 929
183 522
155 487
201 577
872 474
456 980
134 466
779 242
44 79
194 657
250 471
150 446
310 243
592 40
731 637
585 469
913 301
609 354
878 669
63 900
885 871
136 677
593 867
277 464
768 351
214 462
937 802
874 787
644 588
191 231
729 79
396 711
56 445
885 433
741 161
658 117
538 173
253 136
988 440
249 98
925 745
851 404
338 287
118 475
897 990
442 996
834 213
489 167
452 462
189 152
25 87
696 327
525 621
880 341
15 335
476 740
143 701
454 760
464 325
249 603
721 183
5 670
825 357
865 887
395 893
452 539
270 478
793 451
769 81
85 146
274 982
790 51
776 147
40 606
357 868
224 979
515 36
939 338
48 296
624 806
442 172
232 982
578 823
289 615
652 422
976 686
758 416
587 490
437 854
578 568
518 719
715 910
394 729
196 4
849 473
66 92
326 325
492 832
21 194
938 524
168 951
362 206
172 217
345 552
529 143
101 893
213 332
303 788
982 462
815 640
223 109
824 337
124 280
350 953
423 531
458 31
135 151
593 822
779 243
139 857
439 419
898 986
445 72
128 908
135 170
301 864
903 227
920 354
437 536
829 158
196 648
706 514
608 511
672 859
152 795
529 349
270 273
931 218
419 542
43 945
384 329
593 559
693 627
476 180
852 642
774 641
516 86
868 614
378 200
755 754
790 150
849 891
349 870
722 816
852 380
637 320
537 974
768 836
8 422
364 875
705 205
743 166
980 909
938 783
779 433
972 248
166 563
699 504
735 226
891 616
116 821
628 984
649 786
511 983
773 169
144 240
721 633
360 533
897 72
316 977
696 178
310 328
890 83
505 290
968 669
810 183
631 23
213 556
372 116
38 809
45 151
496 312
674 30
211 72
640 484
118 453
875 592
373 400
481 969
558 695
147 9
628 704
236 223
408 562
102 21
627 885
152 852
993 284
299 513
121 667
41 622
630 407
618 393
975 880
38 317
705 402
828 826
168 25
666 69
626 382
455 180
777 319
847 605
630 817
501 443
876 898
963 814
111 971
536 365
122 830
182 779
874 209
120 64
10 927
679 779
932 717
291 521
353 213
37 687
353 560
846 410
99 985
854 948
88 271
850 606
920 245
611 756
657 470
696 168
217 901
286 704
368 451
136 475
640 683
510 494
319 681
525 235
550 118
38 291
196 290
365 260
847 901
458 635
855 867
832 646
201 984
900 492
998 658
686 82
150 581
388 908
772 604
48 356
715 277
716 849
666 389
110 630
832 551
692 220
91 310
584 332
409 593
898 152
757 364
400 219
703 948
462 362
928 40
6 917
471 56
484 294
313 569
159 816
872 922
552 232
441 693
576 943
888 612
431 630
506 875
445 173
575 461
13 239
788 27
997 648
916 500
985 68
10 781
1000 31
151 45
784 808
865 445
724 441
19 985
137 867
572 76
173 981
579 823
105 914
419 52
703 711
239 474
328 86
647 251
774 930
591 64
564 310
869 693
964 767
365 344
550 15
972 498
446 754
445 801
320 451
709 522
933 425
883 480
563 386
679 496
376 556
674 702
541 787
512 659
756 585
105 735
123 966
32 881
778 936
84 960
631 852
12 275
493 269
88 829
49 14
567 66
404 199
73 811
454 254
632 716
121 347
174 747
293 701
448 844
739 51
183 830
682 335
33 793
633 647
851 733
132 471
955 332
607 541
114 890
566 550
778 310
246 942
325 772
768 697
733 364
201 232
505 686
355 815
943 73
609 278
822 107
884 271
389 398
879 747
591 158
150 395
35 985
435 514
539 989
415 849
937 349
407 581
336 527
759 598
53 134
241 226
576 492
199 955
422 770
115 168
186 592
361 870
741 547
427 83
174 13
938 622
781 81
136 875
676 339
571 417
20 92
582 945
674 125
588 13
976 261
171 974
766 447
753 718
7 730
861 991
345 311
427 223
456 494
8 942
422 763
939 172
846 831
619 745
530 821
523 316
185 181
824 942
117 236
416 495
990 499
207 566
648 408
481 611
66 483
102 335
771 918
747 897
557 383
16 673
519 562
250 836
691 760
235 97
118 552
671 35
393 660
476 662
48 825
530 135
990 100
773 755
729 63
247 886
570 416
154 754
53 150
452 299
984 114
546 526
413 713
845 832
936 27
782 772
698 729
381 711
951 728
196 10
446 537
50 483
401 633
300 199
739 738
636 513
313 483
340 914
649 410
1000 144
155 370
776 668
249 981
467 920
798 23
13 760
489 556
125 443
914 363
191 219
341 378
379 81
161 512
221 897
38 107
436 865
61 526
16 882
201 714
69 285
121 480
450 297
153 510
840 807
699 922
873 717
995 244
4 575
106 674
821 372
454 280
393 510
387 608
474 719
664 806
704 224
750 34
160 949
18 500
952 753
864 28
46 597
479 848
870 998
8 465
470 937
530 180
114 581
474 557
304 931
609 806
287 855
963 381
686 543
350 955
660 837
132 720
469 664
846 288
395 383
904 237
802 479
374 294
719 781
263 459
146 522
138 780
659 954
301 700
194 988
426 909
908 830
56 231
179 306
288 171
345 873
176 327
945 409
371 449
952 214
466 433
209 99
319 204
937 427
428 103
90 589
389 777
208 426
182 220
919 306
438 313
931 627
537 515
525 128
877 641
206 278
994 307
391 448
413 795
442 107
733 63
56 941
6 418
99 488
773 203
289 868
747 726
310 516
58 3
738 145
184 637
864 645
116 695
750 944
403 90
968 125
830 44
430 749
682 184
776 225
796 82
614 494
513 8
343 981
60 42
476 679
540 978
688 821
541 410
458 338
405 91
952 509
963 755
201 389
173 72
819 629
873 489
177 362
357 946
642 549
556 4
462 1
129 821
307 49
422 414
536 661
132 784
37 644
110 407
336 864
484 482
112 558
665 354
487 74
557 752
419 987
631 332
708 108
715 118
383 253
715 560
237 17
194 320
830 862
412 30
865 607
773 289
71 341
256 757
639 585
450 379
404 939
274 746
726 765
676 701
933 317
467 342
152 225
787 194
765 611
116 304
390 200
929 797
296 360
786 585
961 786
106 300
333 448
848 980
373 113
787 538
49 751
490 405
272 315
995 364
351 359
494 737
843 822
285 246
941 64
776 490
333 177
566 30
754 874
454 934
474 952
979 668
701 643
148 888
122 975
983 643
188 696
473 220
336 760
822 318
330 818
736 704
626 807
869 90
524 257
889 524
215 205
878 939
443 448
427 821
785 536
14 460
448 582
741 124
3 543
148 985
210 430
225 271
662 716
847 295
189 400
210 304
304 606
20 290
539 154
991 941
797 850
690 682
292 832
457 259
816 949
775 199
283 555
161 537
719 581
607 351
906 753
135 313
882 398
28 887
361 749
14 736
977 337
869 833
493 246
517 128
526 914
818 182
948 199
169 305
436 957
750 161
464 217
331 696
634 12
780 62
497 932
348 852
842 476
811 206
508 206
150 578
562 706
1000 292
373 344
892 156
45 702
642 597
34 883
473 326
412 419
767 347
120 617
491 36
155 231
845 255
166 531
718 26
521 386
625 949
582 930
595 684
770 490
930 745
33 464
803 222
126 200
416 913
129 114
703 318
136 195
528 227
506 855
876 994
365 900
946 233
208 59
