1000 1296737
5000
117 495
197 877
88 810
298 634
144 314
210 303
692 668
771 400
325 711
456 20
926 359
417 685
405 957
64 123
430 443
994 19
355 58
498 501
659 107
995 863
497 860
887 316
966 256
447 477
352 720
406 22
596 130
567 225
527 259
307 959
742 526
409 395
55 851
615 720
813 255
540 856
243 950
471 143
599 984
788 979
184 261
132 826
695 936
124 385
781 60
815 900
182 50
477 683
100 464
269 473
531 94
691 345
77 369
115 367
386 841
81 640
107 19
604 610
771 984
217 380
856 340
217 574
426 706
557 552
302 986
97 671
276 366
889 435
263 961
538 290
647 767
671 909
440 806
776 882
729 788
955 630
914 116
609 793
264 49
863 543
834 22
252 459
183 572
205 442
655 881
400 559
164 31
704 723
648 530
967 88
950 199
181 73
977 345
357 974
809 270
322 717
515 179
47 792
234 899
991 787
420 931
468 831
993 863
298 765
460 483
320 109
529 768
51 674
449 684
621 767
662 744
479 896
754 529
427 794
567 404
806 920
451 631
367 991
516 303
556 865
426 179
587 701
48 958
216 627
818 99
89 944
823 764
24 888
38 543
464 533
719 217
322 462
325 978
66 146
633 679
645 729
697 186
119 78
21 872
722 268
594 706
577 26
848 267
924 794
878 644
668 559
406 364
816 688
317 121
17 462
313 992
322 525
487 256
526 39
368 579
310 188
220 363
151 66
481 130
727 829
510 862
561 962
635 17
20 718
545 756
840 903
49 672
466 528
690 668
491 766
10 982
414 764
206 983
565 41
897 143
900 955
67 130
325 354
261 849
607 864
264 462
45 958
378 649
645 139
278 802
708 116
675 637
526 304
981 668
293 79
841 686
935 130
593 480
295 44
254 59
250 324
239 342
11 853
882 62
693 363
121 810
881 483
620 125
700 892
520 109
915 16
568 326
872 683
824 351
351 514
832 218
528 728
632 725
849 924
736 735
723 577
686 163
106 514
212 260
989 459
732 629
951 444
742 37
194 680
533 663
646 462
577 497
922 687
905 474
833 455
558 630
96 910
535 614
371 874
650 98
310 437
300 940
22 441
869 263
280 445
529 871
98 748
226 300
890 245
162 437
148 369
60 368
127 790
117 371
323 714
293 678
410 599
309 457
669 608
225 591
504 596
536 174
419 566
657 189
481 260
145 219
456 393
280 133
108 944
731 691
959 92
954 121
678 787
682 537
977 651
491 687
693 998
992 521
686 532
220 632
657 269
641 149
185 45
791 385
328 690
675 695
724 863
129 874
38 20
201 842
547 814
13 770
864 778
655 584
77 132
259 231
660 121
643 337
770 22
329 475
821 460
426 340
58 563
4 215
857 710
55 460
241 758
368 630
85 938
120 996
71 354
170 345
992 456
610 357
395 774
847 434
629 65
336 105
2 270
800 120
604 907
798 461
700 713
476 34
918 429
302 636
271 241
888 4
944 762
727 375
470 726
272 74
615 718
496 370
691 813
145 734
426 862
941 482
918 612
901 709
630 284
189 254
955 634
291 69
11 42
642 537
55 496
382 874
956 449
142 842
972 927
724 577
812 201
740 861
667 149
377 580
796 112
258 73
449 915
431 950
740 43
706 162
266 827
207 145
415 662
988 388
306 937
49 225
182 991
932 574
657 469
708 379
461 102
679 640
830 604
767 735
710 309
628 352
121 972
783 368
606 718
481 959
988 981
376 764
689 174
90 711
302 927
207 353
973 705
567 322
375 569
786 962
625 572
413 374
928 608
433 763
492 273
857 442
631 907
447 54
299 796
420 515
397 897
290 647
734 799
474 451
821 751
490 886
969 288
61 669
918 317
578 505
664 965
101 453
966 394
671 280
400 673
80 9
471 489
392 531
550 457
52 836
373 228
851 172
440 691
677 117
702 672
768 538
472 729
366 756
849 980
405 575
769 482
173 452
801 884
907 301
860 500
419 170
708 653
368 95
350 808
518 361
451 594
386 491
693 862
843 258
458 836
357 998
506 22
951 97
375 760
231 847
875 334
215 897
66 340
909 745
591 564
646 773
565 248
951 295
121 882
89 817
237 117
601 22
80 119
963 506
740 700
602 625
464 856
237 687
942 606
129 212
159 751
840 971
169 413
743 627
944 753
813 26
861 331
36 287
55 864
668 585
107 875
655 224
871 664
391 301
806 833
662 48
905 874
25 838
333 645
98 948
293 48
103 654
374 281
545 138
639 554
300 452
223 178
458 1000
914 964
558 242
380 4
261 832
904 230
343 95
981 839
760 839
764 817
5 526
879 490
535 998
965 652
450 511
452 103
315 408
672 414
341 687
395 249
728 782
829 123
80 460
371 672
302 401
742 997
121 815
465 29
691 829
564 75
395 57
847 184
537 193
721 913
707 353
353 878
147 763
524 337
191 740
8 303
117 146
150 112
275 569
815 924
795 434
337 6
374 288
837 966
650 172
434 411
157 186
875 720
28 132
111 919
815 253
894 175
395 249
899 293
493 735
776 658
335 502
906 492
225 528
520 600
414 773
33 459
781 724
300 86
201 612
322 722
49 517
360 317
862 278
390 325
554 627
595 84
785 81
438 702
129 37
800 762
476 244
903 907
987 591
181 259
865 138
144 204
325 996
494 354
595 696
197 306
859 563
597 71
92 857
891 438
356 439
941 141
36 858
956 165
283 705
743 556
87 583
464 669
900 819
124 665
772 389
530 626
171 798
669 655
301 242
492 602
479 301
425 593
893 586
538 102
79 285
369 361
854 27
152 322
726 57
783 531
123 538
758 872
105 36
950 749
664 578
595 894
848 747
590 634
104 241
261 477
902 63
598 974
627 348
104 133
798 834
890 165
535 343
168 80
667 649
536 902
537 468
461 760
663 712
428 753
64 339
803 442
293 683
238 469
265 330
912 418
312 255
776 342
350 903
77 735
144 170
226 535
596 653
215 392
628 131
175 42
602 112
249 852
647 356
566 952
338 494
652 645
310 220
463 148
272 253
247 996
520 739
690 775
522 610
752 743
439 527
251 558
195 768
509 887
743 536
828 666
881 158
827 346
745 891
816 88
70 79
429 525
144 523
549 741
171 574
144 395
10 628
261 411
285 192
766 899
333 762
607 583
740 311
168 611
998 506
917 494
220 362
478 588
453 87
869 956
350 123
98 263
334 856
431 118
848 271
816 686
45 375
67 66
978 264
135 246
218 737
606 406
8 701
588 75
188 899
899 723
601 10
487 639
108 312
862 226
158 287
719 976
277 85
271 279
698 926
960 259
20 543
103 230
71 542
772 439
36 926
63 381
219 657
835 393
543 225
310 634
499 663
785 994
816 341
519 642
794 598
735 586
71 442
126 89
597 26
555 337
604 952
14 806
715 423
517 469
217 831
598 945
61 996
824 645
70 188
517 282
139 177
510 54
274 606
855 380
721 446
333 365
272 639
110 666
411 148
779 75
431 435
764 539
916 867
724 425
661 911
292 2
714 700
851 723
971 468
830 497
899 937
350 853
856 473
951 693
48 597
89 97
654 78
662 485
511 10
703 335
606 882
3 657
158 259
818 609
548 5
401 564
681 504
779 512
357 82
238 425
201 643
713 297
257 669
833 22
357 83
864 700
800 207
840 454
553 910
796 442
143 67
88 159
543 863
730 817
563 846
148 360
786 565
218 619
941 134
532 286
149 811
449 431
613 303
192 328
122 13
740 274
607 660
609 421
270 3
779 904
572 893
594 328
915 239
993 793
934 80
771 684
1000 786
636 898
502 720
939 982
592 880
146 816
906 130
491 979
3 504
157 69
345 455
373 913
385 356
490 890
818 422
343 586
513 516
466 835
6 615
951 874
226 68
935 20
19 770
504 819
252 777
770 647
378 450
147 139
291 496
625 2
992 630
65 721
360 270
549 526
945 1
620 805
632 3
298 266
702 666
592 80
173 741
792 651
546 23
827 334
800 339
587 41
511 756
863 701
264 93
991 499
856 84
228 997
704 888
159 743
554 326
507 965
911 514
411 678
848 779
2 609
706 108
884 123
551 429
767 212
421 563
810 859
234 168
901 920
863 350
285 146
71 88
627 776
453 913
455 892
505 932
880 618
591 233
751 207
900 980
925 919
990 612
425 261
53 87
735 119
923 44
397 288
136 53
294 241
527 28
755 123
516 160
403 360
486 878
98 650
17 951
726 609
908 677
954 708
894 959
738 142
685 794
751 530
726 160
787 280
862 104
812 631
99 617
309 684
845 294
12 729
35 339
310 212
175 173
780 687
400 500
759 29
956 366
966 339
55 229
297 43
176 243
975 167
867 299
55 936
712 276
844 243
367 618
548 164
101 227
872 566
972 857
107 98
283 946
366 503
319 288
401 295
616 593
527 722
64 150
804 322
451 934
770 272
709 333
939 408
624 151
559 651
874 649
647 649
929 523
294 673
765 33
140 820
121 929
81 672
942 811
530 660
673 261
76 422
943 190
257 646
396 159
403 268
718 148
286 551
657 613
647 94
104 695
612 214
905 841
870 214
870 578
976 802
82 768
890 620
612 911
565 36
169 897
952 805
644 231
803 227
795 802
494 657
637 912
192 232
671 694
712 501
977 722
479 915
460 919
524 652
796 269
898 103
315 844
493 931
88 919
621 671
802 356
501 799
336 441
354 788
665 435
783 70
755 4
730 189
94 162
319 484
684 793
301 6
447 751
469 623
488 308
803 864
693 936
201 501
976 432
921 4
940 573
549 622
313 167
861 971
124 67
634 82
518 530
164 277
917 332
732 54
933 756
386 191
122 799
299 119
110 154
553 368
260 216
515 264
626 588
667 334
31 37
320 881
728 54
339 922
342 909
114 821
988 119
994 137
460 154
571 915
985 872
282 819
926 9
115 632
309 976
477 650
833 839
717 502
32 597
898 340
145 193
865 752
962 502
973 47
869 784
584 867
139 921
540 986
326 787
932 123
619 211
245 195
126 207
938 530
775 69
943 236
154 667
943 720
373 368
882 692
297 936
227 226
972 96
696 321
951 744
570 880
784 286
262 641
445 739
158 161
300 273
917 819
458 250
403 60
102 451
294 505
133 960
502 655
388 925
31 737
334 251
974 397
448 945
58 694
357 438
397 740
783 955
604 198
66 547
899 636
892 642
366 460
839 43
705 403
975 182
339 787
522 841
679 752
597 549
520 199
276 435
24 461
215 286
195 264
51 250
260 810
170 60
264 934
705 369
404 778
563 84
328 823
141 635
405 204
640 89
140 436
517 261
631 112
834 405
677 247
159 937
218 435
577 226
17 552
422 445
882 962
595 217
512 398
79 927
836 531
135 33
175 501
983 917
487 196
305 744
589 954
481 1000
460 297
92 274
969 971
876 63
913 758
828 441
372 607
878 942
962 51
369 466
923 903
467 72
761 784
545 486
928 646
779 611
125 435
204 958
150 741
624 824
295 428
411 839
664 466
60 563
387 626
921 680
365 404
937 208
765 349
584 479
52 382
916 422
691 494
20 181
850 525
861 893
338 721
533 243
166 420
545 460
119 471
987 93
187 657
787 985
456 807
957 628
182 11
744 200
438 762
230 569
850 232
182 503
977 963
581 623
200 467
732 182
247 43
728 870
610 829
193 569
65 529
824 531
585 798
581 512
946 383
692 669
108 67
305 352
148 897
967 489
185 362
266 522
230 166
239 942
760 508
301 518
190 783
952 867
196 406
663 786
647 675
316 410
582 727
260 440
653 481
493 743
992 697
480 156
889 799
88 705
543 387
601 272
340 870
535 624
848 162
96 119
445 148
393 15
768 256
150 547
955 393
190 640
986 657
214 129
504 414
946 570
536 434
608 653
364 490
248 137
340 546
789 571
988 566
188 548
739 455
689 94
379 833
959 631
329 178
873 695
716 790
87 525
50 59
629 502
499 751
407 630
714 290
216 346
222 539
290 554
818 472
769 645
217 305
244 646
535 878
216 976
313 486
727 630
348 336
185 222
735 94
806 914
550 924
104 724
786 896
962 839
646 904
146 491
453 394
353 384
397 392
450 676
29 479
2 434
319 356
86 693
619 547
597 874
167 996
480 807
805 454
36 379
982 607
934 448
203 994
985 568
543 821
489 232
142 460
104 834
559 580
38 555
640 828
630 74
660 333
733 233
417 102
509 107
557 401
794 525
380 233
637 105
351 86
881 372
408 219
838 799
721 189
82 9
612 696
513 743
779 824
114 916
423 425
171 627
560 445
842 298
546 709
720 430
425 528
175 986
210 687
735 586
981 225
272 154
547 10
698 858
541 649
255 9
747 296
732 754
670 469
650 456
748 497
389 204
437 197
597 261
976 561
522 983
609 724
861 555
711 154
79 773
280 491
979 59
744 498
735 990
107 123
867 47
910 724
765 691
183 288
425 445
487 744
638 465
635 831
456 665
728 600
376 937
945 869
339 873
227 595
527 49
176 58
975 905
441 498
148 658
669 621
306 791
146 23
198 491
508 704
613 236
503 505
636 781
52 208
206 72
633 500
306 519
86 294
744 687
24 887
40 486
332 614
70 7
76 750
684 329
176 878
612 31
290 440
732 251
192 560
805 836
518 369
632 337
632 518
828 709
308 732
486 109
372 392
989 857
333 528
812 654
509 917
302 245
576 570
508 894
651 568
551 544
37 80
823 769
760 154
423 135
775 34
514 346
604 902
143 733
670 804
17 125
477 586
581 214
77 500
95 635
217 816
592 619
130 960
391 652
957 407
19 456
45 12
825 297
886 116
540 862
651 628
969 137
64 222
39 273
397 813
355 321
926 541
549 388
804 60
371 272
720 611
145 160
470 329
550 939
94 693
973 758
403 957
382 292
718 961
613 459
970 482
545 266
750 398
891 231
153 153
821 639
257 251
109 300
142 797
238 904
53 153
850 430
121 602
574 163
841 666
863 632
384 30
657 984
671 14
491 445
127 780
178 943
132 226
607 161
963 441
53 802
379 180
59 35
772 690
153 649
604 51
966 719
464 587
137 878
895 488
553 815
726 580
154 395
202 333
601 14
497 805
231 807
689 100
848 199
904 817
3 310
694 617
587 388
81 980
654 154
233 508
30 597
247 457
496 802
472 715
555 54
764 769
569 981
989 548
652 22
296 420
99 735
31 378
99 777
591 502
353 404
535 560
651 562
443 288
413 834
907 552
710 328
667 95
742 821
937 362
705 973
384 711
958 743
649 716
127 334
118 180
520 338
314 90
280 656
822 654
436 32
191 541
372 276
305 243
584 618
135 542
649 310
897 387
141 753
49 140
756 449
203 576
77 120
366 276
304 608
861 807
644 169
202 276
986 40
446 830
597 117
870 907
959 875
202 684
762 293
30 672
993 812
926 946
408 716
599 867
710 554
966 108
429 47
223 484
779 25
801 503
748 43
812 859
955 597
706 120
530 236
336 270
304 540
622 12
814 80
605 490
689 52
560 210
594 50
548 218
483 708
140 741
940 963
788 752
574 297
390 470
166 428
806 302
461 669
260 295
949 8
539 725
606 888
219 406
124 727
644 407
993 559
675 467
318 464
341 389
282 473
117 239
675 681
334 715
600 609
167 715
896 897
270 188
929 705
582 436
934 642
505 580
247 695
887 296
32 853
158 307
709 645
606 549
360 554
210 687
378 188
54 32
890 764
997 115
687 290
530 904
48 170
937 554
377 141
409 613
658 342
848 855
529 53
112 218
306 247
348 516
536 362
517 198
756 436
189 906
527 940
682 226
607 786
806 791
183 755
843 626
241 447
524 811
713 80
528 837
351 810
287 171
268 511
99 320
792 601
210 4
770 859
365 631
451 435
394 889
405 780
821 822
290 150
626 833
470 132
874 521
736 503
808 556
33 503
498 483
168 544
704 588
895 720
590 879
952 347
618 798
407 457
672 605
869 674
824 518
950 786
412 141
104 641
98 78
489 132
80 533
484 780
957 598
694 676
228 456
141 573
123 870
305 28
934 845
915 399
135 648
205 892
607 165
367 124
113 85
319 66
702 638
444 424
512 121
99 485
13 122
738 855
937 792
368 587
433 441
420 963
595 660
522 156
169 319
318 520
513 237
208 745
742 524
591 865
750 717
457 598
742 22
73 321
260 820
939 950
351 483
217 348
943 277
374 571
688 569
321 889
868 12
404 172
441 258
383 474
467 703
393 834
263 892
437 638
833 470
611 52
350 994
251 284
865 788
482 305
306 95
366 122
966 226
910 841
598 794
258 512
438 861
164 306
265 61
490 735
372 127
240 13
960 822
516 819
169 405
523 19
345 746
918 645
314 216
94 156
680 357
288 367
54 852
192 89
388 60
506 97
466 328
930 226
430 879
584 99
994 45
660 312
913 730
649 176
635 438
99 235
824 256
908 214
373 346
879 814
951 550
794 816
876 157
557 339
52 481
59 234
967 788
26 726
470 827
821 957
534 53
717 525
841 685
169 644
976 289
7 728
707 511
404 646
989 443
856 250
433 842
478 976
912 590
351 977
616 197
560 317
483 420
765 492
794 191
191 549
563 367
973 619
79 154
938 60
831 986
417 495
263 790
880 944
461 539
807 504
34 94
641 481
156 837
294 175
106 278
840 576
461 761
43 174
800 279
32 604
106 281
163 723
752 220
36 560
133 774
302 770
509 245
606 825
234 195
611 762
234 396
324 870
959 808
981 671
633 982
508 236
441 655
477 282
41 445
901 73
67 765
316 547
25 42
988 17
593 152
768 15
870 666
456 306
966 16
133 386
165 816
718 420
808 904
719 987
818 164
301 582
806 329
433 137
525 823
355 604
246 91
586 296
549 800
799 617
738 727
843 401
138 947
768 356
78 931
714 577
394 333
364 940
852 884
344 194
732 623
654 738
203 910
798 222
111 32
487 1000
841 63
229 265
914 741
268 471
314 290
508 704
805 560
742 470
870 344
235 653
664 576
498 366
787 591
328 316
554 158
961 889
5 484
617 330
200 524
848 431
511 100
100 909
902 917
106 476
990 333
729 58
145 762
944 693
909 184
89 362
964 960
333 2
288 1000
495 27
944 350
324 183
82 360
968 549
434 645
358 759
209 552
395 17
213 974
597 503
197 313
850 674
2 48
890 921
962 931
181 584
685 796
196 804
160 608
379 985
356 746
409 719
741 764
185 134
469 71
730 390
749 690
266 340
327 450
245 602
318 572
492 386
393 943
180 397
768 770
414 84
266 644
270 112
300 622
285 998
865 630
130 185
858 113
733 605
137 142
902 293
502 685
120 327
511 706
877 527
764 609
452 230
659 350
447 964
938 124
148 253
99 374
353 230
555 560
984 3
183 226
823 241
584 301
803 583
112 301
364 763
27 317
796 776
354 70
133 550
853 990
119 864
422 163
238 168
242 773
448 797
656 634
961 50
969 633
290 710
899 701
791 47
950 416
572 904
509 772
249 564
605 114
656 727
772 440
410 105
500 327
528 774
380 80
872 482
103 150
644 756
236 39
104 186
947 611
232 946
344 130
112 367
504 281
491 20
546 532
222 263
960 369
852 753
991 476
798 954
74 886
470 613
518 764
236 104
690 165
963 265
135 535
541 448
321 755
839 283
502 504
390 102
271 602
568 693
897 456
80 125
945 382
150 606
794 156
259 711
970 441
549 456
890 773
459 4
685 564
85 356
942 551
352 863
604 236
394 537
100 706
78 860
714 19
140 874
18 233
803 493
524 43
704 51
978 917
306 585
216 622
654 342
759 579
352 304
845 192
644 498
160 226
454 963
92 363
414 976
455 988
51 781
24 460
893 533
205 322
588 309
384 871
90 901
979 243
241 28
891 732
135 416
285 424
614 884
195 623
692 789
939 895
591 662
189 440
979 633
751 131
506 843
128 637
448 660
592 279
115 30
702 425
382 838
638 469
368 557
707 669
270 260
772 950
566 907
36 500
273 86
157 673
727 111
961 996
733 989
49 983
678 740
136 585
339 305
564 871
615 886
607 406
934 408
993 423
219 450
513 389
119 978
685 118
903 791
831 936
245 797
638 525
857 858
192 175
238 415
750 286
6 173
696 566
100 119
691 178
412 232
992 700
550 213
498 954
530 613
793 974
459 951
858 209
531 550
856 553
330 740
200 628
147 443
34 333
776 450
762 112
520 958
912 360
674 540
493 9
58 783
60 915
39 184
847 709
727 982
464 298
153 277
796 507
408 175
270 729
122 141
44 891
784 287
622 817
413 52
399 889
814 982
496 788
774 637
917 476
816 760
689 362
963 794
573 549
400 421
903 683
289 300
621 631
823 515
558 257
360 615
80 618
218 19
241 450
538 314
464 718
985 70
926 428
4 394
145 484
681 138
346 486
408 194
44 853
411 780
457 116
644 771
210 518
801 511
796 757
973 167
770 224
718 205
111 199
932 953
777 246
36 467
265 912
499 866
46 627
478 81
21 560
357 700
116 857
816 846
880 546
422 54
512 103
670 304
875 633
479 377
928 215
116 542
604 707
2 431
325 548
767 385
349 233
389 875
93 417
770 663
299 748
389 139
469 400
167 777
634 953
125 307
379 976
766 479
723 650
385 491
265 54
434 815
998 165
634 790
814 45
955 906
900 780
682 709
179 398
971 290
236 261
236 402
943 952
699 737
238 336
783 727
95 237
121 869
965 578
918 438
916 900
402 688
662 162
130 822
261 917
807 668
588 470
40 227
256 478
87 503
249 282
185 70
443 542
404 794
31 271
753 224
996 779
425 683
501 808
387 610
457 580
374 756
140 366
217 209
734 854
405 95
170 548
489 801
568 862
285 803
648 472
121 778
319 985
815 130
253 926
67 597
202 394
610 487
55 52
537 338
365 873
343 806
269 344
586 354
286 860
560 297
276 475
164 465
593 625
972 723
315 230
275 548
777 274
161 782
688 457
802 366
841 760
884 763
73 523
171 428
427 871
401 335
547 318
233 388
730 410
371 8
388 360
6 383
458 73
646 147
477 458
445 225
407 359
745 360
853 782
863 878
763 510
863 111
847 814
863 578
655 548
854 748
869 458
92 409
138 810
363 977
292 200
504 820
114 154
528 986
38 800
766 269
317 20
965 303
414 78
316 454
516 681
852 751
697 773
634 629
895 843
671 368
912 21
630 149
186 46
705 928
784 129
461 956
645 845
363 336
399 225
847 424
222 103
78 889
243 146
622 487
658 516
534 35
285 579
808 498
43 164
317 19
548 736
534 538
959 336
204 704
466 298
283 852
895 143
953 855
252 413
837 771
723 423
651 684
295 624
405 632
266 100
503 778
253 161
433 836
170 569
68 462
237 444
980 734
146 216
966 803
862 777
456 595
64 898
599 395
768 53
831 876
413 500
889 478
754 729
288 638
317 850
284 561
43 737
84 434
129 428
861 673
7 707
530 883
962 542
737 77
204 445
655 538
606 217
393 601
410 791
47 64
760 649
81 644
557 489
150 182
434 295
138 63
300 272
861 71
134 745
41 948
689 283
81 100
662 129
898 29
408 833
639 545
691 402
975 928
130 820
685 493
885 424
573 855
757 415
223 989
726 814
790 452
481 642
299 604
212 857
275 709
207 635
864 403
305 146
365 620
896 942
964 790
651 545
542 953
972 834
466 112
26 595
752 408
61 162
932 253
273 1
814 614
955 323
463 978
712 244
654 646
375 689
153 921
317 7
966 266
951 424
348 870
793 676
555 359
883 414
76 987
801 692
137 470
965 696
791 272
230 513
953 335
161 465
575 825
978 556
842 959
185 396
471 935
311 822
744 310
19 944
385 6
2 524
410 283
550 577
918 492
720 78
289 370
868 193
837 797
421 738
466 600
303 966
348 812
292 43
653 746
535 80
161 652
796 826
445 508
370 453
285 496
111 600
341 853
602 640
167 285
481 598
347 232
931 646
540 77
833 657
355 1
947 520
718 225
26 351
117 203
238 141
65 15
593 798
754 615
163 107
588 524
445 347
806 90
657 935
639 471
634 905
291 484
191 679
148 547
756 924
412 632
396 114
25 864
709 453
749 7
916 32
483 644
374 596
164 104
298 46
846 458
636 316
526 654
17 578
871 588
672 153
986 796
165 487
397 266
87 29
216 114
830 814
854 558
577 229
318 114
699 99
702 166
875 912
244 137
457 306
537 351
766 122
234 674
440 958
351 635
121 470
134 288
577 194
883 834
791 743
369 427
27 523
899 85
616 229
602 308
806 953
871 665
932 179
561 544
810 230
891 843
534 932
201 149
858 319
414 75
980 346
719 451
560 964
122 281
9 428
465 249
705 879
341 138
991 508
498 295
639 711
678 447
865 412
719 5
781 596
607 507
812 970
893 118
687 457
680 816
118 544
943 950
481 764
730 439
262 946
550 134
622 120
310 161
512 725
138 28
776 798
80 252
626 449
509 129
225 552
68 249
162 264
279 780
118 992
372 424
471 221
194 325
299 662
400 385
238 298
935 184
261 221
981 255
613 772
573 970
415 355
860 681
191 88
18 88
664 129
263 823
851 768
488 741
257 696
229 656
615 756
512 94
463 31
229 196
813 896
550 532
206 865
723 277
646 72
879 654
355 441
62 707
760 328
999 138
441 901
767 230
491 266
312 663
862 935
71 231
157 236
207 420
729 742
532 270
501 575
634 769
369 884
529 498
328 601
400 178
144 179
790 797
136 48
338 678
163 641
972 666
704 648
341 723
931 107
146 527
83 200
101 392
765 757
223 420
827 677
949 793
980 628
482 853
179 4
898 607
143 254
595 510
182 647
870 397
913 705
136 22
597 285
896 762
981 815
859 595
396 100
833 127
396 805
295 563
405 980
624 788
259 214
452 223
814 49
639 124
579 24
741 465
57 487
755 213
912 51
36 623
781 595
134 245
935 722
452 517
287 395
571 300
250 587
754 700
307 466
958 216
158 258
309 869
224 483
588 949
35 60
954 153
722 820
908 25
405 950
820 999
165 440
91 878
179 291
89 168
187 394
717 516
384 340
776 95
746 480
518 817
126 531
619 366
823 945
479 767
173 29
929 115
972 37
727 370
177 400
704 714
387 890
959 581
336 345
123 629
458 53
476 834
869 506
692 867
954 215
639 100
380 10
716 64
423 771
764 155
149 457
703 614
725 189
198 531
400 491
719 87
566 835
301 37
961 761
974 391
436 78
229 832
7 787
934 843
60 245
719 448
224 907
761 681
766 292
189 649
138 263
402 529
234 124
875 505
98 950
850 114
136 973
332 413
948 925
516 805
803 154
536 745
467 27
785 197
715 510
286 305
279 693
262 316
141 513
351 799
189 514
737 811
256 774
857 478
506 504
95 604
474 962
696 195
340 926
34 851
548 755
612 234
246 841
333 665
715 529
299 777
143 315
982 30
311 740
263 974
390 590
499 657
882 939
946 445
631 887
196 972
807 428
40 816
892 580
147 985
161 258
328 244
690 219
74 293
765 202
677 783
206 22
551 249
234 424
354 760
620 666
307 216
699 435
158 371
364 573
375 693
925 420
530 159
898 966
222 846
127 250
884 504
610 987
869 681
489 322
732 296
610 122
912 838
252 186
106 968
916 233
555 77
483 724
375 188
34 964
455 436
323 574
464 571
905 172
953 955
165 290
899 351
485 317
837 983
797 222
87 311
839 161
733 759
824 138
396 199
35 370
460 780
257 394
151 570
117 138
271 906
534 161
623 921
181 730
762 279
552 649
795 543
489 95
229 496
142 720
589 70
882 866
469 88
505 272
152 141
995 290
727 994
425 907
767 911
868 499
159 271
649 351
979 887
934 575
301 229
873 528
485 777
300 960
489 427
385 720
216 449
840 726
866 388
464 730
564 942
138 13
858 279
686 630
556 653
760 523
296 300
315 176
934 863
986 367
947 974
358 506
799 737
207 963
912 318
971 97
6 981
649 716
487 849
918 164
109 554
640 658
978 24
505 116
572 552
305 929
989 931
871 240
884 575
648 509
329 19
707 359
624 86
594 609
327 768
366 154
128 276
389 303
720 224
670 911
634 963
835 145
821 482
961 99
622 271
814 863
293 550
70 259
785 130
680 673
478 693
111 509
394 458
110 358
105 67
39 713
210 79
885 888
118 491
248 197
831 243
576 992
819 153
462 627
237 897
633 338
659 619
332 339
978 628
599 757
916 811
966 130
537 54
244 734
229 561
539 906
483 94
273 450
340 717
762 980
655 808
780 507
837 703
305 585
120 184
960 536
624 571
765 951
369 918
710 348
776 813
665 272
737 26
240 389
2 995
342 842
533 593
759 413
700 974
989 955
130 619
376 523
617 398
697 322
373 748
770 618
77 778
916 356
279 81
775 458
328 161
409 597
651 456
6 496
782 458
766 371
668 268
521 919
272 364
237 927
449 853
523 473
525 800
990 875
150 520
891 773
821 223
629 371
902 139
737 394
412 507
910 763
853 114
726 338
881 312
310 832
590 531
473 137
457 692
959 86
3 551
349 412
746 404
588 849
466 346
319 820
903 833
627 439
468 724
958 649
490 643
977 931
999 856
580 602
204 527
209 836
118 959
198 804
794 878
684 105
827 964
804 910
437 822
71 840
978 487
763 275
750 912
886 443
455 523
181 597
704 101
918 150
737 620
372 117
633 235
607 898
832 442
299 216
844 16
169 739
919 433
674 498
399 307
652 475
590 50
726 722
545 163
426 888
942 94
176 705
305 756
298 272
152 998
102 189
291 805
10 390
35 240
452 847
490 794
290 20
541 164
153 707
633 749
71 875
276 238
741 784
784 587
663 154
986 520
767 57
501 386
35 770
750 361
751 600
649 550
402 855
722 707
578 993
808 616
660 18
99 37
414 106
307 575
439 36
142 485
118 618
737 585
381 722
150 372
124 747
406 681
503 82
162 798
134 937
532 199
692 194
425 824
758 624
914 886
940 491
309 474
983 187
170 528
173 397
816 27
980 423
806 595
496 324
808 680
548 706
582 938
524 370
647 728
618 328
23 482
597 580
125 636
653 920
419 176
472 89
851 760
18 371
234 629
274 45
922 821
585 129
820 930
708 73
56 310
506 334
981 165
329 50
727 775
979 51
990 787
350 64
575 573
879 585
755 371
669 355
587 900
909 746
842 75
670 23
982 154
932 213
507 739
583 826
123 227
604 663
140 819
726 552
138 625
44 395
222 443
46 911
336 815
886 141
263 970
605 893
927 946
665 46
483 768
956 421
690 481
716 653
43 738
872 515
948 209
631 258
510 985
193 78
775 127
341 419
399 136
863 991
313 149
20 255
281 931
919 153
47 217
57 390
663 890
620 6
522 272
901 675
684 937
273 158
200 490
203 997
263 185
385 459
367 626
365 595
534 520
574 90
985 366
826 612
241 324
606 537
91 36
141 266
872 55
864 417
958 715
367 678
123 423
236 621
481 535
146 51
913 501
373 733
666 238
192 565
682 327
126 971
343 91
351 44
568 606
288 647
947 808
12 661
99 752
902 782
952 160
968 361
409 902
982 981
849 772
31 558
98 412
536 606
881 911
816 330
670 991
327 833
586 939
596 524
212 674
444 680
887 280
693 222
743 213
919 659
627 197
97 759
87 281
818 780
235 536
301 47
356 267
139 186
779 741
964 262
351 868
269 704
934 782
985 236
953 374
551 415
744 295
199 510
515 789
987 939
895 999
92 175
554 883
443 659
509 127
437 136
966 399
654 85
41 55
995 685
476 29
615 362
562 589
833 731
351 825
108 892
842 176
468 437
133 707
753 791
294 692
725 539
22 647
965 223
216 516
821 240
816 205
593 267
789 127
59 873
548 828
12 720
832 105
317 367
869 587
178 305
792 139
913 239
880 51
508 663
115 364
446 794
616 774
640 936
755 482
959 28
812 329
817 978
488 124
461 339
4 413
833 577
3 567
55 67
471 493
496 800
967 973
237 994
766 319
711 658
18 176
317 648
498 209
661 103
561 523
570 361
373 790
119 713
45 545
370 45
568 213
35 585
99 427
49 419
263 599
970 710
95 575
996 333
437 804
124 158
424 936
48 326
258 185
361 352
616 750
991 967
907 622
445 733
587 757
303 988
133 99
584 116
444 259
982 820
465 786
903 543
226 134
843 30
532 324
662 89
329 273
677 493
887 371
859 249
165 1
462 110
165 175
16 402
891 807
743 554
305 503
127 933
594 630
41 536
763 209
782 306
32 518
946 463
72 164
605 834
858 843
790 7
624 995
488 697
674 125
800 135
27 484
607 223
647 211
403 601
950 667
881 310
491 75
727 88
690 813
825 964
783 481
593 551
332 869
625 895
659 354
241 5
571 230
658 603
176 155
539 614
181 767
321 782
997 720
217 730
562 975
287 862
870 586
389 583
54 271
485 94
466 145
17 166
865 101
512 328
984 801
785 589
566 232
99 643
112 968
577 452
20 494
471 62
369 582
394 167
949 71
997 982
913 70
806 766
562 154
340 146
188 265
661 100
605 11
314 113
507 871
433 237
774 56
633 874
798 815
415 841
553 719
358 681
828 79
665 704
331 857
778 687
89 257
153 365
363 861
801 855
72 43
264 656
299 192
899 809
422 791
139 427
112 866
390 408
987 164
133 714
490 637
995 619
363 384
183 191
630 947
837 776
246 92
835 908
655 415
727 123
358 703
120 641
145 599
703 856
391 897
695 220
926 27
32 495
409 292
621 51
828 43
635 580
100 756
456 341
138 600
341 411
713 859
518 274
188 294
844 277
198 33
159 652
994 133
597 533
900 978
7 913
839 674
940 533
501 440
358 634
617 93
182 907
750 233
763 351
746 667
323 29
396 290
532 463
180 903
356 984
147 787
371 458
375 378
587 678
211 180
775 967
983 915
294 230
491 645
79 802
674 819
615 931
991 625
533 979
254 8
875 840
867 977
197 178
700 185
623 26
426 146
966 313
76 17
264 119
464 28
523 262
612 882
935 420
128 382
521 132
560 14
647 712
994 277
272 344
320 155
305 280
732 632
780 543
182 2
943 769
288 300
689 940
660 948
863 558
292 297
325 983
45 567
85 659
792 456
380 735
301 382
503 704
583 569
251 375
829 238
686 225
871 490
681 474
623 507
876 968
700 156
280 690
788 780
106 524
918 870
919 324
943 72
976 511
426 630
517 681
789 8
992 685
817 646
211 476
90 691
759 314
461 150
175 362
45 914
217 449
578 612
62 380
793 542
478 47
472 637
174 673
151 169
48 139
478 76
655 157
338 450
723 463
235 359
252 241
626 846
53 872
4 747
134 401
667 131
734 772
806 560
471 710
23 404
292 986
904 911
868 776
357 266
882 537
819 162
756 128
818 546
357 205
858 210
819 636
61 269
179 262
682 726
187 987
102 908
986 634
741 487
362 432
347 813
619 883
651 299
145 439
412 184
186 435
189 352
196 975
76 847
965 361
523 494
643 950
457 566
563 877
197 271
787 877
588 748
706 95
423 429
190 81
908 108
986 561
22 133
348 79
543 481
829 151
228 451
724 49
322 287
556 801
235 825
614 364
326 568
109 552
552 480
996 481
82 4
487 296
53 250
294 621
686 912
97 374
752 575
320 950
401 500
668 436
612 628
610 510
18 785
938 252
656 765
160 408
328 945
43 999
522 850
516 752
655 528
728 171
309 246
2 95
321 886
988 423
919 627
229 635
280 74
763 904
995 243
939 737
146 909
247 573
909 221
454 595
246 647
532 211
745 74
424 836
863 219
57 44
427 428
90 698
724 476
613 893
20 59
392 409
532 421
215 128
475 2
622 8
662 463
99 499
951 590
78 58
605 559
103 751
968 431
379 766
623 408
923 541
783 572
81 55
782 688
185 632
755 731
390 35
846 348
993 11
853 714
822 178
49 600
911 711
943 113
951 549
530 724
977 256
688 285
419 808
942 198
178 793
891 18
330 1
475 287
537 833
420 222
222 539
481 58
478 898
268 54
30 100
210 170
402 923
922 756
73 289
848 418
275 743
744 955
551 157
707 324
868 306
79 336
762 938
50 799
405 519
372 744
729 961
138 836
232 514
745 88
868 322
512 209
421 990
381 485
329 727
935 729
529 736
881 621
299 80
202 957
883 586
542 376
701 118
728 702
68 409
191 473
220 703
116 71
565 103
493 616
27 222
788 53
521 249
56 526
857 125
574 596
363 51
194 201
966 581
958 959
855 80
398 930
878 410
948 187
65 887
296 369
90 663
78 521
226 789
425 553
597 351
455 371
117 315
236 577
49 802
442 643
26 781
572 926
323 138
145 875
357 938
539 295
141 292
941 461
666 999
156 173
477 974
13 863
53 762
857 984
258 573
969 112
996 85
588 174
616 959
56 616
211 187
852 921
704 9
739 544
523 183
46 794
398 374
241 78
219 463
137 703
84 696
648 62
269 766
128 629
614 751
644 701
448 660
625 406
917 612
499 336
986 458
672 861
910 1
550 24
624 245
869 868
795 596
370 506
249 177
937 975
424 337
610 466
248 987
855 578
919 519
888 479
17 419
940 102
956 930
921 614
505 678
736 6
891 432
242 439
695 90
28 794
215 657
867 862
164 249
735 339
119 317
131 498
388 434
213 966
77 995
523 383
700 741
466 605
996 642
967 823
318 204
908 474
652 597
759 380
422 410
984 546
282 197
736 419
50 279
316 158
829 954
454 863
635 444
794 735
498 961
358 957
317 846
995 10
529 472
857 768
431 932
53 954
136 279
647 507
289 602
254 980
761 997
163 38
112 347
23 627
749 79
361 934
745 636
972 611
942 474
194 61
742 41
296 931
488 533
640 594
299 916
254 280
796 369
44 475
569 803
530 201
210 907
711 389
960 988
35 902
7 95
882 321
699 198
117 97
319 816
233 721
288 54
49 846
622 383
507 226
318 543
328 929
483 298
835 790
115 321
883 461
935 120
456 848
67 882
273 373
90 949
173 681
589 404
60 284
457 961
291 699
401 32
610 187
986 199
142 374
904 234
359 956
301 731
550 222
638 815
540 671
42 347
138 155
625 842
199 938
718 467
769 941
900 807
402 755
302 710
883 579
266 460
118 784
137 902
61 483
33 581
945 975
300 225
460 271
306 893
894 109
6 70
322 960
804 487
505 313
546 59
824 83
680 170
981 554
137 432
173 427
600 917
351 604
470 794
558 544
209 39
559 853
287 405
690 712
75 990
79 904
841 867
11 829
550 876
635 558
234 557
479 55
434 686
874 806
384 217
537 297
518 228
302 339
934 120
804 332
534 612
520 42
675 186
587 719
699 16
762 715
300 80
583 240
506 983
183 124
682 194
859 519
344 877
904 21
944 123
525 214
396 68
674 285
578 312
701 251
941 890
362 575
492 686
506 208
538 396
634 805
72 475
317 371
527 598
453 71
132 954
549 526
646 42
320 11
90 606
694 328
221 621
56 666
265 867
791 802
786 17
344 245
163 725
188 643
860 816
965 252
704 555
573 330
702 361
985 575
414 782
126 965
55 600
340 279
625 703
222 798
333 931
474 618
954 484
985 42
652 598
211 55
253 544
987 456
67 698
451 237
458 282
582 944
666 68
392 516
664 956
743 137
241 716
851 343
680 480
985 29
205 999
281 408
16 916
771 838
19 407
796 849
841 975
18 266
907 172
69 114
616 69
190 60
195 112
484 218
301 897
519 89
122 175
283 532
399 187
162 349
636 310
930 237
785 669
647 610
659 165
554 144
408 162
276 221
943 248
290 299
498 650
270 162
937 237
144 374
740 281
500 611
648 890
795 612
551 941
147 859
708 989
832 585
169 144
63 941
359 770
310 770
828 980
719 522
516 931
82 388
308 358
168 483
128 15
47 767
707 661
195 836
640 170
792 350
937 762
813 627
88 884
49 24
511 793
603 138
67 764
675 823
176 688
294 203
204 745
921 910
815 721
408 856
578 939
407 96
438 819
159 891
335 280
12 273
326 547
832 961
65 929
241 425
168 175
288 368
690 326
349 310
901 371
192 674
924 994
690 313
905 663
147 712
79 498
35 334
526 560
804 259
539 430
331 880
297 776
398 249
151 389
579 362
481 639
379 129
732 694
937 543
871 328
702 865
953 239
256 108
885 333
972 262
973 36
79 411
323 366
532 102
30 781
472 769
585 544
57 766
855 33
509 922
206 352
364 376
536 315
121 253
941 207
452 196
422 903
804 589
399 191
138 566
538 165
247 383
784 530
695 398
155 817
744 752
983 885
255 560
458 902
22 705
713 41
517 465
514 401
644 895
628 224
592 104
25 123
483 526
981 794
107 630
162 98
84 173
222 868
727 996
914 90
781 127
249 526
187 103
313 803
675 77
459 754
561 646
897 692
227 220
543 641
738 439
699 637
526 469
264 154
240 534
599 657
322 372
535 764
873 227
374 738
175 100
913 328
933 833
13 407
659 44
371 464
233 513
674 16
841 480
209 954
760 721
217 37
959 795
770 306
926 988
251 313
405 585
862 829
13 862
88 216
874 82
448 807
254 396
338 909
605 342
896 502
772 93
954 609
598 89
485 760
679 942
378 196
752 970
534 403
190 925
755 264
500 467
298 425
138 511
10 135
745 108
742 236
749 400
324 920
881 810
397 976
413 993
817 841
470 210
718 855
691 348
269 816
778 131
430 466
713 623
921 645
687 618
848 255
578 504
459 928
768 823
244 971
158 436
572 927
632 655
275 986
457 535
88 495
802 738
593 409
717 233
750 675
637 631
895 246
709 987
909 821
471 92
629 302
134 767
2 759
581 286
840 69
4 472
739 156
278 988
154 745
627 927
884 476
568 750
223 318
323 257
64 3
263 889
450 659
376 282
526 152
167 646
81 830
983 860
472 433
82 38
749 461
730 73
487 113
959 805
822 521
248 50
754 159
28 979
898 732
715 439
321 813
219 877
270 165
661 936
83 522
800 450
473 883
118 278
561 497
690 536
727 749
28 628
870 638
21 223
529 736
399 561
471 653
324 481
15 649
729 747
271 535
154 398
723 645
213 682
823 939
966 86
794 583
384 102
433 194
978 751
976 663
464 834
499 836
721 693
710 373
463 934
798 602
285 321
815 897
865 650
93 308
461 849
451 57
491 734
459 475
581 763
279 71
996 949
489 705
645 798
440 534
537 15
671 509
910 843
540 391
95 873
519 758
343 389
209 665
898 492
850 863
105 696
976 843
764 628
333 215
63 466
870 815
37 69
761 627
873 452
139 13
918 571
209 252
980 828
837 895
58 393
990 938
245 268
29 326
837 397
350 986
765 750
364 463
919 353
527 780
785 285
745 107
51 877
48 157
403 52
725 559
762 247
216 35
426 872
97 933
868 654
800 649
917 385
621 778
821 292
415 849
77 209
276 110
503 844
984 25
715 134
739 626
71 377
555 133
832 23
566 576
633 899
732 693
720 589
558 640
958 460
252 564
951 518
840 907
265 394
669 223
534 850
738 556
862 789
57 716
88 71
290 328
12 95
458 92
922 314
285 289
380 57
33 472
913 775
987 909
662 826
534 528
970 30
776 39
811 899
415 349
96 72
449 117
350 528
639 128
477 144
363 551
877 782
730 582
966 229
51 799
49 86
492 325
405 151
23 799
788 106
767 449
832 247
780 324
964 348
662 568
819 425
188 898
321 185
725 81
185 281
153 96
156 956
575 830
612 523
567 538
143 470
41 357
134 395
609 629
651 93
327 407
998 589
803 154
819 636
564 852
397 757
143 160
713 169
18 778
880 719
608 381
932 419
242 777
258 15
259 424
267 908
504 632
217 80
719 661
209 49
861 401
113 473
915 181
458 312
427 350
663 624
586 168
369 165
439 476
155 848
205 868
419 791
706 112
149 783
813 380
866 940
822 392
977 857
659 861
65 977
811 234
632 701
892 779
255 778
43 765
960 666
948 878
977 677
437 507
138 160
464 784
612 789
861 168
277 849
813 546
876 685
579 775
474 782
849 282
897 309
963 934
534 486
189 763
491 314
650 142
13 310
676 732
583 951
481 137
676 125
50 332
193 143
222 395
3 471
716 971
398 836
817 863
910 470
193 58
936 49
285 362
147 764
980 189
618 946
138 261
275 602
751 878
488 508
834 735
519 468
567 841
46 9
295 341
347 219
961 358
229 289
961 153
614 179
830 231
832 530
867 386
725 819
995 357
686 898
52 487
803 13
341 522
287 751
154 110
217 962
850 11
259 14
277 947
787 581
957 805
796 635
880 609
481 390
76 720
583 669
989 13
14 848
612 74
128 32
140 430
291 681
237 572
244 163
488 246
799 265
109 34
90 44
875 19
666 354
824 264
301 335
705 215
55 395
573 740
668 326
363 175
291 640
743 30
660 836
757 236
771 22
704 19
975 997
449 676
966 515
288 561
457 78
723 658
823 382
728 541
758 902
105 555
736 675
678 760
386 752
303 466
251 57
172 441
372 802
393 532
951 206
623 717
249 764
978 745
930 212
102 659
956 932
875 50
788 599
777 314
514 860
175 598
476 150
508 678
343 667
573 464
582 370
24 665
252 21
407 214
447 126
876 832
845 971
779 416
200 292
609 79
502 119
331 263
879 316
309 829
547 769
833 324
360 231
844 232
315 716
626 919
900 21
385 701
507 770
352 525
472 423
527 906
547 142
824 280
