1000 1241279
5000
288 432
39 396
243 154
160 68
869 734
353 15
407 781
561 787
528 551
93 838
434 113
796 104
335 143
801 762
432 941
123 155
309 224
690 290
918 923
649 859
171 796
940 35
203 461
545 846
630 935
737 177
513 842
458 279
414 17
564 339
69 786
84 362
534 115
763 550
147 298
613 185
518 402
511 657
678 785
814 911
797 757
380 598
234 945
684 156
839 512
218 880
725 138
544 750
550 289
252 697
176 329
261 479
135 810
999 174
396 821
825 508
105 594
554 190
585 670
520 145
198 749
246 531
41 284
822 209
947 646
508 927
139 653
75 990
27 707
554 490
721 591
358 303
354 494
290 276
985 365
265 860
510 777
778 168
199 774
825 177
253 656
248 186
815 169
887 305
783 72
141 791
313 824
657 682
295 425
2 562
455 808
362 141
458 252
561 324
377 575
652 117
67 618
380 851
804 392
307 242
785 175
139 819
285 425
930 48
762 748
630 745
473 879
131 861
104 503
577 553
606 368
508 442
419 887
859 831
239 337
482 388
563 402
39 350
976 151
661 787
322 555
837 184
895 575
463 157
284 571
996 609
781 680
15 594
173 627
461 182
226 437
399 432
145 412
603 332
763 250
211 830
86 26
375 604
788 590
548 781
902 843
358 414
750 822
214 391
799 523
397 781
916 90
280 392
834 904
843 397
621 519
696 471
97 449
577 732
389 258
406 896
267 959
94 679
183 947
688 903
184 679
891 360
29 813
727 679
440 621
212 874
935 706
287 372
595 543
407 493
126 825
953 644
317 92
39 588
451 590
35 364
641 900
692 112
256 944
215 673
818 554
512 103
357 817
446 784
323 847
328 764
901 232
376 836
898 346
214 482
810 415
693 521
162 705
465 949
205 263
962 237
43 489
888 280
491 654
851 110
925 362
518 65
151 852
969 42
384 538
332 266
809 810
907 961
772 238
197 335
506 763
529 802
555 149
914 777
129 982
596 141
670 285
631 939
643 153
878 121
343 435
64 503
834 618
758 408
256 504
204 562
91 501
6 618
352 824
287 501
650 268
235 489
932 225
527 436
354 849
508 291
748 825
890 153
997 871
453 162
723 617
510 132
100 309
648 123
677 457
304 759
206 588
129 663
54 257
648 624
407 711
182 423
45 575
730 924
621 55
347 47
621 553
114 838
486 550
196 680
525 770
26 897
741 434
458 690
632 571
297 150
473 437
582 690
559 415
516 952
432 178
151 646
288 402
35 81
584 370
22 463
567 219
986 372
391 640
332 670
156 16
358 562
69 578
101 191
122 838
100 29
751 798
487 902
312 764
982 865
619 727
861 698
826 924
812 885
157 535
927 109
650 160
169 588
321 452
742 424
653 505
727 405
12 568
821 877
407 854
995 93
950 39
116 422
489 412
612 160
303 989
864 523
646 575
21 908
719 465
92 448
952 215
599 522
898 86
581 317
917 419
160 884
211 791
230 754
129 740
624 603
732 54
527 252
249 924
376 955
869 1000
484 503
425 825
371 727
919 983
8 662
488 571
522 259
67 679
79 176
415 902
856 444
14 918
570 830
955 440
156 693
376 263
203 185
112 825
239 900
201 616
526 81
905 26
737 336
282 987
612 414
506 456
404 131
437 568
662 205
327 172
885 922
670 390
7 261
939 28
229 594
780 875
654 363
729 208
477 389
407 423
624 373
728 960
370 172
149 472
197 845
197 944
678 923
828 640
40 812
444 927
910 920
74 788
678 725
169 756
834 733
183 714
895 385
767 245
876 160
979 611
358 1
67 354
182 542
985 808
625 996
598 726
385 243
862 233
411 827
31 845
951 249
228 963
179 637
645 1000
599 113
479 235
24 181
670 729
149 143
667 589
925 438
121 868
210 625
102 697
410 151
213 441
425 47
463 286
917 944
74 698
641 70
105 274
122 574
209 103
22 172
29 482
816 120
639 132
345 519
272 814
331 980
605 991
998 752
515 722
725 91
882 196
901 390
826 295
434 812
578 141
538 961
948 399
115 657
584 772
881 42
264 210
984 557
786 269
390 135
298 500
17 31
555 703
225 665
488 857
690 177
919 240
139 33
435 782
416 643
693 237
651 973
787 819
318 352
792 963
390 642
660 369
689 213
129 958
801 299
711 384
364 436
31 502
200 537
311 443
944 167
293 36
163 310
421 254
816 89
911 407
969 274
930 817
694 510
752 100
46 58
707 572
828 333
685 385
312 839
846 899
526 601
579 767
872 619
749 618
420 119
17 123
635 503
945 361
757 768
223 653
856 194
614 873
5 380
950 525
860 324
906 30
434 232
808 496
866 364
965 623
24 918
271 804
209 395
498 547
846 842
558 190
322 791
911 513
891 12
912 824
510 904
784 111
714 978
968 823
247 18
552 680
900 44
939 135
338 749
787 241
358 112
348 961
930 994
785 897
983 67
868 294
524 537
32 66
569 765
574 935
28 74
870 767
208 855
48 818
395 190
952 884
797 384
963 896
616 760
297 919
201 483
468 584
819 463
585 228
501 139
187 311
208 401
803 485
880 577
215 718
462 676
755 616
667 437
867 367
359 979
714 790
795 327
214 213
699 906
420 855
199 706
995 172
127 208
509 154
802 696
225 493
357 667
81 701
92 638
64 213
615 434
692 908
427 378
600 989
794 147
569 169
868 546
510 569
649 280
111 201
254 384
152 990
559 633
120 852
404 307
452 846
988 488
461 171
770 424
303 595
370 170
119 931
368 540
628 299
172 74
97 578
843 174
532 312
283 499
45 43
717 520
107 588
531 128
72 461
481 710
689 384
68 726
414 959
329 615
564 359
7 106
414 882
593 151
300 388
403 842
915 967
790 183
722 750
259 178
42 284
567 807
873 846
693 62
700 260
778 225
853 674
691 378
562 288
762 127
114 247
139 910
266 114
657 10
735 744
921 686
766 586
918 725
242 879
78 96
763 19
182 27
766 932
219 950
815 335
421 827
966 282
16 311
763 154
847 297
79 366
958 755
52 413
555 536
741 690
831 600
471 983
638 877
778 759
218 282
440 28
301 864
757 241
348 193
192 923
428 618
700 111
83 623
560 82
979 784
484 656
781 870
675 784
936 24
890 477
970 798
937 849
816 37
49 710
188 820
94 236
666 252
186 896
142 65
592 846
303 368
343 910
44 432
165 882
603 38
188 138
968 864
674 903
220 663
80 510
779 813
657 396
435 274
34 382
788 403
61 955
440 443
819 540
506 669
212 522
238 177
27 8
728 457
411 553
518 977
556 785
349 793
973 703
389 160
691 398
686 98
271 893
485 444
874 509
693 39
607 11
866 914
173 849
706 762
35 896
299 5
603 672
212 535
453 389
68 117
933 786
600 212
634 259
95 242
52 868
792 411
465 354
826 960
868 213
260 367
991 937
696 658
267 35
317 397
763 757
489 501
528 996
574 305
852 440
59 904
567 920
618 548
147 861
725 388
477 662
444 766
242 150
298 250
468 605
807 57
408 754
894 28
576 363
669 31
154 38
351 835
74 67
434 906
964 958
959 61
258 133
187 1
741 826
956 815
454 10
86 990
24 990
918 68
947 824
133 658
16 397
4 961
205 500
651 17
857 726
599 373
87 745
938 52
722 781
32 983
43 956
435 210
285 116
213 497
749 52
228 284
670 141
242 927
115 658
374 289
501 221
969 940
659 771
819 959
888 658
364 722
563 383
973 492
162 856
146 267
353 645
135 210
641 753
308 679
854 129
564 162
769 181
972 908
456 607
428 159
745 829
589 551
977 421
301 311
288 988
736 994
503 229
64 952
497 885
786 28
289 902
118 375
542 514
353 637
222 866
922 979
721 341
159 556
6 815
511 663
815 192
788 18
723 273
497 759
764 728
120 369
173 82
295 69
326 670
723 620
362 643
655 125
466 296
848 32
499 590
171 376
465 674
311 258
14 752
215 680
341 452
572 17
666 991
309 240
294 747
277 175
152 645
193 836
326 205
910 206
939 70
456 956
367 506
769 247
287 425
141 251
530 356
582 1
374 272
988 893
463 325
247 192
805 790
213 737
223 334
344 996
294 777
835 674
309 125
298 14
795 238
169 207
620 994
130 180
217 231
596 265
202 270
899 525
734 132
547 226
151 853
110 752
902 291
863 98
895 795
142 858
838 601
451 273
247 670
424 998
352 976
716 243
564 519
541 774
362 559
419 449
191 834
642 54
640 755
736 983
957 425
234 331
875 561
683 342
190 440
463 181
934 864
139 568
697 854
460 105
538 798
414 7
511 429
318 541
693 998
431 618
463 568
909 904
28 417
530 842
364 705
390 527
53 140
498 825
109 459
468 879
906 130
907 913
957 463
123 501
43 351
422 947
11 916
927 916
581 526
570 481
338 567
448 103
566 979
125 528
626 185
449 246
796 733
972 331
800 714
673 37
645 440
421 644
42 864
196 172
956 864
764 467
453 575
935 505
303 223
855 115
607 35
986 433
76 539
275 881
640 824
870 842
820 100
25 434
991 303
375 453
365 682
437 159
529 125
479 635
560 200
460 658
706 371
601 97
309 17
754 791
580 971
501 234
683 81
517 888
326 174
87 422
111 865
416 322
886 188
734 526
339 497
181 91
755 863
551 36
591 547
903 627
412 406
857 154
614 999
17 140
243 164
316 831
672 98
661 68
387 515
950 909
763 264
373 719
643 853
72 532
644 951
925 82
350 488
796 493
627 187
632 110
633 113
38 836
627 200
701 645
167 990
521 430
890 838
165 961
367 483
959 653
879 226
812 628
109 108
137 58
711 636
297 766
554 961
936 871
288 559
703 239
198 969
833 689
213 576
37 729
401 818
107 700
265 355
773 621
464 826
933 22
22 419
541 363
922 788
288 825
28 506
62 758
285 377
375 925
343 79
443 868
948 703
290 380
582 365
267 537
50 928
704 922
873 456
743 910
310 537
930 181
141 816
720 407
186 752
559 764
167 189
723 136
936 959
41 138
128 358
246 120
886 676
946 682
569 176
545 711
398 46
875 863
718 88
476 41
994 320
203 809
349 664
797 195
875 606
601 627
349 400
154 250
486 1
954 635
824 224
438 500
773 173
533 969
668 305
579 625
330 4
313 110
789 239
971 867
151 150
508 903
321 875
999 571
346 481
635 205
512 365
731 502
892 175
414 406
641 973
861 512
584 40
483 389
395 223
112 301
920 279
819 437
483 35
127 947
296 53
74 547
150 570
78 838
414 650
372 860
715 682
63 984
290 148
575 602
110 467
274 600
282 355
453 383
481 807
599 427
144 199
693 62
949 288
581 294
859 316
514 981
190 571
704 837
507 548
735 571
612 519
453 130
724 594
315 412
768 342
784 201
861 986
802 188
210 975
969 684
58 885
386 264
251 798
532 177
516 871
396 210
180 102
418 20
332 852
789 269
566 122
977 235
185 828
721 133
923 246
811 884
884 442
269 17
468 253
708 213
263 6
279 378
140 285
727 428
972 572
295 296
646 342
394 804
587 463
756 400
392 58
35 403
487 799
743 420
109 623
578 426
774 278
751 489
113 298
240 298
160 281
322 202
815 470
311 846
253 385
903 81
630 893
449 398
619 609
591 166
908 422
543 826
584 890
342 867
788 448
106 803
846 942
109 785
605 596
596 145
639 524
419 202
268 397
667 929
994 209
588 881
78 36
504 867
682 322
642 444
76 48
280 937
956 226
206 420
238 191
901 976
228 76
782 372
471 408
912 954
522 191
854 808
601 101
643 871
145 554
159 328
37 947
317 432
925 357
41 8
344 263
803 255
680 437
610 48
167 582
787 315
570 110
820 243
537 577
304 94
415 425
94 828
929 745
159 640
587 692
738 156
365 645
340 676
181 470
605 557
982 136
768 870
267 26
527 273
795 497
209 144
961 315
593 293
956 193
13 934
108 516
764 967
434 383
690 694
26 610
825 231
976 627
980 857
105 406
774 321
435 589
160 667
536 444
913 635
940 107
117 371
277 75
484 441
707 558
910 553
116 245
143 882
246 354
480 530
754 647
183 765
995 581
473 372
790 838
130 682
376 940
528 417
495 656
24 226
200 530
144 146
816 1
806 899
162 860
397 425
46 617
956 524
293 15
664 4
870 211
761 848
57 214
783 528
634 830
613 166
646 374
322 559
650 91
679 988
537 16
833 910
775 57
87 236
350 375
433 643
626 884
199 914
276 836
331 749
846 276
223 494
647 404
447 608
436 875
741 456
364 600
177 677
269 44
563 950
814 403
534 857
950 255
390 780
834 858
544 220
186 997
106 551
168 416
441 22
651 231
769 254
775 340
907 97
37 461
776 386
616 468
761 801
972 341
52 64
998 208
562 937
200 836
291 408
586 643
926 762
709 563
972 604
434 308
815 831
546 225
954 760
612 767
717 381
321 552
565 409
505 829
205 789
138 336
333 799
690 920
861 456
849 309
989 764
18 614
334 848
918 955
807 443
840 788
468 409
841 207
495 744
811 444
953 235
495 17
291 391
51 698
381 335
407 229
428 813
260 557
399 745
982 418
230 622
814 626
44 756
806 748
162 184
356 503
281 500
587 214
71 343
387 854
754 249
647 704
597 193
571 729
74 375
181 130
321 84
490 888
938 535
309 75
256 539
898 391
21 208
451 912
609 119
687 748
259 204
607 390
569 937
933 215
556 747
856 760
5 25
660 481
629 224
884 692
512 179
482 363
922 277
888 223
47 280
140 446
261 989
551 234
188 86
427 695
292 486
398 849
360 33
340 961
760 6
586 685
329 295
705 13
364 834
573 777
59 249
883 608
504 445
536 117
271 959
48 466
444 931
924 858
578 34
282 776
936 58
866 681
12 370
714 720
508 633
804 842
612 686
134 289
458 905
338 868
965 833
225 880
338 523
38 457
415 152
540 798
245 558
241 16
790 184
294 569
157 758
753 890
371 588
401 447
758 892
913 352
811 603
101 745
805 371
811 347
366 222
737 807
413 789
969 916
165 404
544 328
828 637
297 690
454 213
8 701
295 747
29 704
803 701
937 771
3 55
787 285
749 523
660 876
45 175
98 984
919 92
883 978
565 346
101 171
290 322
826 348
712 594
866 575
141 259
291 830
539 155
737 821
168 514
243 159
684 768
447 158
73 458
782 160
798 522
188 11
22 598
112 494
435 798
718 830
268 43
695 191
788 100
961 571
136 674
169 617
662 757
745 25
78 673
696 698
750 311
820 262
134 495
401 535
657 873
282 993
549 811
994 78
843 397
244 185
500 147
327 160
131 672
439 234
383 370
685 294
509 581
322 533
369 73
732 525
372 27
285 85
694 256
81 573
694 285
250 552
87 159
670 940
509 201
784 606
437 731
515 465
786 435
231 768
641 503
604 668
115 320
234 21
672 344
838 891
690 889
735 596
496 575
328 76
34 289
275 507
446 994
235 547
180 720
208 172
743 481
448 293
731 872
84 469
683 541
126 703
712 311
453 754
514 293
565 735
862 827
157 447
11 146
394 462
520 977
622 193
128 296
511 884
720 300
624 222
846 40
860 724
518 896
588 870
120 63
924 471
583 408
404 949
48 506
286 272
2 443
299 497
637 529
28 233
496 562
311 328
116 384
333 877
863 786
87 14
132 710
979 934
198 497
187 622
303 544
954 436
568 951
266 790
449 790
401 200
377 542
880 376
252 225
550 409
954 430
226 292
224 348
863 193
656 679
111 40
669 572
985 992
503 853
580 903
838 113
260 62
698 274
587 207
542 521
887 555
241 329
397 2
420 452
353 513
464 30
31 926
457 789
942 406
279 323
658 633
58 712
304 92
938 763
668 213
647 27
500 134
208 142
803 853
822 313
985 74
640 613
478 461
45 882
243 596
403 418
341 644
671 375
522 136
391 733
752 382
878 772
538 409
837 102
415 866
520 838
197 693
116 812
786 92
12 577
204 468
464 726
494 827
684 15
172 527
848 595
85 470
444 163
996 366
26 684
382 294
14 670
51 206
304 260
252 821
310 350
492 407
977 927
918 620
811 293
723 107
110 125
260 425
138 799
147 572
633 970
103 697
493 651
796 717
46 144
812 483
784 820
510 55
755 217
237 953
364 757
626 464
401 371
656 978
712 870
604 46
966 163
526 663
34 303
422 755
226 936
40 57
592 443
944 771
960 603
131 548
201 721
320 933
773 979
372 746
812 558
701 834
202 847
824 971
174 119
659 332
703 578
591 260
910 653
549 911
508 344
330 156
620 332
432 281
322 303
44 516
718 864
717 994
267 83
613 255
365 416
51 711
89 796
526 98
307 526
314 910
825 643
547 670
491 877
948 14
114 509
169 394
615 666
241 488
787 367
761 217
230 657
106 742
852 261
515 463
514 635
755 123
16 112
206 593
161 338
550 719
176 310
427 66
66 653
605 659
306 800
200 828
160 787
474 237
502 23
766 71
153 754
538 684
506 278
131 495
462 991
529 905
405 816
848 350
638 392
422 46
256 676
105 616
591 128
168 626
730 331
125 735
439 925
857 559
224 364
625 105
998 564
545 427
145 109
426 128
337 297
363 360
193 367
209 894
369 805
803 342
357 289
879 634
597 751
545 348
615 551
796 974
262 621
74 801
275 781
972 626
842 484
600 323
958 21
95 336
940 13
205 319
329 974
843 690
984 368
401 147
421 715
197 109
115 316
746 889
113 817
39 3
222 384
774 865
447 538
791 735
406 642
249 244
316 285
954 727
941 66
145 388
407 213
651 970
765 418
589 884
956 324
349 179
310 379
731 392
989 189
397 687
817 264
644 653
485 79
513 777
776 97
583 905
167 154
51 821
392 395
958 655
684 372
102 314
785 382
821 956
732 31
15 483
2 563
278 530
660 169
892 510
726 238
258 630
414 169
676 699
311 860
982 288
853 751
430 661
284 824
143 631
492 261
646 575
885 938
370 144
933 941
447 366
93 100
243 2
84 322
431 915
308 147
721 859
827 473
518 905
35 896
68 479
543 676
852 712
272 205
311 794
418 677
340 549
429 644
369 609
854 568
746 107
252 329
529 819
48 18
350 458
336 718
140 346
526 937
925 401
936 991
76 288
267 476
933 879
918 899
436 292
177 319
625 287
742 389
83 403
802 302
568 517
888 948
931 186
381 112
801 552
418 860
232 9
793 557
542 95
721 207
709 916
526 360
876 850
563 603
791 951
139 916
721 149
457 627
30 658
797 986
868 482
36 888
837 584
376 130
760 550
128 544
682 677
875 403
862 412
736 658
517 927
72 716
123 233
37 305
65 966
133 607
123 309
609 64
638 915
87 111
923 334
182 205
324 508
665 137
279 209
138 532
179 946
482 469
299 939
316 462
576 255
982 44
58 567
639 382
699 122
949 358
934 756
872 904
702 511
105 555
981 234
507 496
667 746
298 418
648 834
641 834
956 335
679 379
981 593
380 383
909 130
722 454
139 155
797 178
133 272
574 461
576 645
999 865
670 402
875 13
583 641
418 117
712 938
514 316
878 74
427 752
428 758
41 72
14 822
675 489
727 957
246 249
314 203
138 823
194 42
869 780
632 454
563 875
842 121
462 589
618 758
66 408
980 268
703 43
197 893
586 980
461 410
502 531
164 266
642 44
693 652
381 495
360 132
371 384
338 590
858 101
82 350
998 51
463 273
675 314
974 726
397 822
25 333
254 113
195 328
447 893
640 512
654 240
804 464
202 502
403 772
786 640
441 943
125 891
886 412
114 531
534 556
174 280
892 38
364 894
176 397
586 51
650 274
163 259
58 144
670 452
214 806
198 794
808 380
791 87
261 343
299 91
929 504
391 516
888 57
950 63
432 610
74 539
406 28
369 43
579 169
213 61
209 88
157 192
295 876
973 777
171 272
796 726
20 76
273 531
459 613
843 95
378 160
1000 256
113 62
155 679
866 436
904 428
706 760
593 831
23 220
575 398
119 692
144 994
410 211
520 901
932 4
848 676
765 801
561 891
777 170
282 841
83 561
780 773
407 535
724 707
358 771
702 567
988 580
849 349
598 97
700 178
365 754
31 826
478 601
439 995
850 432
374 730
952 791
278 809
812 232
642 722
54 69
702 344
143 967
646 264
474 335
164 599
602 900
925 54
551 574
522 370
662 793
680 157
915 985
343 792
258 320
848 576
456 6
67 37
727 840
931 625
979 285
126 316
39 327
501 918
176 891
449 825
602 839
590 131
452 251
185 489
382 278
579 930
768 412
38 759
793 894
27 388
599 598
923 838
803 81
75 239
368 7
737 236
212 841
291 797
891 877
603 567
295 860
182 124
541 579
180 609
718 27
42 733
563 575
923 234
261 463
702 543
643 99
766 931
866 59
594 383
782 421
407 890
369 859
592 923
233 118
199 208
560 950
474 306
338 940
889 628
384 137
790 394
382 464
166 995
922 509
804 150
304 613
802 335
195 146
131 502
340 488
876 251
706 448
364 125
973 529
709 208
566 15
481 621
679 361
382 79
3 384
320 428
874 449
776 851
577 478
652 914
390 712
420 472
952 537
72 567
791 485
133 181
432 24
58 914
375 471
51 713
928 640
839 299
616 152
625 29
557 22
300 311
482 571
954 17
973 737
249 224
666 245
11 37
575 976
407 219
872 215
854 121
250 875
29 30
931 368
433 90
736 751
144 627
247 986
190 188
534 561
541 185
650 46
238 399
572 580
846 177
79 723
424 381
946 924
358 822
194 70
617 423
216 14
824 374
774 955
348 645
126 38
396 163
914 436
663 154
424 393
603 813
516 475
647 495
788 995
890 609
76 663
494 156
902 885
20 609
781 964
97 129
743 594
140 374
344 948
331 576
530 999
756 859
146 919
765 498
9 272
725 486
597 393
562 664
83 94
391 758
290 664
176 838
784 29
589 489
841 303
28 708
637 824
924 158
51 479
47 490
677 147
771 914
528 862
381 40
780 844
525 382
201 773
121 430
635 700
843 507
319 752
696 184
448 694
834 51
986 897
225 494
253 98
864 515
516 81
644 133
581 791
338 787
240 295
899 870
163 767
663 148
534 708
188 834
942 143
716 543
756 512
275 271
482 11
673 7
660 785
801 880
596 826
458 313
163 17
847 847
804 366
541 386
649 462
612 362
478 114
975 378
162 368
396 657
262 823
888 299
213 323
319 168
815 541
669 441
33 124
745 900
473 603
301 29
44 963
539 892
202 776
874 412
532 609
303 54
923 674
946 192
171 992
31 378
818 847
110 40
806 721
424 152
712 686
960 81
12 82
555 556
135 44
258 424
125 144
100 969
523 733
602 74
205 651
908 178
519 40
403 222
908 393
812 980
409 841
448 261
896 805
780 272
565 830
139 277
565 565
724 525
60 156
780 508
711 630
510 271
114 918
550 31
183 413
501 74
930 74
356 545
803 441
948 288
506 421
978 171
621 586
699 119
350 56
453 860
139 105
790 548
833 228
808 848
516 375
637 819
752 136
239 668
864 699
674 222
469 614
882 263
248 669
672 194
845 526
729 932
105 383
810 533
332 297
375 924
730 874
889 798
581 819
755 607
729 283
445 867
291 985
323 994
212 427
3 571
295 334
998 904
744 735
959 112
961 533
979 244
119 556
246 81
247 512
539 838
682 648
50 752
12 2
350 41
649 262
964 409
176 353
131 632
417 98
535 244
995 798
573 627
793 323
89 991
441 95
704 885
446 552
887 245
609 681
863 812
396 74
799 95
814 6
247 510
395 936
480 882
795 782
275 661
609 130
98 65
176 751
130 145
726 799
105 702
564 54
188 523
417 619
584 586
943 778
474 381
323 728
739 860
553 713
546 836
614 280
226 250
367 827
174 429
657 460
392 587
424 741
952 775
269 820
264 176
770 335
141 550
400 191
465 494
693 347
407 54
210 154
527 696
581 693
980 962
234 605
879 66
969 289
802 491
845 81
57 338
207 130
293 975
998 683
253 831
654 527
409 33
640 180
53 769
94 991
552 249
189 334
799 764
417 892
209 882
892 519
885 225
818 606
344 109
518 406
790 901
443 700
871 277
880 551
272 821
80 489
949 298
674 665
80 58
559 993
602 872
130 348
668 237
188 578
570 379
289 168
835 944
179 878
771 748
528 450
482 684
530 91
754 209
948 61
408 90
913 629
264 28
376 470
215 626
688 569
931 333
642 47
88 400
866 631
81 891
10 575
624 124
648 270
750 722
959 410
34 16
942 581
873 141
137 877
164 250
369 117
165 646
34 506
943 211
458 270
37 911
488 746
756 199
414 223
125 420
788 306
711 258
1000 104
17 676
113 55
883 740
654 453
27 882
549 719
459 774
771 853
126 38
156 612
459 151
428 659
350 930
330 161
56 69
278 549
89 406
778 843
490 174
456 406
788 439
426 748
588 997
723 175
468 18
237 111
345 151
865 296
757 273
102 322
475 575
53 438
983 577
736 147
554 510
692 889
56 455
629 101
143 511
92 575
860 613
375 251
891 743
524 863
215 790
384 268
5 195
157 310
689 973
662 840
966 980
927 333
123 31
600 958
331 273
403 608
274 892
5 687
791 505
998 244
617 952
586 736
329 476
435 178
268 770
145 721
927 351
186 488
405 390
279 825
769 647
825 547
777 615
810 512
643 106
66 886
29 278
159 398
27 531
195 714
281 60
935 443
411 211
444 369
745 717
116 382
250 371
149 810
408 962
55 66
550 173
948 147
802 783
147 930
55 837
41 978
326 135
395 399
380 488
996 669
383 149
144 528
300 228
68 639
885 204
700 824
33 931
789 815
513 858
676 425
365 809
594 796
756 762
829 880
107 119
249 938
11 423
726 95
26 378
397 709
284 626
573 124
857 965
627 823
481 639
107 401
750 153
787 747
676 321
435 857
454 548
248 169
298 833
152 602
821 657
947 140
452 575
117 91
570 928
599 211
426 708
137 830
799 454
944 937
312 32
343 813
198 981
193 726
623 328
363 211
104 446
934 215
459 495
963 644
910 332
961 523
722 666
826 401
436 84
432 585
266 325
548 265
617 726
832 390
479 856
716 18
29 708
219 82
264 49
927 281
920 734
878 220
389 426
894 617
341 710
200 492
193 66
333 475
320 274
156 797
917 756
46 919
368 757
727 176
727 609
693 665
832 591
359 250
571 345
122 80
732 246
936 753
776 711
887 20
920 841
353 16
138 785
292 582
949 463
26 122
577 599
601 87
167 352
608 241
605 17
978 427
312 104
915 83
681 432
629 168
278 863
427 871
710 454
302 1
592 39
7 487
441 936
628 511
953 926
221 311
321 258
176 931
932 448
923 486
890 180
339 218
394 695
359 787
997 753
342 467
580 429
207 54
788 36
364 396
651 691
627 305
695 218
864 127
952 862
343 650
543 75
149 454
953 42
509 51
77 158
661 198
710 33
926 721
746 41
287 797
273 828
226 574
289 361
393 821
166 668
805 208
345 614
841 455
930 824
262 90
427 784
147 707
715 897
245 697
62 296
733 998
949 652
419 48
489 687
151 782
367 840
146 458
953 475
976 676
14 318
106 123
22 518
650 245
633 354
158 714
746 474
514 569
580 432
218 221
209 766
363 179
9 85
754 492
608 397
559 738
593 129
464 959
335 878
445 117
325 818
913 894
740 528
37 378
216 156
221 428
112 53
321 409
78 407
935 423
747 396
23 545
596 83
327 920
45 514
880 659
420 350
285 92
453 12
346 688
914 250
806 708
973 928
795 284
107 194
141 16
763 461
83 520
217 976
464 136
836 280
756 224
156 297
455 626
65 424
755 185
654 927
435 394
994 694
809 105
568 882
502 690
145 874
546 187
238 356
914 828
569 481
830 363
793 247
928 630
34 798
849 523
782 7
507 724
286 646
950 748
192 559
930 633
153 926
449 644
120 645
125 629
610 5
905 111
541 527
163 764
575 434
75 675
225 985
171 502
571 344
306 65
783 722
218 374
682 561
775 387
440 772
254 2
937 304
561 930
431 545
275 631
605 209
454 127
155 582
87 668
832 550
742 958
962 566
988 356
454 805
781 279
438 473
488 610
549 901
786 445
129 725
52 76
630 487
215 4
176 398
820 348
267 267
258 184
899 973
979 200
519 678
926 664
374 560
452 950
13 618
398 686
421 913
992 772
661 769
485 74
166 873
32 496
656 40
332 838
707 680
34 179
845 956
536 301
809 151
483 550
576 33
409 788
164 284
775 389
107 475
475 965
608 534
943 311
852 464
805 63
494 841
415 715
806 387
301 991
880 409
110 40
621 658
129 431
737 307
383 114
393 800
500 638
61 864
553 279
143 823
282 717
763 88
546 142
112 627
175 803
48 463
96 176
792 679
854 627
108 151
669 212
501 659
276 619
858 124
457 958
447 698
491 275
149 978
767 680
449 956
913 981
929 271
98 296
238 797
893 253
26 505
380 462
435 940
137 270
132 895
28 500
920 225
650 144
975 91
817 112
856 419
568 461
986 803
404 478
306 683
302 796
409 730
590 938
485 489
216 877
585 650
381 527
452 2
514 125
789 756
867 183
622 981
899 795
49 335
129 745
177 155
182 575
32 753
25 291
321 403
219 294
102 444
481 90
27 854
871 870
893 290
914 927
410 699
59 304
831 970
407 251
52 208
532 206
360 67
595 491
970 617
180 149
203 646
790 448
468 343
633 313
864 301
364 489
705 979
259 230
819 888
508 43
559 371
99 206
749 320
524 758
812 964
985 188
368 796
437 227
260 426
360 129
731 24
402 279
791 352
382 723
501 619
389 553
55 773
173 376
489 928
305 758
442 19
428 22
143 460
393 224
899 253
299 672
833 197
381 346
974 432
993 183
663 985
543 177
703 347
275 850
234 886
384 613
946 308
78 694
622 204
447 185
548 936
214 704
941 101
591 273
266 704
71 953
328 197
753 704
547 59
167 656
335 43
626 768
877 260
225 103
390 361
372 202
223 565
80 570
477 561
80 746
577 948
441 86
503 828
958 329
909 165
477 699
163 473
790 658
505 861
988 644
254 900
41 448
851 467
652 457
168 500
806 157
55 348
497 450
861 765
994 89
831 202
863 465
776 726
998 73
212 699
786 945
387 409
139 273
601 881
29 826
628 434
467 831
737 889
405 319
392 723
507 562
319 678
699 424
75 967
756 285
756 964
520 438
608 659
528 765
627 461
475 286
654 450
468 302
768 996
815 844
461 376
787 573
574 737
897 762
949 814
834 420
894 251
898 865
867 646
188 692
599 367
477 1
297 797
495 474
144 374
428 200
242 683
459 676
610 725
791 898
301 570
181 498
663 751
887 823
252 512
508 271
477 346
911 368
768 399
941 460
883 260
261 69
186 745
724 560
349 707
281 510
390 89
937 791
806 799
336 993
321 665
955 27
243 395
597 126
315 107
35 451
912 339
169 605
258 640
684 637
549 499
819 265
894 866
733 664
424 701
716 253
819 792
25 46
444 461
965 321
565 947
391 122
76 325
981 555
880 644
680 155
279 266
618 363
97 326
717 858
50 789
348 278
363 268
723 610
559 881
233 473
380 492
807 396
545 509
29 249
235 36
380 834
398 118
371 443
637 289
135 306
272 488
812 269
269 153
215 101
106 683
679 718
996 383
463 655
377 806
364 806
492 378
704 611
780 377
393 756
403 30
973 1
516 847
190 970
431 685
315 377
798 24
372 210
387 491
736 810
808 416
436 821
590 715
28 568
291 805
661 1
691 862
513 818
291 722
365 242
625 115
686 429
630 648
660 376
256 516
186 136
180 309
526 679
285 805
173 316
558 598
896 672
328 241
655 872
194 599
846 983
70 691
578 93
640 709
649 686
627 104
328 852
528 78
260 689
776 843
390 754
612 895
766 552
2 29
40 470
65 57
249 688
866 217
385 962
415 475
523 17
597 852
763 876
343 201
973 178
85 716
809 447
764 422
572 784
873 318
903 207
300 136
571 201
860 32
535 975
308 151
19 758
51 296
762 459
522 946
869 233
662 9
502 506
208 137
756 188
98 978
416 75
979 530
524 899
796 681
332 516
970 171
6 68
617 262
450 916
841 190
126 225
214 632
414 275
947 357
46 834
30 527
833 720
59 423
522 164
271 735
897 692
743 610
56 227
653 648
21 293
505 92
906 360
145 90
378 62
222 934
405 362
971 69
60 326
245 547
90 976
263 930
969 406
907 416
109 526
357 108
277 627
687 809
554 862
646 902
467 576
802 462
433 900
201 1
68 235
783 590
799 385
414 309
447 386
251 690
97 154
278 546
452 765
199 537
687 300
882 971
727 340
790 905
866 258
415 1
6 2
790 219
162 85
171 887
630 268
162 59
179 532
228 593
522 22
226 525
771 903
431 170
603 765
526 265
572 954
635 367
435 935
238 875
609 665
859 738
731 785
29 252
618 675
768 179
661 527
260 816
589 381
24 386
8 145
588 545
456 449
913 448
649 564
586 31
455 920
659 784
171 820
201 46
867 944
114 296
269 956
924 294
185 654
299 549
853 639
319 677
756 623
899 708
194 352
49 501
980 487
681 237
966 133
432 387
496 790
851 309
814 901
887 215
191 610
498 70
459 100
790 386
934 848
749 274
593 588
899 873
510 41
274 847
652 223
133 724
657 841
123 33
477 347
214 981
243 621
358 878
197 770
309 746
449 882
169 9
176 949
430 143
972 314
108 964
628 251
854 983
718 843
488 159
76 704
712 951
590 615
890 57
762 696
30 674
889 255
748 83
875 484
183 559
363 730
234 487
989 38
819 299
885 57
76 709
118 290
599 546
946 467
808 385
277 575
867 964
559 625
664 664
458 569
973 797
841 270
4 628
984 384
359 173
522 170
381 366
528 2
741 432
364 270
463 270
175 933
114 23
696 293
699 417
940 640
999 308
500 372
366 91
249 860
722 556
992 916
275 828
178 515
534 717
182 166
311 694
319 315
715 396
111 442
259 632
818 167
587 617
276 306
286 41
245 96
230 160
328 275
101 133
264 935
413 62
582 203
784 427
799 592
923 753
114 633
956 490
652 931
755 251
330 393
946 297
394 950
402 865
695 442
616 258
29 312
726 93
317 148
580 802
513 752
999 253
368 814
565 817
444 206
113 681
127 868
628 217
510 221
538 328
72 572
61 595
142 220
145 369
306 788
60 955
423 914
646 753
728 698
434 796
347 946
996 394
411 992
482 433
618 569
384 78
165 439
310 702
43 280
611 705
829 255
111 407
434 246
961 261
186 380
242 157
698 233
275 892
128 96
669 864
145 798
655 975
307 850
585 121
948 220
505 687
505 347
297 62
365 788
558 716
898 328
538 943
148 272
229 729
16 378
399 571
635 492
12 758
597 813
328 956
959 708
256 501
143 296
839 469
284 920
665 381
674 133
476 482
137 748
249 40
432 950
207 439
92 590
568 850
331 152
996 291
403 961
692 175
716 132
400 592
513 365
4 989
274 445
39 327
141 465
177 642
992 7
2 689
300 820
798 852
114 190
768 710
482 911
326 798
511 324
332 26
142 717
108 315
314 960
281 206
920 109
450 964
431 7
135 442
978 528
872 220
79 497
406 404
676 340
483 638
760 656
532 389
203 418
759 575
418 119
56 420
886 262
970 251
484 651
570 470
944 574
741 100
999 859
245 745
957 110
12 337
726 601
58 448
67 77
187 734
150 531
389 377
711 510
607 111
960 554
360 128
617 380
655 931
708 421
157 620
637 338
375 60
353 712
745 57
484 227
234 927
378 584
143 153
744 171
416 989
715 186
565 297
755 627
95 583
171 833
840 250
513 294
111 569
997 279
225 510
122 335
419 976
495 143
282 158
734 370
765 18
927 259
622 927
789 258
726 181
572 549
696 334
136 346
522 444
116 404
677 831
980 664
91 909
417 112
140 144
198 337
719 357
126 455
296 460
695 926
933 107
586 198
895 628
720 578
602 2
762 723
821 997
911 676
589 218
218 129
750 777
18 299
770 789
652 565
511 455
590 821
210 927
499 484
510 534
251 943
509 336
867 478
868 90
572 927
356 865
983 560
59 300
152 897
561 431
864 767
157 497
737 634
703 42
398 911
958 106
749 723
464 304
880 379
275 677
109 614
96 518
501 182
820 218
418 645
969 424
216 294
229 802
746 857
449 294
255 17
229 845
530 704
363 267
671 304
876 653
561 560
199 177
836 574
461 881
738 829
856 955
490 742
283 470
920 380
870 817
877 916
506 524
282 875
598 414
18 602
762 998
463 785
955 861
70 740
16 32
526 801
33 98
123 520
883 360
811 143
585 512
420 270
209 339
123 524
953 233
18 92
411 885
628 905
852 988
201 670
905 817
468 2
790 888
211 732
125 788
763 50
90 52
129 586
611 78
726 500
297 958
662 157
162 488
301 755
772 121
508 811
380 287
309 880
607 914
373 117
846 862
703 366
72 600
306 319
902 294
462 802
275 790
235 629
473 370
735 261
890 65
379 1000
605 38
781 65
200 936
616 551
619 296
138 421
497 878
433 636
28 471
582 353
896 993
726 269
506 460
631 243
929 502
45 414
79 515
493 10
235 764
155 224
297 73
390 94
51 541
583 279
357 235
854 839
969 772
498 450
672 995
933 828
366 731
462 226
420 271
263 928
279 271
46 113
11 79
48 248
643 450
989 162
675 148
67 127
335 757
77 200
30 316
777 563
744 301
109 790
9 982
526 951
431 872
8 305
183 956
559 538
776 262
387 848
786 927
537 315
936 227
970 173
725 618
55 845
774 589
748 17
708 905
397 69
730 546
216 539
865 71
811 466
935 825
340 531
684 715
947 414
497 334
873 571
924 755
269 227
976 211
926 51
119 968
373 193
60 462
347 518
743 454
115 665
130 408
241 856
667 153
499 361
230 77
451 665
371 125
234 90
874 453
523 788
818 358
319 764
182 173
570 958
716 375
488 611
225 652
895 219
192 262
611 908
931 919
227 138
837 956
494 2
346 835
523 556
979 568
498 946
211 548
712 693
12 896
533 427
738 754
615 923
691 924
925 75
299 179
420 199
367 945
767 855
596 888
541 19
1 194
333 626
103 503
519 439
631 9
600 340
612 283
955 484
581 628
342 248
897 948
523 206
546 77
549 912
573 760
137 812
871 339
305 39
833 982
989 47
646 468
740 643
835 248
570 891
450 955
282 563
760 980
882 475
956 821
966 42
157 927
587 123
636 342
318 429
650 567
939 176
383 505
104 340
378 217
633 427
844 653
819 857
917 671
2 79
31 221
900 684
442 70
565 946
473 695
91 242
322 732
342 542
260 541
766 434
604 619
702 276
804 596
627 104
968 148
849 368
440 543
166 146
52 64
234 64
581 377
896 358
874 32
642 655
613 84
617 827
880 754
333 242
925 465
882 885
556 337
945 300
522 378
380 336
311 434
859 896
477 614
955 868
497 152
624 82
166 595
227 330
550 985
604 582
665 958
853 45
273 528
582 164
514 1000
918 758
991 635
220 718
594 163
670 290
989 286
324 850
12 845
61 758
433 297
116 555
430 759
451 512
98 663
273 484
420 214
389 811
98 821
160 13
213 244
832 934
958 181
238 119
854 424
564 335
685 458
326 409
194 194
232 819
9 379
835 605
769 830
879 985
317 651
422 846
66 952
661 700
762 685
35 157
750 991
160 297
406 970
938 108
833 781
598 846
372 657
746 723
171 882
821 213
213 709
246 807
507 92
415 684
896 2
933 910
789 111
416 221
583 651
782 422
842 634
493 167
246 201
594 764
602 576
649 504
332 158
542 187
323 297
614 292
576 965
625 729
410 522
30 716
956 212
511 544
379 219
246 74
197 221
622 204
703 52
373 377
58 166
652 235
470 698
184 323
6 739
201 16
382 924
314 973
712 832
929 382
239 853
894 994
898 826
932 348
443 114
379 261
651 407
793 562
599 586
138 728
978 229
358 168
819 6
711 983
947 183
623 334
414 508
590 287
617 728
725 330
883 467
455 261
208 823
133 157
320 432
963 924
82 446
187 793
769 508
868 545
321 195
184 741
148 664
828 664
179 330
835 356
875 749
441 991
552 193
942 644
442 937
275 329
165 824
139 39
970 277
205 716
995 718
296 416
318 100
971 747
444 333
67 932
201 685
876 180
891 107
536 791
102 390
659 39
611 370
450 163
749 879
947 656
47 653
602 321
795 129
613 97
317 359
753 289
340 227
750 581
343 543
845 124
802 892
993 691
798 339
57 190
717 733
24 427
120 644
920 390
125 429
12 896
226 848
29 557
150 33
796 117
179 36
142 742
516 961
622 216
921 826
953 292
815 809
836 920
544 742
573 528
310 504
97 442
971 382
563 483
27 576
601 698
800 419
523 292
677 846
198 326
540 548
249 211
172 727
824 64
378 735
962 903
984 821
157 415
197 257
241 810
360 241
369 398
451 861
549 369
745 655
77 457
839 426
502 738
82 531
23 809
660 703
644 131
939 988
871 167
608 181
395 88
862 981
632 669
208 650
854 248
850 505
941 247
312 639
445 864
454 170
565 584
170 650
330 555
168 990
346 181
43 749
932 635
65 437
548 463
984 896
321 5
757 815
419 938
857 223
114 36
931 768
372 852
211 748
426 939
322 962
639 199
889 776
96 998
541 730
641 757
933 727
556 391
965 661
90 524
115 374
166 266
134 160
733 681
574 649
46 906
417 574
957 333
487 520
762 416
601 161
437 293
118 521
854 866
56 388
424 638
328 103
821 64
627 411
655 693
62 281
875 939
612 699
119 396
167 669
796 803
154 895
553 730
288 899
954 569
207 269
488 202
360 192
971 173
798 380
109 797
709 698
280 5
958 726
414 748
155 421
400 81
569 149
682 990
140 806
492 225
786 429
806 666
402 686
234 279
515 878
840 888
308 384
155 903
594 359
309 243
299 855
969 845
531 560
424 605
454 403
855 779
809 294
806 41
890 774
927 645
765 617
280 8
267 366
713 126
312 220
90 388
412 310
875 99
629 329
768 211
443 235
620 331
705 919
642 53
933 684
621 617
676 724
751 882
433 420
557 470
83 124
234 53
675 468
767 86
806 318
699 57
458 124
46 892
322 980
266 813
226 132
443 403
728 284
563 322
406 968
331 877
712 464
726 673
491 278
585 416
14 886
973 720
484 801
247 711
739 699
395 268
901 362
784 524
920 315
577 21
292 385
299 227
193 362
167 842
401 855
180 768
502 546
209 563
740 17
827 279
29 776
13 930
214 377
739 559
947 490
792 219
921 469
851 135
594 646
792 192
715 859
169 398
178 66
529 996
347 689
638 288
104 561
486 78
345 675
459 451
739 276
460 448
974 185
632 115
800 830
973 566
600 822
936 688
826 304
101 15
898 871
422 499
557 372
159 720
132 275
158 979
624 274
269 538
506 406
921 899
930 10
397 827
40 360
578 201
255 133
404 186
992 328
504 470
983 535
286 650
760 634
244 410
191 935
376 117
553 24
763 95
738 496
599 143
194 548
897 407
688 275
281 167
740 545
772 3
568 400
454 723
605 602
975 625
916 510
847 66
832 510
530 555
54 951
366 601
267 835
928 238
708 768
854 812
271 586
460 150
183 645
119 725
160 212
796 781
891 8
169 142
603 753
212 413
264 372
656 760
518 281
485 270
781 944
679 1
899 950
648 895
913 755
956 435
990 268
432 684
46 457
715 870
831 38
695 577
114 259
55 347
374 415
700 467
656 493
716 167
433 462
320 222
407 930
261 551
129 788
50 831
67 668
697 624
360 189
956 343
421 384
583 245
244 653
502 577
328 74
160 408
539 136
510 377
979 946
290 639
420 452
449 683
820 694
167 369
936 118
281 784
378 524
630 338
999 673
513 534
438 325
862 953
39 225
757 439
620 927
824 676
407 172
666 74
108 289
60 467
26 915
621 38
611 405
564 688
327 198
736 59
916 244
44 144
333 20
191 723
502 537
572 216
164 949
168 696
822 659
896 599
622 342
796 1000
473 464
688 698
780 458
645 402
98 552
876 312
275 896
970 435
751 282
560 720
86 390
157 570
373 604
641 763
503 270
524 898
924 7
455 414
498 510
666 45
852 405
425 117
753 349
433 44
148 429
192 229
957 222
652 719
930 574
684 721
484 682
140 463
849 758
376 896
302 780
925 68
604 852
441 161
64 302
310 624
353 931
800 91
764 162
667 688
687 670
346 23
245 698
355 28
237 929
195 475
70 279
34 110
412 586
61 257
906 277
388 55
799 44
854 614
380 922
907 259
370 246
728 668
945 80
133 445
282 952
727 81
535 399
259 424
155 247
390 964
2 818
463 599
608 37
15 329
879 802
101 214
739 634
88 161
342 688
597 882
741 982
536 750
102 853
614 836
927 84
639 533
73 683
688 806
436 896
283 67
305 748
865 319
975 827
873 101
356 249
270 485
880 798
889 544
310 389
197 957
522 978
8 947
174 793
450 500
779 304
510 916
301 571
258 38
154 128
856 429
585 33
719 666
834 787
269 908
408 482
652 865
902 457
621 664
947 260
851 919
943 480
14 512
52 584
597 199
422 662
123 253
689 282
458 104
520 677
364 590
442 361
403 457
770 745
41 152
998 977
585 844
843 252
653 878
707 150
388 859
41 387
241 524
231 68
181 408
363 714
