1000 1256813
5000
548 568
793 949
810 831
64 134
984 302
193 618
423 950
452 531
870 596
443 156
237 415
93 470
33 185
348 367
76 648
693 901
93 48
909 71
252 347
278 575
383 439
140 366
793 807
536 750
858 816
939 262
719 237
206 61
496 764
71 547
423 619
749 683
712 445
801 84
746 879
781 499
63 744
467 236
731 559
690 733
300 714
649 531
672 205
768 486
174 807
88 479
791 189
983 681
517 690
456 380
220 314
974 679
635 708
460 424
50 339
985 308
967 314
732 73
196 410
73 927
178 543
552 224
75 655
250 397
988 599
987 63
401 751
802 908
95 560
203 773
428 314
331 769
294 938
472 116
694 172
430 786
274 972
241 222
7 547
235 594
768 936
75 525
253 315
263 625
10 798
345 799
338 736
227 880
419 672
859 535
873 764
985 18
40 103
183 600
251 148
127 112
176 817
311 223
800 893
258 628
578 959
149 745
377 941
744 694
44 454
213 245
489 992
675 504
796 944
816 236
510 722
244 734
791 256
808 729
908 802
576 537
818 38
851 259
992 736
250 631
698 19
625 360
799 503
591 982
856 600
549 495
321 704
351 756
498 511
690 369
149 15
850 276
451 130
808 388
611 720
136 351
496 399
12 732
936 943
32 534
24 630
747 347
716 714
688 218
461 224
878 946
295 556
982 30
77 432
358 854
103 680
224 662
205 605
725 574
826 161
466 728
470 522
326 704
704 3
939 832
347 863
630 688
949 868
553 986
70 900
526 693
906 990
875 864
760 466
221 993
946 586
286 775
280 291
385 306
221 322
983 981
475 968
588 384
586 100
369 268
420 347
950 180
77 243
639 431
466 454
64 895
614 584
423 551
87 903
789 971
45 27
563 715
627 564
964 210
190 470
98 950
866 456
277 463
734 247
88 638
465 198
663 367
63 747
709 233
453 512
590 850
395 950
265 651
706 615
598 715
379 671
731 134
450 1000
526 7
355 9
879 516
526 831
551 317
506 875
294 713
924 592
453 992
640 154
553 821
145 76
907 344
770 755
307 663
650 726
587 848
710 550
797 706
249 471
675 389
301 998
754 8
874 934
146 386
232 203
489 841
881 152
514 187
924 91
753 377
725 688
958 224
738 928
172 286
440 401
153 756
676 94
455 753
49 775
664 740
288 927
983 764
31 885
621 488
139 343
884 565
429 531
912 545
146 78
280 542
306 532
818 417
407 138
566 693
392 925
902 778
258 217
92 590
118 208
50 692
72 904
830 422
871 511
542 669
939 175
51 585
260 37
382 87
221 206
508 320
540 935
131 473
671 816
737 763
525 183
33 809
448 638
914 510
12 280
7 605
528 405
922 603
304 218
710 162
359 745
127 826
429 29
346 801
43 10
128 243
615 216
344 661
593 612
971 118
377 776
475 951
154 903
355 210
449 49
15 553
901 916
854 648
283 521
609 784
878 604
856 913
244 584
58 8
235 59
997 662
565 616
690 419
757 344
249 232
198 69
831 401
406 484
536 225
964 602
631 416
693 332
510 698
370 47
486 74
112 488
883 731
802 191
936 518
836 70
548 175
633 172
125 825
267 615
798 300
5 819
223 613
617 351
384 675
929 55
716 811
457 472
806 553
251 739
9 52
534 214
782 43
516 167
400 535
35 255
224 836
221 183
293 212
483 50
463 289
391 143
892 23
128 813
288 528
277 834
893 999
814 974
80 41
360 635
541 811
613 548
172 65
799 891
513 893
585 950
210 134
362 713
575 163
883 306
625 322
355 608
299 752
627 789
618 220
405 915
892 492
461 534
130 55
411 885
95 8
478 415
103 887
602 270
842 208
349 86
316 630
612 636
464 337
884 67
197 51
280 163
426 273
458 479
621 48
517 933
96 849
676 678
854 548
568 237
998 901
206 776
597 268
903 507
184 20
979 375
461 816
885 703
206 529
40 601
794 264
293 875
561 263
320 175
992 399
260 555
823 412
566 485
723 868
922 68
644 502
217 70
271 221
68 108
950 606
809 917
784 872
587 106
138 311
888 510
460 928
548 300
510 777
740 406
278 113
196 484
403 408
480 559
951 181
83 964
969 567
382 793
845 152
953 656
40 619
735 883
120 263
48 430
815 760
84 896
126 475
865 644
235 949
550 441
226 471
993 493
219 509
964 23
503 214
752 492
837 111
105 673
967 170
862 590
231 575
884 534
634 273
875 738
5 606
44 29
609 469
219 966
247 746
515 200
71 621
357 110
718 279
139 15
442 840
836 225
586 799
548 817
399 259
359 760
162 318
612 481
311 789
868 707
808 94
352 817
74 718
272 513
589 648
405 791
320 744
952 321
118 965
408 440
163 817
964 376
257 138
411 358
184 669
48 283
46 151
236 503
960 380
966 532
93 508
891 210
377 703
914 569
286 283
33 525
528 158
184 865
656 406
889 391
542 752
539 668
343 365
920 871
277 789
443 504
515 702
25 171
16 626
615 36
247 772
536 215
57 430
6 805
705 901
177 748
244 66
235 315
517 866
222 251
306 492
859 301
458 979
406 813
6 675
792 668
994 456
54 702
560 655
772 757
390 178
257 283
934 427
383 521
128 64
216 407
602 87
981 518
622 990
120 650
404 304
801 417
354 103
331 737
41 238
46 57
521 497
59 185
944 367
355 734
798 560
17 887
89 954
634 281
377 743
509 161
986 45
209 894
994 385
515 808
456 840
688 104
415 18
277 238
381 514
524 11
871 995
140 199
723 293
948 901
484 457
302 772
865 485
549 811
199 525
835 1000
49 830
646 614
706 412
463 829
885 728
401 258
657 764
680 415
148 31
28 355
210 615
796 738
929 411
564 68
725 125
806 509
67 758
232 805
33 473
146 68
48 552
277 277
506 334
856 700
67 452
86 500
606 191
493 373
379 334
31 872
293 396
352 234
129 470
255 463
383 409
276 579
158 960
960 386
520 498
76 959
555 550
616 907
11 67
53 598
933 781
413 229
473 863
471 938
973 260
53 727
992 225
546 423
391 746
412 404
547 297
187 298
126 876
359 423
11 278
252 338
11 527
374 620
126 926
242 575
4 821
625 783
690 139
92 717
850 469
33 720
879 140
298 352
872 890
123 540
618 243
186 153
492 631
639 998
783 818
675 838
727 144
300 30
649 247
845 1000
558 321
593 398
900 617
697 94
80 391
329 740
612 336
529 642
471 265
278 425
731 328
369 997
641 572
25 684
841 130
304 461
324 915
409 343
938 192
971 289
774 140
942 398
631 901
460 29
968 536
421 917
528 338
290 949
411 678
552 771
671 273
299 319
892 80
148 119
904 430
312 308
974 865
657 847
3 60
346 324
251 758
180 6
916 318
48 588
658 257
892 263
603 327
676 251
953 521
455 43
957 111
149 922
184 600
764 145
384 465
173 416
150 848
340 310
303 148
456 443
266 647
244 726
999 403
895 816
15 697
872 63
507 265
107 292
945 970
619 606
573 912
953 452
16 382
757 579
370 78
742 959
808 539
467 871
279 44
69 726
922 110
871 35
817 255
867 670
855 249
4 980
903 875
239 446
184 629
771 172
996 670
663 578
91 701
429 378
261 675
901 341
249 118
471 869
700 154
395 535
40 273
175 815
93 292
158 749
671 742
30 814
161 814
101 233
160 180
897 27
954 286
556 847
852 776
510 681
827 669
726 91
624 793
913 593
78 11
409 445
167 277
800 692
969 340
126 285
64 292
182 158
602 785
250 296
668 355
501 93
562 236
99 747
266 831
187 144
933 917
193 935
769 690
893 452
983 961
796 888
370 450
879 270
690 380
325 814
723 534
258 905
231 121
899 222
73 190
370 90
730 890
722 124
591 946
539 818
125 838
589 404
405 618
975 447
276 745
276 312
305 177
660 196
920 393
973 995
632 776
47 354
965 53
362 267
926 103
80 26
587 248
556 436
20 254
991 454
333 328
435 978
585 370
507 805
807 945
385 248
186 263
497 494
591 31
718 758
678 796
72 228
223 875
828 55
101 633
276 146
846 543
962 558
347 407
940 952
313 384
308 884
592 535
18 246
631 628
815 146
478 469
441 688
97 23
264 236
471 679
47 493
798 207
304 647
224 108
317 287
398 35
684 693
281 757
328 130
455 581
840 193
546 170
400 847
858 291
258 807
900 801
490 108
819 537
89 916
195 342
967 917
827 971
161 702
164 352
215 559
316 319
514 470
368 382
624 822
32 923
449 402
274 464
2 337
986 709
585 934
816 249
704 908
201 47
126 10
612 111
738 904
601 375
324 669
804 780
70 948
324 35
374 942
546 626
85 826
384 720
78 926
722 65
85 691
856 166
560 727
526 591
786 279
523 455
849 352
310 505
555 159
84 875
872 801
457 921
738 20
313 216
42 88
743 778
718 330
141 308
357 407
550 747
27 782
783 155
621 617
225 23
772 134
819 315
134 978
568 984
840 788
358 202
3 986
588 819
818 249
823 920
782 885
810 60
378 491
655 814
597 248
884 975
291 49
40 501
705 611
943 30
146 701
717 460
612 954
119 293
77 173
338 651
702 351
227 337
342 964
51 89
992 710
37 528
511 545
707 780
711 579
473 902
621 257
645 446
8 26
472 232
352 689
649 323
120 695
852 563
915 534
954 943
549 916
228 931
36 686
274 217
354 58
825 46
349 786
59 492
137 817
900 818
955 77
114 408
561 573
724 694
148 645
22 456
359 584
671 583
204 282
542 205
258 343
333 189
416 785
215 43
997 360
467 129
629 925
349 541
808 688
165 954
805 684
475 659
188 318
852 97
933 411
877 582
874 62
62 143
270 419
842 406
375 679
91 415
63 763
911 596
818 692
681 702
445 605
796 86
966 469
738 405
665 102
738 341
173 99
61 264
184 11
383 448
10 566
631 604
671 322
448 615
790 283
184 411
214 462
529 248
666 824
122 626
45 926
740 347
805 317
545 135
366 579
279 873
193 372
287 182
965 780
138 567
940 480
102 860
669 545
399 614
639 707
593 452
271 133
678 369
158 682
946 248
98 82
64 374
299 522
290 700
810 783
725 396
659 897
948 127
799 152
78 852
768 748
451 957
737 781
381 917
724 271
875 814
109 426
676 247
189 987
354 375
273 835
702 812
922 453
772 419
241 330
452 641
575 403
57 572
311 916
121 639
840 602
364 885
616 131
780 574
620 275
496 867
386 530
823 196
838 265
830 250
23 273
937 770
486 481
590 720
949 181
743 940
805 279
327 68
582 925
300 395
258 628
812 880
475 501
989 838
854 734
565 308
607 815
72 34
367 83
379 906
353 666
776 638
815 216
695 742
199 858
743 212
217 57
562 743
643 139
734 260
212 234
219 817
397 879
256 705
67 131
980 501
744 727
718 421
489 726
957 920
539 131
440 380
109 102
413 804
769 48
35 528
737 160
370 265
279 936
892 539
65 595
297 705
587 393
449 190
806 653
636 701
312 857
965 518
854 131
732 58
397 486
719 910
128 596
608 406
531 880
520 325
888 762
187 956
720 264
884 887
452 421
490 478
798 879
254 769
579 785
469 745
734 672
86 845
486 680
454 880
413 924
136 79
484 141
769 500
515 917
517 306
654 166
734 287
164 41
318 460
58 183
562 200
961 218
877 299
837 838
546 441
673 752
234 128
864 870
411 712
21 349
994 955
913 453
842 800
918 411
432 438
89 647
792 96
889 951
61 323
398 413
211 101
707 576
676 697
225 589
312 293
401 499
460 415
324 410
13 888
975 685
80 907
621 280
800 548
595 88
72 425
10 774
439 229
248 653
137 49
39 851
133 624
970 986
82 266
350 230
934 428
177 427
729 887
395 13
697 327
166 973
763 209
393 337
609 20
440 799
822 961
319 881
434 267
420 801
838 429
313 471
697 136
317 278
342 169
256 260
387 87
301 578
165 462
131 735
18 925
1 602
554 431
375 530
635 728
676 555
568 690
129 620
452 236
616 706
234 311
341 249
245 237
53 983
444 687
611 74
59 1000
998 973
584 207
42 667
3 153
794 594
99 509
109 383
562 720
224 858
263 128
528 73
660 82
577 560
519 90
607 303
514 149
956 672
177 656
410 812
335 65
43 608
59 598
559 336
450 52
454 593
661 264
67 904
47 639
959 914
902 500
400 181
892 101
73 974
477 231
56 794
934 958
688 951
264 195
457 348
604 906
2 21
873 759
456 702
620 680
244 427
486 132
539 235
630 142
882 673
622 68
40 43
794 974
60 224
876 830
511 694
536 100
467 978
9 825
638 184
665 670
239 632
359 488
882 340
396 783
141 424
968 967
951 502
932 410
876 967
704 950
688 683
718 601
757 418
787 964
418 978
80 102
117 732
583 688
495 865
327 135
204 138
814 568
994 328
481 880
988 133
942 119
736 266
583 978
317 252
114 767
175 323
861 583
695 287
405 984
543 902
994 162
584 581
402 563
290 30
129 57
616 607
483 144
430 395
300 223
885 784
687 303
441 374
937 232
421 643
947 170
343 144
671 886
505 766
613 214
922 186
711 291
176 517
328 806
771 908
971 736
870 583
444 516
680 504
14 993
701 815
405 812
639 382
356 287
735 842
376 453
437 274
923 402
335 248
129 315
455 279
313 753
616 835
419 292
411 852
164 922
251 781
230 335
592 925
271 867
453 271
618 741
892 584
911 572
920 876
108 274
781 833
190 78
306 552
918 466
80 488
150 720
998 125
642 205
504 974
292 481
406 67
985 708
714 330
900 922
85 698
721 187
804 49
395 583
263 910
632 592
434 528
28 756
216 648
308 260
131 506
408 803
124 394
93 770
788 480
199 737
438 166
101 696
585 634
85 127
533 986
545 567
422 270
983 867
436 837
703 151
728 333
640 264
221 914
375 427
199 729
664 791
369 721
159 164
799 826
414 930
996 883
145 537
962 25
580 657
204 326
134 785
660 822
328 437
331 4
25 180
574 685
34 508
325 643
952 494
857 989
703 527
964 654
180 771
768 227
155 252
843 398
646 656
782 74
901 879
292 880
296 634
897 390
320 139
37 64
992 252
628 919
812 39
820 471
299 428
523 764
295 206
127 530
233 543
290 114
869 595
263 175
78 426
440 377
560 600
97 457
634 543
710 69
178 348
124 788
738 120
366 477
384 177
634 802
135 57
949 410
289 859
626 857
523 590
916 808
537 881
960 642
191 819
906 626
551 215
137 630
722 698
536 836
868 422
373 400
476 600
202 19
310 791
361 165
846 706
964 516
530 512
563 72
646 346
160 769
906 560
34 433
155 768
945 163
836 122
719 563
394 277
400 90
640 518
729 768
707 964
637 588
330 181
179 341
313 673
428 134
776 56
999 535
350 985
598 576
62 654
209 642
147 655
119 991
883 350
924 495
93 929
178 346
605 823
615 195
436 463
394 519
943 275
27 741
193 326
568 139
212 856
808 102
703 42
583 404
426 723
460 275
880 784
799 579
866 381
404 603
300 540
43 924
782 688
296 866
645 174
716 772
741 292
164 725
286 958
368 138
666 412
453 734
251 480
741 891
212 197
509 398
964 575
518 90
802 807
90 402
340 79
958 441
440 843
670 905
107 30
214 860
138 202
433 221
107 883
730 333
954 76
947 815
229 1000
555 134
657 597
971 881
38 597
830 751
238 794
765 798
611 694
961 782
376 798
749 347
91 269
526 209
222 335
290 668
648 2
414 87
757 579
685 393
490 662
463 943
16 554
894 20
952 762
232 186
20 521
971 619
670 920
17 189
56 968
445 444
701 530
912 130
399 681
193 98
867 680
270 520
632 525
492 1000
826 639
394 22
290 501
310 15
719 427
685 710
452 692
131 590
653 763
256 979
406 75
51 115
140 796
48 799
696 369
445 172
135 711
843 461
299 308
745 51
745 250
198 863
921 326
666 850
410 657
2 559
749 200
692 29
848 357
899 272
147 229
249 649
64 961
631 176
73 983
506 82
667 45
128 25
253 147
143 712
568 307
904 808
392 657
189 398
306 114
330 902
223 846
18 623
291 88
339 543
107 299
25 964
33 818
518 472
618 83
421 104
926 200
83 109
44 381
85 530
760 114
557 503
657 216
450 869
923 476
727 316
624 62
93 750
244 870
69 370
920 717
832 94
178 277
628 22
517 115
147 584
937 100
872 546
760 215
110 502
323 597
82 790
214 658
930 449
539 410
459 938
587 603
789 169
540 414
502 177
372 167
483 938
368 567
8 803
646 280
337 156
236 242
483 645
829 805
198 203
9 199
687 770
155 527
746 536
487 664
128 460
636 9
717 988
904 706
523 655
872 513
977 822
932 386
865 372
374 198
722 137
382 935
478 478
693 483
855 174
484 541
292 580
390 521
131 723
191 120
859 508
466 104
479 138
72 928
119 448
713 679
671 370
539 576
91 162
108 909
399 684
219 756
5 654
910 360
293 849
113 980
161 199
344 4
606 938
114 487
294 653
386 560
691 649
284 84
868 741
504 959
978 161
503 474
170 62
756 470
193 382
968 852
448 852
419 165
997 23
23 365
139 455
872 456
174 889
421 77
711 760
421 568
843 467
636 136
888 840
632 969
744 514
429 295
26 325
907 317
478 850
22 279
230 987
147 11
1 196
867 150
1000 159
306 648
124 577
500 88
723 940
369 406
556 323
68 578
248 532
669 678
425 47
408 330
934 422
211 181
511 41
922 906
455 829
997 942
817 431
388 473
843 415
543 34
310 455
833 152
881 275
460 564
880 206
948 15
133 779
586 639
554 590
729 617
968 884
101 331
683 792
16 718
681 91
255 415
188 339
890 97
364 116
114 823
477 567
302 727
168 124
670 614
840 361
299 693
546 565
374 146
732 336
650 423
710 238
367 544
951 187
421 644
449 497
233 927
475 797
906 449
451 72
963 142
4 670
947 593
144 529
184 713
851 209
399 375
925 51
634 981
168 630
991 577
775 670
743 106
761 793
592 221
676 219
901 495
800 598
204 154
957 97
824 396
175 801
905 261
532 788
862 127
950 187
934 597
424 899
246 343
818 402
668 269
741 686
953 176
803 872
801 497
630 715
72 211
572 683
230 936
371 306
34 801
699 111
335 171
494 296
338 384
945 93
684 691
120 899
175 580
700 351
729 411
396 805
711 830
948 403
226 805
183 765
988 739
58 719
836 668
960 368
990 532
8 864
799 192
567 953
874 221
16 698
498 379
876 824
654 21
802 433
453 965
979 653
659 494
477 493
370 648
315 559
880 728
515 707
66 455
303 751
198 720
792 536
137 519
702 868
644 942
1 306
53 119
940 760
813 247
613 947
228 605
227 87
20 733
678 83
204 435
587 203
345 342
358 768
650 595
913 915
273 778
873 732
121 639
382 786
178 933
399 250
279 627
570 537
642 457
263 865
276 34
961 659
352 723
922 575
249 510
729 389
825 497
255 165
781 168
222 762
482 850
890 986
347 69
240 956
39 615
258 581
655 247
183 856
199 528
740 4
375 320
860 672
673 328
927 848
910 23
750 906
759 95
820 543
568 108
896 809
457 763
753 636
381 953
900 927
599 850
811 509
732 502
124 745
291 102
793 692
736 482
928 581
38 613
160 350
878 981
142 963
130 363
446 919
635 14
787 297
821 823
253 12
670 867
271 765
431 754
3 283
994 706
902 280
226 74
170 719
790 420
597 792
961 45
224 232
881 927
610 159
831 93
882 127
235 217
581 580
289 830
280 360
918 407
83 844
942 83
230 983
403 731
189 103
793 718
101 490
867 535
16 242
758 270
374 991
552 27
5 332
693 732
489 138
539 578
677 641
648 259
142 303
320 271
882 99
354 815
76 583
542 655
697 379
21 917
728 711
616 112
301 247
572 355
468 989
609 843
490 862
493 311
398 561
528 487
779 799
834 90
764 584
961 391
437 683
826 342
182 730
620 785
125 956
821 900
937 520
276 907
378 411
769 780
754 327
156 303
991 733
684 374
9 448
157 811
466 678
184 469
290 262
132 399
774 112
229 889
301 241
933 743
684 84
181 578
26 833
446 454
761 500
197 194
335 955
29 851
841 764
972 791
123 867
691 395
731 678
680 644
244 936
569 180
418 792
181 173
736 800
669 103
373 879
716 291
934 826
407 531
196 899
781 257
925 97
787 80
417 58
41 211
761 310
910 454
709 73
897 180
26 687
204 603
979 928
501 884
380 772
423 798
177 677
842 16
658 696
973 673
380 629
418 929
466 191
88 995
252 682
926 831
631 667
324 623
689 125
565 28
939 897
739 795
87 1000
535 804
292 703
944 252
522 526
389 810
118 575
526 152
707 848
951 72
784 279
184 231
571 429
860 909
715 141
326 582
48 479
394 162
670 665
594 41
528 34
447 426
707 209
699 343
797 608
361 688
170 852
211 548
737 990
722 246
852 803
754 156
279 303
807 771
538 475
380 847
337 719
313 108
356 83
945 370
995 890
807 370
560 331
811 794
590 238
302 159
778 159
724 414
10 346
256 255
962 453
78 658
349 306
120 611
179 335
754 390
430 650
457 656
219 889
838 7
975 63
879 884
255 88
835 169
548 213
177 525
736 505
47 454
100 694
786 663
405 544
516 92
897 489
303 170
28 448
794 777
723 977
501 7
231 84
641 644
788 201
501 182
678 351
881 506
885 182
784 23
735 846
867 290
108 569
3 471
907 874
580 60
54 626
868 394
699 477
113 452
621 556
140 104
527 684
895 374
694 970
468 498
122 586
556 585
1000 354
641 794
101 311
854 71
899 700
294 119
868 238
470 679
229 381
206 2
228 197
783 78
204 477
800 521
687 980
552 886
995 117
634 329
622 966
723 976
519 281
674 793
598 509
54 391
255 330
518 975
617 761
474 524
80 849
998 683
335 170
2 86
327 113
399 880
135 586
775 541
430 402
239 8
62 969
723 118
398 330
365 612
753 251
908 425
527 598
938 673
373 594
948 414
974 876
519 639
209 93
965 975
914 612
122 793
407 813
579 640
934 907
246 270
765 722
436 225
720 584
660 871
33 704
824 936
177 222
182 592
708 165
362 418
650 470
26 516
275 459
180 657
72 842
768 933
294 723
369 817
988 18
114 626
241 288
484 689
740 25
676 563
784 275
94 837
340 99
604 283
338 825
689 646
833 272
753 89
715 725
342 753
358 617
758 90
494 583
997 626
209 150
351 103
467 601
139 798
30 552
410 298
253 140
715 911
437 167
101 398
355 445
956 946
979 466
672 547
284 193
43 444
19 114
587 199
169 232
153 270
818 902
961 596
757 18
884 274
892 238
665 772
204 523
591 259
650 302
333 240
963 305
944 743
266 580
819 167
945 739
747 567
833 343
942 306
981 428
110 568
390 297
2 739
969 923
265 699
833 297
306 184
620 240
947 429
853 104
637 980
729 450
420 138
901 403
298 746
502 888
991 469
959 261
771 864
237 969
288 669
836 795
241 248
702 291
295 76
535 741
66 20
13 100
864 270
535 628
23 622
453 964
247 161
281 837
329 628
824 730
787 143
32 745
575 954
281 540
844 100
618 177
553 725
29 559
587 190
42 389
676 574
89 761
605 376
688 275
723 450
174 833
204 144
753 61
628 178
75 480
621 947
359 514
655 301
769 386
827 289
857 476
728 703
665 552
635 240
816 259
691 402
789 786
239 618
190 482
644 231
514 236
844 128
463 759
262 991
303 814
16 650
347 974
124 243
944 509
682 789
711 883
196 514
768 81
580 595
505 137
823 672
605 252
511 374
256 80
267 501
663 741
652 271
975 28
628 203
642 465
64 703
934 799
119 492
458 900
100 969
771 748
852 312
206 814
525 293
674 334
764 515
204 46
349 448
23 263
509 462
178 41
515 1000
30 780
74 769
333 989
49 116
885 80
128 849
69 148
142 377
419 769
97 467
420 255
658 235
267 186
929 271
145 935
518 35
597 564
986 692
583 332
55 45
33 120
547 418
708 798
630 979
629 189
639 63
483 871
303 950
685 242
961 37
773 599
220 796
231 52
448 434
302 964
316 746
484 322
467 659
195 246
843 220
467 530
338 898
548 849
870 318
204 882
376 9
271 360
292 394
573 289
836 550
79 384
220 88
308 522
117 966
716 92
506 22
591 205
141 267
275 547
289 76
2 213
930 708
110 758
244 238
977 520
576 635
344 739
519 131
723 880
539 834
594 318
752 908
758 188
108 570
800 507
282 765
135 121
950 479
887 9
567 938
328 946
824 472
778 529
288 150
612 294
633 166
929 407
354 996
989 454
385 916
226 438
815 812
287 872
5 451
72 100
273 459
890 748
633 372
904 568
903 364
868 844
271 541
418 142
460 978
245 802
532 135
20 1
222 155
910 472
885 230
855 400
498 879
94 160
311 705
67 706
878 221
665 417
579 603
494 197
511 628
472 379
204 363
274 52
654 936
210 799
340 26
841 167
7 715
747 88
155 9
743 108
184 304
920 413
279 238
995 354
254 767
654 99
918 599
652 546
28 966
833 124
528 62
487 7
453 733
154 616
152 941
716 906
251 344
334 654
682 222
156 541
592 906
657 480
883 250
940 431
27 506
681 905
823 565
900 696
196 15
877 549
856 356
820 745
853 337
315 191
827 930
339 172
388 309
993 261
623 352
490 555
433 632
329 494
926 576
107 861
483 606
61 848
788 255
385 816
356 289
22 472
442 728
394 325
861 892
99 947
636 198
32 263
538 254
50 407
464 471
116 557
286 785
71 141
867 564
432 660
618 469
796 616
367 830
774 299
941 33
76 462
592 762
584 335
322 361
135 102
967 236
704 53
851 37
977 49
996 342
61 273
643 150
49 609
734 143
48 87
213 668
241 556
983 479
727 561
334 965
885 214
958 525
971 525
288 296
422 372
650 894
617 954
856 182
588 519
576 272
116 173
350 408
586 776
93 185
587 352
823 879
521 33
531 446
852 870
579 359
663 629
408 612
502 118
384 759
886 823
382 156
980 259
997 681
72 826
801 132
942 662
841 916
858 809
765 151
637 973
169 508
76 83
769 449
802 706
11 938
984 887
70 207
273 851
403 430
331 526
112 572
315 569
339 735
550 623
215 944
607 926
682 73
653 607
949 822
545 385
713 934
747 822
167 242
254 510
506 900
135 764
45 158
887 578
916 28
591 550
847 412
272 215
461 816
526 381
373 64
403 401
358 414
70 366
573 403
928 539
376 9
413 592
381 478
329 521
367 981
862 541
548 570
929 514
141 750
449 220
126 404
730 597
611 581
412 535
978 248
369 569
299 131
474 417
795 903
101 52
203 198
53 81
378 403
570 610
552 212
931 646
467 883
490 987
132 803
230 116
40 658
499 223
489 840
763 981
679 455
600 241
65 466
989 9
332 918
183 762
468 649
348 215
583 820
523 827
547 940
835 94
120 836
62 464
62 261
12 464
836 682
9 706
716 528
882 261
678 467
327 431
712 378
240 134
116 110
787 744
748 6
389 713
762 909
386 498
83 221
459 731
631 898
929 603
849 887
233 916
719 8
60 547
331 859
659 435
543 646
920 179
548 133
732 211
371 460
329 585
176 356
427 765
906 278
98 155
651 728
576 362
328 563
247 257
558 470
33 669
520 484
830 580
867 320
659 815
300 568
315 930
911 598
320 987
693 968
632 726
435 930
921 183
641 895
56 498
350 912
437 930
671 204
7 898
727 352
749 67
517 606
336 765
248 688
457 134
484 542
153 897
540 243
37 134
105 482
354 973
910 553
669 475
236 364
759 271
109 240
860 863
101 662
924 436
82 82
904 619
661 948
895 640
222 719
367 482
592 922
753 182
378 852
188 373
709 970
746 159
384 917
649 287
375 248
694 997
645 702
320 276
395 480
953 434
329 930
520 100
262 788
521 27
126 337
584 3
153 886
853 948
28 931
607 152
22 232
43 869
837 910
894 830
771 536
145 913
628 124
960 192
882 275
248 181
51 500
584 622
177 543
318 637
176 665
278 10
704 232
271 834
980 422
416 523
384 180
934 413
640 703
544 483
326 854
587 416
121 816
394 954
368 23
747 638
683 858
153 947
392 350
936 415
618 812
292 242
967 679
104 6
275 345
270 124
742 891
491 876
62 878
752 900
148 330
813 573
636 400
298 455
823 192
62 906
503 682
840 513
496 403
296 57
875 578
28 616
463 96
696 51
703 500
129 251
616 381
793 605
378 897
250 743
404 173
713 376
686 250
34 55
498 932
412 642
391 441
868 440
820 783
648 798
794 425
364 139
856 242
699 579
449 878
890 921
842 575
560 741
520 898
385 763
345 328
909 821
349 343
81 262
611 764
821 423
63 190
372 846
869 187
45 254
224 925
529 961
771 369
415 987
734 15
45 165
238 988
780 443
210 498
587 87
297 253
428 251
651 26
569 639
892 724
342 13
449 504
625 256
414 936
151 908
878 515
41 111
199 487
938 754
199 811
313 885
966 625
434 843
564 788
350 323
605 520
168 945
899 235
494 730
464 44
140 375
921 432
94 80
562 788
714 856
510 227
527 723
809 643
469 411
650 606
70 804
42 670
289 514
717 328
657 66
338 201
754 484
825 73
247 730
75 45
444 693
53 809
183 96
260 926
572 823
993 858
465 193
628 172
496 849
939 831
350 674
679 363
779 972
254 428
564 645
723 890
661 141
869 61
610 496
119 740
25 57
463 718
45 734
498 973
479 685
257 332
928 290
756 568
412 25
474 81
661 353
733 132
925 402
883 707
852 832
156 380
190 300
180 958
854 47
161 777
445 320
296 118
69 752
829 650
97 383
859 324
520 504
374 244
624 130
289 922
654 882
984 426
451 605
836 456
388 502
964 505
905 134
833 51
34 432
75 639
556 662
948 136
648 825
238 39
732 141
666 276
491 396
150 372
711 236
305 691
157 664
234 961
640 17
4 128
177 92
471 774
541 916
455 827
586 111
579 123
835 789
23 673
945 256
715 485
485 512
536 399
865 353
833 73
214 407
585 502
806 382
989 533
442 520
557 755
698 744
745 607
189 704
990 602
391 546
734 398
301 591
750 644
779 121
896 429
754 51
626 490
134 149
731 267
700 266
344 510
829 45
994 857
250 339
398 640
727 310
34 505
116 290
579 643
119 881
313 973
463 243
91 879
319 797
766 737
526 750
993 63
261 190
238 53
899 290
637 223
83 175
66 12
934 742
752 476
917 795
572 687
876 926
395 253
525 820
731 490
56 27
423 305
207 799
622 800
451 113
127 314
593 869
509 499
807 340
647 573
538 355
875 55
509 541
198 92
523 225
171 782
127 749
513 216
764 376
74 511
410 738
123 465
487 672
145 46
172 164
675 410
769 850
383 866
76 401
606 674
640 632
777 580
125 156
109 820
812 559
366 915
216 518
139 544
310 325
215 918
953 718
394 159
546 737
102 638
363 708
515 893
433 46
656 617
994 923
379 151
632 629
135 606
884 951
875 929
228 913
864 769
313 446
333 328
934 413
713 912
385 609
298 160
453 830
543 691
260 306
602 794
613 422
452 474
376 739
916 150
163 267
194 780
10 429
659 741
864 49
124 674
997 589
745 964
34 774
291 738
91 146
521 229
138 14
907 619
558 152
168 521
603 283
461 41
543 540
555 344
366 505
201 642
443 862
863 916
698 69
637 4
796 934
718 671
811 961
918 853
916 516
153 438
506 81
668 133
133 929
935 747
97 540
975 635
898 784
970 446
748 98
295 286
318 221
799 65
964 341
393 35
643 274
646 244
304 865
22 452
418 789
147 695
669 697
643 71
464 757
638 414
842 885
949 928
135 262
810 326
319 379
775 102
325 894
78 735
167 958
156 588
546 28
718 857
519 583
45 603
470 148
342 534
658 991
554 321
92 150
959 290
372 362
267 645
849 974
364 882
795 871
88 109
415 367
299 777
394 213
395 529
334 631
300 104
731 296
145 976
185 813
899 319
387 797
420 802
374 754
971 19
495 34
407 968
684 965
494 274
569 886
774 668
241 318
758 718
340 164
437 389
172 347
646 183
346 961
2 860
606 667
111 316
500 344
817 425
778 632
41 221
595 448
483 362
682 331
51 649
768 628
335 221
218 850
776 283
791 993
838 111
165 617
908 890
660 752
558 545
619 313
526 968
975 553
159 684
26 539
508 961
594 109
748 814
65 658
877 319
313 604
70 220
656 222
367 601
975 215
99 479
729 839
318 917
184 598
66 252
691 617
182 384
133 346
107 26
300 20
820 77
235 442
442 520
727 239
696 349
667 738
674 778
444 581
435 178
316 412
402 783
504 461
377 233
43 146
826 964
363 884
50 843
124 267
459 733
302 632
548 573
594 217
404 308
412 653
610 126
108 697
597 12
800 997
997 377
974 451
568 358
916 738
207 423
372 272
2 724
249 161
709 706
810 890
912 561
60 405
454 518
604 315
934 216
276 803
619 68
594 975
411 785
83 70
170 589
826 246
492 377
875 932
549 993
512 305
704 835
584 301
485 287
599 331
21 167
89 179
572 587
399 192
2 817
618 801
740 925
407 751
983 315
589 761
675 852
224 882
494 834
489 294
534 129
155 197
627 634
470 785
468 1
102 745
540 256
485 919
609 30
589 953
204 750
732 239
95 346
125 593
822 194
493 81
910 716
581 168
905 695
956 525
393 949
349 600
509 214
756 233
317 362
198 189
923 920
33 271
811 552
767 458
658 758
19 638
284 634
14 328
404 289
944 851
61 851
260 224
232 711
278 120
866 516
952 981
896 613
319 754
976 592
803 91
599 290
89 384
594 7
760 395
288 345
660 455
158 837
619 173
180 746
594 726
234 670
548 834
810 97
329 634
545 415
471 357
24 833
575 184
12 724
464 268
165 925
588 944
485 799
147 413
596 794
732 707
203 156
305 732
848 426
482 990
726 712
319 183
455 266
825 492
814 491
762 607
106 848
67 135
336 521
795 984
883 827
683 513
780 834
615 739
850 301
436 175
768 128
688 872
766 528
181 332
123 708
455 704
97 209
349 635
848 970
895 10
267 860
599 61
450 158
741 784
464 712
491 638
974 766
47 18
459 686
199 342
809 581
938 355
67 613
712 981
745 109
776 339
956 813
727 93
942 671
997 169
506 501
754 248
516 715
127 760
446 38
513 689
930 370
371 540
922 851
806 605
343 5
53 517
82 65
116 162
558 671
691 864
380 403
773 634
343 872
223 601
968 997
72 908
404 829
344 289
152 891
201 373
308 704
522 550
411 31
12 845
497 172
651 863
494 998
160 487
957 210
63 847
401 375
411 412
438 67
54 954
725 486
707 499
848 530
478 365
548 490
611 347
899 158
817 377
294 166
583 289
399 271
440 580
562 632
749 871
273 790
575 253
947 720
561 174
90 157
508 372
787 341
507 597
122 539
313 782
126 286
152 8
884 227
597 426
156 877
896 728
140 715
232 971
223 493
167 343
581 562
439 17
374 956
366 324
788 761
778 67
956 43
693 183
570 281
772 435
249 89
119 960
725 302
600 92
106 202
33 374
5 940
277 884
164 16
295 102
178 848
630 966
407 704
49 28
478 440
434 729
604 739
606 495
478 901
700 182
863 448
20 227
752 853
389 972
995 316
272 381
488 793
829 127
583 404
971 761
289 999
821 247
656 459
382 423
2 347
748 116
773 978
920 595
29 955
729 882
564 269
175 480
60 137
537 580
922 632
58 6
694 626
313 854
40 849
235 817
721 511
338 669
941 153
432 968
933 813
186 169
301 475
723 255
401 179
705 790
621 540
937 18
487 812
295 462
248 981
237 300
634 834
255 958
791 71
794 776
100 601
779 415
491 233
125 114
253 903
207 809
313 536
39 586
222 827
769 696
392 809
760 150
650 545
61 133
757 650
291 233
688 985
870 900
265 871
966 469
571 101
169 951
965 818
318 328
37 213
458 776
622 934
852 140
894 144
54 755
108 769
86 965
295 352
345 941
62 254
40 855
985 663
733 677
428 612
818 500
111 203
637 264
349 496
226 613
90 693
73 217
419 442
486 264
178 617
961 871
169 720
961 267
578 872
589 236
845 19
109 204
860 464
508 434
568 281
584 653
160 737
670 480
946 435
622 654
881 616
347 758
322 397
51 383
984 380
768 660
555 608
561 237
250 781
635 172
614 214
264 859
34 185
746 900
411 705
870 553
433 400
284 902
681 48
892 690
148 750
590 366
88 461
626 295
452 134
885 93
407 101
605 867
539 806
449 656
901 113
874 941
249 283
349 107
667 490
565 680
985 915
635 6
14 890
831 712
786 956
566 86
365 154
581 535
126 44
401 857
798 711
700 791
923 95
906 359
357 41
247 573
175 810
413 775
923 246
728 571
345 886
502 587
481 194
911 362
592 391
580 407
352 554
778 201
774 626
692 432
109 358
464 655
326 180
291 499
328 997
275 109
279 119
630 338
899 498
95 917
523 232
823 804
400 34
248 553
11 575
187 312
4 389
27 696
537 231
536 457
123 712
202 572
816 840
507 788
629 878
226 963
549 630
622 937
638 877
643 137
811 597
850 643
754 535
778 177
260 651
161 330
536 100
901 681
124 650
165 187
425 222
12 91
641 729
350 749
448 113
123 663
322 68
665 333
778 484
389 597
381 550
107 905
580 759
969 941
654 368
724 49
528 708
624 239
567 936
55 824
380 216
259 18
431 824
292 361
181 101
47 54
520 516
383 903
449 135
436 268
928 139
267 83
865 906
479 865
788 248
156 70
368 421
58 545
535 674
249 241
931 81
926 925
189 611
710 419
988 602
366 291
324 608
687 479
16 407
332 936
47 536
310 589
155 411
948 495
555 66
85 970
19 442
890 268
676 621
668 716
23 454
221 241
896 871
262 301
93 602
447 419
892 753
17 929
686 922
466 771
230 146
297 524
487 857
206 140
245 688
680 796
548 468
662 680
989 591
840 980
574 188
731 336
215 570
945 624
660 467
85 590
943 877
636 718
843 610
70 551
194 882
210 36
639 566
661 867
143 99
45 691
521 697
900 250
408 263
812 23
645 937
967 25
517 875
143 139
9 741
705 823
359 301
258 66
439 850
269 620
437 876
107 897
574 854
836 330
410 5
487 454
563 308
202 83
804 695
965 866
888 703
38 158
91 809
297 654
616 924
272 889
344 671
740 843
541 618
135 350
495 245
535 176
804 415
666 305
345 289
64 521
820 982
847 940
928 912
233 980
509 821
205 343
612 763
648 533
698 161
738 939
660 485
31 890
635 614
532 822
634 283
738 414
785 555
277 507
882 615
311 804
111 399
558 743
635 649
373 317
332 898
233 904
154 960
268 838
297 190
809 419
256 375
467 495
507 745
873 625
432 23
984 459
916 47
600 81
759 601
85 844
259 194
360 360
198 37
52 575
666 597
175 202
821 539
740 941
534 337
373 579
426 525
741 195
682 59
531 282
155 672
283 559
317 267
346 629
316 661
52 452
913 20
569 199
263 452
575 551
766 328
838 276
933 916
347 709
914 170
492 409
930 728
241 761
683 106
123 629
848 331
755 505
820 544
44 851
128 864
288 833
972 998
413 572
624 914
111 628
131 587
864 973
483 320
768 966
407 549
811 251
545 940
247 967
832 446
811 987
385 767
193 555
146 362
577 488
660 937
875 465
78 987
863 411
484 11
471 9
830 327
652 107
690 757
41 951
759 715
919 807
442 299
100 280
671 559
146 350
430 792
229 229
394 551
961 247
720 756
890 470
119 112
403 205
60 617
297 936
711 791
662 216
799 559
35 687
644 819
313 737
571 682
340 841
985 172
733 682
522 319
302 231
784 98
704 385
516 691
73 182
464 170
448 114
975 214
401 266
424 772
156 592
319 837
749 43
897 958
516 99
819 197
152 729
965 861
663 677
436 949
885 631
761 813
477 594
295 918
858 218
235 729
453 422
938 430
392 652
122 428
985 535
723 999
768 553
153 398
292 609
351 1
444 294
329 669
673 366
604 928
65 160
48 201
639 118
623 880
50 272
679 615
200 620
876 544
191 245
543 79
62 150
769 982
317 798
175 134
216 767
309 866
487 699
347 762
229 393
672 810
394 607
102 588
287 117
965 922
929 838
65 401
454 317
990 614
712 374
826 372
732 13
56 212
767 368
537 730
458 856
630 759
579 13
699 521
607 557
215 527
766 18
181 915
304 342
542 693
524 331
346 972
336 694
270 287
254 194
291 325
455 117
575 272
923 393
120 342
253 993
381 549
406 742
775 67
811 303
210 378
14 236
69 363
760 818
221 323
666 956
181 464
381 682
473 527
308 787
690 531
395 87
994 778
993 463
212 701
420 830
286 878
533 880
695 259
68 959
159 964
4 559
516 980
993 517
509 95
28 694
388 692
114 510
574 214
124 953
966 450
490 299
372 978
503 970
181 470
795 34
966 872
631 572
996 899
201 897
777 349
512 857
759 591
539 404
807 937
185 724
694 77
306 581
472 888
755 146
637 853
600 522
784 55
508 877
578 992
813 610
709 822
790 733
444 281
20 759
431 829
708 275
709 515
88 172
990 574
989 198
830 298
358 882
932 974
948 652
665 927
85 311
414 585
920 396
86 198
491 316
829 403
750 334
291 697
981 57
700 131
436 989
384 598
104 900
56 951
2 84
946 146
481 181
899 766
490 979
447 833
972 131
39 87
299 181
182 982
930 104
434 474
964 938
688 982
942 849
758 140
943 633
868 404
726 744
673 83
769 534
478 158
745 271
695 538
749 444
99 790
23 159
726 384
103 127
778 544
311 322
122 596
380 776
525 693
211 409
117 760
976 661
416 911
525 897
912 307
156 899
274 246
474 656
93 298
183 74
465 583
160 382
45 11
178 483
379 449
796 892
506 458
44 721
601 968
444 368
453 515
143 646
553 502
684 227
775 332
704 524
112 112
562 355
263 977
608 530
95 751
841 159
207 497
669 334
868 730
227 474
667 850
631 219
352 425
103 627
162 177
282 544
152 946
490 972
816 834
20 45
741 307
241 642
865 309
929 568
412 11
901 29
605 592
14 933
73 523
181 421
760 714
24 333
844 750
829 101
978 166
462 395
862 73
843 991
667 108
277 433
11 523
299 361
950 820
662 940
238 389
33 627
848 463
113 339
633 676
667 347
101 276
157 490
930 78
746 686
786 13
969 186
966 399
940 787
352 665
910 677
781 731
193 8
842 912
285 111
987 722
484 767
221 239
155 625
250 138
591 61
778 371
952 792
733 915
810 317
538 277
144 20
789 945
301 376
689 865
926 218
333 737
368 626
336 980
173 324
610 199
631 96
251 287
543 482
779 147
299 862
923 676
462 531
425 77
286 419
889 910
286 450
278 42
816 693
262 154
102 224
961 783
200 718
818 327
630 225
552 25
765 508
661 520
635 792
943 311
902 789
271 947
643 587
953 380
127 494
752 992
543 154
504 74
555 698
803 163
197 447
44 507
31 938
806 518
894 885
996 983
322 347
370 502
874 393
90 22
291 244
225 17
681 736
377 995
667 861
82 414
741 165
701 144
59 432
344 76
639 463
777 789
695 550
282 451
827 643
476 21
227 510
681 367
220 785
218 10
544 664
464 361
477 436
854 916
635 510
800 963
554 20
943 987
667 418
538 59
69 681
874 350
456 241
82 505
493 358
719 159
889 296
280 676
541 496
489 928
823 668
222 91
282 834
988 888
341 740
110 152
224 199
816 50
643 227
395 369
490 378
690 720
620 450
576 167
192 515
175 657
157 372
553 506
468 963
18 758
935 256
651 671
230 950
417 102
678 625
347 306
953 288
364 141
737 544
110 420
405 533
832 988
971 502
342 62
20 193
931 866
940 643
459 17
128 65
731 339
873 468
634 81
384 393
809 894
121 46
565 724
582 975
876 562
954 443
480 366
936 618
551 644
858 486
746 66
763 885
160 509
416 644
474 892
631 323
99 146
225 980
821 366
272 807
261 16
137 601
347 328
424 244
550 212
803 301
633 645
726 454
677 713
690 787
533 272
8 122
232 940
347 838
598 318
298 468
668 893
644 695
275 457
77 500
624 510
801 909
854 549
118 396
502 35
983 69
35 505
14 540
934 46
615 907
687 273
433 206
601 102
981 621
834 297
895 54
344 151
142 815
738 820
827 19
122 377
355 734
503 753
237 724
940 283
15 696
289 894
984 154
225 130
556 878
231 368
429 327
702 799
214 798
833 234
597 432
715 412
956 384
541 889
491 757
580 431
580 936
98 622
114 257
772 211
219 279
775 752
438 388
721 803
511 312
382 24
551 989
417 118
820 60
366 506
264 428
304 455
245 850
221 645
906 469
780 685
738 449
771 19
350 758
948 228
725 607
503 309
91 682
743 293
174 219
687 973
651 860
738 916
333 599
650 610
961 911
80 808
524 388
323 831
339 85
251 851
935 540
133 562
791 175
633 557
514 829
856 524
538 548
579 848
234 26
559 668
270 767
200 654
650 308
384 148
981 142
809 455
135 256
916 852
691 244
85 791
393 66
113 810
321 992
52 631
124 855
127 491
391 964
338 173
491 688
810 669
143 863
653 179
784 616
532 731
344 757
199 342
825 69
527 242
737 817
54 764
288 139
677 942
995 874
698 923
375 39
281 648
400 598
772 531
