1000 1253815
5000
116 844
969 716
106 840
965 637
540 384
602 696
484 127
144 822
231 141
527 599
990 825
237 892
457 120
135 951
578 942
303 875
282 549
282 480
263 214
613 286
532 226
617 529
418 157
230 44
236 665
348 80
572 289
657 272
424 285
866 771
326 714
705 348
190 15
398 927
493 232
393 71
832 818
954 60
804 819
710 135
504 145
879 383
802 317
120 910
493 141
573 751
147 111
8 89
651 981
346 675
909 925
450 479
588 523
873 896
676 504
63 497
66 299
174 359
199 265
282 66
409 997
247 129
815 820
503 220
6 828
47 490
696 177
928 545
454 925
455 728
953 186
409 956
720 475
859 290
543 913
523 556
635 777
915 261
567 465
233 782
693 12
187 963
660 829
483 439
241 228
789 33
360 127
314 575
629 617
789 357
938 208
701 407
406 209
628 386
873 988
10 305
439 987
59 374
678 313
297 383
519 946
717 185
323 835
863 423
260 225
578 69
539 970
260 287
109 27
841 37
442 349
883 514
811 969
869 742
823 781
142 328
567 847
855 317
192 601
587 301
9 355
341 14
973 970
50 96
951 394
210 952
651 764
89 511
894 348
399 164
759 713
96 325
906 107
488 226
598 403
644 629
411 63
144 842
418 282
916 698
308 994
598 986
539 75
526 660
749 907
613 599
91 169
811 898
575 794
165 715
509 307
357 594
523 824
366 297
247 68
86 667
878 847
901 778
708 772
605 436
52 930
715 303
417 855
238 934
461 384
556 380
985 163
448 472
622 305
67 34
37 93
304 935
94 42
863 767
624 397
30 754
288 622
872 837
519 430
503 339
952 274
31 145
292 5
487 456
104 254
728 731
925 34
520 25
557 435
299 182
876 817
625 996
517 637
566 614
984 617
153 476
284 403
443 812
424 344
772 294
171 357
874 266
812 959
323 819
634 828
999 659
694 855
419 774
129 781
237 691
480 520
57 236
387 246
404 829
941 133
8 702
514 141
210 368
745 952
833 268
547 869
274 290
313 351
724 457
856 965
123 876
479 859
381 497
694 733
416 408
331 109
336 694
91 641
466 876
217 148
592 157
764 20
590 86
459 279
987 196
525 552
908 120
128 983
687 883
858 788
40 272
19 325
713 920
254 148
746 613
983 37
36 438
653 316
955 245
258 800
718 64
938 783
480 492
241 264
973 472
89 647
760 985
871 816
710 54
77 116
20 74
792 699
926 451
285 46
960 437
231 51
98 304
294 536
682 883
218 942
431 22
913 210
520 771
961 30
838 168
188 176
948 871
337 982
818 291
676 754
990 858
446 88
530 811
419 313
645 666
817 679
167 393
617 925
808 294
636 577
349 371
288 667
258 699
660 619
650 340
650 471
209 738
984 381
594 27
422 426
463 27
80 844
620 296
912 87
166 218
246 703
125 62
890 308
569 836
289 278
126 948
364 477
333 356
290 263
663 494
68 965
962 849
327 828
913 634
785 171
137 407
982 739
884 563
894 500
774 280
740 734
724 787
481 983
352 235
580 796
512 835
532 584
47 364
284 127
215 817
986 569
110 737
186 504
442 134
545 207
596 374
584 923
559 113
583 268
833 183
142 713
301 450
366 380
544 622
291 583
62 903
312 565
195 579
537 537
209 914
747 604
27 901
540 252
211 411
777 739
359 454
740 569
874 638
717 639
383 816
562 532
238 984
904 70
291 509
840 849
320 107
395 705
488 330
583 469
790 916
343 621
366 358
330 537
410 72
870 887
777 407
762 593
36 565
832 474
998 431
148 428
30 956
616 476
657 431
248 352
345 189
602 556
501 822
723 798
804 113
491 251
306 477
826 385
991 390
246 219
959 478
208 67
403 305
829 247
762 340
104 240
211 223
92 837
53 54
957 763
189 374
547 739
342 467
946 36
674 701
877 348
948 382
677 684
434 833
849 255
562 900
994 746
78 815
588 231
71 663
924 716
550 283
642 724
785 421
87 737
955 618
663 582
598 979
780 727
214 611
974 452
491 340
912 12
14 3
399 779
530 630
324 315
343 308
610 689
931 641
357 999
540 738
588 494
983 500
984 872
958 616
896 674
139 964
559 952
176 33
207 331
654 176
141 579
823 835
559 777
907 761
822 758
217 113
169 337
445 903
726 583
506 154
85 168
419 11
129 807
419 642
535 355
730 810
966 373
577 165
27 233
503 857
208 624
225 741
907 372
765 867
963 530
992 61
849 333
452 927
118 957
17 336
458 192
721 949
234 81
41 35
316 955
339 442
733 555
443 330
482 851
717 967
981 636
822 744
342 60
754 633
92 364
949 449
346 466
733 930
896 846
382 786
24 476
365 564
316 101
750 975
831 566
693 621
331 190
443 214
207 241
200 507
74 945
909 545
492 977
656 759
214 233
259 748
793 390
358 983
958 883
704 604
917 232
591 837
106 786
68 224
774 104
375 866
806 134
565 809
23 346
153 988
198 134
381 124
670 770
363 332
570 784
693 614
547 348
520 16
311 395
108 558
757 924
596 276
667 838
315 34
706 529
947 99
423 456
615 75
525 30
321 521
701 499
408 5
455 940
767 560
738 403
967 399
651 190
361 764
511 78
797 926
461 78
891 612
653 570
458 211
371 85
684 974
764 533
886 358
970 123
721 294
904 361
794 777
216 415
326 581
937 502
80 319
412 647
848 526
779 221
671 700
422 133
43 414
573 141
299 662
979 410
961 881
161 16
501 945
812 433
308 373
953 554
400 711
977 996
101 732
110 485
448 319
865 8
476 642
47 151
509 213
727 589
302 850
927 896
115 68
728 341
608 357
460 358
468 633
786 990
681 518
479 210
317 819
58 305
310 603
512 509
23 557
46 734
462 673
259 642
510 2
245 912
409 402
970 826
589 544
950 402
63 490
796 635
165 107
568 727
526 330
680 815
769 268
944 68
510 455
599 608
356 186
714 441
900 16
947 695
728 337
35 842
909 439
219 49
896 620
780 837
915 187
365 964
873 328
238 635
804 715
189 891
874 626
744 128
945 901
716 390
891 861
936 761
673 488
574 36
134 462
390 719
513 534
843 135
385 271
923 505
895 452
450 810
518 951
31 385
138 123
804 622
470 545
534 298
671 575
932 762
984 618
489 346
562 212
829 34
937 575
357 193
693 440
859 304
487 949
995 572
460 555
889 337
755 609
532 221
312 80
770 84
222 417
729 295
696 172
551 587
589 474
860 207
851 442
132 337
953 151
862 878
664 218
961 200
276 98
470 589
574 77
923 199
806 327
173 256
18 908
14 557
283 707
318 720
93 182
978 674
931 322
729 297
805 224
694 896
876 609
715 982
714 763
189 786
227 672
654 10
923 940
620 833
277 668
910 793
910 497
810 1
365 948
766 406
739 268
258 920
389 652
442 965
94 589
438 65
304 970
441 136
519 356
821 413
244 676
942 618
360 502
488 469
762 800
590 188
66 931
738 306
8 318
548 733
31 442
73 927
469 451
389 839
596 533
187 243
294 194
610 392
701 214
566 867
571 298
335 606
598 473
62 131
967 848
329 707
906 935
105 999
839 429
520 27
345 877
866 844
178 474
712 297
44 763
711 29
564 500
523 489
48 531
173 949
519 708
829 803
643 320
423 494
627 607
148 966
606 580
844 880
857 692
552 519
897 285
566 835
619 102
887 847
446 34
164 745
991 626
249 184
831 205
859 824
98 155
705 587
424 88
259 27
338 80
368 282
525 742
964 68
51 781
551 27
37 977
915 205
366 632
153 944
450 289
164 523
795 998
251 900
208 429
840 474
456 719
867 732
695 555
211 892
670 37
312 861
65 860
994 834
648 820
8 737
896 843
430 338
750 832
838 914
556 10
361 332
64 621
515 859
742 788
166 246
859 231
65 698
267 869
333 952
368 832
605 888
179 242
889 693
912 368
770 364
940 312
67 370
127 71
47 698
718 392
778 137
391 361
361 324
283 298
307 688
417 69
270 202
7 672
902 766
445 3
759 872
817 897
189 980
144 222
701 993
140 191
327 374
901 89
78 12
977 384
291 433
229 655
596 962
347 604
848 432
506 866
194 63
209 700
999 153
844 672
84 414
316 6
294 869
784 985
411 662
896 446
259 122
446 36
724 338
783 512
866 591
829 547
127 952
916 794
993 646
750 955
151 114
73 855
73 385
369 589
363 969
212 314
45 320
574 42
25 722
617 532
369 243
416 944
289 395
762 165
975 970
110 367
582 314
130 937
752 296
39 349
877 719
883 591
985 847
848 79
231 163
831 66
808 325
538 911
841 560
751 136
130 167
621 957
422 734
932 652
21 965
303 833
930 619
202 535
300 109
121 852
75 952
55 680
737 838
4 103
715 792
569 750
232 383
311 676
277 572
856 401
153 79
974 794
159 493
140 150
780 309
796 905
204 271
534 189
523 115
146 762
888 604
590 89
55 157
50 952
419 472
473 384
831 508
882 764
725 667
634 175
442 501
350 94
251 207
223 580
722 763
259 963
220 350
67 474
453 454
627 612
860 872
497 449
94 221
352 54
302 890
245 87
879 188
615 833
601 655
441 258
889 726
489 744
721 772
12 973
656 418
643 975
460 613
316 739
534 489
506 703
735 522
49 403
915 908
446 209
313 634
170 400
731 132
185 700
488 590
879 386
750 380
443 467
664 655
458 305
422 818
796 626
274 921
871 665
319 492
470 567
90 38
822 387
301 844
761 303
172 199
406 719
30 509
212 387
725 635
300 18
237 871
950 531
534 984
246 749
606 844
403 34
433 314
649 641
231 738
930 10
673 521
933 589
98 798
636 962
891 957
786 201
53 268
358 232
109 937
546 10
617 102
884 126
80 43
149 962
808 30
579 40
275 597
915 683
344 989
914 42
609 396
446 277
608 299
687 800
430 171
698 496
937 251
684 662
139 849
206 931
935 16
596 82
698 183
146 724
220 762
786 390
367 588
259 544
370 843
672 492
124 849
769 306
321 839
811 261
185 877
733 95
119 957
704 308
976 850
160 272
987 996
389 556
315 165
20 577
458 172
874 416
214 558
476 383
819 441
122 969
735 466
571 812
495 558
884 25
614 249
834 442
667 852
91 277
587 194
394 999
306 463
344 604
123 508
764 411
855 48
779 542
65 572
831 98
982 293
779 890
309 960
335 541
216 234
756 218
298 968
646 443
102 221
699 796
627 426
381 805
351 151
677 323
466 881
652 126
133 585
586 420
537 406
19 342
591 554
358 141
72 73
186 931
840 949
913 996
423 432
238 322
786 871
726 887
134 945
288 162
688 266
709 157
534 508
279 111
626 263
284 922
38 472
866 567
64 938
681 347
271 853
188 714
970 903
910 156
881 284
429 84
735 595
418 849
204 41
809 911
343 785
7 991
324 47
608 169
202 562
293 628
600 545
128 350
948 936
867 71
348 279
327 518
624 717
75 491
381 764
796 606
731 82
25 224
526 488
217 357
4 462
442 926
461 448
508 69
470 366
625 569
765 17
678 257
649 442
805 180
128 712
691 37
371 843
540 855
570 268
535 272
89 884
120 729
510 719
873 772
744 44
23 314
489 785
236 305
467 704
864 594
136 318
917 838
958 931
262 6
198 556
456 980
238 663
126 17
955 783
147 7
15 584
85 530
31 189
715 151
737 954
474 971
784 603
518 497
5 753
494 851
279 702
986 486
972 299
807 408
173 123
75 372
548 959
96 908
125 516
436 205
223 146
135 232
861 657
274 239
102 184
109 824
214 391
616 726
305 490
451 914
27 849
761 881
554 751
15 87
622 778
518 797
814 892
475 519
727 352
758 968
501 573
155 476
767 29
150 985
101 144
484 752
881 782
894 638
470 576
837 256
246 3
168 462
534 711
958 475
142 869
669 957
445 788
485 575
392 684
174 613
971 850
668 424
247 569
935 268
640 467
407 712
407 759
683 374
840 407
159 597
727 746
193 342
839 702
986 630
955 476
324 511
109 615
25 637
474 44
172 613
417 318
593 516
646 303
63 405
14 406
893 232
516 271
470 365
601 539
336 43
158 355
621 492
334 434
803 766
565 337
892 650
167 187
627 531
840 220
140 289
714 529
167 370
255 943
78 748
255 180
946 86
694 50
123 435
171 833
703 255
774 648
943 529
372 319
80 574
555 434
70 901
623 568
194 443
872 564
251 533
237 542
401 915
833 94
101 784
196 574
381 854
957 144
444 500
45 217
106 560
324 439
871 106
246 747
28 39
262 403
324 438
269 430
694 377
962 657
531 290
230 18
382 987
618 229
660 652
899 556
865 627
961 67
719 29
94 4
336 403
253 524
73 221
624 346
410 274
450 913
656 160
236 516
544 509
142 468
8 134
506 805
198 645
496 305
334 759
610 638
408 734
447 678
842 941
214 479
995 681
421 80
438 767
627 284
971 662
676 369
405 70
910 926
709 558
846 595
95 227
155 400
752 926
818 267
237 718
47 628
495 337
300 787
806 227
430 676
977 382
338 933
273 277
289 26
995 937
277 815
829 619
512 442
956 545
413 73
438 430
476 170
418 451
778 792
332 401
479 76
139 877
742 574
959 152
14 909
977 424
262 771
363 132
377 992
406 130
293 149
744 514
769 424
908 205
103 136
312 317
983 187
257 135
577 275
429 91
259 779
679 600
465 367
835 656
12 28
277 460
660 481
638 992
376 959
835 982
259 248
617 524
407 223
844 426
823 277
569 503
884 487
255 215
441 418
998 172
73 900
727 422
860 543
636 17
592 838
651 966
335 284
508 891
104 657
692 916
312 64
309 607
517 56
505 745
367 347
235 385
949 48
378 219
64 35
241 492
896 888
15 407
638 369
967 721
938 429
230 173
617 565
507 489
478 788
332 165
41 227
723 726
125 540
885 301
749 64
945 22
818 191
15 331
852 379
102 228
474 269
137 548
524 739
186 885
964 41
702 438
822 193
25 217
28 243
287 629
115 180
728 941
105 963
30 293
895 21
263 736
929 340
807 206
987 593
484 215
156 80
974 348
840 544
631 947
516 725
792 841
718 285
295 414
82 604
510 114
72 808
656 897
701 822
927 642
737 956
534 894
174 690
859 673
882 613
507 594
831 484
414 771
590 775
371 378
501 85
199 802
867 525
330 259
551 733
861 153
760 766
742 736
736 51
521 983
472 112
278 264
840 696
351 606
327 711
944 480
94 326
448 326
16 623
909 138
134 200
844 166
597 125
61 283
483 616
1 218
487 517
824 513
584 51
932 427
412 200
728 211
395 895
454 646
753 126
901 815
529 287
698 10
338 516
983 725
44 381
59 337
490 292
542 281
815 524
983 375
347 834
744 457
241 75
595 361
864 364
534 222
429 228
295 940
44 543
809 231
604 724
531 125
544 766
380 832
249 893
7 386
921 263
174 190
61 347
1000 675
336 226
172 885
986 354
182 983
725 882
857 501
657 73
852 930
327 589
60 708
644 720
664 798
123 423
241 503
482 107
746 606
568 464
122 987
585 399
79 503
287 733
613 442
465 912
932 327
902 249
289 313
181 11
588 692
961 439
606 19
993 827
343 948
530 273
292 470
280 275
27 187
254 741
697 177
45 343
825 778
668 120
422 226
313 55
815 718
823 441
715 737
76 360
991 911
568 507
250 820
989 112
244 977
505 385
778 399
905 176
783 534
257 541
948 874
500 279
522 71
156 330
37 237
404 404
567 479
906 38
14 4
66 548
218 448
654 539
338 895
332 226
793 345
428 712
519 234
182 614
547 869
759 502
722 126
201 303
832 85
773 637
130 793
890 509
890 156
226 171
56 732
545 813
462 221
563 762
347 61
932 81
589 552
459 304
954 917
38 990
899 897
469 271
405 350
538 121
261 875
170 925
103 524
41 508
183 170
241 122
702 193
33 212
299 433
1000 627
383 239
350 371
375 336
992 846
294 243
775 821
67 277
802 206
337 967
702 508
395 697
136 376
57 939
441 449
432 792
948 570
789 627
657 406
845 558
752 92
75 711
666 877
778 531
600 256
471 762
779 287
860 320
906 674
378 287
219 52
422 861
668 617
879 620
143 909
723 59
924 771
817 25
539 918
858 722
49 528
348 442
757 929
280 158
929 242
671 423
876 200
791 471
880 959
559 668
31 294
313 494
992 211
270 945
398 360
631 795
987 308
449 859
985 572
591 853
60 921
607 541
61 842
755 656
975 856
770 258
977 103
880 608
587 833
358 531
309 156
483 44
456 543
417 583
664 679
651 850
291 907
904 3
754 515
195 219
548 642
524 92
381 926
44 183
389 692
481 188
844 826
360 509
597 854
610 501
846 49
682 99
203 689
974 6
659 56
255 458
650 119
746 456
386 879
361 422
793 773
366 757
57 822
266 619
223 89
273 720
879 315
468 882
738 756
667 938
29 284
336 547
931 319
237 475
403 840
316 600
373 639
857 314
690 311
242 729
476 823
201 120
636 481
718 250
968 470
871 403
502 290
998 558
297 451
354 709
304 130
315 323
975 820
839 245
375 73
569 469
173 851
726 294
579 403
763 417
749 822
414 622
837 834
909 324
235 531
932 985
498 639
53 72
278 185
881 615
5 363
256 557
629 906
195 452
56 447
42 959
895 1
50 726
486 967
848 825
968 953
834 757
554 925
109 579
280 229
194 289
723 239
822 474
22 253
243 371
668 287
366 464
99 970
364 425
358 931
815 860
223 46
848 599
982 765
819 60
189 374
419 463
441 170
771 670
682 743
570 599
594 965
583 31
52 956
25 720
64 686
373 167
121 846
143 31
914 366
292 727
997 2
18 268
167 757
92 504
683 855
81 344
177 895
836 189
944 505
928 926
969 219
385 158
430 363
514 875
827 314
44 402
899 158
173 76
787 933
529 22
28 903
904 355
444 711
826 41
903 183
115 796
772 950
775 273
808 498
789 316
920 963
292 570
703 917
415 728
513 124
928 565
984 761
7 637
550 874
431 493
403 434
419 67
89 426
482 520
505 267
114 446
324 657
567 679
871 733
208 561
593 487
102 424
803 564
442 224
45 417
214 806
503 831
16 35
899 965
423 62
454 733
247 645
955 347
28 458
103 914
866 825
294 342
306 468
156 222
462 24
268 372
817 612
708 366
440 443
706 119
94 613
872 283
525 565
388 739
466 392
988 501
20 605
88 326
201 951
711 225
85 394
332 281
902 120
942 403
938 327
558 102
254 76
426 4
874 171
95 804
199 457
524 255
595 113
708 448
409 350
298 43
710 517
26 276
319 36
747 872
628 468
548 876
919 69
83 88
132 909
947 34
70 256
206 408
921 832
789 684
144 104
631 149
833 82
506 705
321 334
625 29
738 624
377 240
888 631
767 405
426 113
80 990
940 914
789 203
547 735
571 416
201 602
36 886
434 617
237 513
389 67
145 553
695 505
650 834
302 477
969 237
659 306
992 971
203 290
741 187
187 203
122 319
458 885
198 991
498 126
719 613
341 848
274 15
956 455
129 745
849 768
37 75
771 172
353 933
165 843
270 709
442 683
769 309
673 793
726 214
416 77
48 569
348 413
723 216
184 99
336 476
834 721
764 242
693 904
828 148
352 214
367 831
904 439
54 933
820 430
691 329
89 540
917 54
851 156
540 937
328 118
170 928
374 243
954 699
8 646
180 583
419 519
330 830
990 959
623 604
968 827
727 279
485 498
274 228
669 566
669 205
658 744
404 444
248 343
382 281
769 3
765 811
389 44
757 483
146 709
696 701
433 763
879 321
327 345
674 913
354 403
380 479
934 98
161 368
195 152
99 920
201 88
565 730
80 948
982 254
61 716
97 789
985 766
418 440
716 99
739 611
180 544
46 146
722 328
893 456
527 386
381 499
441 814
197 633
978 552
229 716
285 423
649 66
590 566
633 399
614 325
719 828
244 779
37 64
599 650
95 48
312 477
530 483
798 954
691 641
570 35
520 157
482 681
487 13
768 250
314 714
912 336
898 410
253 902
104 265
522 151
297 63
74 985
49 419
663 369
221 769
381 955
74 920
392 431
223 159
872 206
427 907
67 414
581 273
505 212
387 556
178 996
378 815
545 678
82 994
109 248
404 375
130 129
433 74
789 791
506 543
780 660
951 58
94 778
812 747
603 994
182 767
801 523
928 802
379 758
633 67
282 250
857 204
990 780
280 454
478 285
244 78
692 303
486 452
48 177
552 158
473 540
181 75
180 563
369 791
421 613
776 15
743 174
772 422
285 24
865 415
662 990
539 415
956 431
721 32
438 451
641 761
184 212
264 582
562 479
302 728
253 351
230 680
985 650
357 705
373 133
227 457
576 572
254 645
769 49
767 295
83 464
412 49
115 827
758 266
426 349
631 622
28 600
941 455
731 296
676 613
776 790
623 299
739 433
520 666
351 328
392 348
472 451
6 737
101 151
551 234
603 703
982 407
135 36
908 820
344 100
266 151
510 52
603 981
429 183
328 416
488 462
732 143
43 542
904 11
373 969
899 450
614 617
264 143
17 245
472 618
443 982
790 885
543 455
865 591
455 621
711 280
921 785
55 488
649 546
223 841
175 185
987 487
713 373
460 993
591 338
726 540
408 392
685 241
453 753
695 515
105 348
199 87
267 348
331 577
562 888
966 572
831 741
507 94
298 994
485 753
867 874
522 624
830 544
844 249
779 919
225 434
207 525
161 103
686 783
658 186
243 897
502 815
947 166
122 328
942 427
224 234
319 710
151 870
323 961
998 703
188 635
566 870
267 852
304 830
636 661
788 308
768 807
863 260
638 318
489 386
546 504
989 904
847 229
920 598
989 556
613 768
137 240
746 546
313 88
194 799
132 926
6 546
556 372
481 288
186 985
912 811
978 360
556 78
257 690
541 126
503 314
475 706
661 244
833 218
141 585
210 603
15 959
227 740
28 393
206 94
220 330
145 729
96 760
159 759
271 533
186 928
766 729
389 719
332 236
856 328
791 880
862 550
375 462
338 993
625 168
726 93
715 378
926 825
108 712
799 387
471 494
291 328
760 583
112 897
318 769
253 868
417 701
236 528
561 450
690 97
698 26
779 383
302 697
781 287
582 470
298 474
601 316
847 791
697 430
918 816
739 384
611 116
178 67
873 13
483 435
244 426
807 288
738 370
480 193
241 832
653 404
945 267
152 587
819 933
930 421
922 62
664 52
218 234
988 949
169 165
990 233
939 721
964 208
99 147
818 509
110 90
23 709
988 412
218 973
677 676
991 709
734 642
562 345
335 107
761 717
939 509
890 303
189 995
277 803
397 99
765 795
34 797
841 534
688 409
655 891
65 605
257 281
374 38
625 254
886 552
603 690
322 216
170 89
846 244
207 563
842 144
666 567
659 133
615 671
771 998
736 998
817 34
176 428
472 850
653 552
923 78
302 282
892 663
316 935
17 402
105 830
794 881
79 799
419 11
159 13
838 783
475 960
783 849
499 350
809 651
279 657
367 588
455 786
235 105
213 590
926 122
481 502
350 229
221 345
697 113
934 527
128 859
712 920
321 794
596 995
642 818
572 218
430 684
870 732
879 531
621 249
907 774
409 900
842 658
244 582
609 863
718 380
616 152
954 607
180 650
289 835
990 356
723 11
171 829
4 500
225 107
762 219
237 976
246 762
837 610
39 957
750 189
342 95
620 460
739 180
338 740
907 3
901 17
468 376
695 48
868 592
131 433
55 503
895 694
601 250
320 462
283 513
774 979
236 997
487 84
177 678
467 104
333 772
602 533
570 320
918 808
553 507
7 502
746 705
717 763
857 132
185 850
153 810
137 559
586 275
848 273
856 254
171 555
245 238
897 153
283 151
611 7
569 733
764 534
381 25
362 351
744 563
571 243
862 538
529 146
660 246
622 527
759 5
825 916
269 752
268 613
941 125
76 278
84 622
765 102
407 119
614 749
198 793
970 634
393 220
386 364
837 168
673 565
72 476
418 330
303 423
818 220
393 397
442 299
212 572
103 21
5 33
201 329
432 983
82 703
861 131
498 462
255 158
928 512
211 547
130 432
675 475
3 565
876 729
453 960
36 777
959 703
375 893
461 769
55 554
486 532
156 399
241 318
92 862
865 687
187 406
246 38
463 356
420 631
137 261
515 428
467 707
845 894
522 617
807 674
738 765
747 233
592 517
861 315
471 808
168 799
679 731
119 26
960 522
46 188
979 610
187 182
812 988
421 266
412 634
870 842
372 706
935 727
228 309
661 318
949 982
284 767
627 749
532 572
722 507
76 514
696 142
974 601
269 675
316 783
594 926
706 906
626 375
423 844
276 840
207 475
410 199
521 585
955 396
66 764
311 173
68 630
464 858
830 620
905 553
376 952
760 837
884 85
411 749
468 959
612 934
725 10
682 167
22 470
433 678
439 900
477 151
821 277
24 189
946 721
641 614
279 115
647 785
574 957
190 42
947 546
537 590
395 386
977 557
354 27
525 43
403 970
483 181
605 767
362 942
567 846
485 556
590 2
20 137
900 687
370 7
533 198
710 43
32 265
5 947
921 76
681 654
42 482
347 852
439 378
958 950
806 75
799 516
751 806
42 607
671 833
452 389
205 151
325 95
965 731
219 919
263 502
923 973
530 409
938 536
254 727
602 893
918 485
593 51
365 914
760 771
308 464
116 986
194 629
139 159
462 95
97 687
546 308
743 895
308 890
993 621
404 941
507 11
518 575
296 386
1000 235
374 788
633 836
656 401
450 774
534 392
317 947
756 876
154 425
160 796
988 40
41 505
700 162
868 127
245 741
474 943
913 746
657 965
73 183
994 346
638 651
164 779
525 825
733 450
11 287
6 411
885 503
465 768
77 192
408 562
753 328
306 363
978 835
111 544
481 178
78 578
763 554
142 572
127 642
131 218
254 936
529 552
477 464
341 14
848 687
12 353
382 708
648 650
678 460
709 48
684 583
651 732
822 637
749 323
996 872
266 76
438 840
911 531
87 994
897 717
598 844
195 985
92 697
877 304
64 262
363 213
863 181
460 562
27 377
310 843
355 897
109 715
696 895
240 12
386 327
517 797
553 145
611 766
1000 116
989 827
154 500
750 491
277 908
912 851
876 788
965 184
704 436
436 211
133 521
747 525
177 576
530 339
555 440
675 475
291 651
135 806
148 479
824 374
64 113
359 209
310 353
619 821
511 115
541 708
591 259
571 372
539 955
89 787
523 147
471 417
822 667
444 859
503 175
384 701
379 245
632 956
914 910
920 800
313 536
244 509
671 589
880 205
965 97
318 473
894 880
873 419
735 278
77 583
249 238
920 153
857 118
484 8
432 324
17 349
517 827
65 680
423 545
499 104
11 264
234 421
773 128
812 96
29 610
495 447
102 494
152 994
807 343
605 632
854 204
985 336
572 693
148 207
495 70
995 462
870 110
675 562
18 632
259 8
267 79
642 71
373 391
773 522
26 65
897 582
440 442
618 3
621 496
654 479
743 99
314 555
296 179
404 484
209 311
632 87
706 143
165 203
707 415
670 544
796 972
405 502
990 286
352 625
130 780
190 448
247 184
9 159
329 133
527 79
458 683
361 613
656 76
562 958
39 357
110 632
918 104
881 253
341 839
614 881
709 799
558 220
400 953
604 448
201 903
449 906
652 909
622 463
388 426
801 46
701 469
182 239
733 856
152 567
476 49
23 34
185 584
481 952
997 704
105 231
227 777
166 727
87 571
99 75
909 851
354 843
607 604
669 188
120 247
572 889
448 805
942 189
987 570
822 182
328 223
668 918
378 284
199 62
489 659
473 562
840 61
723 958
870 665
139 963
718 952
882 599
365 153
347 728
786 213
485 160
728 291
227 652
795 779
323 369
85 772
864 581
600 224
502 885
277 763
687 729
403 256
183 700
760 499
267 395
992 649
959 840
460 685
420 555
107 829
694 444
724 180
477 577
675 938
138 725
879 51
74 950
575 904
718 672
154 747
281 357
563 202
817 932
157 349
403 499
4 266
939 583
359 829
287 218
225 866
392 513
130 58
823 627
828 623
87 661
721 943
843 287
595 68
746 307
140 475
236 488
492 984
187 792
786 389
160 751
249 810
623 699
250 689
821 106
485 305
646 537
621 178
895 736
56 161
62 108
446 246
336 427
29 734
621 401
60 918
323 517
830 163
331 387
729 307
921 355
97 828
502 626
884 215
481 436
794 141
160 532
766 224
75 614
696 346
216 695
972 804
269 259
76 974
532 668
494 418
24 147
524 522
987 533
987 259
340 161
974 426
688 846
828 370
690 98
211 403
593 29
267 465
555 519
246 848
207 519
135 354
755 114
694 60
956 23
951 151
673 63
176 72
993 666
183 127
528 626
858 931
598 611
281 740
16 404
808 104
142 556
676 782
765 215
974 388
276 782
750 342
27 233
482 593
97 274
802 83
253 19
836 683
475 860
278 558
990 610
383 802
210 398
913 583
467 779
208 944
435 205
367 145
32 439
460 784
559 140
207 285
265 271
661 798
531 263
333 227
495 384
573 468
71 603
105 686
464 581
193 634
740 960
13 518
257 829
164 452
294 368
813 396
336 318
660 822
189 135
396 389
79 66
535 755
916 795
202 296
901 697
918 500
741 383
178 713
764 422
946 556
581 550
892 630
551 586
558 701
41 565
701 835
243 552
24 282
587 994
259 739
688 63
887 194
367 987
581 896
891 593
211 147
932 753
878 820
592 413
967 498
77 705
930 908
956 534
324 18
335 216
293 606
113 738
571 213
857 169
604 210
433 419
78 94
232 857
543 47
768 292
648 46
223 682
65 507
978 74
558 176
975 875
182 946
877 320
224 818
27 840
146 153
703 885
382 813
146 999
744 922
461 945
76 157
983 332
957 81
567 746
634 412
993 221
742 803
863 804
732 593
664 154
258 884
539 570
341 402
433 800
715 268
767 610
993 550
532 433
433 260
300 960
432 808
814 394
43 957
627 3
567 728
455 143
969 323
457 391
206 987
892 847
662 560
301 718
138 710
289 431
648 648
98 839
201 292
215 795
641 328
371 197
919 601
944 631
77 59
281 218
274 207
412 276
541 476
554 164
254 273
59 699
566 481
322 337
402 868
797 638
376 632
845 88
924 741
377 946
594 669
274 60
677 331
549 18
178 56
682 32
778 54
872 3
199 774
400 928
503 504
945 759
265 559
293 786
214 940
368 766
448 150
486 606
44 466
581 32
180 267
443 327
355 292
9 224
824 363
465 543
503 845
869 895
688 207
504 840
918 324
539 394
576 924
652 420
856 337
901 128
584 992
522 837
210 587
80 973
678 835
498 809
269 944
651 922
682 967
334 707
31 290
774 704
35 822
133 624
732 530
551 892
31 238
766 297
616 94
998 548
649 661
164 257
276 500
237 109
694 959
77 479
798 817
146 524
138 902
656 952
743 119
485 538
511 596
477 810
818 36
814 359
263 672
34 797
796 320
789 506
127 917
804 73
670 578
699 471
990 107
903 675
115 81
803 430
125 426
265 538
454 497
709 31
119 770
596 488
600 779
485 766
594 479
307 669
369 437
484 726
834 119
212 547
26 515
247 692
480 92
44 577
838 113
309 842
414 977
472 812
774 374
490 406
499 631
785 505
966 818
238 717
352 711
95 611
924 789
357 436
563 832
442 379
962 901
380 308
577 293
857 957
713 620
246 26
180 778
51 335
224 545
83 154
780 987
59 795
169 964
407 326
692 978
783 698
805 432
752 401
485 540
449 22
747 597
764 878
425 333
96 630
803 492
840 665
368 178
265 432
950 650
895 10
138 613
745 529
794 57
232 827
733 185
442 728
496 796
407 171
107 765
206 526
693 789
245 660
166 652
177 360
866 959
426 994
848 318
458 358
647 498
558 177
659 222
147 392
489 72
20 149
922 841
320 352
530 182
875 500
845 118
131 80
729 21
832 230
129 740
991 42
885 643
739 220
789 479
15 653
230 555
368 102
135 607
460 764
339 9
726 669
932 801
650 283
220 415
785 175
981 927
653 101
69 239
859 934
416 795
451 876
412 875
143 806
65 290
50 444
501 922
99 997
870 595
77 165
607 363
975 471
692 148
479 152
979 427
937 970
785 323
254 600
117 586
114 602
977 961
956 876
984 18
238 770
558 725
327 326
859 215
796 690
609 542
834 989
407 262
998 971
936 754
976 40
485 835
790 860
785 711
102 979
800 393
874 329
135 431
435 137
68 581
972 537
570 416
852 444
129 235
658 52
334 842
231 728
403 117
250 570
488 11
423 790
171 20
266 795
335 564
785 426
23 947
225 983
72 793
303 915
121 349
2 345
981 339
633 409
49 574
672 957
293 347
458 76
656 861
943 620
317 991
453 772
144 461
895 541
948 855
145 747
674 167
166 558
188 841
373 475
335 678
228 810
853 604
784 733
987 863
803 396
504 982
906 666
254 165
880 265
25 107
263 924
457 94
684 381
690 964
663 220
643 621
274 725
708 679
460 729
620 464
129 404
217 612
540 875
409 283
742 181
21 997
80 886
656 918
27 943
559 563
186 238
751 33
419 179
184 568
678 473
731 23
263 18
667 921
774 7
395 612
903 839
328 497
293 891
434 668
200 395
941 996
266 438
167 611
511 938
621 776
789 870
636 531
841 250
10 864
923 336
985 268
967 237
233 653
486 528
909 634
954 249
579 939
601 900
387 878
676 365
195 164
743 576
29 516
39 311
476 738
200 545
553 406
316 301
745 39
760 133
813 664
459 194
430 452
271 826
449 773
606 696
608 110
444 409
451 590
265 924
61 874
517 475
637 417
516 654
745 215
672 878
233 724
180 697
648 813
156 258
775 587
1 451
818 138
732 269
171 837
282 313
112 868
627 407
888 368
241 711
748 540
179 100
950 497
525 409
288 60
676 18
644 628
343 429
373 908
600 134
662 989
152 484
740 750
82 804
455 523
785 115
984 566
768 456
215 432
81 325
824 133
679 866
751 815
375 472
50 73
393 248
711 189
946 606
727 782
482 423
823 651
607 953
468 208
786 251
549 28
26 146
984 171
994 309
118 373
527 882
863 569
159 527
804 43
183 36
959 662
147 495
652 666
742 394
878 395
586 876
818 514
595 170
993 669
164 443
670 287
25 32
46 257
826 875
285 233
710 392
451 56
357 943
113 717
660 772
382 990
624 864
237 419
96 626
686 273
897 709
227 317
310 968
454 506
21 40
835 818
740 222
343 489
890 854
363 614
219 286
831 973
735 897
304 676
465 40
10 619
375 667
161 734
177 153
582 773
990 330
146 332
123 699
812 478
34 126
831 995
416 978
172 688
396 670
792 130
548 661
889 167
363 145
696 213
292 433
657 213
577 27
736 984
968 452
734 39
370 660
948 946
742 534
621 633
440 397
868 437
705 344
872 67
794 262
8 621
791 836
314 709
72 652
414 499
399 775
921 749
59 313
405 19
941 8
583 2
794 997
953 997
520 671
310 6
810 991
350 331
957 874
235 170
515 655
908 477
102 996
843 821
918 547
889 553
435 100
9 218
859 904
432 294
970 266
432 252
707 720
587 286
302 182
203 593
618 847
569 156
645 173
759 450
12 203
675 762
343 641
500 799
758 906
271 89
435 674
306 34
286 845
566 758
30 91
906 936
980 111
400 486
929 930
155 274
376 200
492 223
137 778
481 447
65 657
278 923
294 410
353 38
359 784
170 346
947 202
760 349
552 936
885 954
2 82
612 180
764 257
876 689
485 859
276 365
892 159
862 73
711 237
968 168
459 827
959 27
461 502
897 724
657 561
232 870
676 486
578 312
322 666
397 863
280 824
822 69
620 775
61 667
436 753
353 915
350 308
699 677
454 256
29 150
393 986
227 299
138 183
131 788
334 735
592 652
879 284
947 557
541 767
600 674
243 817
387 806
883 749
157 342
268 54
410 60
784 117
544 327
361 662
212 380
413 260
795 607
100 904
967 610
439 315
915 849
460 340
186 279
774 445
994 999
280 16
133 607
607 821
797 965
934 458
526 535
797 610
508 140
911 555
108 187
206 594
954 110
157 547
72 897
169 767
985 863
949 300
554 165
434 976
925 29
829 896
223 40
598 767
244 296
126 32
196 490
274 612
113 56
754 361
370 958
351 137
54 562
975 426
721 697
269 276
3 806
883 779
156 605
193 919
799 159
685 816
645 37
223 270
834 405
775 279
769 957
386 146
359 156
209 143
400 696
922 694
964 472
630 63
491 508
930 585
973 603
825 752
93 353
456 201
231 911
964 516
798 393
337 544
205 875
576 196
689 160
884 390
181 936
732 659
506 613
392 461
447 347
25 163
79 811
544 237
63 998
689 143
62 77
783 31
160 712
757 872
106 415
159 825
245 667
547 25
645 519
533 815
705 717
461 715
212 865
952 272
656 114
292 858
149 396
186 898
713 220
691 543
330 676
929 212
72 466
533 770
153 59
736 207
930 826
542 360
477 261
535 784
71 326
977 683
104 813
40 926
463 857
411 242
353 203
12 264
475 799
932 212
271 543
209 244
126 37
886 458
432 253
718 284
143 692
352 363
654 456
750 472
241 903
988 354
137 676
411 597
842 788
454 505
511 710
323 148
498 503
694 93
258 536
486 747
28 595
750 4
569 415
69 719
48 830
374 562
303 101
709 674
464 371
618 504
877 378
359 463
786 521
307 467
231 577
10 728
139 343
141 624
183 767
490 524
159 728
479 856
162 35
933 636
52 977
95 803
326 678
638 989
672 948
299 452
44 598
529 613
612 711
698 457
188 327
574 787
174 693
767 373
477 97
208 386
644 114
67 652
731 936
803 380
531 673
919 350
986 495
756 494
239 317
275 54
324 899
892 757
447 680
13 373
67 284
268 547
14 568
902 604
270 379
260 33
219 757
920 157
530 218
426 309
635 647
401 523
351 588
588 404
136 5
686 47
227 896
95 59
392 712
364 659
836 715
860 418
413 881
781 376
996 12
789 180
872 239
609 425
357 235
683 861
251 779
841 238
726 758
598 561
346 65
141 992
787 372
269 67
705 25
249 703
60 47
588 154
812 203
327 503
746 485
949 416
258 602
268 376
247 897
51 493
518 542
438 919
661 97
99 748
449 94
451 609
741 978
629 480
896 660
972 135
26 796
408 798
910 445
394 753
354 505
330 255
150 633
856 89
966 307
441 40
54 177
918 204
5 92
502 100
185 778
264 816
497 567
61 726
361 906
986 876
797 458
232 794
208 891
742 595
528 596
56 641
92 117
394 736
96 881
777 5
413 388
83 291
299 758
637 511
133 992
984 30
460 948
406 684
625 338
215 559
361 652
493 608
567 207
507 738
386 541
584 665
512 476
205 305
933 534
71 458
899 232
301 985
237 94
488 53
634 169
897 640
748 502
923 561
128 459
461 141
461 649
343 890
773 330
967 578
684 552
599 340
897 924
736 841
398 990
795 804
336 96
669 732
589 116
80 424
747 764
231 466
17 112
28 757
458 209
540 757
698 529
170 310
519 794
91 813
539 995
653 606
956 803
151 383
934 160
513 398
58 695
953 146
905 571
777 377
304 223
922 651
950 231
735 109
202 390
430 603
679 566
316 663
919 381
442 703
717 194
692 13
616 823
211 551
866 317
148 795
116 526
469 898
154 738
222 454
202 580
433 642
721 643
694 807
620 384
539 510
913 863
496 848
378 778
896 552
952 768
695 620
605 373
799 804
386 435
222 472
438 816
166 98
126 7
450 869
604 883
697 232
975 600
320 474
624 423
469 985
272 442
155 749
865 318
747 615
809 379
560 105
313 851
557 950
34 461
63 783
785 581
606 663
110 649
592 331
387 31
494 862
554 864
231 924
864 708
335 615
536 450
408 573
512 563
230 292
146 901
833 971
246 752
324 78
326 467
168 846
277 436
135 9
725 725
906 78
992 21
561 987
367 433
732 12
262 167
196 405
735 873
739 482
147 962
687 757
84 32
917 782
756 283
938 219
835 506
501 702
414 338
690 967
874 191
998 407
290 384
750 641
123 935
186 858
654 366
685 536
464 629
841 449
847 367
822 82
387 470
459 521
911 73
789 361
18 994
983 405
345 37
586 490
695 146
28 143
535 178
41 140
550 827
381 224
352 804
275 96
637 613
449 678
126 653
132 415
288 37
849 534
422 366
421 865
823 206
173 629
142 184
786 657
108 869
39 55
392 653
500 248
375 876
708 197
717 116
240 272
639 513
325 731
230 972
844 303
116 661
633 205
940 616
921 222
175 85
533 501
703 141
254 393
1 189
699 737
458 401
51 376
914 155
271 521
691 329
518 570
973 193
462 26
323 416
643 882
991 328
31 419
862 98
478 990
394 292
508 561
643 795
855 782
325 900
920 636
945 917
694 224
873 239
516 429
312 346
835 91
172 487
800 337
445 245
932 265
791 36
724 637
65 547
274 270
169 737
334 900
213 605
391 986
921 432
367 917
215 373
313 748
874 229
602 502
931 432
658 254
896 353
342 672
681 175
756 672
289 485
655 396
791 521
917 128
233 638
211 107
653 44
1 213
377 545
189 526
992 501
318 692
631 290
57 818
444 284
349 588
295 63
952 73
42 83
928 984
918 49
550 758
726 328
842 785
418 72
173 471
590 744
786 10
78 967
14 262
305 918
353 152
909 201
587 97
99 192
941 431
724 209
734 298
130 468
804 831
35 802
527 827
984 651
775 550
874 15
227 406
667 552
787 181
21 748
976 545
290 646
871 603
263 487
411 366
149 174
372 729
967 698
155 298
105 929
785 763
923 50
582 992
763 191
328 985
588 38
7 482
887 162
178 150
931 98
177 920
437 764
375 311
124 445
500 861
513 665
713 738
531 639
652 946
667 688
951 514
258 687
407 94
924 648
839 8
254 541
7 238
645 178
295 830
427 363
107 429
600 789
64 892
24 865
156 250
330 165
232 349
60 474
610 382
942 575
871 609
247 142
60 527
628 681
329 720
215 165
518 666
467 480
910 214
265 559
43 185
542 412
240 250
796 733
75 196
119 295
635 528
655 18
60 36
720 330
156 793
976 833
249 859
504 491
614 941
398 287
951 389
560 855
479 880
921 364
867 658
8 729
464 65
508 102
944 972
176 833
949 374
588 916
398 972
912 173
970 829
308 71
994 230
35 313
987 111
6 527
283 174
1000 42
488 935
795 276
647 496
417 2
686 712
46 838
831 522
367 973
78 476
712 834
639 152
362 877
414 937
514 154
425 704
564 643
307 693
882 739
373 71
836 342
629 153
39 689
785 319
647 268
703 211
735 886
99 233
835 774
77 27
412 245
286 173
867 264
934 598
723 47
128 828
385 670
213 888
763 998
935 67
315 220
657 382
514 972
410 162
719 475
235 794
787 997
246 285
818 238
699 267
569 107
716 443
945 822
381 617
825 304
84 897
409 926
781 713
957 673
533 88
195 863
914 413
30 287
591 16
935 868
51 113
421 112
919 233
182 341
840 339
572 52
487 840
113 607
976 97
765 952
462 10
113 1
808 67
464 678
911 495
737 557
805 451
11 156
986 479
894 594
637 513
427 436
812 495
962 464
861 600
979 93
680 669
847 602
193 604
910 727
167 49
382 197
798 928
381 203
220 2
431 719
494 183
513 782
415 896
821 994
843 934
724 374
873 626
733 5
571 969
217 919
205 696
880 69
490 616
669 393
228 597
411 966
54 881
617 135
231 827
953 870
31 988
650 606
462 398
345 387
31 929
318 118
791 410
488 564
277 39
53 908
542 206
421 359
618 499
395 984
641 871
452 985
576 371
817 470
16 577
631 245
298 520
921 468
92 710
514 456
879 570
873 645
356 75
199 991
296 239
215 93
525 483
502 797
511 412
347 590
192 512
783 728
61 683
299 835
442 77
589 958
383 994
282 886
143 173
316 32
559 393
428 676
407 53
605 600
496 958
753 651
860 345
4 850
182 761
102 8
333 966
248 379
150 306
83 963
672 357
261 279
318 507
551 894
684 80
846 47
838 296
583 714
546 50
537 446
842 612
187 538
28 983
187 70
300 993
913 3
454 506
983 592
859 952
398 733
242 717
13 887
398 602
777 71
525 443
597 401
751 62
763 560
884 615
228 743
574 106
692 864
743 216
875 448
178 777
739 228
74 529
765 873
627 838
413 438
249 171
633 800
30 278
899 990
207 95
279 827
434 90
42 897
357 52
419 440
847 17
302 808
633 191
715 658
570 980
421 931
642 310
684 233
99 545
860 216
967 971
67 964
908 442
18 598
781 295
166 428
794 334
600 360
109 252
493 600
829 479
834 308
29 805
10 455
140 401
844 447
345 49
411 29
242 760
57 285
941 760
194 930
321 340
897 377
574 25
849 357
909 3
218 394
947 737
9 865
516 452
642 224
473 104
988 2
960 707
569 156
886 325
450 313
927 278
542 423
367 287
989 23
783 163
303 768
114 216
800 500
932 1
808 342
967 95
972 517
614 512
280 535
799 562
196 522
699 910
219 589
998 744
202 236
229 303
916 720
124 165
638 285
977 939
46 113
393 612
395 253
771 34
571 261
278 504
20 738
763 986
430 286
240 531
682 658
788 420
459 583
839 120
99 947
655 203
602 920
507 498
364 960
817 396
564 673
387 627
