1000 310237
5000
103 395
351 425
346 6
221 165
190 240
33 12
378 130
188 237
358 128
291 436
35 173
163 304
262 35
410 169
128 205
323 229
202 160
410 354
135 73
85 369
243 28
184 482
162 399
76 154
17 203
231 52
486 332
137 488
420 116
431 164
485 371
419 100
359 159
90 308
182 448
282 476
107 9
40 179
168 282
452 207
429 438
238 301
130 256
339 301
389 332
114 309
17 256
171 409
402 146
90 467
142 387
351 471
308 192
36 156
263 470
356 499
172 143
156 168
44 21
147 391
374 3
83 472
33 293
184 428
250 488
127 83
63 313
166 113
470 411
479 206
329 215
124 219
91 252
435 122
41 29
203 472
72 416
316 152
64 462
409 243
247 142
334 164
475 211
181 248
227 13
80 176
125 371
498 93
230 137
450 250
33 52
140 311
162 288
146 490
160 369
12 149
482 489
498 279
495 263
375 130
434 197
292 472
230 264
63 107
211 407
424 238
460 45
461 101
157 176
80 170
42 26
290 26
265 326
360 183
36 255
247 103
289 62
271 86
238 206
358 10
160 399
299 273
3 416
158 274
444 220
120 305
478 288
381 196
342 345
187 120
196 211
347 426
35 80
493 153
426 370
391 103
454 356
444 111
398 26
372 188
289 229
500 27
7 28
280 220
486 271
184 348
498 31
163 64
140 459
88 270
407 79
382 194
24 460
232 431
236 25
488 278
19 272
201 498
235 152
349 155
33 156
185 404
460 261
58 216
87 254
276 490
241 481
145 179
494 305
423 278
476 218
265 95
13 223
139 433
254 208
433 263
196 101
445 169
42 151
335 426
172 16
45 474
326 29
108 67
295 492
160 238
443 119
221 413
394 493
289 347
420 426
143 416
492 309
389 122
27 14
241 14
257 236
497 395
370 377
65 334
447 376
16 220
68 150
76 383
334 17
123 142
87 461
99 434
102 459
412 347
273 400
110 13
423 33
235 50
188 417
484 219
398 426
103 185
443 436
295 61
206 183
494 340
168 156
119 59
260 204
104 284
416 458
486 407
24 4
440 455
176 453
268 458
162 309
299 402
221 216
283 106
120 396
83 90
215 249
304 113
383 290
468 104
475 57
309 479
217 235
42 390
247 101
99 475
463 65
351 101
418 392
362 301
260 157
387 242
496 455
73 479
325 255
411 95
235 180
52 54
399 435
8 346
294 364
382 155
420 51
6 59
481 100
34 370
304 279
389 132
324 296
210 498
362 375
458 376
205 208
39 292
15 156
204 109
389 109
31 344
403 427
485 348
280 267
346 14
333 49
398 89
423 49
286 22
389 141
365 431
203 168
449 44
209 243
258 41
72 167
391 60
230 426
344 445
209 307
181 99
182 486
162 155
397 407
81 135
265 44
137 500
468 251
187 258
491 243
264 279
38 88
349 360
110 76
251 49
245 159
490 240
227 81
43 424
451 493
4 395
266 483
62 319
68 267
433 383
51 94
349 63
74 314
292 79
296 55
414 378
236 498
234 440
368 129
281 270
61 490
32 375
112 462
151 409
226 16
396 198
360 344
60 305
391 178
87 423
411 318
484 54
84 316
98 150
352 387
100 140
12 108
14 436
230 395
78 322
482 43
324 376
289 32
66 397
141 260
221 14
220 53
403 338
349 228
63 418
464 346
295 33
323 186
342 487
335 124
76 131
133 109
397 53
275 249
116 164
195 52
240 75
179 38
399 492
81 445
387 319
454 212
250 408
206 306
4 500
351 233
5 140
295 191
422 64
163 445
398 95
178 67
453 127
496 98
95 184
291 259
347 415
197 486
165 360
168 219
248 231
151 143
312 393
114 55
126 55
153 318
146 297
353 67
142 379
444 166
20 343
339 183
45 380
486 207
406 339
279 149
196 134
118 416
410 134
169 476
172 180
350 449
250 414
137 220
436 402
325 77
53 169
322 211
29 169
68 2
374 306
428 63
40 392
314 447
186 386
137 278
74 319
319 486
13 215
381 56
497 70
29 79
117 287
315 215
462 112
293 19
172 130
449 212
432 224
37 493
66 101
54 460
25 401
285 215
411 412
116 282
311 268
175 208
442 92
75 424
95 93
212 157
114 110
315 16
365 241
167 490
140 39
350 489
40 88
109 430
331 177
404 221
103 458
279 55
363 211
32 82
109 144
78 402
276 444
212 449
31 338
132 421
483 368
146 154
375 39
163 452
283 109
49 487
233 64
189 492
336 124
100 367
321 168
144 485
98 80
397 156
376 64
286 387
471 474
156 281
3 466
178 294
278 254
480 207
188 72
256 269
172 402
269 495
127 445
134 107
28 141
98 477
441 195
57 443
39 294
169 27
172 372
198 42
217 322
352 260
341 317
167 290
323 355
416 5
237 157
27 365
400 66
296 283
25 491
449 221
442 27
147 498
107 123
8 500
270 431
7 500
419 81
120 465
250 14
193 56
448 358
49 317
276 5
354 77
208 477
366 476
194 200
284 493
24 459
132 456
395 323
360 318
468 473
311 344
323 203
319 396
187 183
455 302
28 337
488 326
16 281
5 236
415 207
433 274
344 82
5 79
363 228
393 315
185 488
27 425
106 351
79 111
465 339
305 364
119 235
120 55
494 268
294 412
430 271
256 75
100 79
421 263
426 54
308 280
302 473
277 347
303 2
134 391
110 378
459 322
258 99
170 94
232 341
389 242
15 27
366 280
489 271
97 415
335 401
338 108
450 103
332 94
243 364
409 268
294 200
210 227
89 123
100 335
76 282
70 314
303 243
192 25
316 195
17 373
95 479
284 208
380 381
194 292
300 296
14 3
142 290
46 401
323 322
453 166
418 45
376 345
106 479
166 138
128 128
417 282
41 389
44 351
330 41
314 322
180 404
144 78
480 173
376 245
22 98
161 254
185 181
335 176
274 46
449 359
4 64
209 39
199 181
170 51
116 266
258 347
472 317
260 439
118 298
154 409
174 276
304 452
184 326
313 230
356 131
465 424
216 236
405 238
154 285
88 304
20 114
353 29
479 193
398 153
434 299
5 332
447 35
463 90
490 204
195 44
252 122
493 402
422 457
311 227
355 30
452 392
96 317
387 288
161 484
394 334
379 201
419 366
87 411
38 63
417 130
76 84
45 68
19 67
171 243
381 122
66 331
304 359
1 380
195 397
340 438
345 207
105 45
253 438
183 398
211 146
356 59
400 271
52 167
3 165
262 258
441 305
496 473
400 198
112 139
355 395
490 335
359 379
292 365
85 139
56 300
484 468
323 366
449 271
67 435
189 253
269 416
212 351
153 354
232 449
354 75
483 7
308 331
176 399
484 218
352 228
223 269
341 264
23 303
479 12
127 371
54 159
114 219
305 255
95 184
307 68
4 99
75 133
155 469
207 436
39 472
274 284
397 406
344 90
89 266
217 173
2 306
493 388
360 448
227 56
474 331
197 234
80 272
419 127
210 482
467 383
11 375
22 131
39 386
69 69
389 7
207 408
29 284
2 166
296 48
58 98
274 487
14 397
440 43
405 168
309 247
350 190
383 110
147 241
86 57
399 207
381 465
217 155
215 405
63 231
21 347
371 170
247 7
402 377
357 403
424 454
349 474
293 398
282 383
121 402
210 209
99 108
245 125
436 75
351 499
200 64
27 45
158 266
26 394
176 161
15 203
127 431
492 213
51 119
209 443
128 145
216 289
65 141
356 69
125 376
395 214
332 381
289 93
175 171
499 186
478 462
496 8
405 142
267 389
1 53
384 302
398 469
2 264
456 33
147 364
145 427
464 456
203 450
140 59
280 274
238 74
219 99
357 133
287 462
74 105
169 2
8 28
51 484
230 162
452 129
386 92
314 311
290 171
460 313
472 24
459 410
269 445
119 131
316 4
109 79
357 365
92 268
224 40
250 241
210 127
91 39
52 6
364 376
426 432
492 263
128 22
203 108
420 259
53 10
499 120
110 64
139 328
267 3
488 419
275 197
207 349
105 102
431 267
57 105
67 317
3 54
223 297
82 195
32 481
248 315
245 18
498 250
18 117
492 402
243 160
13 145
446 479
332 340
87 314
469 399
84 10
46 399
153 271
62 6
170 430
192 69
232 490
331 237
141 135
170 255
226 396
481 498
200 87
294 71
291 492
254 347
275 209
88 447
43 102
96 284
470 475
264 196
20 216
253 278
380 293
14 232
404 413
465 205
453 488
174 42
42 113
342 17
189 448
16 395
131 296
7 91
206 165
383 39
198 484
16 413
489 384
165 189
205 130
238 339
430 310
155 246
453 438
131 467
182 459
278 465
496 176
251 272
429 495
387 229
219 251
338 103
439 349
357 156
248 360
500 377
58 171
112 55
184 492
192 334
308 488
391 337
300 104
33 483
409 193
381 239
13 446
430 480
370 87
165 379
234 84
268 378
405 154
400 301
429 388
461 233
494 481
48 218
319 270
381 396
28 288
436 158
419 245
258 255
262 429
307 446
381 214
75 38
188 184
76 286
378 232
417 255
452 207
496 61
325 488
492 379
194 290
367 246
443 415
497 75
193 8
375 338
209 475
55 334
387 199
32 323
408 382
312 263
292 224
172 245
459 356
255 9
231 107
313 55
254 154
318 395
182 341
266 280
63 465
2 489
288 473
85 98
16 169
48 381
233 364
359 95
102 161
56 132
27 294
200 408
66 319
68 492
284 283
41 28
4 4
75 126
499 300
35 411
2 316
485 376
78 80
8 192
58 107
397 62
71 132
60 64
348 221
153 118
2 488
317 341
257 102
38 68
482 179
95 406
202 364
178 493
267 496
496 487
338 214
220 336
347 487
167 128
26 434
7 79
288 85
105 374
157 436
321 348
367 347
115 369
243 234
115 55
14 348
16 260
104 477
186 44
262 258
274 33
339 254
412 439
384 300
388 404
117 117
251 301
389 136
180 226
59 500
106 212
154 381
291 199
239 10
4 290
486 81
134 178
411 66
183 153
358 485
389 198
476 115
302 163
10 358
351 74
435 45
434 141
237 442
42 145
431 444
170 233
109 308
499 283
341 79
418 271
99 412
498 159
404 72
362 234
350 201
464 143
330 271
377 482
451 478
393 128
403 27
53 486
104 314
47 468
2 20
327 309
210 121
235 349
374 308
132 148
73 283
316 29
405 38
86 146
151 261
289 461
304 361
346 455
429 84
464 449
255 81
93 384
461 11
241 58
373 55
277 326
11 138
379 105
219 239
96 357
29 245
267 246
290 106
148 330
413 86
287 403
19 272
326 160
500 467
358 56
435 190
264 499
414 219
73 291
96 281
224 76
121 7
27 171
464 148
461 410
161 22
449 418
95 182
452 301
280 157
152 237
25 48
24 246
438 42
86 186
268 488
451 391
354 352
218 344
126 151
195 102
141 264
443 319
195 371
156 387
431 395
73 65
323 229
255 35
255 388
54 310
292 351
51 408
137 121
207 146
343 355
16 51
133 492
203 321
368 283
224 244
253 324
48 7
445 69
92 214
95 498
330 339
108 72
288 364
420 499
193 302
46 169
428 270
357 247
113 482
470 373
189 439
325 77
245 9
394 240
321 144
273 40
154 352
446 98
14 113
338 201
81 41
495 87
404 382
168 365
158 215
197 218
310 133
202 41
362 460
255 366
25 383
66 267
160 280
384 423
53 279
98 254
187 193
498 143
25 491
466 93
295 229
429 223
38 394
172 147
103 216
273 132
193 37
294 257
55 147
171 205
114 261
162 22
151 367
353 396
390 21
441 460
28 315
343 481
68 477
139 263
379 40
207 164
413 298
243 442
17 218
83 261
381 375
115 7
351 456
299 300
439 238
40 420
197 198
265 273
246 101
434 149
460 424
364 402
314 326
210 451
173 233
50 237
307 87
339 273
444 434
123 68
72 143
118 380
1 183
491 159
85 105
371 458
490 335
131 122
106 348
248 294
11 149
259 282
181 135
334 36
427 226
158 84
98 18
454 99
287 112
431 482
337 449
289 128
290 115
260 423
336 97
93 197
247 86
482 183
200 286
115 350
204 315
2 73
204 302
422 53
22 332
163 77
79 183
44 240
423 143
63 395
9 177
116 251
489 405
32 222
158 51
131 385
253 462
212 397
347 375
443 239
490 14
481 263
400 272
291 169
87 51
388 238
157 333
364 47
154 460
98 58
428 299
341 193
71 6
482 49
349 304
486 140
462 485
232 40
30 435
159 306
76 339
422 483
118 410
18 348
342 3
27 400
473 476
205 407
148 384
236 159
107 281
124 113
424 75
63 381
204 186
430 170
206 481
105 83
166 413
177 108
330 430
83 59
442 113
364 460
81 276
286 455
381 105
306 384
263 323
462 258
39 192
132 451
192 417
484 124
312 423
62 363
168 18
166 96
33 264
47 115
318 294
466 95
218 87
256 101
365 199
110 235
24 37
233 474
326 8
354 373
126 190
258 247
78 440
48 42
37 445
41 181
76 349
439 346
202 21
349 231
312 53
357 441
181 176
293 225
421 357
451 296
41 160
48 131
398 276
228 223
177 453
104 97
314 393
477 154
98 149
104 384
273 378
205 388
446 74
130 282
496 287
345 270
82 72
498 125
468 409
80 157
422 241
196 347
497 112
299 63
119 172
279 52
35 32
241 100
101 440
387 404
114 96
30 291
300 430
409 337
285 206
101 116
94 150
281 285
418 297
361 200
498 56
215 278
25 442
434 116
255 402
176 187
78 475
398 417
432 9
19 111
101 475
377 412
319 361
425 3
89 2
4 15
491 393
82 94
182 1
307 64
357 203
195 231
47 154
165 330
298 385
420 179
450 200
99 140
479 90
377 193
110 453
287 74
225 232
484 192
215 455
169 380
392 243
239 256
422 319
46 381
278 377
107 190
338 286
365 381
108 453
127 201
426 192
71 68
214 285
337 388
8 336
299 227
293 24
210 455
166 38
243 405
278 333
356 411
468 209
72 379
25 295
418 169
72 382
479 216
426 203
469 78
230 105
297 125
52 89
311 220
335 279
146 328
96 130
325 99
480 6
108 206
428 395
232 164
360 69
457 390
67 468
426 14
277 463
171 384
341 99
132 357
391 59
371 475
268 122
240 154
485 407
235 181
3 227
38 117
384 58
239 115
351 355
463 269
292 413
313 69
215 331
114 338
395 480
450 445
427 9
193 104
184 371
270 72
63 14
416 422
98 25
281 425
426 102
254 229
462 405
25 226
327 301
117 70
25 41
435 164
64 444
149 166
313 292
289 77
131 17
431 89
303 36
455 79
205 88
477 472
178 385
147 56
244 203
256 275
483 343
420 30
424 45
400 43
154 147
217 318
380 286
312 136
172 441
36 112
17 497
141 330
455 286
52 104
232 264
395 393
378 263
258 332
440 24
173 219
293 370
268 179
260 100
453 151
351 354
348 58
20 194
403 473
348 147
321 417
114 347
416 272
89 214
139 67
67 223
279 455
39 379
10 267
381 39
381 274
22 460
374 388
172 102
80 199
107 68
452 173
206 133
105 32
233 219
16 135
141 162
286 291
500 116
309 356
11 363
292 447
112 291
444 477
95 444
111 29
402 447
412 297
313 284
429 106
192 296
385 495
443 179
68 432
84 286
372 112
237 263
418 432
24 268
158 177
175 481
26 148
481 265
15 222
326 114
228 297
338 296
488 384
14 314
167 380
383 486
14 131
163 85
144 261
462 314
212 369
441 148
38 356
100 297
52 241
262 364
128 56
242 325
114 409
386 3
110 88
112 107
279 403
376 346
246 197
231 93
461 200
446 230
351 489
432 48
51 402
279 168
45 191
382 205
290 130
486 61
399 219
459 218
235 81
107 216
381 106
137 222
458 115
205 332
485 146
499 488
427 84
34 461
268 211
330 42
312 84
353 416
423 146
30 38
97 211
334 14
87 67
180 387
462 173
310 288
10 118
388 21
134 221
402 366
64 483
264 450
252 4
436 7
246 32
282 288
349 136
31 16
175 373
81 22
87 270
325 83
224 112
161 370
77 341
384 356
223 159
469 321
363 156
154 481
212 213
169 353
104 243
480 8
161 153
74 195
185 177
234 359
467 119
20 379
129 366
80 497
72 345
199 100
130 374
461 362
178 344
452 446
400 294
370 9
482 41
44 248
452 361
482 491
183 16
243 328
487 150
473 442
52 147
161 83
300 109
181 268
107 301
190 168
116 238
332 395
206 250
120 329
119 117
67 278
190 423
97 296
392 161
337 402
71 27
214 403
46 289
55 76
371 182
135 296
21 288
429 121
171 124
166 150
275 246
390 95
13 336
211 311
295 65
395 86
394 62
302 153
47 103
66 211
60 364
239 236
192 52
207 489
73 357
51 369
145 84
89 448
3 107
225 10
39 449
396 315
133 177
211 190
272 345
497 375
130 207
200 389
423 196
349 426
427 253
113 132
161 24
67 451
139 408
335 354
9 8
402 77
192 292
333 59
8 136
341 308
338 143
181 500
495 37
158 353
413 112
149 39
188 177
2 171
32 246
295 221
224 422
430 174
31 272
208 15
204 265
168 20
258 455
215 85
437 406
114 96
389 262
233 485
120 192
160 139
477 480
356 234
216 15
40 317
154 430
54 187
9 41
294 389
379 480
100 331
220 170
439 105
450 495
475 25
455 252
397 410
212 497
72 350
85 180
30 323
360 296
44 229
173 105
260 391
118 38
271 72
469 315
1 380
289 154
40 228
167 319
390 410
92 113
102 48
478 96
255 358
408 78
456 230
388 16
296 375
486 364
278 408
184 307
147 133
206 49
78 92
186 14
359 88
274 224
12 278
299 76
231 484
211 5
438 224
220 489
338 234
224 104
12 213
424 467
289 124
50 373
306 95
441 410
85 258
206 458
291 407
175 108
310 123
160 200
92 106
326 135
96 139
21 447
486 165
90 296
368 446
449 457
10 28
157 486
304 322
74 451
225 316
2 498
98 239
4 160
53 440
215 53
406 101
499 33
367 54
130 443
206 370
446 297
334 281
34 206
381 306
276 88
238 327
100 410
192 196
409 316
183 217
212 352
136 76
327 291
256 54
6 118
315 418
471 142
422 137
36 231
389 299
220 147
203 495
110 354
430 480
110 84
90 416
93 194
283 132
400 47
99 286
381 18
454 495
52 149
177 493
381 155
174 411
404 44
375 296
48 210
452 229
20 64
107 394
459 102
499 71
279 373
8 357
172 293
288 36
295 153
350 384
439 310
437 381
151 238
405 31
294 432
252 4
352 416
254 38
294 315
32 84
500 20
306 20
52 112
484 196
275 156
21 498
259 357
142 80
278 46
91 385
21 372
207 22
396 325
315 403
29 420
440 171
349 239
170 273
285 157
488 387
260 95
449 325
133 65
313 97
416 175
460 93
146 136
339 277
363 261
286 482
109 406
467 388
443 396
143 352
377 51
131 423
385 165
245 358
58 154
355 445
72 59
307 230
400 375
59 347
48 168
170 5
428 413
104 317
201 251
77 164
300 426
449 456
176 335
320 466
143 491
486 54
473 251
180 91
368 252
200 233
33 96
352 259
60 300
57 204
3 260
494 243
288 449
21 385
454 193
292 382
487 462
327 405
256 94
469 344
58 46
465 289
366 323
341 116
183 20
364 292
125 231
77 324
319 399
497 420
402 113
85 401
160 393
171 124
219 451
241 49
474 325
135 451
95 134
499 378
162 130
310 1
206 244
427 386
182 229
310 149
200 195
178 273
183 113
376 182
171 298
436 377
144 342
189 340
286 37
472 44
8 155
75 416
316 305
425 250
175 37
64 420
82 287
95 25
166 301
168 39
483 175
325 81
424 263
73 213
79 73
161 18
160 387
395 163
196 23
230 193
238 171
14 3
224 64
190 172
195 185
208 334
489 226
440 139
94 444
139 430
430 355
4 94
233 173
234 210
495 113
326 90
210 329
237 244
25 42
54 455
269 266
176 315
67 77
302 438
145 309
33 322
250 470
99 493
335 272
410 294
46 372
272 331
373 175
176 496
324 434
463 14
280 316
433 224
178 356
474 369
19 185
380 355
147 212
263 348
100 372
487 215
364 99
440 93
38 338
394 397
170 334
461 434
6 314
146 309
54 80
465 388
358 171
411 278
191 18
428 173
141 216
173 430
289 353
441 317
348 378
266 15
184 435
272 108
145 496
79 215
237 290
59 443
351 401
236 362
412 254
176 210
140 123
366 233
16 464
192 264
67 351
389 185
161 482
466 252
349 120
53 54
132 170
417 417
87 476
431 318
323 358
293 364
283 202
165 397
99 64
11 387
246 325
143 25
180 148
4 81
78 251
298 140
143 290
33 444
91 145
357 451
71 103
451 59
277 477
456 44
319 60
256 136
117 196
393 174
12 374
72 155
500 156
381 111
355 59
159 132
288 192
467 357
476 351
163 257
140 401
303 127
363 105
39 279
221 500
312 266
302 298
306 142
447 192
168 279
216 37
124 196
232 152
41 408
208 84
431 423
67 381
415 54
299 373
387 356
283 70
460 295
16 135
106 430
465 337
361 331
272 328
313 350
102 144
122 495
206 64
379 497
417 211
93 315
124 251
437 362
228 50
17 190
253 360
392 428
137 133
5 199
420 402
237 62
198 263
6 309
473 484
96 54
481 396
262 480
175 147
127 369
99 273
274 194
460 363
143 460
129 265
63 221
239 416
173 479
15 197
299 143
328 143
298 162
30 221
258 256
380 252
448 220
197 314
98 57
93 320
35 475
252 175
353 100
323 80
371 72
304 13
148 5
278 237
265 372
378 119
23 366
167 261
313 111
328 72
437 288
230 234
318 56
143 92
443 271
366 334
285 254
71 27
367 71
294 203
350 129
181 92
60 496
475 212
432 37
172 170
427 283
119 203
463 269
326 253
409 422
383 307
156 329
237 415
359 133
198 190
360 302
450 56
464 384
88 367
96 64
176 337
102 396
178 233
210 38
312 19
337 373
192 326
32 297
288 92
335 307
170 16
114 490
365 490
114 265
476 79
371 211
352 8
100 133
227 185
482 455
434 279
325 346
381 350
179 331
211 236
440 472
141 312
445 81
435 214
202 316
160 9
36 231
337 348
308 249
162 35
279 176
199 1
145 386
269 358
490 362
141 93
5 129
341 378
235 450
421 466
126 497
469 184
146 21
482 361
141 447
188 315
67 127
310 331
491 243
433 459
213 500
325 352
145 232
129 480
289 286
351 359
112 373
266 325
45 356
186 377
25 187
383 109
257 224
22 151
2 368
347 138
206 290
179 161
314 409
305 228
316 379
4 329
242 396
69 167
210 374
186 368
361 352
60 263
87 124
456 265
429 187
49 374
198 255
37 77
6 409
76 263
497 149
37 17
274 131
453 321
360 285
34 162
385 358
295 316
288 225
235 289
95 49
353 138
143 228
439 413
391 434
179 122
424 96
51 295
25 372
186 82
59 171
401 179
367 471
347 156
113 409
454 483
106 405
471 344
477 399
176 188
446 301
68 370
424 360
409 275
154 319
184 122
409 237
393 389
161 274
411 449
458 207
407 437
124 294
66 87
184 147
93 337
390 222
147 113
202 263
343 459
133 454
253 400
165 46
315 56
301 177
335 258
303 233
144 410
331 82
311 198
438 237
115 21
53 250
408 240
328 428
292 101
84 167
307 337
189 332
304 125
342 276
474 164
132 18
189 181
215 499
134 210
453 342
379 45
491 91
391 209
6 208
301 6
368 124
3 423
135 255
298 493
410 313
346 278
108 219
374 299
275 27
141 495
24 340
320 36
245 91
36 56
51 361
267 420
367 468
39 281
316 323
480 479
309 482
379 259
445 274
358 33
94 403
74 467
409 413
473 69
137 461
170 45
169 288
53 276
20 61
342 172
236 349
147 478
340 37
144 106
52 364
98 93
99 39
403 8
469 35
52 47
104 427
285 442
133 253
231 281
125 145
231 33
41 224
256 244
110 146
225 8
196 127
461 454
209 440
64 308
485 239
220 26
431 251
263 463
286 314
374 34
265 198
396 72
32 387
172 320
392 45
73 435
302 76
354 129
117 433
165 112
368 213
186 142
298 376
210 214
473 218
292 74
172 87
431 98
424 402
137 489
432 69
129 229
343 327
44 146
161 341
125 299
470 133
84 235
467 228
1 457
488 363
343 218
47 71
261 485
484 284
382 96
67 496
127 262
37 334
35 320
357 195
21 345
223 152
282 298
126 334
227 302
437 472
293 171
442 153
446 129
469 56
15 47
406 190
482 491
142 383
350 454
239 239
119 299
488 38
416 396
161 373
487 217
1 201
474 122
121 177
249 28
393 62
183 84
250 394
147 453
168 142
405 38
207 105
487 147
203 64
155 184
467 135
144 429
311 125
207 219
344 398
167 113
386 451
118 20
255 72
277 53
327 96
460 160
177 175
259 496
264 163
55 368
21 362
264 249
94 205
401 252
150 448
321 410
96 52
126 101
194 456
431 107
330 460
276 183
125 456
80 298
464 266
422 474
209 182
329 216
212 85
29 356
62 347
279 338
446 271
211 77
209 306
439 316
388 351
490 202
288 278
472 268
279 212
117 316
34 320
294 433
372 432
260 247
484 22
242 110
53 365
472 366
400 432
10 335
387 98
38 353
270 301
454 196
490 432
274 125
157 216
215 273
129 134
147 411
34 499
385 30
263 408
299 130
410 424
194 123
93 53
105 148
114 37
459 235
321 97
49 129
97 444
426 77
377 246
472 418
477 184
38 104
157 365
440 242
400 116
162 34
276 460
395 298
310 84
165 396
156 83
280 106
448 178
139 115
410 386
441 400
44 110
137 377
439 161
370 224
320 84
342 353
480 354
257 396
147 389
275 275
9 166
489 413
248 19
357 456
442 143
83 351
425 321
76 206
48 252
212 175
455 83
66 265
6 414
278 115
82 275
466 44
95 96
273 169
147 461
57 400
24 94
108 285
333 315
412 360
308 56
189 72
345 82
160 38
479 466
436 25
244 485
474 404
58 431
342 458
418 54
325 289
434 373
189 183
159 183
15 14
331 350
187 198
9 139
471 62
412 189
39 454
427 114
47 258
355 113
397 443
70 99
115 7
245 341
271 227
229 373
5 129
425 28
325 415
99 142
374 106
345 471
37 262
263 294
181 386
253 4
81 186
364 335
273 230
65 57
404 212
143 8
105 104
42 109
193 475
110 473
298 231
244 483
339 72
329 107
45 17
352 8
394 107
17 406
459 458
185 108
280 374
30 496
137 340
391 406
86 226
258 45
40 359
334 111
393 495
480 415
128 461
251 78
469 287
265 160
198 281
325 213
166 76
409 357
30 69
38 56
237 439
207 171
235 437
265 219
397 255
233 297
78 4
213 99
120 441
127 160
180 448
263 285
258 337
59 265
373 411
412 486
299 335
302 207
40 491
130 74
168 222
466 79
493 441
255 4
298 61
30 217
453 77
183 460
310 482
455 478
149 144
382 40
27 293
248 398
195 492
32 297
13 481
356 207
83 73
163 278
213 354
310 384
322 42
219 226
37 289
146 445
94 363
372 298
385 228
65 260
238 235
227 407
155 348
160 304
360 297
19 271
92 203
182 421
409 45
421 8
64 379
204 204
445 95
316 84
264 261
221 328
469 415
224 82
154 236
380 244
116 350
217 42
253 49
191 461
278 79
347 452
159 193
412 195
337 327
216 432
370 319
124 276
266 228
365 472
111 47
413 331
158 202
232 282
432 390
383 492
260 471
304 339
262 268
414 322
479 173
305 438
173 15
318 310
381 213
124 356
478 301
144 122
397 483
366 441
419 377
335 438
195 299
375 127
167 38
383 322
289 288
486 318
379 33
95 208
144 143
456 258
143 390
243 436
151 121
275 418
266 336
254 258
293 223
305 128
156 487
83 329
17 242
452 437
475 334
66 67
214 305
402 420
88 97
178 25
426 335
329 268
435 439
24 22
205 349
222 216
216 51
305 233
224 88
167 289
407 123
121 397
83 101
354 427
266 474
234 171
468 47
45 271
316 365
208 353
393 300
420 481
145 113
100 389
2 287
224 162
104 64
43 397
190 52
221 252
432 9
9 81
153 279
213 238
122 492
436 162
252 378
211 304
339 236
150 42
440 328
43 342
359 456
186 368
480 100
499 236
377 76
424 355
445 443
263 298
198 312
17 410
277 339
4 304
204 421
442 256
276 254
276 194
382 414
366 265
136 432
91 356
327 398
364 155
389 433
24 430
245 171
390 60
487 266
73 99
357 173
15 368
346 141
100 155
241 481
44 418
122 418
247 111
90 500
270 71
226 420
299 125
283 34
237 59
138 232
10 348
56 241
138 375
348 44
57 369
296 473
488 114
447 194
323 37
302 89
16 321
65 491
287 442
486 60
130 281
93 338
206 479
73 201
411 14
24 263
294 10
44 444
162 378
372 33
425 342
331 123
133 319
364 119
322 78
477 421
193 94
422 184
390 103
358 207
37 369
458 46
497 297
495 284
294 224
431 455
57 373
18 26
317 468
431 210
228 26
257 61
409 68
264 72
399 62
205 393
381 314
322 301
364 196
89 449
203 194
227 329
79 1
10 274
28 114
409 271
460 228
485 414
345 389
181 19
203 390
469 238
31 375
124 311
229 236
210 203
481 449
490 457
190 241
445 198
440 414
240 411
453 131
428 79
31 406
274 43
463 300
408 500
189 487
29 135
401 494
364 173
186 149
83 403
69 128
137 429
157 213
120 430
92 456
303 455
67 41
419 58
104 51
154 102
397 189
249 122
245 329
236 171
192 282
26 243
291 22
153 427
470 203
461 262
211 418
358 216
364 454
245 282
117 127
28 309
219 47
181 369
330 469
269 343
213 366
163 192
328 318
445 51
306 348
45 170
12 180
85 149
36 127
159 50
47 64
308 186
395 49
16 97
53 168
87 397
387 318
90 289
219 281
469 186
133 249
68 388
467 26
289 392
209 484
179 52
232 350
327 271
403 133
221 429
116 156
269 197
138 435
43 391
262 61
167 380
220 429
39 353
152 152
151 269
25 46
268 156
322 323
347 293
194 239
168 466
239 220
147 393
65 236
303 323
420 330
235 37
231 119
496 106
333 244
415 416
351 432
438 50
371 307
459 285
341 74
25 21
17 202
323 480
323 440
70 154
125 500
106 128
26 76
12 18
165 297
254 12
323 476
354 459
265 57
386 332
228 137
327 34
296 432
486 485
203 11
283 151
278 435
344 299
251 410
295 148
473 173
236 69
44 219
157 285
354 129
485 368
408 234
149 87
29 424
292 295
243 302
416 219
481 16
486 61
401 437
326 306
319 191
35 251
482 290
34 398
44 437
378 300
38 68
70 45
241 447
236 479
63 194
216 253
75 221
384 384
89 21
62 450
45 180
90 240
175 343
276 171
325 20
339 41
157 500
229 360
137 150
438 417
370 394
310 342
466 21
358 328
386 310
287 489
334 439
232 211
378 314
108 326
198 74
170 123
368 64
196 89
108 165
369 230
88 463
112 423
152 43
259 252
422 166
463 199
149 28
33 383
323 205
75 393
272 400
9 192
176 242
62 180
337 314
394 105
402 288
385 86
483 124
26 421
380 484
407 255
281 487
399 75
248 490
130 473
164 119
21 253
316 51
186 471
474 179
196 71
272 44
381 474
10 249
242 298
355 214
38 137
3 217
439 364
9 125
213 78
364 182
122 202
486 378
420 285
258 55
53 52
183 64
450 172
178 156
173 142
44 235
309 345
78 227
196 270
379 63
238 309
61 153
139 464
430 259
58 208
383 6
162 474
204 273
483 449
481 59
430 383
276 2
443 299
214 95
81 351
384 265
55 151
492 71
270 107
118 79
128 227
44 413
438 192
143 435
31 239
341 22
316 104
396 277
18 46
116 213
18 291
255 343
343 17
198 140
88 172
374 449
463 48
229 267
464 365
126 397
257 20
496 351
462 94
170 494
399 11
183 240
397 13
270 220
234 365
9 422
418 187
28 112
343 366
142 473
345 161
238 67
66 108
113 81
438 446
276 123
73 201
93 259
182 266
88 106
148 43
157 189
178 174
192 323
9 239
350 277
469 462
8 183
125 77
131 419
370 441
8 486
400 408
239 178
365 492
82 97
457 474
476 387
349 118
312 452
190 137
328 258
274 400
192 31
286 423
417 159
206 125
475 245
470 277
50 179
416 493
292 236
388 447
102 143
500 500
410 225
155 323
300 313
290 145
148 34
79 239
310 254
325 403
437 41
482 390
339 352
461 10
337 336
193 334
477 182
211 311
61 37
490 469
48 410
500 268
295 64
368 266
191 374
417 481
174 488
88 29
287 148
274 248
279 186
401 21
32 212
208 479
500 83
187 369
294 267
122 454
155 488
499 426
192 150
184 487
248 30
48 466
430 430
250 464
357 441
101 399
126 24
411 491
471 267
493 47
497 48
77 72
221 283
328 42
15 142
476 480
80 34
212 43
241 19
47 423
249 302
221 330
466 377
184 142
58 178
67 134
478 337
392 122
17 236
370 320
449 6
205 473
154 349
15 24
257 31
340 475
426 344
225 427
198 455
264 2
70 374
465 422
24 230
438 56
124 354
38 117
183 413
494 306
496 131
7 4
306 215
138 231
218 461
426 426
194 495
248 374
467 329
447 437
476 69
312 377
312 355
352 243
238 121
287 152
425 475
415 462
145 32
232 455
228 442
471 398
153 182
16 371
251 386
405 291
419 396
188 179
356 333
316 73
454 478
477 206
174 50
182 415
250 488
185 448
180 100
487 90
127 1
467 18
56 358
130 238
17 388
473 90
85 260
25 412
250 370
210 92
298 191
46 483
358 203
337 71
185 454
497 248
117 343
441 295
379 410
463 177
324 81
26 198
296 382
243 259
238 362
217 83
174 42
82 485
290 184
78 82
94 139
268 338
204 239
347 274
75 356
456 455
214 142
231 452
49 25
280 153
151 383
266 7
136 377
271 241
150 198
454 220
107 103
421 100
357 238
482 1
93 238
124 400
32 48
426 478
418 217
242 359
78 185
172 242
370 228
94 61
300 84
8 72
422 439
47 481
15 441
452 266
5 191
235 116
314 106
20 331
432 126
325 151
166 482
215 424
291 59
38 67
56 175
186 364
12 37
40 310
313 418
275 102
211 212
426 263
375 264
1 3
129 73
204 273
29 166
343 394
137 386
99 44
257 230
372 428
76 439
325 287
382 121
376 2
26 306
175 246
358 98
242 114
431 297
320 364
282 13
479 335
139 138
241 132
354 160
382 12
24 2
219 30
80 464
210 274
354 426
480 2
4 5
489 367
241 62
482 31
495 329
245 347
147 315
373 162
283 304
381 453
275 285
149 168
88 428
450 208
271 5
478 72
44 47
50 281
467 92
161 27
68 479
273 480
235 137
465 141
110 465
96 392
256 434
498 478
253 61
411 490
388 233
409 101
428 213
178 1
235 331
146 453
304 153
89 2
475 126
495 177
478 464
241 486
240 202
235 50
62 42
406 150
437 316
460 242
204 485
26 444
78 298
382 451
141 274
393 491
125 467
332 136
264 211
33 326
87 158
2 446
375 84
248 479
30 195
375 423
403 337
476 212
426 248
72 264
215 30
37 216
442 431
309 213
101 69
108 401
95 212
306 157
232 316
241 102
258 345
54 380
388 336
223 380
371 128
424 73
127 173
380 44
131 343
328 117
274 369
446 75
35 83
344 23
433 449
342 452
201 465
78 334
267 167
403 132
51 233
378 79
307 254
379 108
268 184
385 181
353 267
272 266
437 267
192 349
407 487
468 171
436 52
450 146
209 412
146 248
493 462
121 73
226 273
281 244
76 447
444 34
377 39
265 445
175 148
458 193
276 237
215 420
467 269
480 351
453 418
287 301
398 293
35 465
83 152
283 486
34 391
339 330
238 301
364 264
128 486
318 469
455 228
315 186
144 435
125 88
283 106
159 165
94 295
35 60
106 344
360 32
357 271
309 443
410 456
295 330
421 70
377 335
460 367
417 359
298 86
97 402
245 411
500 29
381 361
91 468
62 193
331 295
104 192
348 398
425 403
357 414
239 26
423 491
36 144
134 70
260 172
350 271
298 72
464 252
447 344
63 220
198 383
354 491
398 395
278 330
409 181
242 103
405 430
57 154
45 315
305 266
452 51
95 228
466 162
143 55
211 200
116 255
438 411
245 475
488 365
456 324
273 252
105 371
155 360
13 479
190 115
76 430
302 193
103 331
347 221
92 490
63 370
26 276
315 368
174 327
192 27
459 15
365 53
96 384
405 379
147 187
158 113
206 342
260 456
131 359
234 281
180 183
35 15
37 198
62 62
377 352
158 230
124 62
162 312
281 294
493 110
223 363
140 449
335 446
480 233
187 225
179 173
158 18
263 126
16 379
8 111
445 395
484 132
496 224
490 36
443 228
32 375
342 63
233 137
314 313
435 312
86 214
379 16
393 121
177 282
156 450
464 242
32 481
75 440
130 452
38 195
38 247
103 402
54 458
278 90
468 393
404 464
479 8
174 220
273 366
232 63
458 223
209 60
336 357
96 148
254 343
381 499
372 49
334 80
366 434
112 147
162 417
57 486
319 453
369 205
356 127
111 54
409 492
200 309
270 86
331 20
84 468
185 5
262 61
283 293
495 343
256 437
186 223
369 340
147 266
475 312
262 485
327 449
136 386
69 430
50 344
431 36
290 116
132 10
57 100
56 232
129 56
339 317
39 227
98 211
236 463
57 442
324 443
60 284
99 483
415 158
453 463
448 357
44 149
15 214
113 492
119 174
498 486
322 38
150 258
378 498
43 403
15 380
429 359
356 373
452 57
201 321
103 178
468 159
255 422
78 339
254 216
430 266
408 461
180 296
429 139
166 21
32 43
320 288
35 325
287 13
478 260
11 40
360 256
488 212
103 42
196 433
370 371
375 123
260 463
52 484
304 225
17 30
317 224
292 176
432 184
191 280
435 456
246 453
409 86
45 333
208 402
368 90
242 386
383 267
310 313
500 487
449 489
323 204
100 46
288 313
481 31
89 378
32 416
458 190
240 303
60 309
351 274
302 459
58 24
280 168
4 50
254 338
196 436
367 440
371 78
307 291
66 450
429 416
363 310
449 59
104 112
189 436
200 163
227 349
470 54
92 159
230 207
9 138
248 421
454 436
476 74
482 199
395 146
398 455
395 194
328 65
187 422
485 16
157 365
306 385
61 392
123 102
304 429
93 459
417 460
241 494
204 4
228 194
59 315
335 475
334 415
455 447
232 222
248 356
253 477
117 137
402 246
30 134
51 338
104 196
384 66
96 188
129 436
133 154
65 7
254 284
281 191
243 201
192 414
215 298
447 419
398 364
374 348
98 316
399 124
82 36
316 35
446 145
458 8
353 48
363 433
300 302
108 322
201 481
327 167
124 290
350 126
44 299
486 479
331 71
205 87
201 447
205 304
146 246
356 166
107 18
289 69
458 340
315 304
485 16
143 260
310 408
437 411
149 245
431 161
447 420
376 272
314 239
471 137
176 416
238 157
323 137
296 280
447 249
84 129
64 162
23 463
115 360
143 269
457 27
25 96
59 426
149 119
166 450
143 307
283 304
216 428
126 5
306 267
24 31
64 152
436 10
302 276
452 105
37 271
102 391
145 468
67 291
205 456
407 249
7 400
346 403
367 34
403 347
68 288
435 349
458 356
57 226
20 424
319 299
236 304
156 31
128 63
451 101
397 433
378 214
417 366
260 323
39 165
204 353
371 201
50 31
432 422
463 415
281 218
270 49
251 119
471 294
468 20
148 135
497 343
483 108
32 337
11 108
278 49
411 234
155 54
370 1
142 201
409 275
358 343
22 309
344 353
295 110
232 72
197 300
185 419
188 398
216 303
332 74
151 273
359 262
336 41
53 278
156 132
311 14
260 397
109 313
216 372
90 182
113 138
93 314
166 326
207 500
357 93
102 156
312 204
395 326
478 3
278 246
166 328
432 124
287 388
374 239
232 412
354 154
253 9
357 37
91 132
233 270
430 90
329 134
293 249
157 93
159 49
14 54
414 31
138 449
250 228
225 15
333 251
258 311
397 410
15 135
354 294
294 492
55 468
304 185
441 336
6 360
450 356
436 126
326 184
265 271
286 237
356 500
277 94
405 211
491 167
235 197
181 57
230 20
155 34
63 24
444 305
294 180
317 294
407 16
199 22
196 438
8 317
169 266
243 79
390 498
318 136
200 216
356 378
411 410
204 192
400 288
339 246
81 455
497 297
334 381
202 372
130 162
42 301
102 208
451 234
69 211
365 190
34 98
365 204
136 269
423 260
321 373
377 490
91 381
201 283
147 87
344 220
285 231
319 269
420 305
341 372
138 216
295 21
87 263
4 340
435 249
6 480
75 361
300 358
366 29
237 453
59 399
448 204
26 97
309 322
107 89
77 40
367 37
258 422
488 276
342 236
242 409
140 464
490 28
494 382
228 102
83 494
234 476
159 253
402 424
219 374
424 171
282 320
475 170
382 18
97 347
320 490
130 399
65 278
324 302
121 478
327 18
103 115
248 433
494 415
26 209
328 88
29 240
183 111
362 356
23 218
90 129
185 139
382 145
177 208
124 69
25 345
28 67
62 5
150 411
322 480
342 304
403 375
282 236
331 376
431 205
273 372
94 312
347 464
329 350
259 168
449 448
12 465
168 105
126 203
346 468
468 211
350 65
385 73
101 81
233 328
211 360
41 206
225 249
135 467
130 362
377 160
301 120
362 453
381 287
393 362
396 134
129 142
232 243
45 212
432 451
258 215
196 310
118 322
208 337
341 156
411 341
277 30
224 140
294 86
173 185
373 282
206 137
145 399
141 79
233 75
386 241
145 334
319 271
365 116
27 93
345 260
210 430
155 231
259 149
168 152
435 220
236 464
117 291
307 22
138 2
231 161
453 97
92 203
471 241
84 159
227 261
275 263
354 269
124 391
16 227
410 36
435 286
316 183
115 130
402 353
30 138
199 304
5 460
293 176
185 164
133 178
440 225
483 143
10 185
295 475
478 185
473 300
315 358
1 53
327 301
166 10
168 94
421 378
73 314
393 308
285 123
52 100
321 275
475 195
257 330
22 395
458 39
484 317
441 358
438 222
3 125
413 147
327 190
364 386
189 395
286 16
290 259
149 386
96 267
108 10
88 445
40 102
465 230
163 276
377 470
99 132
199 276
251 196
40 400
176 246
218 106
166 492
409 195
271 47
487 74
284 339
169 199
265 353
293 453
424 218
22 363
177 13
325 120
457 1
490 426
180 159
316 62
366 290
277 240
355 384
221 62
17 440
390 81
71 346
117 253
290 486
257 442
205 228
329 388
98 109
429 468
79 42
95 155
234 166
153 345
364 251
325 463
9 124
302 251
173 392
498 101
336 192
295 229
185 313
26 55
81 283
434 376
160 497
430 26
81 78
283 225
84 361
341 294
51 342
400 343
220 460
315 268
72 91
213 121
416 120
244 281
116 140
29 23
411 396
101 311
114 329
182 253
236 198
176 404
476 42
248 167
266 484
280 479
480 196
361 214
78 6
121 64
344 363
471 235
320 109
395 297
348 271
217 493
33 58
347 235
144 312
90 494
347 241
265 360
13 101
119 30
133 104
112 82
176 96
108 101
43 184
449 294
23 243
338 16
88 86
1 229
26 313
378 226
337 129
46 349
20 483
45 307
104 6
354 333
203 55
80 351
253 162
207 487
272 386
390 157
272 422
167 287
428 478
221 197
234 384
6 148
224 111
23 435
315 192
404 154
297 298
168 104
174 214
4 214
60 496
485 225
277 280
368 492
149 265
344 466
326 115
466 79
174 193
321 59
175 386
246 52
27 11
157 412
55 111
131 231
478 416
393 320
271 125
189 158
435 101
425 313
395 236
103 458
37 422
250 150
340 361
118 189
334 70
358 279
456 356
297 294
334 174
386 280
170 484
84 31
301 302
307 377
428 314
493 496
165 99
138 412
224 108
418 311
401 174
348 143
411 37
194 64
345 333
230 391
424 154
403 218
139 8
153 222
163 11
238 164
148 180
250 34
317 376
26 287
256 93
231 118
491 223
318 365
456 351
111 287
243 220
293 434
22 473
255 274
326 281
476 365
307 335
267 137
297 218
200 19
5 250
179 486
447 118
340 401
407 167
304 449
189 181
327 306
11 219
55 266
256 284
290 448
471 120
13 384
241 476
443 145
21 83
100 455
253 176
212 176
170 492
435 373
279 19
82 313
62 244
269 112
280 251
117 88
478 87
160 50
10 471
404 321
211 247
390 296
272 279
88 139
324 172
256 274
151 131
312 421
198 122
99 187
340 390
406 463
76 281
416 192
204 323
133 304
459 440
123 195
135 164
350 133
495 113
145 42
232 366
10 93
311 458
402 144
97 495
289 495
119 155
178 383
166 148
416 395
204 265
174 224
365 4
278 382
330 126
265 245
305 178
287 165
347 106
411 68
137 451
111 240
324 24
268 490
143 104
16 438
230 219
254 298
187 210
167 266
29 496
358 392
46 328
372 188
353 403
26 411
243 354
259 308
66 119
494 330
288 84
24 500
476 154
184 275
17 446
336 479
221 170
374 62
436 331
