1000 313194
5000
250 132
183 186
495 433
437 81
23 84
331 153
428 221
438 181
356 319
237 437
387 336
163 19
143 62
404 334
369 307
231 200
304 300
9 366
5 212
449 432
176 248
267 111
156 425
169 134
269 46
18 398
398 456
428 1
101 399
223 357
281 488
164 27
28 414
95 472
82 272
456 210
67 123
60 377
133 280
358 279
87 491
340 315
16 139
253 479
221 163
70 409
287 63
370 206
200 26
220 317
417 75
269 35
464 346
255 374
154 279
116 131
142 150
364 281
325 37
244 275
427 371
360 461
203 300
242 386
260 272
346 395
76 53
330 276
312 308
368 384
186 19
483 467
265 175
236 286
2 473
282 26
368 480
28 344
300 149
161 231
191 87
12 381
250 98
95 226
142 52
41 288
422 290
184 123
161 28
392 397
266 294
361 233
58 110
99 191
81 356
194 388
358 224
251 449
433 172
494 23
187 202
452 29
109 81
277 394
459 172
278 372
283 15
466 176
123 166
56 370
7 94
67 310
338 313
174 143
244 441
81 201
191 119
120 400
123 27
85 432
123 458
463 300
254 205
143 279
60 112
495 306
170 397
194 384
90 341
236 135
59 283
424 85
499 357
93 397
373 306
271 495
267 77
313 142
26 180
442 308
64 162
356 18
197 34
378 342
412 437
325 276
149 123
124 376
140 179
272 287
25 209
467 221
6 487
127 458
202 128
271 171
420 72
11 338
5 16
117 61
235 74
466 405
467 370
383 249
368 369
495 112
290 288
197 316
270 307
242 203
55 110
450 18
318 231
208 249
213 283
482 61
373 137
283 400
329 166
124 370
62 124
431 226
89 401
88 373
201 345
352 131
70 432
197 391
474 381
219 295
418 6
14 455
430 6
454 85
264 377
379 354
80 83
411 292
32 103
470 213
467 353
470 211
432 408
121 303
61 243
382 73
113 372
15 76
17 44
435 233
350 430
448 295
189 245
41 25
205 477
4 214
391 495
432 44
92 183
46 59
153 61
24 393
307 437
351 492
434 381
76 292
369 284
100 31
340 82
261 230
56 114
157 424
258 485
9 235
94 313
80 385
54 327
185 256
358 287
118 280
82 169
333 82
293 481
478 204
6 228
351 248
495 293
126 115
229 106
274 88
330 179
122 271
300 428
219 220
245 45
308 352
311 111
259 473
152 467
380 84
63 43
433 261
13 232
287 462
51 359
336 250
25 412
354 294
189 397
313 433
132 335
307 178
277 238
161 250
228 38
218 358
259 467
278 10
256 22
428 361
283 392
108 220
79 422
154 13
167 112
438 442
1 107
241 235
451 116
272 374
297 334
136 1
348 49
226 500
498 58
271 139
68 117
132 210
153 219
179 309
301 318
127 60
218 293
151 90
332 464
500 354
481 262
182 182
262 405
374 102
62 247
116 201
20 180
350 222
146 217
13 422
236 404
453 497
85 27
450 197
92 493
219 84
230 193
491 10
218 321
373 233
219 166
473 191
312 498
238 40
204 248
467 301
467 77
170 497
412 270
6 7
266 286
465 24
42 56
499 401
469 456
271 393
149 462
233 287
382 139
327 295
296 42
161 255
178 147
150 332
440 400
349 42
103 462
368 294
105 500
295 434
33 414
104 321
231 70
367 452
317 335
435 498
19 21
268 28
48 343
324 36
30 30
323 275
96 272
482 373
393 363
473 274
151 180
222 309
222 389
249 17
333 370
162 345
473 484
275 125
138 228
65 55
484 4
282 436
20 45
2 481
190 438
93 24
356 131
457 275
132 286
125 316
251 263
266 313
468 469
252 77
364 290
113 83
129 132
140 459
266 353
345 85
322 212
492 381
358 145
430 377
3 49
23 399
33 45
481 471
262 163
380 176
309 466
500 152
243 302
174 403
48 338
59 257
442 16
214 233
193 254
335 150
328 131
28 440
325 127
290 178
112 211
105 167
205 423
323 395
349 380
187 11
476 260
67 199
257 145
329 349
241 116
240 114
461 81
319 119
250 103
321 423
197 96
305 400
252 175
330 70
60 278
177 296
403 159
320 286
121 405
232 112
492 368
313 407
363 154
75 253
242 10
223 421
434 110
487 305
255 95
234 406
127 206
266 295
321 73
448 104
229 342
277 194
426 60
93 9
40 129
257 2
483 478
388 467
256 237
342 136
322 420
60 417
25 158
196 398
304 171
299 463
299 18
65 325
440 95
106 405
76 164
378 478
169 173
399 276
304 121
76 387
283 359
179 476
133 494
59 279
21 250
56 326
355 491
306 383
390 294
257 190
115 147
238 162
12 327
70 319
415 392
304 304
262 101
118 203
119 134
235 99
205 79
9 248
228 108
447 65
5 134
378 453
465 164
161 450
310 231
292 105
437 207
389 271
181 193
274 492
3 133
202 420
166 144
77 308
293 366
288 14
236 338
59 193
206 420
145 223
264 396
466 74
137 114
388 487
214 482
3 275
388 56
76 413
104 56
418 482
179 128
142 116
391 169
173 485
144 464
204 372
440 248
216 33
419 109
64 499
422 222
393 341
396 13
92 303
147 404
289 125
162 367
217 419
489 436
292 307
383 144
498 113
189 435
224 61
82 266
395 375
418 351
340 204
50 23
417 55
453 86
307 161
95 399
289 285
67 486
98 316
42 408
355 34
132 353
168 386
232 379
139 100
58 270
29 378
116 446
418 209
494 274
153 121
490 198
288 294
295 352
337 164
270 122
458 392
494 240
440 391
198 114
330 481
47 387
108 336
139 121
439 434
448 80
474 175
495 143
195 240
130 32
342 213
343 110
153 58
12 215
376 198
115 13
189 247
407 84
192 496
484 158
162 355
109 59
406 135
446 351
405 324
201 134
461 252
199 299
258 46
74 318
436 276
319 298
306 51
81 12
473 155
496 59
418 268
477 107
254 498
370 222
222 435
312 81
475 367
4 185
310 135
17 52
201 79
258 284
216 126
497 425
188 250
138 461
62 371
51 246
443 206
294 131
142 429
131 22
275 191
215 424
149 381
209 223
235 98
204 246
205 268
61 10
327 286
109 53
22 359
293 162
438 129
356 108
188 424
293 238
396 332
456 198
204 76
226 295
248 359
221 387
259 473
221 425
402 252
317 295
453 496
263 158
400 54
256 393
140 370
207 173
250 197
387 469
27 451
90 333
489 426
415 68
348 434
11 150
94 256
412 251
215 199
484 259
382 400
95 316
467 352
36 11
263 258
391 199
200 303
126 199
179 70
282 79
119 403
37 231
35 438
344 371
455 158
89 3
179 465
355 486
377 66
189 485
416 386
247 262
238 438
3 424
222 455
467 460
499 241
420 178
397 200
313 157
71 281
401 381
231 148
399 201
302 268
179 111
106 2
354 207
173 82
365 160
270 434
196 88
187 211
125 69
112 338
224 73
353 386
432 182
291 307
420 403
272 493
333 450
131 124
484 329
442 2
325 224
270 60
55 209
496 40
127 90
49 337
379 202
235 166
274 69
164 232
453 341
209 17
186 64
221 318
229 307
459 363
312 7
174 382
424 457
270 248
462 196
182 375
425 221
131 323
425 13
177 170
399 23
20 168
264 44
27 199
184 18
78 387
147 496
460 318
5 143
459 500
210 187
36 381
336 93
93 342
211 365
291 240
290 181
451 311
180 466
317 68
318 465
359 149
175 349
301 248
308 104
195 103
51 32
59 233
261 378
190 111
67 189
369 386
199 226
388 284
484 442
337 311
30 281
333 137
44 124
22 488
276 242
10 233
365 269
414 441
246 383
261 88
265 404
147 303
425 500
394 383
158 28
345 152
202 239
326 324
292 160
126 485
450 379
346 133
64 194
488 305
183 78
60 436
438 51
399 149
166 445
353 455
47 478
125 96
252 87
263 237
19 190
99 139
117 447
236 108
352 310
155 392
64 351
191 150
498 85
82 36
186 500
295 23
500 405
482 7
63 238
441 228
351 428
65 349
211 365
456 242
232 237
114 432
317 117
500 402
455 280
43 195
246 406
257 306
443 88
150 182
469 329
14 110
264 36
205 268
269 71
326 214
268 489
472 225
386 216
434 13
5 25
324 104
231 310
245 138
440 319
443 174
468 348
169 60
320 155
428 151
40 243
132 423
158 297
305 499
207 163
463 294
480 5
367 54
274 383
27 35
230 173
244 436
51 189
340 469
218 32
47 129
436 210
97 347
244 71
30 339
340 309
201 123
215 395
152 63
220 402
239 6
484 58
247 265
100 428
405 441
49 147
42 119
15 139
58 124
392 38
294 116
93 142
156 41
416 2
381 8
131 283
184 329
275 38
48 472
480 402
425 441
258 473
69 85
175 75
359 197
335 119
69 375
125 349
264 303
315 154
373 152
357 15
40 138
495 12
84 154
340 140
321 271
118 12
110 92
293 387
22 229
463 187
29 195
173 361
314 347
368 231
309 433
217 449
241 399
154 326
428 25
211 195
124 164
292 37
107 415
482 238
470 432
235 357
160 301
325 477
238 435
409 309
155 429
206 361
229 312
481 121
400 148
235 306
173 61
168 74
449 270
382 326
77 358
85 439
196 364
61 94
4 491
238 408
90 331
353 131
33 42
73 218
287 125
420 235
479 189
187 145
238 125
84 316
227 408
131 424
456 259
294 306
76 221
439 413
230 98
420 119
198 386
264 348
256 339
94 335
319 70
341 18
265 10
252 260
290 203
488 44
87 313
300 174
176 418
461 60
334 465
384 178
413 447
418 44
316 180
486 120
4 71
263 326
431 155
325 340
265 10
437 495
311 105
404 452
255 457
301 50
438 218
132 202
179 216
103 356
409 427
129 18
362 426
154 279
419 372
464 59
92 447
391 84
36 121
208 319
5 191
464 212
93 251
112 378
222 317
408 465
485 236
110 450
164 178
99 204
243 212
315 88
466 134
493 60
444 253
198 321
20 274
131 403
197 338
464 369
270 372
128 302
439 235
247 471
110 462
141 343
143 482
426 361
21 141
101 280
436 9
477 89
210 294
497 33
72 269
205 447
240 364
237 303
408 78
84 180
226 173
151 434
231 315
398 334
64 347
66 173
172 173
155 359
419 113
493 271
20 96
103 143
465 151
301 59
116 455
432 388
498 248
275 246
299 303
54 278
436 361
281 228
406 254
312 441
483 261
416 230
200 143
98 200
341 240
379 125
453 360
432 70
471 253
237 386
468 121
417 193
192 276
333 34
275 420
22 122
492 25
261 478
20 235
444 491
81 182
108 303
92 19
410 82
412 425
209 76
454 479
43 319
500 97
314 116
54 421
283 500
128 307
145 275
290 157
383 457
477 447
245 222
355 292
251 110
58 444
318 110
43 312
180 147
483 349
423 374
412 27
8 93
161 35
274 29
80 239
4 65
319 150
291 165
395 370
335 315
384 79
432 365
152 309
332 382
398 133
394 399
38 449
420 41
435 161
485 465
250 227
119 232
297 207
8 23
195 322
35 371
292 334
478 89
472 220
138 38
264 168
102 330
385 328
424 399
141 400
21 385
153 374
38 236
213 346
453 461
123 199
291 279
56 464
338 129
282 436
358 337
276 309
399 71
52 274
129 364
472 96
217 453
491 237
160 18
136 342
356 373
62 141
390 396
197 115
341 293
130 490
433 69
144 257
275 11
315 449
344 126
487 216
83 417
108 335
289 291
251 16
67 200
344 426
443 32
413 300
393 288
120 471
66 214
448 101
360 270
146 215
270 162
236 195
433 207
163 477
449 272
357 402
99 162
267 397
493 424
40 447
283 80
459 88
435 204
361 28
175 144
229 71
335 383
377 339
431 101
373 183
151 461
14 35
298 270
450 120
418 192
277 472
309 238
378 41
255 204
101 12
62 135
399 82
350 481
380 431
43 359
347 375
477 170
444 461
340 471
352 455
388 432
427 366
251 3
18 146
368 212
138 238
448 143
68 457
282 31
218 351
313 482
35 164
215 356
380 134
108 312
282 92
265 369
60 336
182 48
351 203
221 305
135 179
451 123
168 101
129 239
301 393
425 383
66 449
130 146
48 464
237 174
21 85
121 62
241 344
113 471
47 283
258 142
138 302
339 320
152 286
381 417
137 444
334 252
374 79
470 370
458 69
336 495
99 333
403 392
90 18
142 402
238 493
389 16
46 269
263 134
477 79
200 228
295 99
318 298
231 362
314 118
447 116
187 164
256 229
443 222
269 26
288 108
472 110
353 407
437 467
14 459
3 174
428 358
469 223
454 198
332 425
483 201
143 313
333 250
387 206
219 481
205 386
285 18
56 354
257 317
383 316
122 385
352 278
16 476
168 499
481 420
245 282
413 391
104 417
288 48
453 321
380 198
364 411
382 205
185 136
72 54
407 192
255 470
3 169
300 447
197 119
438 459
87 292
30 468
294 238
393 90
60 370
351 61
40 213
425 455
159 287
42 133
330 102
153 378
319 464
458 393
12 317
318 400
28 428
111 13
216 136
298 58
335 417
362 363
251 208
423 284
171 155
402 41
255 129
3 290
338 71
366 466
360 332
348 27
171 105
452 61
340 446
97 23
213 104
46 434
28 287
33 103
106 51
84 399
95 447
250 367
41 353
370 190
268 38
215 122
419 70
65 8
287 441
260 335
152 278
90 99
461 38
467 166
343 349
4 178
109 139
453 126
222 151
114 336
340 160
54 52
370 100
445 229
162 375
459 77
155 37
236 269
60 324
311 371
296 232
414 34
427 56
23 395
247 361
185 45
492 196
331 218
125 170
325 304
291 139
119 41
489 42
43 32
423 194
347 374
414 403
220 56
369 194
245 280
369 418
395 128
481 355
158 293
87 147
96 292
222 427
496 466
213 151
51 465
444 9
219 147
484 77
81 260
224 241
380 246
43 318
230 54
39 92
416 229
52 74
137 314
197 146
48 461
495 216
167 336
464 353
500 450
13 477
156 285
258 69
187 48
206 186
364 212
411 445
71 358
439 325
289 330
478 213
270 98
154 319
25 89
69 207
278 306
416 120
380 448
176 324
431 289
199 269
84 177
279 78
184 225
147 75
11 453
422 101
227 456
296 402
201 325
123 390
456 183
486 214
66 83
100 202
21 39
160 96
407 12
487 34
134 1
450 51
164 27
309 89
444 170
238 406
37 348
95 334
265 314
235 463
500 377
216 199
134 477
312 294
221 290
330 70
500 383
103 68
428 296
383 119
455 387
358 263
62 273
189 374
144 49
377 125
285 314
27 323
323 258
497 80
289 320
375 364
381 426
60 172
398 484
74 409
366 337
389 350
415 80
449 404
205 199
141 50
43 109
82 465
345 33
272 35
103 496
430 86
379 271
272 126
462 166
62 233
396 488
389 229
333 266
315 401
313 196
303 285
137 144
443 451
495 198
97 177
192 113
126 340
312 139
52 458
500 334
68 442
496 35
94 162
335 273
351 406
359 10
253 69
236 275
420 77
437 350
292 4
194 11
450 442
58 344
37 472
95 498
459 33
238 481
394 491
479 291
274 96
418 496
53 59
89 57
81 171
310 347
479 171
36 205
105 210
96 156
464 77
74 222
128 1
428 415
42 103
156 224
357 230
97 358
485 149
440 230
275 431
300 468
86 376
327 245
408 196
403 267
424 178
266 170
210 405
170 362
84 434
378 18
108 281
21 36
388 90
51 19
192 346
332 178
348 458
273 389
92 335
64 486
255 29
256 109
6 477
489 313
172 348
69 196
55 409
146 168
60 84
270 138
145 4
62 258
402 101
460 13
19 342
449 313
443 7
498 51
98 356
280 358
434 65
420 500
80 393
230 314
116 436
371 296
205 423
140 191
54 330
288 79
388 302
11 431
284 135
180 188
116 255
78 397
467 384
33 418
163 331
22 395
323 203
109 177
186 148
465 398
119 270
311 497
301 429
222 329
37 31
107 81
109 492
59 276
62 328
364 230
474 46
312 350
53 344
487 178
130 440
27 469
349 82
209 275
83 27
403 6
395 76
482 438
175 202
417 285
396 333
13 151
483 110
358 220
354 307
283 92
438 200
29 391
137 462
421 17
87 378
11 258
215 305
210 1
87 141
134 202
204 396
386 231
326 294
415 56
199 181
251 79
216 150
476 443
267 318
83 61
229 455
129 274
487 500
218 89
345 378
209 269
54 267
127 221
202 297
211 343
293 368
296 128
273 336
105 481
197 42
410 281
154 391
377 354
41 191
224 97
500 188
429 30
497 106
330 472
317 311
389 46
313 33
314 16
479 210
448 460
27 235
288 139
443 299
40 269
184 308
498 213
243 298
206 469
242 301
126 281
97 486
490 449
93 59
488 158
370 406
420 496
250 430
445 118
74 318
47 454
366 273
191 264
485 254
374 261
158 182
227 74
469 423
266 279
329 70
454 250
22 440
278 140
408 283
301 82
147 249
173 279
39 18
473 337
378 37
323 168
322 304
248 267
287 88
107 100
441 457
228 9
51 177
218 238
494 391
4 124
104 383
369 349
303 416
326 352
206 21
320 93
156 194
383 370
436 226
451 221
63 158
42 217
498 272
274 195
172 59
98 456
312 67
50 270
206 101
192 417
431 158
86 437
373 165
235 483
70 268
331 274
18 284
234 347
354 368
440 265
436 352
148 342
119 233
358 408
376 299
11 385
410 408
14 244
448 143
133 236
233 227
434 182
238 159
184 276
367 279
371 3
313 61
188 344
229 420
90 196
164 354
399 424
61 271
299 120
33 448
287 108
167 462
139 309
374 287
145 39
310 154
228 373
242 404
366 92
280 457
450 134
175 232
154 226
177 266
10 451
122 483
414 418
405 290
359 350
369 363
2 275
370 398
296 235
409 9
239 93
55 444
479 369
484 231
485 197
105 454
264 269
134 107
467 159
339 133
164 236
396 453
260 77
482 483
273 31
109 165
256 42
214 224
82 19
190 459
43 139
128 399
160 177
491 393
276 494
144 199
3 493
280 54
188 414
142 443
441 269
181 114
138 103
141 26
29 420
246 409
153 321
77 112
356 425
467 378
304 74
490 417
247 191
385 133
473 282
138 343
183 181
179 448
422 444
384 48
64 461
134 197
391 332
290 188
80 390
46 365
308 61
276 137
329 96
422 5
119 234
356 259
329 456
31 389
16 466
16 48
211 357
447 179
236 112
296 351
197 307
39 54
497 66
154 126
108 196
52 62
394 321
324 462
86 84
453 173
53 435
477 204
38 26
450 186
399 444
23 51
87 231
211 220
190 321
172 285
181 67
105 297
172 489
88 289
142 73
270 112
483 494
362 319
444 442
401 118
256 188
133 373
270 17
480 248
283 420
63 17
347 182
252 127
393 25
216 320
473 467
384 197
333 420
471 299
85 360
150 305
106 300
236 343
202 69
330 413
171 117
284 3
309 72
252 3
73 434
472 287
465 263
447 328
390 98
349 226
114 388
42 347
311 122
163 268
497 223
50 133
251 295
404 327
238 67
193 310
112 225
314 132
154 97
326 5
413 377
406 87
31 14
218 69
188 409
52 295
176 375
176 475
472 109
492 319
144 382
348 234
60 369
154 1
269 187
240 489
215 353
91 187
387 391
38 390
461 415
495 93
488 181
306 479
451 189
300 301
181 305
173 359
429 147
60 344
13 393
460 267
124 373
249 93
485 165
273 103
270 423
52 154
263 259
397 458
40 282
81 398
472 316
355 349
213 207
257 356
238 394
68 464
491 19
48 301
422 422
468 305
167 38
375 92
390 327
407 186
157 435
234 428
284 3
26 168
236 146
201 101
432 466
418 106
341 155
258 488
236 149
288 233
189 393
59 75
198 28
457 378
288 419
341 398
297 422
263 284
244 437
264 462
158 191
449 1
351 367
407 160
283 29
81 476
151 409
364 450
41 372
227 165
155 284
278 239
243 83
268 374
239 34
68 21
104 348
178 59
98 266
87 275
71 468
420 417
132 80
350 19
32 330
375 435
142 28
345 409
417 438
246 499
398 385
401 120
342 21
342 327
442 320
113 37
447 264
404 352
412 385
439 313
464 381
226 440
482 387
410 199
349 131
92 342
324 179
456 354
449 79
230 128
409 437
296 420
50 90
4 20
368 361
89 107
302 8
209 147
272 69
298 256
342 438
114 497
109 1
335 196
184 161
427 433
358 424
359 375
438 264
62 420
69 378
5 333
338 338
85 435
98 482
379 155
115 259
170 445
195 241
168 479
137 96
263 130
241 179
482 183
204 263
171 413
177 303
142 82
361 474
177 462
226 352
270 302
23 256
50 413
338 88
205 302
492 57
67 500
17 330
429 251
186 337
45 495
89 158
139 145
247 245
382 156
301 7
291 230
139 34
222 422
296 151
224 447
414 290
462 419
267 143
283 413
367 106
430 163
136 137
241 39
400 407
469 500
99 190
111 53
48 312
63 390
450 174
128 119
322 29
57 33
111 321
336 157
175 271
258 54
5 449
465 146
75 169
112 185
443 334
346 6
84 181
290 407
257 430
28 328
388 12
62 41
254 227
191 337
90 69
31 165
160 55
205 51
5 496
426 159
36 174
7 389
282 140
250 294
110 209
346 266
131 173
160 338
333 73
209 404
118 295
214 33
38 261
27 42
126 264
298 485
258 452
379 119
15 112
423 237
122 310
85 209
32 101
365 445
265 451
7 264
392 210
440 3
482 289
267 449
498 99
198 101
360 137
14 183
380 215
69 454
397 12
59 99
399 400
42 398
170 85
500 164
151 108
36 74
44 213
91 35
366 140
76 321
31 107
98 2
448 425
323 437
2 144
317 274
382 116
306 479
94 180
251 460
424 231
26 265
421 307
231 427
297 261
392 144
75 246
410 274
443 243
215 354
330 314
120 240
381 120
480 7
52 401
379 493
7 179
124 109
279 30
233 274
102 225
71 277
137 126
70 53
202 290
281 295
151 310
105 454
341 229
422 439
250 335
392 67
377 23
342 445
288 85
27 467
236 379
456 442
202 48
21 254
286 19
111 480
286 47
446 475
417 167
131 214
20 161
109 287
54 445
386 437
315 364
88 274
410 275
437 229
205 267
234 227
121 341
61 344
108 443
126 12
188 431
351 98
271 296
209 455
378 225
163 198
61 228
176 432
54 411
403 105
93 18
153 215
115 1
263 379
381 479
160 11
277 327
420 266
426 157
43 149
15 145
275 301
376 212
256 139
86 125
271 423
324 416
415 426
22 289
165 249
378 224
403 91
459 452
280 49
383 254
317 20
299 157
351 343
43 423
318 208
453 246
244 441
26 321
23 222
399 82
282 199
391 394
17 291
407 87
38 96
457 119
466 482
6 267
203 367
183 214
276 436
258 4
361 128
235 476
144 377
95 264
239 34
295 326
95 18
144 448
278 150
129 258
64 139
32 374
295 387
123 156
476 177
455 9
413 29
104 327
181 149
7 452
493 182
276 339
169 101
79 133
304 306
16 438
171 350
10 440
427 132
210 431
58 450
415 464
209 382
80 228
57 463
90 338
480 485
467 200
141 146
179 297
431 392
181 339
161 110
455 451
345 381
481 369
262 109
487 415
180 150
449 2
338 100
150 329
451 220
246 339
118 302
107 321
235 366
373 346
150 117
376 99
105 473
221 323
135 324
422 393
50 121
229 427
84 69
376 6
366 172
408 261
45 471
443 170
148 340
283 396
447 314
471 471
269 214
202 218
304 431
32 217
21 359
289 279
397 224
99 151
167 326
291 451
220 119
97 378
90 325
100 365
51 248
99 205
249 159
141 130
7 469
85 410
319 33
200 92
181 293
431 130
150 155
358 57
316 448
194 144
104 479
115 22
212 26
183 488
152 332
93 44
434 318
144 57
2 212
144 185
465 343
210 414
304 104
96 150
233 400
17 118
134 39
211 313
282 370
213 187
266 131
433 324
429 168
480 115
57 215
118 225
178 112
266 23
498 238
385 77
177 230
206 195
464 359
332 358
170 317
346 18
103 394
475 366
356 26
143 370
147 256
192 476
86 222
421 254
347 476
212 67
274 111
399 488
422 325
250 158
366 393
206 29
158 143
179 30
450 430
440 107
435 366
398 277
4 272
194 149
227 319
444 154
218 78
484 291
173 157
432 107
169 358
439 250
331 8
240 442
272 9
10 41
356 375
409 74
300 104
392 369
419 158
264 363
31 351
433 303
345 257
199 480
172 487
25 120
328 368
335 288
190 409
50 189
85 47
50 221
110 424
119 322
257 386
495 204
478 207
209 273
81 399
343 169
356 52
309 455
125 48
478 80
401 62
94 479
410 119
155 78
227 485
98 2
415 33
339 488
81 240
136 52
194 331
89 4
282 199
155 63
338 485
314 77
271 388
290 418
99 422
350 244
136 151
61 305
56 187
496 370
398 197
391 434
416 101
467 469
214 388
158 392
305 337
249 218
238 124
436 47
382 470
468 106
114 392
223 274
415 98
485 429
385 442
209 73
265 349
370 252
307 42
306 213
101 58
103 131
392 356
99 403
219 80
463 227
428 478
349 163
175 208
53 289
108 352
281 301
255 171
381 413
471 449
445 267
392 267
276 286
487 89
231 245
7 155
117 128
67 41
128 164
354 187
138 213
50 88
285 483
201 449
2 307
285 60
41 351
135 377
231 68
461 126
196 417
201 422
236 298
367 375
474 261
323 43
107 205
148 426
369 163
96 185
392 271
444 165
451 269
164 43
186 308
399 190
396 407
356 292
82 89
454 380
349 15
3 83
143 286
12 363
436 380
465 279
186 449
394 189
482 91
94 261
415 302
193 479
95 126
376 204
443 110
273 130
333 173
335 443
134 141
94 360
96 488
79 19
248 223
79 444
165 405
387 15
214 97
485 498
371 303
355 343
145 92
441 214
210 299
69 497
347 330
173 307
166 494
193 492
64 374
225 213
68 474
446 115
389 441
315 265
280 188
45 381
285 26
457 398
410 150
423 205
399 38
413 152
6 3
208 314
155 128
230 408
424 435
247 165
296 187
118 164
437 180
240 234
202 132
205 377
101 320
133 289
176 375
248 442
328 58
444 370
427 12
318 399
436 324
468 271
362 336
462 491
85 308
467 420
306 286
48 394
269 327
382 121
491 131
69 181
64 440
325 119
132 248
281 98
225 63
55 35
290 39
362 443
240 74
390 362
323 326
211 473
16 148
361 109
233 29
362 40
287 267
467 349
255 409
187 474
139 350
180 435
434 270
385 116
458 74
475 94
447 257
367 44
281 124
494 392
17 16
98 300
210 177
449 397
332 468
496 107
481 279
411 245
334 213
306 281
242 190
115 497
325 160
368 195
331 451
12 49
407 294
104 273
3 348
271 146
12 192
17 397
431 230
58 425
136 220
111 150
276 370
106 13
376 48
459 241
39 366
294 170
66 311
172 185
306 192
480 226
423 365
88 328
307 482
414 99
131 138
55 382
480 262
415 224
368 208
338 251
120 449
9 411
210 322
450 227
82 429
372 465
340 241
206 65
471 254
313 136
86 430
99 328
381 153
64 39
3 195
90 54
391 199
167 320
164 88
87 39
139 436
87 196
474 316
395 183
74 65
446 472
33 131
8 111
102 249
109 209
259 312
105 182
210 200
361 386
311 215
232 66
278 174
118 194
215 432
437 416
180 261
361 88
137 291
15 397
142 488
378 230
453 285
111 29
481 434
46 19
430 287
474 295
299 210
278 32
300 40
241 452
318 124
71 184
298 95
384 432
400 70
303 191
330 195
26 410
147 485
354 112
484 327
263 250
321 379
299 244
230 92
298 229
443 356
445 370
442 394
200 25
415 393
181 387
489 81
421 409
7 232
438 383
341 254
397 179
127 169
437 151
441 147
22 275
422 85
287 485
127 333
161 58
358 75
479 368
132 166
208 249
214 382
363 164
67 377
160 142
287 125
228 169
101 418
323 270
71 72
120 289
24 112
190 469
371 319
374 424
290 203
85 416
357 431
331 413
332 281
31 61
327 8
244 289
419 218
323 17
305 496
369 109
351 208
418 374
171 359
12 334
281 403
164 476
492 172
234 215
428 372
456 225
195 359
428 44
71 405
249 417
183 182
142 43
14 370
108 180
425 325
328 176
221 482
138 86
224 436
270 376
427 204
386 100
291 193
227 194
302 154
360 136
119 305
493 116
381 371
2 40
254 104
146 130
51 335
81 291
454 441
347 383
212 440
329 20
106 252
455 417
372 133
211 43
261 434
17 136
49 282
101 235
420 235
337 396
157 163
56 30
206 19
492 317
176 494
47 443
177 119
494 257
5 313
423 326
409 44
428 185
333 105
361 115
78 444
391 224
375 278
5 377
235 292
142 164
440 136
101 85
91 341
129 428
234 407
35 57
208 399
98 293
57 340
254 485
474 393
461 265
400 246
260 393
302 216
410 238
188 163
263 311
228 207
138 24
266 437
485 366
336 121
146 304
247 263
436 119
373 414
408 81
271 427
317 453
228 493
96 254
232 168
66 47
2 130
363 375
327 147
410 453
134 17
484 83
126 179
384 402
82 18
94 385
95 399
197 496
103 456
476 287
163 111
121 379
391 125
377 124
225 411
132 65
335 16
72 84
267 450
95 131
336 22
149 347
183 212
234 207
117 256
106 19
333 323
189 199
137 298
212 398
301 114
408 227
423 9
412 406
191 184
456 237
350 98
112 355
39 88
375 447
346 39
278 397
275 223
219 8
249 390
303 193
359 478
272 184
185 392
167 328
121 333
418 311
130 76
111 294
65 406
185 228
491 347
122 171
29 84
5 120
485 100
426 53
448 103
179 176
372 322
440 314
388 243
147 92
300 301
349 148
368 134
261 262
207 157
273 461
455 227
282 341
118 328
338 168
382 429
385 28
382 374
223 461
441 207
353 282
245 108
452 142
348 398
218 312
352 289
415 32
428 469
295 211
58 474
445 82
307 76
146 169
208 27
244 352
175 401
271 57
316 357
302 418
415 158
209 297
375 251
450 63
270 252
45 459
471 206
470 67
454 308
440 133
349 350
292 105
500 247
183 347
166 2
353 417
39 160
106 304
241 497
238 393
103 348
152 211
186 468
190 499
207 174
449 232
423 326
49 299
61 29
440 76
86 326
175 322
377 433
34 29
65 478
92 193
374 214
464 122
140 3
226 386
389 477
146 207
315 46
79 368
396 307
468 342
194 141
487 482
438 308
302 500
396 307
238 271
83 252
34 313
434 302
192 41
169 98
88 453
27 129
120 364
70 223
98 423
465 59
321 487
374 218
4 297
437 433
412 91
68 182
393 129
6 95
14 113
119 349
337 25
232 8
180 252
138 192
442 433
464 16
349 350
430 275
354 215
408 495
325 294
158 81
448 8
446 83
45 156
122 101
487 236
441 132
316 143
74 340
233 286
285 114
59 137
118 179
435 149
126 217
418 290
233 471
209 318
201 210
22 436
121 357
467 335
116 485
192 429
451 462
182 448
240 80
274 227
497 220
172 361
265 230
90 496
91 357
203 209
198 158
444 217
359 229
378 333
336 74
170 355
125 480
8 169
310 30
291 233
114 438
234 258
225 479
359 179
383 105
153 462
363 267
455 113
2 307
4 243
465 356
187 304
250 168
3 451
240 127
192 251
376 466
53 227
337 213
459 436
442 199
76 232
496 199
194 188
387 446
354 383
430 288
263 326
327 135
207 39
311 140
151 164
372 47
422 159
266 339
191 382
91 380
71 494
126 246
477 148
111 112
248 11
448 483
113 463
397 70
339 27
67 20
129 237
305 348
420 297
436 219
159 117
381 260
397 129
84 290
74 386
38 83
134 166
345 27
227 169
9 192
248 312
383 200
353 113
58 88
319 59
436 389
70 484
24 82
426 437
203 1
322 489
38 333
225 395
129 56
30 133
180 479
61 484
247 68
198 455
394 450
112 298
417 112
264 399
399 279
449 295
168 351
183 367
491 396
265 461
132 425
57 315
322 179
305 225
24 287
444 199
406 213
188 340
230 83
132 47
452 267
107 92
247 339
359 312
328 31
327 454
420 21
238 434
92 42
440 258
214 42
172 123
342 146
268 26
451 134
151 295
313 190
221 304
329 434
333 380
358 69
293 67
96 133
95 241
389 421
243 193
399 224
189 181
312 304
353 20
60 431
261 105
248 484
336 100
483 376
438 269
196 308
470 107
360 251
198 162
441 143
152 298
388 8
418 331
312 263
204 388
112 57
349 150
250 170
83 486
479 236
241 7
288 439
371 64
23 53
283 165
199 391
237 151
250 311
460 89
15 124
279 187
283 287
123 143
268 37
301 62
17 452
156 177
287 29
89 172
78 275
487 287
335 361
171 215
333 263
103 361
392 106
300 332
218 337
178 6
242 459
472 133
156 433
76 112
358 279
186 227
342 256
8 364
459 448
85 431
37 475
182 481
83 12
103 210
9 109
2 38
79 379
154 204
256 223
183 408
338 401
101 238
434 200
306 255
15 19
482 192
356 311
279 27
129 366
222 362
172 11
255 390
156 221
407 72
261 321
209 7
327 324
377 12
354 127
171 144
303 75
310 410
397 175
4 372
107 421
140 335
175 175
21 33
383 458
18 297
407 232
414 14
35 255
362 409
165 362
411 51
33 385
73 296
378 225
178 435
474 438
22 130
469 417
148 384
292 13
430 399
81 39
203 92
209 233
266 329
433 178
226 47
448 284
269 104
267 465
251 200
79 336
445 306
210 288
267 406
203 16
299 124
236 436
269 334
286 438
186 139
441 47
454 219
47 421
126 38
286 106
381 61
244 482
200 12
186 335
134 352
129 316
95 212
368 413
434 297
309 17
212 132
367 410
172 37
78 238
436 350
126 158
428 429
319 389
336 481
140 240
197 395
351 136
347 124
304 438
43 487
87 135
242 446
484 134
422 360
116 229
107 353
257 289
37 392
335 499
143 167
390 327
399 290
174 257
412 261
95 135
154 288
75 200
74 293
106 270
208 443
225 405
485 414
124 18
325 79
135 197
175 139
364 91
433 377
129 392
405 476
204 476
27 55
60 436
448 98
22 347
17 106
168 473
259 207
19 242
171 309
15 44
245 494
375 229
283 472
156 2
45 385
38 263
215 91
106 283
13 315
189 400
198 111
176 435
12 126
247 396
18 53
498 84
462 297
226 423
486 430
48 22
32 302
398 305
205 120
493 22
369 423
107 127
370 18
121 392
449 51
433 472
476 323
199 188
36 88
115 450
406 174
329 30
352 57
99 329
47 19
296 92
396 181
333 72
221 289
492 454
395 220
236 391
22 31
384 302
405 266
361 220
343 98
39 111
420 314
345 500
112 205
85 399
54 312
479 230
372 306
325 421
252 158
70 232
320 237
180 352
403 144
152 81
241 346
134 86
328 440
490 55
394 114
121 189
117 286
170 314
103 446
165 37
479 135
42 393
436 183
121 216
105 333
172 358
153 419
57 139
420 69
447 481
309 185
24 462
483 95
88 93
295 406
431 135
202 463
433 154
293 399
248 244
296 23
130 412
306 187
348 75
145 305
119 157
329 38
287 110
109 153
473 56
300 288
485 361
208 493
368 381
281 62
289 1
297 184
285 76
7 189
10 42
19 232
223 224
338 325
449 219
261 402
96 139
343 174
86 66
1 190
383 463
253 353
169 23
38 21
437 154
465 133
352 379
377 225
435 239
179 281
261 91
296 338
455 336
384 365
488 446
106 276
252 83
152 26
370 439
46 125
361 177
466 343
469 154
76 445
25 116
118 10
282 296
17 139
310 156
24 371
278 238
143 158
174 287
78 431
365 38
165 76
33 183
169 46
206 195
427 18
145 412
350 255
190 209
138 190
259 87
152 433
226 94
417 81
405 475
352 327
114 389
52 364
83 421
260 454
236 203
467 470
211 497
490 352
423 333
480 107
439 358
343 185
358 366
492 203
15 265
65 34
14 121
431 43
1 496
306 496
270 133
455 339
209 445
241 347
18 338
276 453
462 495
182 401
115 383
18 269
423 395
106 68
348 472
461 5
2 177
322 236
134 351
83 463
207 245
191 3
46 348
437 397
82 62
214 161
412 98
306 351
286 165
469 411
437 331
333 386
260 225
63 14
348 328
122 370
232 453
230 380
131 135
10 434
418 487
163 76
232 38
381 397
44 451
430 486
313 286
315 347
251 280
5 343
187 15
178 55
494 406
405 132
110 1
485 392
268 284
478 325
87 114
85 484
323 7
225 398
475 111
401 405
65 263
80 313
144 430
46 438
185 365
193 68
11 432
261 368
268 219
229 404
81 18
454 353
145 358
177 263
446 361
96 462
448 64
488 371
192 461
245 114
209 494
132 39
142 107
225 451
441 365
81 222
164 404
346 303
463 61
219 260
482 69
159 276
101 379
74 256
194 176
249 466
405 417
301 258
120 420
35 162
63 415
305 442
75 121
28 68
433 233
306 279
151 114
55 26
453 294
119 368
89 108
162 272
163 283
437 334
59 160
159 428
165 66
398 231
290 130
59 95
116 342
421 19
404 132
459 265
289 89
171 380
406 357
120 180
137 167
370 241
433 242
302 101
399 267
286 465
353 435
179 485
426 253
170 264
154 481
143 133
60 243
298 222
479 228
179 346
167 266
221 415
371 353
418 417
232 326
88 186
402 100
45 491
408 268
113 447
391 167
8 13
277 441
439 7
5 349
232 91
120 94
132 191
472 136
114 6
447 171
311 408
194 75
23 203
422 433
76 493
333 399
250 312
359 52
37 206
351 187
69 87
84 496
138 260
109 384
415 439
409 383
233 269
483 320
72 19
399 149
158 188
406 305
330 113
33 32
79 248
150 73
441 357
468 170
76 295
402 126
86 250
344 111
165 107
184 255
420 93
418 211
308 349
144 471
45 413
8 173
62 212
472 372
382 269
136 431
38 304
110 262
9 307
478 65
358 386
209 270
330 435
323 307
179 67
94 351
13 93
28 22
111 398
379 61
157 218
407 187
37 149
461 140
53 58
403 159
434 432
32 405
389 386
364 85
231 91
240 314
409 394
408 196
356 49
107 75
8 97
327 470
434 384
211 307
431 74
226 47
339 477
82 284
25 490
53 41
158 149
177 104
363 169
117 266
362 209
257 243
451 366
57 2
35 95
217 453
375 160
99 64
439 29
257 98
327 77
23 169
354 350
177 421
18 117
387 480
177 385
22 304
32 59
157 405
469 142
243 246
427 288
262 92
15 147
72 244
476 295
333 272
143 250
396 148
44 419
308 452
237 427
47 34
72 109
254 217
462 466
140 180
386 119
210 479
51 482
23 350
372 444
481 194
133 337
295 440
255 387
465 307
50 353
139 21
98 492
86 278
411 57
188 470
271 394
251 406
364 299
55 148
335 183
423 181
233 413
108 332
436 45
253 222
54 125
288 461
355 65
34 126
111 312
416 461
71 277
476 40
105 455
150 235
374 366
305 76
492 320
447 149
319 54
173 260
431 317
144 233
444 126
293 410
180 389
223 105
63 54
383 141
155 213
262 207
87 204
493 471
160 280
95 106
497 177
440 486
32 67
89 307
138 456
131 107
359 280
119 382
68 212
85 42
272 56
448 226
138 69
179 369
145 462
227 258
453 35
66 412
349 452
100 153
351 263
382 253
86 347
263 67
268 103
382 136
399 500
393 322
28 163
23 72
476 326
424 443
311 355
407 75
270 295
163 14
114 98
363 434
160 275
419 88
30 317
402 381
368 321
365 496
264 437
20 400
20 328
391 245
413 390
46 294
444 34
3 417
180 281
252 406
433 321
485 440
113 343
256 257
81 318
415 252
168 171
216 146
157 34
114 427
237 321
406 89
242 123
357 469
394 384
63 250
315 40
97 437
461 55
334 445
30 428
490 82
47 33
273 202
15 381
139 454
358 25
71 16
108 29
347 44
69 43
61 107
298 193
175 439
497 347
297 115
163 497
57 7
338 307
125 241
195 62
419 326
444 478
28 59
375 246
308 224
115 174
239 350
489 449
303 161
30 126
445 14
52 224
466 67
238 288
188 134
172 443
53 245
291 340
376 211
500 236
143 77
342 164
355 185
80 483
307 101
128 168
491 455
217 85
388 65
498 75
408 278
416 197
71 243
259 104
136 414
179 230
336 37
126 172
242 440
101 337
131 388
123 60
51 116
486 141
225 239
199 393
290 12
217 454
34 153
110 302
167 77
455 272
253 442
497 456
356 22
286 130
176 71
127 298
34 433
248 268
44 105
372 159
189 403
93 350
217 396
152 252
87 497
244 307
76 306
365 117
386 395
47 80
2 128
160 251
469 273
102 208
70 356
129 87
428 88
227 206
212 205
389 451
190 412
185 408
462 149
292 102
454 259
480 118
298 463
349 308
419 334
159 241
17 4
322 421
370 381
327 398
256 33
315 223
15 217
363 236
6 62
173 418
57 250
374 296
377 128
436 293
230 48
282 12
394 419
201 82
80 255
105 454
76 221
194 43
346 285
166 170
27 384
91 27
485 133
104 86
112 409
362 344
110 234
71 444
366 345
316 29
342 219
159 446
92 466
52 443
208 486
470 275
407 307
409 412
250 18
168 499
53 146
107 363
157 130
371 461
385 56
154 206
109 478
55 267
72 56
321 236
246 89
412 144
498 345
437 71
68 139
373 41
383 136
16 227
318 425
230 138
74 71
284 37
121 180
294 490
469 293
415 403
61 139
22 79
252 449
438 469
292 396
114 402
247 169
288 315
233 490
329 203
306 357
15 303
457 300
238 154
49 405
6 134
322 271
447 438
101 327
190 363
455 322
277 424
214 62
337 334
368 105
339 105
20 413
110 48
419 406
90 137
478 276
355 93
249 292
131 175
357 458
304 323
499 100
128 139
430 391
327 175
498 206
229 5
131 447
474 372
89 390
319 337
241 476
288 164
458 29
89 37
76 435
166 84
496 430
114 185
212 54
457 221
165 164
469 35
21 499
483 377
216 481
409 284
187 1
179 437
224 140
103 1
32 156
450 248
210 302
418 250
19 492
338 44
488 164
172 322
114 50
313 347
213 20
230 354
26 129
477 302
463 240
116 387
11 62
282 141
287 383
406 490
136 162
51 306
107 184
224 149
280 476
94 409
488 435
18 291
500 219
331 369
185 337
301 359
109 388
491 240
227 237
15 479
12 448
351 74
72 163
167 368
113 20
147 294
206 390
254 371
82 140
388 223
257 298
245 105
44 274
309 37
339 99
357 265
166 242
306 363
96 405
129 132
195 486
208 227
368 138
26 372
384 185
250 148
216 109
410 170
435 207
227 32
171 224
154 490
181 487
135 383
54 384
327 89
348 184
84 482
207 182
132 377
212 494
250 479
47 239
263 425
493 363
450 97
269 99
235 308
216 68
326 221
37 293
421 152
7 26
391 3
297 234
42 450
251 494
305 489
23 430
451 219
392 231
251 380
412 343
268 288
167 134
102 376
362 399
112 263
168 447
281 22
317 379
358 89
471 201
77 222
356 9
303 156
33 143
314 4
96 457
243 314
44 33
96 23
470 69
341 153
437 375
15 310
94 192
92 16
148 403
74 144
343 278
308 205
121 175
90 243
232 404
500 123
381 318
33 44
296 222
257 218
424 138
100 73
477 493
326 493
218 116
348 421
179 393
275 327
220 235
42 384
71 142
198 333
465 393
82 23
469 199
152 202
267 37
485 253
398 57
54 358
282 304
309 498
74 143
262 470
344 295
50 348
375 159
405 373
219 205
437 206
309 139
184 87
278 244
291 401
227 14
268 158
313 63
406 437
493 392
258 294
378 38
470 36
358 205
139 476
441 333
252 386
18 68
240 131
365 29
366 45
403 377
214 448
341 90
478 194
285 195
77 365
303 286
356 399
17 180
9 315
445 492
82 65
317 20
269 134
189 146
388 306
120 243
230 79
355 356
357 302
4 367
188 28
430 252
198 171
48 243
16 357
46 359
109 441
307 477
250 285
338 404
372 62
403 140
126 436
292 238
35 212
352 396
42 78
281 369
330 238
310 477
470 474
407 102
377 304
326 69
1 154
400 295
222 265
380 306
19 206
291 76
159 86
30 26
467 277
353 446
428 288
178 380
43 226
336 139
107 239
390 277
486 450
111 416
202 193
289 467
283 228
7 319
414 453
270 95
66 209
236 202
151 497
428 274
130 63
173 19
188 213
379 60
383 214
298 62
104 179
127 223
94 60
96 72
389 469
341 222
184 186
345 253
334 135
44 398
367 410
142 391
469 173
58 233
343 444
437 352
438 240
253 498
399 311
89 16
126 447
213 331
438 123
411 268
84 51
83 351
265 255
233 487
294 253
374 318
140 311
156 417
389 152
241 196
217 233
470 291
76 47
15 177
369 422
133 361
84 278
499 207
225 191
135 349
150 308
7 392
125 93
196 330
228 473
385 207
279 218
215 6
409 42
136 388
260 127
436 55
328 361
319 346
128 304
112 327
38 477
201 267
486 159
365 452
204 299
50 349
182 101
440 450
154 17
164 252
282 398
229 131
443 250
174 302
382 239
3 46
421 171
437 377
317 155
55 429
440 224
392 451
468 331
247 447
96 260
54 119
398 222
493 96
383 449
91 30
417 36
159 188
296 89
478 105
114 413
499 127
138 255
442 211
404 321
215 362
63 158
