1000 312893
5000
276 293
78 199
89 64
149 247
408 52
62 200
407 139
27 57
77 323
81 127
32 331
262 438
105 461
442 279
302 382
462 84
321 369
356 148
110 279
133 1
199 480
19 336
367 25
306 356
165 265
197 33
233 151
367 363
230 287
131 405
309 5
445 136
418 182
99 113
330 424
283 289
70 427
483 168
326 208
178 277
161 291
306 250
409 434
21 81
90 269
181 170
91 125
237 311
343 351
63 46
253 356
336 89
83 67
261 230
263 321
170 222
385 263
366 189
167 223
454 141
360 331
452 488
486 73
78 223
39 332
457 483
346 270
176 260
226 426
368 201
361 489
268 310
93 212
79 479
492 233
488 392
213 8
245 173
296 211
188 472
242 14
157 30
404 486
286 285
194 263
289 442
229 389
31 46
291 168
264 236
44 109
251 255
292 319
153 147
235 268
187 321
61 170
160 76
480 236
171 126
160 99
131 469
201 477
428 416
312 75
219 439
42 116
307 120
456 200
257 61
226 251
368 239
348 373
204 318
402 428
268 497
118 150
372 448
425 20
402 50
330 334
51 424
175 290
456 381
484 410
377 131
37 425
191 271
189 307
141 433
423 216
286 120
244 111
212 322
349 216
270 448
370 241
237 345
364 201
287 28
246 402
263 165
377 141
488 332
371 366
308 116
235 459
377 255
189 103
158 383
443 236
437 474
177 198
5 257
158 412
46 466
280 477
352 296
485 165
237 39
492 243
463 476
56 398
278 222
270 150
161 331
137 79
370 435
335 75
489 362
205 398
307 37
486 154
237 463
185 205
30 292
151 198
227 237
334 96
439 245
34 275
197 279
173 409
48 103
39 332
58 324
411 409
99 307
85 24
281 448
282 124
358 75
159 129
480 337
495 121
471 133
462 26
378 210
39 31
58 4
260 5
12 56
302 173
352 492
37 95
322 253
259 12
489 173
498 137
452 159
487 498
37 313
49 315
116 319
89 179
332 25
98 150
135 277
8 333
397 450
340 100
101 326
456 491
328 45
310 188
439 288
264 384
216 491
264 224
440 215
446 54
154 481
298 473
270 43
100 386
256 285
316 498
314 16
379 61
447 106
258 227
250 352
102 246
189 12
19 145
483 6
448 439
407 41
251 79
454 387
355 301
175 221
157 344
327 224
199 14
479 198
59 158
115 334
163 336
118 276
284 64
102 302
180 48
419 290
154 385
147 176
460 114
335 8
499 238
208 187
270 189
146 155
204 389
363 161
90 429
248 351
411 237
20 312
321 3
238 275
157 448
326 401
256 495
104 256
480 47
207 145
7 5
148 111
426 82
128 78
87 349
436 314
312 398
498 402
67 98
247 326
297 131
490 305
39 10
162 265
18 362
290 296
71 22
159 255
28 91
342 328
235 207
203 292
433 13
156 336
221 243
478 49
469 217
227 422
102 423
444 184
214 64
248 112
145 65
73 3
182 196
210 241
75 148
24 438
447 440
220 225
232 379
193 411
181 184
498 132
77 35
58 403
67 37
449 349
160 59
22 335
403 86
466 244
217 377
9 341
310 381
72 3
420 383
306 223
493 408
437 9
491 175
293 126
308 52
167 4
204 34
193 154
63 371
74 402
361 140
134 77
66 259
495 193
6 145
358 402
276 409
65 328
82 218
230 490
301 56
494 262
19 390
178 440
320 265
326 155
73 117
37 418
128 32
496 435
389 467
395 84
113 246
211 459
258 251
176 412
463 30
498 250
211 131
39 421
493 227
448 195
372 416
102 424
258 396
173 42
339 14
284 453
465 116
284 199
91 495
67 128
340 177
370 301
451 73
379 222
368 172
468 486
180 187
368 403
129 454
198 180
107 360
166 315
139 33
432 482
113 378
248 307
176 32
113 7
193 57
325 427
244 469
297 65
343 70
186 35
351 413
353 83
131 78
88 187
62 141
12 471
45 362
37 463
50 349
132 311
133 402
161 122
215 114
215 237
235 403
381 263
6 141
463 433
470 445
394 148
177 220
41 340
485 248
103 305
192 94
296 479
50 300
242 35
52 34
147 165
205 61
24 180
248 457
500 77
371 155
406 156
121 245
334 408
477 249
173 327
476 236
459 172
324 113
160 365
74 256
333 287
334 338
492 369
46 426
337 311
444 7
170 45
182 309
221 263
375 213
11 261
363 463
109 69
317 178
133 428
354 305
211 286
313 53
332 223
422 111
107 76
132 439
139 158
66 358
328 103
293 112
284 78
31 69
139 352
15 359
30 130
220 280
346 185
118 279
500 61
331 235
292 133
18 239
382 416
405 485
402 57
116 364
428 379
378 13
476 149
370 324
327 138
129 68
484 463
478 480
36 119
326 93
36 138
86 235
207 107
137 279
463 99
438 322
354 229
55 221
172 388
328 75
138 462
256 396
10 423
430 168
446 168
442 483
125 463
291 468
338 2
446 14
373 500
137 262
109 467
207 40
98 369
439 40
228 362
131 292
395 378
173 470
100 228
292 6
372 165
179 398
413 138
147 432
277 31
460 201
413 127
204 320
172 254
470 433
482 217
493 62
34 321
103 482
222 116
118 67
258 218
345 42
266 315
237 100
257 122
448 482
385 438
62 182
453 286
163 462
69 469
49 199
281 135
189 21
484 426
22 307
109 29
138 426
456 393
317 184
167 116
139 60
251 390
184 395
34 161
131 374
449 438
247 75
140 114
55 321
424 245
332 240
352 251
149 412
383 82
287 270
229 87
24 209
217 11
334 61
91 104
421 240
290 345
121 309
260 110
269 145
142 128
287 247
142 32
42 27
118 161
83 105
269 430
6 291
394 494
19 93
486 299
140 295
404 313
201 121
102 297
279 286
128 403
484 390
281 209
490 166
78 330
6 460
64 153
307 365
319 26
142 330
270 169
368 191
168 113
220 451
275 259
323 69
53 237
346 209
318 300
52 269
350 475
374 438
408 243
111 164
475 101
95 428
312 318
13 330
255 390
426 156
235 309
264 245
50 4
198 34
12 492
309 472
450 315
464 228
452 279
156 220
55 258
143 435
347 329
33 268
202 419
199 293
418 419
440 396
374 319
309 150
50 363
159 10
399 329
292 176
28 315
357 77
241 332
263 359
123 49
6 429
74 128
210 109
447 274
485 35
305 162
462 218
9 477
238 215
441 342
171 125
61 50
10 374
345 372
69 34
240 262
474 263
107 33
169 242
80 497
307 3
156 455
129 350
380 19
250 161
455 202
250 64
14 39
168 216
447 349
134 32
373 161
267 465
473 451
415 92
48 162
136 151
258 145
185 415
180 460
362 444
169 276
494 227
323 12
124 431
375 284
86 363
463 20
217 475
475 174
195 63
40 309
368 420
79 394
320 219
448 379
41 117
348 399
492 223
260 132
209 289
363 271
441 391
318 446
468 263
39 414
221 362
487 465
322 154
426 293
64 137
492 406
452 401
253 293
60 493
367 198
337 221
257 500
274 488
116 450
27 287
391 495
265 141
43 300
434 314
229 458
143 385
495 52
336 134
327 429
6 109
200 225
226 39
39 373
440 331
252 346
128 63
414 386
159 216
422 379
384 222
173 319
429 122
231 370
129 170
387 195
10 220
32 25
474 37
78 208
439 29
353 122
254 281
485 76
32 402
39 304
448 481
266 242
295 466
424 110
414 381
398 216
47 91
222 417
40 74
38 268
95 136
88 496
365 49
349 108
6 176
63 24
194 488
26 97
494 327
420 398
6 220
390 316
452 212
457 101
47 32
223 6
151 429
370 468
73 1
394 367
338 278
176 229
91 13
487 271
164 422
336 259
390 446
217 427
16 214
17 202
156 259
467 404
413 433
401 320
311 125
310 452
401 222
84 337
121 446
497 140
188 311
101 441
471 428
241 69
306 484
356 447
318 259
151 358
449 286
105 171
426 421
170 457
242 24
97 126
475 159
416 371
173 243
255 473
31 383
258 370
89 370
422 82
395 467
308 496
410 487
421 92
454 180
496 124
321 134
472 230
65 237
51 92
280 44
51 187
404 357
90 132
380 395
290 59
184 464
388 203
18 250
172 236
116 210
457 44
468 106
275 203
58 314
317 454
209 128
79 59
459 312
362 12
51 434
389 297
356 64
464 2
25 312
317 388
332 179
346 320
188 398
52 246
189 12
499 479
467 469
215 375
182 257
262 119
72 325
221 192
398 493
74 471
33 95
158 414
199 379
404 339
291 397
100 196
279 25
415 27
108 277
239 471
410 221
270 460
183 63
409 182
139 89
164 486
399 406
178 415
483 176
44 72
66 366
79 90
250 323
57 443
299 134
374 309
32 45
422 304
189 156
235 258
365 290
217 91
300 207
208 104
29 11
144 205
226 377
288 375
61 360
452 175
460 125
63 496
201 39
340 230
405 66
31 191
112 51
415 35
331 407
338 272
261 295
354 78
208 211
69 349
18 133
31 340
395 122
495 239
383 273
474 47
24 341
269 341
343 58
484 47
70 257
246 109
118 499
201 275
120 374
40 365
429 26
185 132
331 385
193 355
171 238
190 458
200 3
489 41
140 259
362 461
291 128
300 23
2 392
220 72
466 134
144 233
2 383
338 8
351 474
434 175
66 104
412 410
77 262
70 464
419 492
234 359
72 307
199 292
53 50
317 87
228 162
397 402
150 319
232 78
258 113
486 476
367 263
378 196
51 270
371 73
197 269
92 48
447 30
236 269
173 280
189 6
338 422
286 250
205 256
338 170
71 219
477 435
272 288
288 383
480 147
450 248
277 67
151 361
195 19
248 282
335 354
138 81
341 366
497 451
104 217
142 459
271 94
438 160
325 334
266 28
175 403
237 109
290 63
460 377
498 192
486 10
378 304
329 245
457 253
371 191
456 87
230 324
194 314
474 275
96 97
487 321
400 491
141 494
396 439
313 408
127 83
67 2
471 116
13 3
28 400
425 174
168 127
6 96
475 347
474 24
458 255
221 192
330 477
341 247
183 395
85 341
20 141
469 262
208 238
475 267
301 10
93 445
208 459
94 7
145 102
230 433
241 13
388 219
155 221
308 15
210 3
80 348
195 262
269 53
62 477
71 65
88 185
13 66
370 372
312 332
415 169
373 436
157 428
287 335
421 1
202 12
285 447
294 418
382 162
161 214
93 375
144 277
147 121
143 468
358 294
412 459
500 98
97 99
320 157
449 463
319 258
48 78
446 373
312 415
200 50
438 103
388 424
70 381
400 421
397 150
137 233
414 408
284 38
183 115
311 255
227 394
65 493
190 103
92 144
275 33
191 147
263 418
151 256
256 296
335 336
156 84
402 273
316 147
492 366
214 74
169 444
304 57
40 273
455 344
131 487
154 344
136 198
97 140
402 178
403 442
49 273
346 71
122 71
124 217
157 374
82 421
324 167
386 335
161 186
198 10
154 148
180 112
485 358
178 358
225 79
342 120
272 180
4 44
264 173
181 449
43 372
279 152
337 51
33 487
429 396
477 273
419 138
317 208
418 269
68 392
219 271
205 219
13 460
283 493
400 309
189 27
138 365
119 451
256 476
415 336
94 457
162 393
145 77
107 178
340 479
366 469
402 31
393 421
436 260
184 171
447 238
12 386
415 128
397 488
237 316
132 192
152 494
393 444
320 16
249 105
205 202
8 201
130 274
277 72
476 459
422 163
116 243
175 479
479 216
374 301
347 341
213 440
490 55
77 490
217 340
237 304
96 33
291 24
11 92
395 262
490 265
306 397
131 305
450 464
211 235
47 288
379 188
474 204
130 364
329 116
151 333
341 379
329 422
227 340
74 65
343 42
494 500
86 460
351 156
365 212
120 156
297 271
327 377
226 449
86 58
328 496
182 246
371 356
7 367
60 65
137 68
240 321
215 67
346 428
133 147
3 369
111 314
196 15
490 444
337 438
466 458
422 94
114 407
433 431
295 363
209 446
412 370
156 330
322 373
251 158
279 57
333 434
309 446
77 477
147 63
298 95
107 205
235 230
90 350
332 91
214 486
237 151
421 225
173 130
41 186
8 253
184 292
371 96
253 451
47 347
469 244
237 383
97 211
227 36
388 115
73 96
393 331
18 298
63 305
95 264
264 466
481 290
375 390
478 87
96 407
84 137
228 252
186 286
280 82
158 349
238 409
416 63
158 391
451 183
417 164
189 289
12 331
199 107
65 403
88 190
496 28
420 377
16 286
227 268
276 170
297 376
121 379
451 382
357 423
288 72
293 490
113 459
490 480
94 360
324 206
392 372
4 67
230 138
94 420
464 234
188 414
24 15
456 274
207 484
101 244
461 363
40 393
155 341
313 482
436 36
11 97
74 323
102 458
401 384
137 31
387 359
256 355
252 380
69 499
53 72
353 444
413 282
97 12
446 216
303 405
11 391
213 76
203 33
374 378
329 55
419 224
336 199
393 243
138 491
362 358
317 286
163 210
64 139
189 84
63 58
160 271
397 39
389 330
86 309
72 2
54 330
192 61
96 322
21 67
42 258
46 370
303 150
246 440
134 225
6 209
215 85
44 381
452 351
465 464
263 78
488 116
239 240
270 20
320 6
75 268
448 419
154 409
288 498
372 375
82 223
372 15
491 343
338 433
25 339
372 238
71 59
124 433
220 383
120 261
28 37
324 3
95 445
203 177
399 479
202 72
416 479
459 312
173 13
460 409
4 112
392 108
323 66
460 469
282 380
449 82
255 454
302 122
255 18
447 263
137 283
48 202
166 92
415 188
341 157
269 81
313 42
492 468
454 299
414 115
188 277
480 253
105 168
170 500
371 461
231 331
257 427
498 270
37 234
388 92
87 268
101 131
418 51
324 118
73 480
497 60
269 160
91 229
92 261
121 398
224 110
499 342
213 71
452 124
155 177
330 356
447 46
499 365
290 240
435 392
458 266
125 46
46 377
221 492
213 161
164 420
199 26
259 48
43 180
387 288
79 440
104 336
337 473
357 173
331 225
38 78
46 354
149 270
67 329
278 127
496 55
428 42
334 350
312 432
487 458
50 437
288 307
66 23
394 191
499 47
226 42
6 323
6 222
108 491
492 377
189 66
430 25
153 469
278 261
96 366
475 240
11 252
100 30
222 129
396 479
274 92
66 132
83 351
321 450
153 95
210 125
279 236
398 204
82 472
104 441
467 141
405 345
70 59
132 345
288 389
139 459
2 262
225 120
405 77
448 118
306 416
370 433
238 282
150 74
409 400
404 24
233 60
347 79
433 110
228 483
22 164
455 102
91 267
298 395
132 411
367 108
116 279
423 272
399 489
278 407
369 339
484 377
108 228
115 223
317 301
359 198
273 387
49 216
219 123
126 373
150 309
494 159
56 41
410 14
94 128
60 5
299 38
459 297
245 195
127 171
482 443
274 429
269 48
15 141
193 113
142 297
365 71
190 239
78 156
416 387
102 304
490 494
375 213
274 156
214 219
473 126
393 351
349 93
362 321
481 398
445 420
494 192
64 301
199 268
272 421
402 375
314 169
473 411
353 451
305 452
25 79
295 99
434 361
264 41
281 18
189 146
204 429
69 262
362 407
119 333
332 180
131 484
21 264
491 204
317 310
472 309
126 18
79 469
389 376
62 141
402 443
211 264
437 46
339 372
476 497
365 453
227 439
399 100
47 226
307 195
62 145
300 495
439 46
86 56
168 485
220 175
87 351
66 74
184 37
53 414
103 226
277 145
235 189
500 273
33 276
136 400
178 291
216 155
497 246
153 183
331 442
22 265
304 493
133 23
255 249
254 396
225 190
475 432
138 336
452 162
158 321
143 421
79 319
149 106
188 18
73 19
100 78
314 141
467 338
228 139
133 281
461 423
403 255
115 398
224 130
111 63
403 238
420 469
269 248
180 133
125 136
289 225
96 111
491 88
379 320
479 476
397 35
361 475
418 197
286 164
301 214
110 492
217 211
7 234
153 356
165 220
100 159
19 23
210 492
416 76
58 298
139 200
132 290
406 444
421 43
352 327
160 262
340 237
17 185
380 59
402 254
410 444
167 68
340 262
307 299
83 289
343 143
100 190
80 415
262 121
222 159
196 349
84 244
76 497
140 277
342 457
302 147
372 361
192 203
354 46
484 276
333 48
248 414
198 420
464 423
52 133
240 101
174 499
5 237
225 490
270 415
373 462
103 427
135 193
208 368
164 19
414 438
22 93
189 298
118 383
336 3
394 254
364 130
165 467
199 481
76 464
348 130
97 422
173 199
304 377
219 394
126 120
111 399
326 43
10 290
31 94
306 61
51 331
299 31
108 269
69 314
489 356
48 52
166 225
435 97
384 216
404 177
263 267
372 335
401 425
154 286
116 322
296 440
254 296
74 234
187 116
481 38
292 128
196 161
337 459
340 479
50 161
18 331
442 193
134 42
467 381
385 450
83 202
287 462
275 224
306 109
21 308
87 395
422 495
224 95
245 192
434 455
472 230
361 278
462 189
411 165
60 215
355 369
73 313
260 232
337 122
193 497
369 406
487 465
186 70
111 436
91 73
318 156
334 213
13 432
348 455
394 16
306 152
113 371
73 264
249 275
247 274
361 274
21 203
182 101
51 236
392 449
171 42
266 36
251 249
140 232
310 119
111 144
125 420
90 347
271 110
269 326
477 91
52 36
303 96
377 200
340 443
412 29
370 27
258 294
17 157
282 22
122 464
243 228
11 341
8 223
74 60
154 14
468 216
220 400
163 185
293 422
383 17
310 500
427 275
488 148
2 148
45 74
129 461
468 99
153 411
329 283
239 87
55 43
248 466
190 185
409 207
344 66
498 322
291 287
329 354
76 248
282 491
475 247
309 465
239 316
362 89
8 192
78 309
231 489
415 292
420 99
153 206
417 192
82 84
201 313
466 390
24 223
494 55
9 129
134 304
345 180
335 3
71 485
67 167
490 133
128 370
34 387
27 496
134 404
80 160
240 440
34 74
426 436
424 301
264 86
329 220
453 375
284 40
402 51
159 187
162 489
249 84
321 295
230 328
150 237
210 162
164 269
467 372
438 354
60 281
163 237
263 156
61 21
111 82
94 229
75 254
14 436
262 107
301 254
91 47
223 411
344 87
366 374
60 124
169 85
157 497
140 337
330 130
438 392
407 62
432 158
305 443
361 125
318 346
3 280
34 167
466 19
339 54
265 471
363 7
163 180
237 211
374 42
142 124
274 495
53 421
346 427
96 158
369 123
474 124
69 247
165 218
456 172
12 119
202 407
374 360
395 219
150 134
83 121
242 406
15 317
238 93
16 352
97 45
97 35
286 442
186 384
44 367
158 357
467 376
379 81
267 4
78 384
95 273
284 125
343 90
264 219
435 124
166 121
229 461
199 404
47 322
215 78
454 463
187 51
250 71
32 67
398 466
473 461
381 94
19 68
145 63
484 87
159 364
169 126
297 399
428 26
474 162
327 439
466 431
173 163
345 135
25 272
437 118
265 415
494 275
288 390
154 41
57 358
168 140
73 193
119 246
44 52
291 341
403 143
481 280
465 361
324 346
145 32
486 101
283 297
239 493
482 318
469 310
76 370
322 385
34 90
471 494
225 378
44 124
153 91
180 9
491 397
340 246
495 253
406 466
83 34
175 134
399 196
69 69
436 118
31 7
115 208
176 148
434 254
420 96
333 5
54 350
434 10
159 197
257 53
210 454
95 50
121 12
396 147
360 261
406 174
250 389
382 11
464 485
419 345
95 97
288 419
365 185
136 408
321 262
170 101
253 229
414 143
323 5
203 335
176 461
475 109
404 40
327 236
323 387
216 259
270 400
426 283
393 408
188 233
415 121
299 344
351 105
269 54
147 433
482 499
10 246
350 368
296 304
340 119
71 409
373 69
457 472
32 313
309 132
95 187
243 138
321 226
158 197
463 102
3 347
91 215
125 18
63 355
154 92
269 142
79 257
222 320
59 268
121 236
272 81
317 343
474 193
75 407
317 371
115 350
392 347
37 293
372 162
56 453
380 265
284 19
307 276
6 442
2 186
213 342
109 209
137 335
260 262
62 244
4 116
4 105
24 344
278 492
251 415
28 327
201 158
409 397
359 392
137 13
58 487
333 238
207 497
179 343
367 416
343 98
283 54
11 255
177 87
205 22
193 26
406 413
330 397
103 470
364 129
276 381
45 376
356 436
398 315
45 177
198 319
214 301
199 281
76 29
140 175
474 467
500 413
74 157
330 406
30 313
10 40
382 269
164 253
214 227
393 95
348 70
281 490
366 127
409 16
278 317
155 446
269 433
85 469
198 7
302 324
108 383
205 403
247 430
385 403
321 8
147 87
163 359
58 64
204 435
1 240
113 23
258 365
500 150
73 114
85 424
411 126
252 68
320 421
355 407
20 384
64 20
241 94
358 300
191 82
167 368
151 15
41 469
297 189
282 410
369 495
132 254
485 166
74 73
96 238
445 69
348 410
470 467
393 190
349 229
203 247
200 52
487 212
377 274
219 96
92 143
470 244
84 143
44 491
343 100
94 60
196 42
267 120
233 491
325 53
189 374
490 11
229 106
3 409
445 344
446 211
157 232
358 97
205 388
213 263
338 364
469 150
449 312
370 329
80 289
353 468
426 166
241 165
227 402
427 24
485 219
142 324
62 8
259 25
315 265
175 364
270 500
461 237
395 357
11 62
97 288
251 31
119 202
470 294
394 277
415 481
267 206
359 74
203 53
408 442
128 198
332 376
360 464
148 490
132 166
66 334
101 117
182 271
190 186
47 309
17 48
18 469
61 269
34 161
401 385
433 286
404 217
359 105
304 9
460 310
150 203
289 377
35 321
252 112
125 366
210 480
495 346
304 402
219 337
490 281
400 350
143 366
6 376
465 160
95 285
303 202
426 143
467 22
487 271
401 328
192 317
121 166
269 159
35 355
266 68
264 397
444 71
235 165
420 167
97 381
315 339
19 94
197 469
69 252
306 403
183 134
295 458
342 234
169 39
402 317
275 417
386 75
17 287
329 52
92 156
216 205
282 463
421 304
148 498
366 76
498 407
276 113
345 346
132 407
231 288
281 368
322 48
68 380
207 248
167 291
458 473
111 18
124 413
445 124
441 61
99 448
485 286
75 316
151 466
189 8
482 265
63 311
234 406
371 445
390 285
40 295
9 150
431 376
313 203
373 270
162 456
142 168
18 301
140 457
272 467
319 129
344 346
318 439
46 112
202 343
147 422
159 218
483 199
500 331
78 71
241 398
475 70
366 238
264 433
454 406
43 369
460 18
121 380
244 35
304 390
10 97
58 173
155 39
35 406
20 206
274 201
393 365
47 421
240 28
209 422
403 149
146 492
53 55
22 441
430 378
10 2
190 173
393 137
385 143
167 362
157 258
171 276
120 402
178 211
243 248
271 264
257 176
329 183
158 488
234 64
171 119
283 448
70 185
174 26
268 222
253 347
403 169
249 299
370 446
267 453
88 204
182 225
473 62
394 301
212 285
419 355
213 105
67 214
323 321
430 220
491 200
307 485
186 164
60 408
147 331
189 465
91 85
239 132
434 454
251 206
221 257
382 81
303 210
176 496
63 481
92 13
67 417
469 81
126 62
160 88
337 423
144 68
165 92
180 38
127 1
71 73
381 167
311 126
236 420
339 406
499 351
28 136
134 275
484 172
66 243
383 412
92 171
373 410
12 137
109 104
215 477
167 351
407 337
213 42
488 66
441 204
346 107
359 183
385 294
478 175
412 425
332 97
305 279
275 130
367 321
19 282
415 169
39 417
459 136
358 384
152 500
185 372
365 374
5 205
443 8
450 448
266 456
77 58
192 217
395 380
118 313
187 77
488 326
458 175
399 189
11 412
395 250
266 363
235 367
69 335
382 493
225 98
463 160
435 212
343 92
174 389
306 493
261 333
138 154
63 82
260 22
299 308
212 335
398 364
287 94
167 106
406 13
328 413
189 258
427 62
202 407
158 82
8 185
334 20
458 285
2 374
3 430
496 43
327 19
232 201
448 333
176 367
351 358
328 271
322 346
338 232
465 37
427 293
143 266
177 63
132 500
412 147
51 440
272 94
286 470
4 469
103 307
83 275
416 86
145 271
161 380
144 117
220 61
43 34
169 460
299 45
180 430
464 499
80 423
30 349
275 24
204 62
308 55
28 244
475 359
212 54
55 447
11 398
140 269
122 114
3 422
122 215
401 291
95 485
209 57
69 75
42 284
223 141
404 245
345 347
441 86
148 7
55 431
215 354
360 296
485 95
330 165
251 417
492 17
10 136
81 70
332 82
228 90
444 469
480 476
237 422
317 486
399 126
410 136
485 91
210 332
412 12
381 268
451 210
207 389
238 307
315 202
88 171
317 332
467 206
482 217
339 159
207 252
482 420
452 498
292 226
232 177
150 463
258 203
385 383
283 144
194 307
385 398
196 30
142 395
331 477
265 314
494 243
36 170
195 268
382 436
351 112
499 124
162 28
137 59
247 122
3 323
68 68
477 416
112 332
148 215
188 9
236 215
415 404
74 50
171 34
282 32
467 163
429 438
346 396
301 208
345 443
194 213
449 275
150 480
243 413
239 91
471 68
345 441
201 457
218 226
126 301
442 327
318 443
293 393
116 247
126 498
199 56
450 351
79 218
366 139
487 341
360 470
67 144
297 173
346 176
202 139
233 414
302 476
332 269
8 280
263 353
24 257
75 437
406 169
355 169
121 373
136 139
305 326
145 268
16 337
165 463
399 228
399 200
431 42
26 458
87 102
164 224
115 43
48 492
304 500
486 178
295 57
17 381
33 379
253 411
39 376
12 210
114 51
495 494
258 346
495 33
322 59
138 183
128 464
181 241
353 293
37 106
306 396
155 388
429 208
179 334
313 41
189 303
309 245
437 29
458 460
304 278
266 173
445 365
13 448
259 265
315 379
27 438
441 235
454 5
18 466
123 151
34 409
337 153
439 393
413 489
38 170
263 234
98 34
75 26
72 242
126 60
322 196
159 79
255 390
414 183
375 494
151 240
112 119
276 211
212 49
263 488
139 280
32 361
37 492
232 98
216 202
488 239
409 376
136 75
486 401
300 414
30 351
461 100
497 250
179 119
411 134
187 235
279 127
127 352
441 316
167 448
36 50
493 95
331 76
135 141
289 400
412 71
116 211
327 448
485 265
142 273
312 345
402 206
200 225
222 443
398 218
489 355
211 352
416 438
30 53
143 188
10 432
139 301
288 66
11 88
407 402
250 394
119 124
4 446
471 286
353 385
112 81
84 433
389 256
292 300
400 18
13 44
183 57
334 350
359 309
306 182
250 278
356 75
387 75
94 147
321 75
188 421
381 210
485 474
253 28
272 403
459 447
103 249
490 303
69 38
129 147
289 265
437 340
86 310
372 276
167 34
196 455
337 415
209 177
305 290
65 6
91 383
443 351
62 498
15 44
437 102
139 23
197 9
466 325
63 237
113 287
42 243
211 229
447 148
15 54
9 302
204 98
229 346
231 265
183 151
191 72
340 114
340 396
80 259
238 249
401 313
253 391
252 407
108 361
221 35
423 456
95 70
214 234
258 31
437 267
332 243
95 128
317 48
352 451
189 464
92 180
136 101
472 314
231 43
277 404
491 127
185 11
448 328
162 155
293 9
277 186
484 210
188 305
393 126
267 133
59 210
297 307
437 456
121 436
420 111
170 387
361 464
63 10
83 358
250 374
340 299
48 314
221 278
168 206
93 389
1 285
255 431
255 237
350 40
326 247
73 20
176 72
254 243
344 179
118 136
109 194
489 120
358 40
152 33
278 314
426 154
458 466
144 44
328 165
347 367
415 86
328 162
216 303
274 295
419 285
380 485
234 384
213 492
56 470
470 18
357 14
169 393
52 139
291 39
381 458
294 460
222 353
286 299
79 312
464 355
371 146
195 499
426 455
168 412
416 243
295 228
49 350
223 270
207 248
440 11
289 460
196 321
20 144
115 238
80 281
167 283
442 352
406 498
412 171
68 263
119 260
337 90
69 69
431 178
12 313
429 236
212 83
319 117
342 226
478 210
30 220
401 284
482 348
321 287
475 257
299 37
156 230
232 312
363 73
200 162
302 157
153 200
124 51
192 241
355 226
25 188
252 87
87 290
36 253
85 451
111 373
27 152
68 155
76 235
127 335
91 192
127 393
427 459
162 359
194 137
356 197
383 63
266 449
314 242
352 412
160 150
147 478
123 299
434 64
473 289
376 474
248 353
270 71
327 27
309 334
486 296
406 213
301 126
43 176
370 347
285 220
64 153
81 286
325 483
92 220
242 119
287 240
467 206
317 433
188 411
44 213
191 470
476 389
203 154
417 222
86 219
307 202
234 397
91 417
356 249
66 346
373 445
329 437
345 439
433 97
101 459
339 498
377 370
320 10
431 302
196 48
310 478
9 179
252 209
283 104
84 337
282 474
147 419
317 212
67 363
221 444
387 235
308 268
136 6
280 217
283 400
259 338
248 269
398 12
31 225
441 154
330 408
369 136
178 371
327 90
283 10
286 187
157 151
233 302
465 101
372 44
193 70
349 6
462 147
279 372
389 217
220 329
320 122
271 297
71 167
349 381
185 13
82 14
164 250
453 241
307 335
343 329
63 377
426 431
232 119
212 275
320 116
151 15
42 315
412 138
25 13
203 51
258 206
93 156
50 183
405 478
39 423
13 396
264 373
455 408
396 448
101 471
324 54
464 225
22 191
360 147
340 322
290 262
114 57
311 210
351 257
273 294
360 437
148 400
466 306
180 347
488 285
46 416
459 351
89 29
249 210
201 207
176 91
129 342
490 414
318 381
374 320
186 52
68 289
387 419
143 316
50 50
27 493
302 53
415 76
52 40
84 45
276 94
453 58
213 124
80 448
149 260
246 418
128 126
275 400
352 418
202 339
419 387
3 340
290 82
80 206
392 282
82 104
349 413
117 272
483 267
121 13
85 494
232 282
486 309
248 109
283 74
173 28
58 443
30 137
72 328
461 388
265 44
462 47
116 396
463 374
400 25
330 485
416 418
450 480
223 138
28 433
148 236
86 411
112 47
299 45
192 75
340 472
66 433
286 151
410 163
271 337
7 112
103 453
235 228
391 92
342 366
212 243
415 479
184 68
90 209
497 118
288 109
368 104
143 136
16 445
194 53
213 315
121 38
93 79
398 65
454 283
25 79
44 310
190 18
488 119
74 391
465 313
21 346
197 74
470 230
101 65
427 472
15 252
386 56
17 75
418 281
194 444
90 463
38 66
87 53
429 336
394 3
268 202
448 20
74 388
300 179
327 262
302 167
412 197
361 194
461 174
379 20
320 76
454 190
206 243
388 425
472 290
83 339
500 195
394 442
449 305
428 155
225 200
265 193
87 149
488 390
361 56
269 472
278 448
322 293
399 134
492 2
29 26
313 240
384 378
288 415
236 275
248 327
479 258
278 434
151 43
410 30
393 460
249 163
403 426
484 438
323 79
111 63
406 416
153 77
361 133
447 380
357 96
244 52
454 117
10 428
236 242
267 81
288 365
212 161
191 251
70 308
244 177
388 227
486 83
31 237
51 346
108 330
77 152
429 404
160 256
239 214
108 102
303 323
320 37
198 393
422 281
180 97
138 93
305 350
339 364
319 473
294 311
104 12
285 173
374 279
301 485
86 291
412 193
238 500
89 223
121 62
294 499
443 459
379 229
260 49
322 303
220 247
38 184
69 61
178 292
54 185
116 423
232 371
320 192
129 360
149 448
108 370
389 312
296 191
185 378
423 495
198 272
437 279
165 413
33 195
309 46
4 302
379 174
348 224
351 16
29 395
397 408
276 284
58 244
153 76
199 294
252 257
483 452
279 419
483 472
20 36
284 16
309 466
16 267
69 321
71 458
185 350
293 145
358 211
289 177
14 141
311 435
115 362
479 123
292 227
166 294
122 14
392 38
179 164
306 13
264 451
408 41
293 11
200 308
326 71
192 61
209 313
380 489
341 174
410 193
258 229
382 171
338 367
177 35
54 324
138 362
348 276
325 249
127 19
114 284
247 174
216 191
71 7
76 31
297 215
332 209
446 409
162 53
145 453
224 153
381 336
321 45
401 62
326 137
325 255
72 315
4 210
176 308
47 481
43 445
423 320
189 255
255 117
357 220
255 463
471 184
219 166
2 112
470 382
306 436
314 408
160 177
241 277
253 284
173 407
353 327
190 284
496 140
24 64
417 352
37 89
85 313
93 53
394 459
453 231
11 213
336 109
401 143
219 199
40 224
385 404
449 199
470 180
176 290
104 196
136 123
453 36
439 271
101 354
28 70
287 454
422 63
167 349
443 87
296 376
101 411
381 408
286 413
24 427
90 321
306 375
50 28
199 78
1 248
194 40
495 76
250 208
180 175
446 211
339 301
130 65
164 126
451 27
230 399
42 64
315 204
444 41
69 384
120 276
32 389
252 110
28 477
168 72
161 191
198 429
30 114
179 9
433 294
174 71
439 86
243 217
1 435
183 398
143 499
310 155
381 35
281 108
281 29
223 189
384 442
198 153
96 462
378 189
59 308
225 327
160 227
460 422
129 146
286 92
213 289
6 27
387 102
67 38
113 417
401 159
350 378
315 230
320 315
113 378
371 332
213 480
242 457
220 298
40 264
102 10
475 251
404 60
273 46
55 97
277 239
65 366
379 49
225 235
139 22
127 359
23 426
302 67
8 31
287 412
14 166
118 88
25 125
5 58
25 45
237 53
43 259
484 43
451 390
389 316
352 341
427 488
307 419
190 362
293 477
347 397
343 195
116 169
328 144
132 38
372 20
284 45
78 292
472 433
247 365
96 484
414 388
434 478
112 216
340 409
114 352
295 47
131 438
73 351
252 445
466 335
345 45
235 177
224 350
228 3
92 154
75 410
491 300
159 424
361 419
407 415
297 356
213 284
414 351
45 397
108 451
481 180
159 419
435 379
489 387
60 10
429 378
120 480
402 258
107 421
122 15
82 261
478 233
440 28
475 253
458 91
316 20
117 111
194 143
121 30
242 225
127 453
448 220
304 134
223 218
405 382
23 221
289 456
37 496
362 128
477 367
98 491
38 39
464 232
403 309
57 267
222 105
450 17
309 307
438 187
351 363
330 232
342 233
79 488
462 33
267 312
166 297
230 272
367 353
27 430
434 479
180 193
388 178
302 223
106 69
256 467
166 257
203 152
491 459
225 116
328 116
253 79
51 15
360 311
12 11
29 432
245 264
334 109
287 497
25 301
78 343
243 76
103 169
292 127
153 268
89 429
484 9
381 6
387 392
476 275
22 290
443 478
240 413
395 298
393 18
252 366
126 145
285 92
195 275
221 245
280 472
242 276
390 467
330 190
250 256
337 157
12 5
198 117
432 426
446 299
472 233
157 191
302 145
292 383
498 160
268 181
366 334
477 239
172 404
314 153
77 14
357 463
420 420
119 341
260 165
220 392
232 242
121 379
348 172
117 264
9 311
479 17
244 149
262 424
298 65
478 121
498 365
45 369
141 130
375 77
412 263
51 101
331 319
272 181
278 7
167 441
395 97
495 444
194 227
91 58
405 120
488 71
33 362
458 305
205 307
490 103
144 163
254 189
4 442
68 228
78 269
401 67
31 358
440 403
207 20
399 453
477 396
381 148
472 133
188 101
274 174
356 138
143 153
351 413
95 490
129 191
476 447
108 48
475 240
173 195
335 310
84 121
318 59
316 69
54 449
7 393
343 324
127 223
361 110
103 416
20 443
406 108
321 324
111 381
198 88
391 120
271 211
221 421
443 187
273 11
29 280
99 313
311 75
308 391
500 256
183 178
376 167
337 161
235 284
466 175
318 161
96 179
402 273
269 6
473 241
423 435
389 86
109 92
401 274
143 9
345 487
153 152
423 269
340 246
162 431
469 85
313 152
364 476
460 425
414 58
467 223
451 216
370 130
404 295
297 295
238 59
67 220
36 277
64 203
280 27
20 51
308 482
335 115
149 327
281 366
499 322
362 45
406 172
296 97
241 101
279 189
443 159
120 15
164 64
346 437
255 27
75 157
309 363
148 480
374 21
203 163
181 269
238 339
247 107
12 290
90 348
108 89
100 253
375 495
286 200
288 493
467 335
273 79
453 304
386 92
205 178
48 95
112 428
337 308
118 293
498 30
285 450
85 285
28 322
286 486
332 125
74 17
42 359
328 86
434 215
272 391
416 56
460 52
464 157
90 215
486 26
132 338
72 47
137 172
283 278
234 210
120 353
249 82
436 481
324 77
375 345
95 89
242 137
126 113
197 5
23 176
499 390
218 79
221 283
309 338
141 217
321 471
466 192
275 140
213 126
68 216
31 244
221 313
481 446
465 348
35 144
264 183
342 171
128 293
498 470
394 186
351 344
80 37
147 265
181 234
464 193
173 285
251 92
181 229
369 111
453 253
243 183
484 39
355 97
46 274
420 292
18 158
30 434
16 172
137 242
379 70
47 260
202 143
20 481
435 493
258 498
318 126
490 271
249 117
166 497
440 491
469 400
30 186
151 461
152 97
148 51
248 420
277 96
259 166
263 88
165 200
428 487
57 365
193 59
240 397
35 395
256 276
160 420
460 48
419 310
86 76
488 491
241 317
268 241
196 368
116 244
145 94
289 171
328 253
238 454
223 134
390 337
360 433
444 141
470 261
43 331
38 370
48 278
18 3
420 269
27 182
129 31
14 398
349 299
48 402
207 427
307 479
294 359
144 16
330 208
305 42
14 182
102 77
321 39
210 314
331 376
308 469
409 16
110 20
370 157
321 490
291 19
449 269
464 207
39 380
77 284
141 7
323 476
118 428
433 295
115 322
413 423
460 253
469 316
29 461
226 37
431 489
33 236
369 348
220 317
175 99
85 362
37 58
116 180
458 307
271 9
493 383
429 300
87 142
153 429
221 197
277 53
118 292
365 455
161 45
227 120
470 210
306 461
9 189
49 90
162 235
126 393
204 394
349 176
68 80
240 201
163 273
329 354
407 66
128 497
35 305
422 205
395 18
90 422
457 441
194 219
46 279
440 95
140 116
500 60
191 403
351 248
198 27
179 483
375 112
409 438
99 131
157 294
290 13
488 182
267 421
52 378
71 21
324 21
402 391
28 49
165 378
490 210
463 227
481 29
499 392
38 392
261 124
213 181
62 199
406 452
493 214
24 55
356 2
198 93
181 476
241 415
299 144
463 364
7 469
54 460
188 237
446 287
187 3
455 464
476 450
60 22
105 411
163 258
408 118
34 420
184 154
467 317
260 389
334 384
435 246
82 125
260 150
446 491
165 103
71 132
328 280
460 208
496 81
307 242
329 295
359 50
59 440
211 150
98 135
473 374
458 222
126 265
82 185
87 284
422 464
274 266
376 150
323 18
131 338
370 37
90 192
143 451
79 93
297 426
240 133
200 407
164 176
82 180
234 16
428 336
331 256
352 78
407 133
10 213
89 442
474 473
451 308
479 12
184 244
41 255
414 217
247 403
426 126
242 154
94 306
98 280
377 373
292 405
233 159
342 114
386 151
403 447
401 141
108 231
488 331
68 330
411 385
91 270
166 5
42 216
177 134
27 101
306 457
279 175
490 91
392 204
50 297
114 188
251 193
252 221
30 421
308 256
162 98
300 383
211 274
335 26
255 279
367 184
208 127
169 442
375 78
396 253
473 24
146 492
286 415
16 171
258 221
370 22
475 154
84 298
15 392
166 421
257 8
500 37
66 276
41 216
104 294
54 303
150 488
34 374
391 350
82 149
40 139
147 58
17 490
121 359
76 499
240 124
399 380
446 310
374 419
66 135
474 333
83 88
484 266
110 323
200 348
299 349
461 255
220 360
427 212
485 340
187 340
285 88
496 23
5 113
215 286
202 68
440 440
407 368
118 323
79 456
289 112
188 99
191 421
447 48
99 42
466 267
389 183
148 102
138 394
356 103
496 203
330 360
11 316
199 462
493 500
340 239
104 117
124 484
271 320
365 126
65 226
166 384
50 496
215 462
75 156
483 103
366 289
327 43
412 427
75 271
476 347
165 192
500 55
341 110
50 248
165 354
488 85
58 478
211 152
18 397
18 263
293 38
51 24
374 253
264 30
122 340
317 460
99 372
206 226
335 304
352 80
259 275
99 433
104 95
218 334
10 163
479 380
117 193
145 10
371 340
396 180
397 139
287 429
39 473
205 78
378 487
493 357
459 46
402 380
162 56
282 279
309 465
281 154
68 286
71 237
26 419
287 368
101 131
5 285
371 322
24 310
446 29
136 423
341 320
393 407
407 262
425 201
420 49
260 259
116 290
94 384
52 80
144 364
479 211
12 107
447 73
256 372
404 86
244 113
492 252
186 410
237 401
292 179
109 288
290 142
497 8
342 54
474 143
180 132
371 389
479 237
367 253
157 451
323 216
212 372
126 19
59 329
436 280
356 330
137 376
208 174
413 191
253 435
358 376
297 449
21 29
495 224
244 429
145 468
23 110
438 402
286 294
52 152
422 18
449 26
93 110
432 369
69 270
233 128
189 18
52 87
396 60
220 221
347 373
215 205
105 314
128 245
56 399
55 279
171 327
474 204
154 383
431 102
274 42
65 486
443 328
222 216
10 29
409 407
433 55
165 207
363 170
276 414
190 435
301 46
24 105
277 304
40 313
410 410
439 40
95 48
82 415
310 28
9 96
259 183
18 417
393 497
191 401
89 291
271 318
453 288
125 445
382 21
359 486
141 382
455 71
462 130
490 150
226 417
403 237
433 202
106 313
263 320
280 237
84 392
400 155
395 412
324 299
189 384
97 117
376 208
2 410
167 53
97 329
311 471
448 216
313 360
419 429
459 47
467 494
440 250
169 280
314 178
27 83
436 398
352 36
297 296
84 364
468 371
182 259
381 141
107 16
244 500
212 106
478 425
133 332
399 476
398 341
309 182
394 93
496 489
106 323
101 388
493 51
179 370
135 130
380 83
477 445
342 416
424 235
265 84
252 203
39 127
491 336
105 137
134 414
81 372
498 149
54 355
230 61
119 456
447 280
331 208
58 223
87 190
95 324
364 54
336 99
113 139
373 492
70 479
384 350
204 385
91 49
262 100
98 394
95 150
436 415
143 236
474 8
281 469
318 424
379 55
412 196
416 159
163 192
411 109
194 23
48 49
180 303
365 59
24 74
297 422
17 478
64 139
143 314
273 111
264 163
187 354
367 149
14 467
199 440
333 79
147 121
345 67
400 3
426 323
474 347
16 334
58 483
54 61
34 482
120 90
4 260
292 114
186 47
406 35
33 344
153 145
431 272
434 70
222 320
110 102
245 87
148 18
328 176
355 22
381 287
312 24
13 42
91 174
186 241
411 399
262 366
444 4
70 194
495 303
310 433
128 407
380 188
459 249
249 353
385 407
27 341
433 331
121 13
328 29
153 185
479 54
184 346
289 186
94 321
494 322
462 420
239 309
179 143
470 192
388 254
308 248
74 19
77 499
151 319
371 359
165 170
448 300
363 252
93 216
447 101
463 75
406 120
14 292
106 208
188 218
64 247
156 101
48 343
138 144
422 361
140 499
496 413
19 100
190 87
422 193
439 79
249 421
387 218
268 104
138 315
252 150
410 161
414 100
406 132
282 86
303 326
467 23
494 143
54 228
315 223
77 32
261 151
295 155
461 110
273 269
191 199
492 500
37 262
229 275
407 337
198 344
148 420
295 240
406 30
27 488
315 207
218 374
120 350
170 90
266 475
203 206
231 352
132 396
144 358
484 92
288 463
56 184
235 332
418 82
104 94
466 339
362 95
58 37
204 233
169 437
375 47
447 453
325 145
376 216
10 337
263 284
260 307
398 473
193 7
89 388
18 441
43 234
493 373
269 476
298 293
108 244
427 112
64 166
143 375
103 445
407 283
22 39
445 211
76 231
79 337
35 210
159 398
187 299
174 115
298 377
261 163
412 281
220 103
99 382
376 52
453 461
413 197
37 9
181 7
336 452
114 295
481 270
282 75
40 463
359 295
139 107
315 143
68 108
226 143
301 217
500 393
123 9
312 120
78 73
328 440
380 117
183 146
190 17
378 406
392 261
218 355
423 199
448 147
94 112
155 70
378 130
371 389
445 304
163 440
223 492
103 55
379 468
126 443
101 478
278 353
126 437
46 448
15 142
104 319
49 267
423 277
314 95
294 327
307 203
115 179
272 161
286 116
272 221
154 351
497 381
208 316
38 492
485 386
362 29
252 78
140 210
435 308
168 348
12 217
337 390
1 158
147 242
444 480
99 145
487 32
382 203
364 429
330 178
494 250
31 289
16 300
336 461
315 232
395 101
489 192
195 497
219 301
77 14
230 494
298 415
428 312
172 358
425 302
269 367
232 358
384 184
108 195
260 436
396 85
176 413
439 12
328 106
384 202
476 195
267 410
42 230
21 390
38 395
438 272
300 263
296 318
122 421
268 483
491 50
461 295
267 459
220 244
88 208
451 259
365 201
443 429
139 24
330 54
35 115
3 499
357 467
422 186
150 162
294 212
352 127
64 365
331 179
350 110
248 212
310 393
471 124
202 111
410 485
286 96
492 385
331 245
115 355
14 386
69 240
485 238
385 464
449 202
