1000 539786
5000
41 377
171 126
422 329
286 200
306 375
11 182
120 118
129 45
370 90
284 463
459 780
54 425
184 369
887 853
218 250
794 784
89 292
213 225
496 496
250 353
487 432
292 306
470 274
65 484
398 333
330 256
445 432
315 205
47 276
140 6
196 183
59 215
705 263
213 439
484 121
23 390
1 164
199 5
358 559
357 839
389 482
750 73
7 350
275 432
475 89
86 97
461 598
853 460
497 168
199 264
5 427
324 385
95 325
145 298
203 333
100 438
280 413
238 175
156 27
466 874
317 388
135 428
500 304
195 339
373 241
98 166
432 408
399 327
194 436
440 364
196 326
215 52
222 258
305 318
22 397
189 253
155 271
726 897
277 183
310 288
95 465
279 377
50 115
446 80
442 374
206 18
440 146
618 396
491 121
237 109
115 266
184 458
253 496
295 465
325 30
53 288
851 507
448 407
4 246
384 454
292 52
135 3
92 205
458 381
215 95
400 40
452 241
189 133
381 161
226 178
198 230
144 154
349 634
208 223
353 227
117 363
880 762
136 93
702 793
84 97
133 495
684 286
431 73
414 35
103 457
16 116
56 51
159 373
412 59
474 357
352 84
141 3
437 382
210 391
449 8
299 1
14 447
280 353
133 17
256 299
25 373
473 156
188 180
211 443
99 60
369 265
425 30
454 334
456 369
43 343
130 125
210 419
366 830
289 682
312 398
10 136
314 70
32 95
178 489
22 395
483 948
298 396
229 305
942 484
837 256
338 170
85 97
490 343
242 238
282 285
131 219
475 356
135 196
179 57
364 308
463 115
907 231
23 216
33 379
286 281
38 394
353 52
458 103
650 797
79 276
71 2
443 477
292 35
395 987
424 787
214 59
279 84
336 468
133 149
63 878
202 190
322 207
460 465
717 31
229 360
238 197
81 107
222 140
234 394
407 70
484 29
484 774
274 234
94 193
98 368
184 454
219 76
403 177
45 201
101 138
223 476
889 253
439 340
303 374
330 317
13 456
454 186
18 90
289 91
198 402
215 484
122 375
375 486
48 346
257 283
765 318
162 543
78 202
130 15
36 485
81 331
416 468
26 152
209 262
438 127
296 250
10 462
618 472
52 772
327 45
240 268
360 446
1000 514
803 222
709 2
35 499
307 162
232 7
221 164
133 271
180 305
104 184
629 195
14 48
595 426
105 423
402 485
296 250
181 403
376 482
240 183
461 121
351 868
376 239
342 191
146 269
154 229
138 10
205 395
108 5
149 118
222 529
238 369
133 134
437 181
782 154
310 40
156 252
58 265
143 236
100 701
216 216
278 391
74 378
153 474
95 583
32 231
484 678
787 449
389 363
212 302
265 94
256 89
44 330
374 539
157 80
37 498
128 114
383 417
136 29
190 300
685 405
292 230
68 492
253 90
284 359
82 194
426 160
392 369
76 193
337 169
211 170
172 249
298 3
146 131
347 382
325 6
470 396
85 257
835 307
41 392
49 24
51 204
158 477
290 156
497 94
362 240
471 47
39 21
170 305
1 971
241 225
360 30
35 68
35 853
250 183
60 176
548 4
284 154
364 116
258 162
187 116
681 424
209 10
395 339
475 436
272 105
490 142
444 33
603 141
420 240
407 487
456 387
261 865
159 124
303 296
207 60
149 439
101 238
108 336
395 493
322 176
318 152
33 83
367 295
196 345
486 289
449 119
43 435
391 359
300 23
139 132
162 859
215 367
254 155
87 415
7 316
216 37
411 741
788 358
245 486
466 199
163 171
840 238
987 978
304 17
909 316
44 212
44 335
170 58
158 100
455 8
363 377
161 166
481 113
320 4
627 676
139 13
444 176
58 404
798 79
322 175
361 108
352 494
480 246
431 235
899 64
4 221
20 178
450 302
32 189
327 106
58 383
75 250
244 351
363 396
339 252
118 90
316 443
105 81
295 123
954 415
184 383
336 160
315 386
419 175
297 254
238 362
410 185
345 484
352 452
299 66
83 50
113 162
329 401
334 399
359 205
145 202
251 125
252 399
277 45
388 391
250 256
85 855
356 343
168 234
800 34
4 975
339 418
34 252
468 194
24 224
768 115
681 455
490 385
842 338
62 156
371 149
75 20
313 262
604 597
138 488
148 321
31 206
39 329
484 249
158 297
284 779
259 475
213 902
107 5
454 380
206 234
183 166
616 435
140 399
333 403
448 419
44 465
30 282
125 208
252 324
868 185
71 112
956 421
165 370
18 474
134 357
148 184
49 114
320 335
432 93
435 275
130 68
57 79
375 291
180 102
209 108
153 243
810 741
485 73
838 473
138 97
44 446
240 2
411 354
181 222
351 111
780 514
200 195
1 351
110 189
371 370
443 69
151 24
217 131
299 172
16 428
423 381
21 312
168 272
174 398
186 859
401 367
107 204
260 17
428 371
6 160
110 99
171 163
355 199
135 239
967 26
165 431
246 83
417 254
499 383
24 458
437 632
165 211
262 306
537 694
2 441
63 305
66 299
720 833
221 185
167 135
949 697
462 14
279 141
790 391
8 467
459 236
137 372
551 918
56 367
721 849
275 269
197 154
39 357
144 407
303 322
36 146
58 86
257 171
278 171
49 162
152 17
142 406
206 345
409 234
180 18
175 226
476 285
135 302
925 725
314 306
222 59
351 404
131 385
509 206
469 458
277 226
84 459
463 369
103 357
873 236
87 85
345 85
474 153
197 159
77 110
471 487
427 442
238 35
685 266
133 129
172 256
829 735
57 157
386 161
99 94
313 57
255 217
455 224
52 85
68 262
244 415
343 233
259 352
499 167
300 195
245 23
35 148
470 236
288 289
297 109
516 489
778 643
78 481
710 249
155 103
4 147
932 304
131 120
142 238
781 570
637 624
177 381
144 351
207 4
266 287
112 992
559 108
500 91
263 895
357 492
48 102
220 197
150 388
241 430
171 83
419 79
357 498
397 277
384 498
40 278
14 465
399 200
839 575
436 496
188 15
282 127
215 256
220 34
183 232
330 141
363 211
419 794
395 399
268 235
189 609
761 962
412 76
133 498
72 298
330 306
674 673
414 419
819 93
659 839
173 359
73 185
439 262
517 729
953 620
29 438
412 173
320 164
14 324
277 164
413 19
315 281
20 456
16 213
5 123
126 392
216 65
789 566
457 90
652 926
38 487
980 753
125 89
408 47
369 366
110 305
373 828
499 344
220 39
408 440
116 443
279 94
353 318
696 555
51 331
60 463
49 373
58 405
328 35
382 11
483 270
189 653
406 30
213 447
347 338
378 113
236 124
79 365
103 209
383 210
250 51
648 957
1 444
56 380
406 230
169 347
424 443
479 193
832 263
274 323
609 801
245 790
172 149
971 40
14 350
356 460
10 390
79 85
100 134
21 336
76 392
262 67
222 238
89 46
332 352
460 376
216 374
492 379
434 61
133 465
281 291
253 105
347 171
109 274
71 413
96 226
928 312
372 78
409 329
206 162
215 486
39 104
376 333
314 321
155 496
471 481
294 345
112 467
673 872
693 697
323 23
444 315
364 166
402 428
875 368
62 162
102 813
379 271
343 344
144 65
108 157
376 135
210 317
45 75
673 507
154 10
91 275
245 255
129 40
684 635
48 122
61 65
272 48
216 329
474 450
328 161
470 169
123 47
280 169
954 272
151 116
222 443
870 563
302 161
62 205
283 120
421 591
106 313
57 706
141 343
339 374
18 251
306 3
240 124
290 181
454 150
83 875
29 223
662 609
319 405
233 408
556 143
144 91
428 98
385 484
422 264
16 325
415 60
996 664
377 369
320 155
463 239
121 710
930 695
48 492
348 282
577 342
140 263
48 193
233 418
177 211
234 271
608 319
221 90
839 772
972 432
318 156
125 387
208 335
73 176
409 38
457 167
74 283
207 272
222 435
200 254
260 355
10 200
460 447
401 372
239 819
460 74
409 235
618 213
635 370
45 29
378 367
141 44
122 330
345 344
46 362
351 420
39 270
423 299
44 139
68 24
216 311
305 295
758 537
833 58
312 362
96 493
489 921
376 463
382 102
376 295
305 24
205 159
217 139
273 907
278 474
212 186
3 334
868 601
249 73
241 50
414 421
857 61
150 286
6 412
491 259
212 142
454 420
636 515
167 457
17 97
11 425
449 88
279 414
9 277
289 266
471 98
121 392
753 115
259 195
346 397
229 431
421 270
192 243
241 170
35 480
914 147
364 291
218 224
64 352
309 185
658 10
215 331
919 575
23 468
298 564
402 131
257 293
56 70
619 941
349 200
197 236
954 688
62 276
192 467
459 338
359 47
73 292
485 389
956 416
280 460
318 566
346 61
572 501
338 304
445 115
603 734
172 143
123 133
497 66
90 263
135 5
251 226
633 637
108 160
245 11
213 334
320 30
296 235
346 28
496 310
593 1000
219 96
172 23
473 594
881 300
272 338
192 52
117 49
45 471
405 410
348 369
17 216
686 928
367 289
464 29
139 309
275 139
207 567
92 15
260 387
451 584
42 987
475 484
119 29
86 26
10 75
191 84
45 45
10 260
507 140
717 270
410 444
325 242
198 446
463 118
305 475
361 113
116 365
627 534
929 803
68 475
406 97
209 235
376 209
36 240
191 76
79 241
374 433
666 538
241 135
150 15
70 355
322 264
233 301
84 497
250 84
323 305
80 336
270 330
133 221
933 65
345 127
197 295
346 453
58 165
297 220
119 408
752 406
287 304
265 400
43 82
834 170
488 89
474 338
111 576
487 408
468 373
156 47
139 411
422 102
389 480
483 454
308 436
127 421
237 79
241 423
107 320
34 483
414 53
431 662
290 330
466 169
522 800
52 263
280 6
266 476
155 454
264 160
96 304
40 34
616 693
20 277
470 716
793 788
217 357
699 222
161 92
117 73
130 260
272 48
160 221
298 248
439 324
409 57
326 251
969 745
313 171
612 622
91 853
141 402
113 69
354 156
419 663
244 349
59 262
364 277
332 166
283 198
906 660
29 452
456 180
527 328
75 205
778 248
106 246
230 47
139 873
481 92
367 352
365 17
484 51
95 796
494 212
332 233
174 275
439 406
148 213
150 496
34 917
284 153
383 955
187 205
102 191
131 422
270 8
317 382
593 285
176 853
491 397
309 324
259 17
189 22
854 418
360 342
780 122
177 208
258 322
129 269
460 340
334 255
213 365
467 200
111 377
73 451
93 312
344 391
261 262
548 515
265 404
120 415
150 448
532 578
281 764
221 223
408 371
85 370
300 516
272 456
468 458
79 213
171 267
330 193
71 64
168 53
91 233
510 588
60 153
282 206
145 490
8 361
267 445
331 127
421 19
123 259
201 444
24 89
274 49
379 231
492 341
137 96
214 404
145 49
81 243
429 299
393 321
183 127
51 325
124 134
845 739
288 282
30 94
474 74
433 32
423 175
76 93
141 824
159 197
387 460
457 286
457 471
404 84
108 240
13 22
93 359
170 57
264 549
323 174
970 881
781 791
216 496
117 242
325 430
120 323
425 39
123 105
224 314
38 458
62 431
418 97
375 476
434 422
176 325
251 35
266 371
395 235
498 943
52 346
761 862
144 364
408 555
85 284
8 402
102 156
43 430
367 221
893 635
77 208
816 105
268 67
327 250
479 81
497 147
326 20
130 886
210 184
624 974
257 761
319 388
145 323
953 245
295 338
345 66
390 115
290 19
184 226
937 446
401 247
357 284
364 103
208 433
5 52
22 61
77 430
493 44
264 254
281 476
44 173
461 91
142 342
934 680
194 87
363 301
757 800
984 981
144 229
273 153
99 431
782 712
137 208
287 202
962 73
274 18
398 66
230 136
150 204
239 156
325 340
458 471
430 88
252 230
438 189
338 86
217 426
170 930
476 389
245 178
9 326
906 560
194 4
358 356
464 30
436 500
413 264
718 496
282 488
440 238
526 164
618 28
451 203
266 29
14 409
166 996
28 28
400 355
41 129
148 361
316 164
498 256
27 273
808 119
393 451
822 438
556 754
430 430
140 376
412 303
529 341
436 57
143 203
220 274
118 308
177 434
466 464
334 242
23 500
368 262
437 46
211 208
113 433
708 388
293 226
162 465
271 1
466 479
84 417
198 405
101 315
56 50
272 340
259 177
159 341
38 118
143 325
406 63
90 431
328 219
87 410
377 171
201 645
331 418
805 762
469 203
491 66
543 150
24 407
141 207
477 55
429 175
138 294
693 662
314 986
590 178
153 334
332 79
348 201
32 430
369 363
257 460
456 42
537 533
138 311
388 496
291 453
453 388
81 218
213 491
213 45
414 399
183 17
439 338
423 57
223 128
98 373
223 233
279 420
32 89
210 380
7 453
169 82
207 404
113 233
366 119
254 9
190 356
343 292
465 400
57 72
94 244
483 485
223 142
593 942
947 629
169 487
939 499
334 488
420 339
358 197
368 760
292 374
436 357
441 58
489 30
261 91
428 319
266 456
404 64
162 606
369 90
342 363
83 102
714 722
77 699
642 109
424 420
265 181
74 418
860 681
464 391
225 165
996 257
357 110
113 117
488 311
374 47
108 550
390 476
416 140
365 275
472 459
424 470
230 328
275 19
750 142
88 198
383 831
113 221
334 128
320 64
355 138
85 121
79 763
586 703
113 169
335 342
277 18
483 55
74 188
230 160
484 482
779 576
456 812
410 466
401 95
490 21
344 422
214 205
269 310
128 908
3 41
907 856
452 199
252 361
564 59
3 365
118 452
30 437
425 594
21 301
506 938
231 220
300 605
351 27
220 252
485 112
35 42
345 46
425 75
133 158
344 125
987 99
475 156
331 168
135 248
377 422
134 324
51 399
404 279
278 149
65 96
178 78
125 112
480 300
997 85
118 89
131 417
394 126
788 722
423 301
285 135
170 304
324 93
236 26
348 480
816 162
712 492
93 425
408 197
114 408
162 220
956 290
432 68
328 526
504 841
442 65
640 295
84 298
138 426
239 241
133 124
300 327
258 330
24 633
342 344
496 217
775 949
497 73
369 195
303 415
594 484
674 860
278 49
203 88
228 492
429 352
55 494
491 30
142 284
424 450
371 399
97 265
277 204
166 169
231 210
492 490
27 473
166 81
296 500
434 79
279 111
14 301
452 312
398 83
520 328
422 164
100 9
213 81
11 423
20 12
152 721
108 174
155 316
300 194
90 452
61 27
771 392
31 64
317 483
76 362
483 494
101 417
430 406
494 899
596 936
657 253
304 347
245 337
498 124
336 755
219 368
551 472
65 230
428 240
425 300
113 241
99 262
354 424
49 402
381 476
326 96
37 159
353 148
409 980
148 433
248 740
801 180
157 434
397 363
783 560
74 223
362 405
302 7
905 871
396 157
362 200
4 14
143 63
6 346
351 133
283 432
27 120
849 771
58 248
318 115
537 786
84 18
738 487
496 137
164 176
770 417
476 385
83 72
17 360
354 246
772 836
400 273
482 186
326 81
18 190
48 220
216 294
526 35
384 276
173 25
711 139
65 239
20 154
244 369
38 494
264 354
622 716
359 167
121 346
458 462
106 255
403 375
999 766
136 448
237 482
85 278
310 212
175 302
486 155
42 452
159 271
391 278
459 154
190 264
296 418
311 268
486 277
421 201
690 839
462 88
115 245
341 126
148 298
304 375
287 265
147 41
493 394
561 472
491 777
201 81
366 92
365 228
354 684
18 184
177 171
129 220
371 41
605 680
39 93
262 309
825 992
244 495
709 757
24 464
98 255
220 406
34 164
180 538
469 250
202 257
358 128
80 426
482 387
86 500
126 242
47 194
214 392
303 240
363 53
303 278
13 700
904 989
597 618
430 261
892 563
455 15
158 458
363 435
206 402
473 381
236 376
241 479
948 273
314 425
267 308
10 279
4 46
272 178
139 269
145 73
965 313
94 286
40 304
153 107
127 43
369 417
727 899
475 182
32 295
328 381
111 450
351 414
88 414
436 454
154 359
181 346
119 116
28 403
668 222
681 84
307 272
327 318
497 11
459 356
352 723
399 494
9 398
134 127
419 115
61 393
432 456
174 375
162 270
471 10
233 339
58 215
193 398
473 79
63 450
407 229
284 28
367 27
387 423
411 444
463 172
329 795
480 386
483 307
437 504
209 159
79 98
64 25
131 87
208 70
92 70
199 192
492 123
348 486
365 285
362 287
180 132
395 400
169 325
53 489
493 144
105 34
418 193
354 299
321 176
109 390
805 135
344 440
367 331
155 12
10 359
178 3
39 69
86 29
155 70
667 238
329 481
281 350
271 219
125 52
169 373
54 111
444 168
255 291
320 350
68 430
123 459
552 316
413 345
194 414
287 394
391 333
213 238
282 249
32 210
420 141
476 35
225 908
389 471
208 491
193 38
445 317
23 122
281 11
455 198
457 341
99 86
202 21
12 440
262 474
579 879
99 84
215 435
18 354
542 790
143 152
521 324
133 764
420 861
153 970
73 12
331 463
880 479
201 416
248 259
78 235
407 936
650 489
262 500
79 177
258 34
375 305
467 409
757 423
13 230
378 94
379 398
44 47
482 395
122 328
664 668
339 746
283 323
110 44
838 959
175 537
287 286
61 42
601 1000
435 424
53 221
294 179
54 241
304 423
46 347
613 295
11 173
79 187
338 350
316 247
332 488
58 214
183 253
299 595
219 75
458 159
449 150
996 997
27 497
414 10
136 88
478 312
305 452
236 478
298 194
255 412
340 585
45 23
248 277
226 220
90 51
372 112
176 353
188 67
114 251
83 119
95 421
118 31
3 505
975 584
285 400
371 108
207 16
715 341
103 399
330 385
354 326
397 244
902 692
26 150
439 132
168 15
185 233
928 826
366 361
227 268
349 109
427 318
188 184
343 305
514 816
323 356
139 394
215 202
190 292
54 273
363 294
817 394
96 342
87 478
81 431
187 71
317 280
455 31
156 351
231 184
362 64
140 452
484 92
473 472
417 341
315 331
188 401
431 669
1 162
89 331
53 68
788 401
305 214
432 432
787 488
282 246
84 252
37 51
164 446
389 301
144 153
65 66
167 244
513 152
182 338
473 433
157 462
319 237
257 440
148 68
3 799
476 188
41 440
238 224
13 115
380 53
443 119
196 74
324 299
110 176
491 279
704 749
301 143
351 438
180 254
753 571
487 165
176 343
320 227
447 365
55 384
154 91
63 41
37 49
430 416
37 335
109 254
83 160
417 465
419 316
228 248
129 371
152 333
433 150
292 224
985 495
461 105
44 116
350 424
14 63
248 418
242 407
174 47
22 925
161 260
190 133
396 24
185 83
236 106
366 226
82 24
319 251
299 317
239 436
39 475
638 191
54 16
515 250
500 325
9 80
243 430
365 466
397 133
408 356
157 201
12 279
55 346
220 166
301 250
449 821
293 329
119 54
363 232
93 203
36 494
482 190
83 41
305 107
491 154
202 842
21 44
748 183
59 399
431 69
488 483
310 410
439 246
12 318
67 375
589 137
342 196
337 120
313 14
273 250
128 301
869 481
264 75
295 494
78 442
371 160
467 382
139 469
452 50
275 386
112 308
183 54
313 441
244 850
203 435
69 436
136 142
585 289
411 282
179 417
106 192
872 132
479 89
392 426
211 162
840 115
61 280
42 305
308 52
352 313
463 139
297 302
237 81
40 363
154 247
238 38
38 202
217 301
597 493
225 49
361 322
480 340
815 379
376 489
394 259
86 63
5 439
212 451
107 68
585 389
464 5
308 272
522 613
72 467
124 171
309 238
199 233
375 119
69 446
313 171
198 275
429 491
49 799
299 749
251 345
25 87
370 498
42 181
43 393
158 56
930 267
331 244
112 444
133 403
154 430
487 447
323 500
342 122
41 273
109 415
43 147
104 109
485 377
576 535
328 125
380 431
38 427
425 35
927 380
215 180
450 398
126 6
183 152
451 922
339 596
409 191
549 190
148 413
231 782
423 231
462 265
121 132
404 460
41 523
209 204
460 225
310 66
102 111
144 216
443 426
71 15
487 51
316 394
51 158
313 281
473 350
189 109
217 213
519 522
229 268
262 222
450 70
243 255
290 473
26 139
57 268
357 48
223 600
60 383
441 38
199 386
16 445
370 837
556 651
419 232
410 473
236 334
167 238
311 480
316 119
259 679
432 142
238 289
382 478
420 233
58 178
76 428
336 203
288 175
782 955
399 432
37 287
458 443
9 223
523 306
238 75
324 352
299 198
265 768
490 486
133 422
891 422
42 959
494 26
152 392
665 15
178 417
53 49
91 158
220 132
277 464
25 320
486 346
789 154
813 335
327 476
131 26
6 397
240 7
375 434
958 398
45 302
415 488
324 227
128 357
107 188
155 402
26 81
458 797
85 281
225 136
447 257
760 488
127 458
485 459
256 371
199 268
289 289
196 375
385 14
73 95
100 188
433 228
273 314
462 153
471 196
194 20
160 539
33 290
634 509
432 26
167 483
9 402
487 383
425 339
416 237
309 152
664 970
453 374
220 309
952 90
653 113
476 225
696 720
33 361
492 34
70 231
212 715
408 94
111 51
672 943
887 355
361 398
271 579
707 584
404 168
18 76
703 944
355 379
487 430
18 5
493 496
345 348
250 8
168 339
201 288
451 262
112 220
585 168
884 916
454 344
263 23
25 147
366 582
474 291
85 147
392 429
109 9
485 386
176 401
115 12
287 250
406 127
311 98
107 491
424 910
322 354
439 236
313 39
30 617
734 672
892 166
382 68
450 368
437 144
840 401
386 230
446 236
43 476
885 371
382 415
221 346
543 330
75 220
555 560
281 344
86 174
130 647
163 302
5 127
251 459
124 413
324 145
231 166
204 220
39 184
24 44
72 133
480 450
56 334
354 466
353 336
63 485
324 178
494 287
453 111
479 329
223 209
491 328
38 150
221 401
152 3
314 241
89 476
452 464
7 110
57 341
99 762
105 407
295 454
156 390
44 398
426 30
152 274
238 308
103 474
449 387
303 42
492 60
353 482
450 479
148 75
292 199
422 461
32 871
378 90
148 479
178 390
202 325
15 153
173 421
105 977
475 379
895 208
433 603
375 406
383 231
260 342
490 110
60 284
129 435
54 403
30 65
161 187
17 194
11 250
43 176
949 521
100 217
77 457
91 348
64 153
876 200
47 58
451 75
197 108
772 535
257 269
25 459
15 453
766 452
404 286
149 58
10 454
979 879
105 271
79 155
395 394
838 859
450 207
500 80
348 292
287 203
569 590
57 261
500 163
68 104
493 163
151 189
199 471
389 6
1 283
330 216
186 287
59 386
51 291
354 277
201 405
423 235
464 227
42 271
363 278
284 92
334 135
350 126
338 46
375 794
239 306
163 76
84 240
72 58
151 69
45 221
190 55
442 952
451 8
194 38
20 745
385 22
578 923
372 432
936 984
481 341
225 248
296 455
99 248
713 123
745 348
279 111
108 305
129 381
49 90
874 524
500 318
141 138
22 134
442 182
36 292
148 353
75 282
227 583
149 233
479 463
145 455
335 406
308 138
206 441
269 352
145 136
336 494
444 251
344 9
111 845
224 457
423 451
205 228
406 57
394 426
295 168
86 442
136 453
13 318
254 738
208 338
416 148
373 484
226 88
397 379
457 194
395 50
180 442
621 674
455 263
297 866
273 69
323 363
384 416
444 465
44 985
105 405
464 330
25 167
490 70
319 389
105 398
863 974
283 268
922 925
908 753
322 229
393 492
123 332
810 376
732 831
157 81
388 463
295 98
33 465
226 204
87 428
938 489
430 202
451 282
184 240
52 470
364 438
188 16
402 436
433 358
337 145
309 246
107 444
410 212
234 372
200 293
381 255
416 596
71 341
333 30
250 397
379 232
362 958
345 110
317 415
88 429
221 295
589 220
286 130
276 207
107 424
243 94
183 23
496 10
334 79
335 310
132 298
480 298
289 46
46 48
441 231
122 158
10 246
30 461
280 255
106 442
80 178
368 223
233 435
256 781
36 332
417 401
300 401
813 396
53 704
82 139
177 430
500 336
192 44
297 73
311 169
466 977
160 615
18 159
117 304
500 116
312 78
37 43
337 297
19 194
377 35
293 348
249 103
990 300
9 266
172 222
202 195
82 366
76 34
35 253
313 2
452 139
176 274
342 120
847 631
207 370
924 276
265 339
319 437
415 205
201 342
196 35
342 888
245 999
181 256
108 286
484 469
316 172
301 73
418 22
307 27
146 139
193 272
223 193
232 895
421 275
335 138
988 222
259 290
133 330
47 434
121 180
430 315
58 332
463 415
94 203
2 89
49 65
125 273
70 94
44 271
348 75
391 31
905 825
202 812
478 222
768 931
260 64
316 382
46 156
188 493
267 130
427 206
27 237
325 5
139 25
441 167
694 393
461 390
398 500
212 475
100 120
323 318
267 36
480 73
335 41
467 414
9 367
368 168
7 490
310 410
485 480
187 305
336 416
87 677
186 204
443 279
37 298
266 348
403 257
109 117
269 143
78 130
139 198
179 838
624 271
417 265
974 685
99 234
448 143
74 500
136 340
21 232
229 45
293 41
445 375
15 133
120 342
605 607
375 250
449 18
355 429
379 229
229 549
470 424
360 243
371 60
461 202
309 666
422 371
275 133
298 9
110 289
76 474
829 988
64 228
485 562
161 133
270 362
95 342
271 307
46 204
215 166
855 435
313 463
122 162
779 910
95 22
235 158
141 206
360 414
370 202
760 865
852 750
6 315
297 27
391 22
334 129
91 219
274 57
214 77
416 57
302 269
168 380
866 463
886 397
480 496
405 8
282 73
188 308
52 476
52 231
296 204
531 203
744 976
387 218
292 83
409 386
500 15
286 411
80 221
209 218
341 116
588 314
337 377
138 130
238 9
398 302
328 191
55 112
263 214
473 157
252 56
308 215
241 222
208 55
184 96
304 38
84 151
886 702
705 399
329 348
330 168
89 134
76 305
479 143
525 554
500 585
500 347
244 527
70 312
210 235
232 416
527 531
928 556
124 226
670 661
246 187
984 550
149 66
565 87
334 197
121 60
607 546
427 162
462 230
978 816
58 2
150 8
666 438
421 419
934 354
232 134
11 342
424 281
660 188
269 322
455 599
421 262
140 284
645 210
43 396
759 891
652 229
176 40
492 128
59 352
769 466
903 874
135 88
263 94
762 146
36 141
62 47
466 222
33 210
446 15
252 418
70 43
90 478
319 326
163 434
82 238
465 473
134 232
694 69
307 280
421 326
267 344
202 290
921 285
53 91
314 461
102 980
317 381
310 66
336 124
392 9
404 797
538 265
148 71
335 310
118 97
985 576
47 295
371 167
689 203
102 234
441 64
799 198
426 218
222 478
333 209
223 362
313 73
121 137
182 128
172 13
375 300
348 404
278 633
270 401
491 500
18 418
226 105
12 85
959 350
363 323
151 346
224 171
887 893
45 60
391 298
93 308
422 237
86 115
207 154
461 475
488 92
183 147
66 424
827 276
98 36
219 132
402 346
66 219
312 156
395 268
386 213
456 318
272 230
353 221
357 130
435 308
314 42
88 147
943 32
123 131
424 268
124 268
458 89
408 794
201 286
807 511
8 394
823 800
948 523
299 486
439 1
304 367
142 211
161 43
188 111
407 231
328 357
134 243
45 396
397 42
239 86
79 494
89 295
284 98
582 343
370 198
339 353
44 74
441 162
347 182
381 161
15 777
15 136
136 227
638 626
322 4
208 409
375 107
179 316
200 28
187 127
327 49
393 123
181 262
301 403
311 49
142 500
45 296
809 176
422 323
319 446
133 61
92 385
369 345
432 360
984 804
365 64
61 172
446 86
79 199
186 211
462 435
318 990
204 211
319 409
230 480
495 246
491 103
473 317
260 27
312 20
79 46
200 235
363 410
447 69
262 439
171 284
44 492
257 587
266 364
156 299
218 34
190 477
275 283
456 425
278 342
298 109
176 277
3 499
354 188
337 455
160 472
277 867
474 284
122 437
407 349
255 815
310 254
343 476
425 151
368 814
197 56
447 666
477 207
400 318
609 203
119 115
410 469
494 307
379 166
299 502
98 252
199 7
451 18
161 355
373 158
410 19
700 838
493 500
440 64
85 127
374 80
234 108
209 153
248 2
92 229
179 59
444 148
60 247
370 443
142 11
392 52
161 796
368 148
387 118
418 171
77 398
133 470
88 186
379 34
737 390
198 427
97 184
74 241
350 488
18 346
136 82
439 387
497 60
223 356
434 342
108 240
61 134
140 427
58 94
168 537
426 316
485 182
273 249
51 36
331 331
497 206
336 149
515 838
61 135
152 367
51 404
435 231
243 244
405 372
105 268
856 371
884 484
188 198
314 410
869 904
895 591
671 1000
378 352
422 142
271 316
496 356
103 182
325 351
955 892
288 169
917 195
307 382
239 35
447 395
169 365
14 25
761 592
258 172
342 78
42 367
118 850
427 36
657 269
452 291
950 578
423 61
686 962
933 439
77 431
293 419
421 482
197 466
174 105
362 448
358 286
964 913
461 413
95 119
300 354
106 497
294 66
192 888
498 407
181 67
185 322
427 140
310 168
265 371
121 385
339 523
266 487
309 208
336 147
159 251
260 95
469 301
357 233
316 474
179 495
10 49
199 315
351 186
284 535
476 341
290 6
308 481
373 435
407 152
123 306
511 217
142 55
285 180
65 265
303 722
484 316
92 470
14 272
200 117
328 493
744 598
222 195
53 37
309 248
568 884
867 194
460 256
999 905
381 41
472 293
232 271
357 378
986 731
77 58
148 62
6 153
164 202
263 199
375 137
418 157
353 180
429 132
452 998
142 299
229 497
252 36
260 139
6 124
34 455
343 536
475 122
278 208
285 519
21 449
117 158
479 194
381 141
390 73
45 414
6 450
2 254
44 402
745 505
417 385
2 339
405 318
61 322
565 530
184 356
316 231
43 37
784 907
142 128
395 131
186 482
463 28
368 338
344 979
335 500
417 399
188 121
448 275
417 730
669 655
290 467
482 213
127 145
424 427
188 437
388 372
986 842
8 77
187 425
257 287
408 19
89 10
565 882
469 158
982 619
485 56
229 118
164 399
199 122
43 876
375 16
127 143
414 326
204 331
146 346
447 243
711 581
484 430
194 231
10 9
188 383
172 652
231 249
174 126
59 362
289 292
377 88
451 241
49 274
853 446
88 435
109 240
65 138
11 310
589 849
317 39
202 247
190 337
451 77
895 267
180 126
107 210
117 26
894 191
393 331
347 138
70 236
436 34
42 242
431 180
688 313
217 467
12 208
430 307
22 70
352 442
158 390
496 242
55 73
49 100
136 368
401 195
269 375
293 146
437 330
291 125
914 997
161 170
227 37
467 136
286 149
99 483
481 306
197 500
121 493
839 627
456 432
290 353
25 487
119 178
70 605
508 488
561 380
90 277
258 118
493 42
194 486
510 611
432 452
243 65
953 2
491 87
85 328
329 705
987 112
444 23
149 413
164 133
379 263
934 999
40 162
291 335
134 94
161 134
53 292
499 383
55 476
104 370
395 335
169 120
194 430
251 384
391 49
421 339
425 361
195 105
302 119
330 95
920 118
137 353
222 438
199 399
252 385
231 156
139 142
496 291
375 143
23 646
545 933
185 447
182 162
50 411
217 67
241 304
349 224
359 17
337 468
51 257
405 293
477 285
435 497
452 420
872 198
37 278
154 220
817 539
274 426
213 261
500 187
99 115
136 434
83 205
359 910
155 451
328 281
757 691
488 268
695 838
347 358
184 221
34 1
430 4
152 74
207 557
96 218
818 809
282 30
456 177
116 287
151 274
64 423
468 110
540 775
19 16
459 109
407 98
499 322
618 923
334 4
408 934
215 153
86 60
18 347
194 460
629 573
341 301
473 493
425 437
409 295
208 336
213 117
425 185
382 31
285 492
32 139
193 18
153 243
191 485
945 83
49 17
481 416
126 490
325 415
8 68
85 2
320 487
428 22
927 111
165 219
401 374
65 35
255 212
435 382
532 973
9 326
6 329
288 262
292 395
261 383
309 330
190 56
29 314
322 190
357 470
275 36
282 77
345 598
223 108
136 92
274 386
318 69
77 415
336 733
444 356
393 412
120 29
193 298
298 498
27 433
828 703
330 417
358 59
138 310
351 440
289 168
111 64
172 145
139 133
194 345
981 374
436 375
213 83
368 498
177 111
695 926
176 136
280 69
81 284
135 469
41 371
224 108
87 47
23 457
243 320
493 105
449 442
288 130
286 244
431 387
251 279
237 94
129 40
51 389
392 204
391 73
32 363
115 359
832 754
805 321
218 313
101 171
264 459
85 729
910 379
150 245
234 279
382 200
32 479
969 700
235 184
50 80
621 941
359 84
957 492
164 311
985 248
345 254
211 95
242 24
48 154
103 6
79 80
346 33
350 161
665 46
224 148
376 161
424 102
371 236
125 366
441 23
32 135
783 219
220 427
295 174
328 81
104 251
995 518
22 350
339 36
637 700
87 97
798 402
453 3
238 109
141 335
480 241
324 460
347 319
70 65
421 303
499 450
252 137
334 656
244 902
716 159
44 528
278 384
32 280
131 268
257 976
382 499
156 160
121 127
162 94
241 240
209 479
121 179
145 105
867 654
6 161
176 85
399 380
118 989
290 136
181 376
11 79
385 455
279 279
351 442
284 476
224 152
485 151
137 88
280 436
227 463
5 6
20 214
446 987
173 24
479 114
33 955
125 327
120 199
106 180
136 215
332 12
502 903
362 336
175 194
182 221
900 310
588 194
424 576
465 412
541 114
219 146
481 237
956 916
493 207
79 164
14 74
961 796
330 93
368 158
82 452
155 367
399 81
470 419
217 141
102 500
224 296
371 263
56 112
217 385
158 833
46 327
455 201
128 234
498 88
308 265
418 27
297 122
485 89
249 103
42 495
359 42
195 52
95 163
133 249
136 223
151 91
349 203
165 109
132 73
306 605
260 444
12 272
306 400
211 85
255 317
83 139
708 311
245 162
359 215
218 241
277 94
258 500
713 981
166 394
201 9
179 285
465 334
481 404
663 574
95 361
221 242
178 288
101 392
60 426
79 74
291 239
380 260
342 100
277 326
160 67
86 16
451 301
108 344
252 809
327 110
274 59
344 454
865 979
346 78
464 394
807 66
434 233
247 293
50 285
588 19
254 423
260 64
242 1
230 237
14 438
455 113
37 559
58 129
64 61
375 150
638 759
273 191
273 80
476 135
234 98
958 747
30 1
385 278
75 34
24 208
467 456
690 41
162 24
707 410
339 246
293 273
458 498
82 334
343 59
36 475
76 284
849 965
585 617
79 494
30 334
447 8
267 421
63 160
746 342
395 112
192 396
630 510
595 750
494 1
355 223
405 326
392 93
362 211
19 464
411 222
370 415
472 220
233 402
484 189
120 441
343 112
340 35
65 293
216 426
149 138
297 493
694 141
423 459
30 161
159 223
444 34
227 108
42 405
143 351
288 452
448 417
224 120
32 890
68 486
215 416
334 402
200 63
80 464
172 182
370 387
6 269
53 349
170 441
445 98
901 412
496 246
102 311
238 325
998 817
72 22
203 488
125 466
243 121
38 106
224 148
102 401
298 217
650 875
758 449
102 165
21 698
283 474
201 285
290 336
390 277
179 496
956 975
162 495
244 161
759 847
205 287
10 128
395 9
391 383
320 57
128 35
244 382
488 106
239 383
668 583
436 338
414 278
351 154
52 37
296 278
488 19
308 347
153 364
302 297
55 395
430 359
313 637
446 362
179 85
235 219
440 193
143 287
279 382
182 112
132 166
459 221
484 395
488 393
336 190
381 35
470 67
224 478
203 253
307 219
50 431
745 702
22 127
707 453
270 348
240 319
32 32
786 990
704 708
874 890
483 148
521 733
320 235
265 118
153 893
145 620
491 16
198 46
381 253
285 340
39 334
112 113
339 50
96 189
544 881
958 766
646 346
185 126
393 266
489 192
192 409
204 319
85 110
259 403
152 338
766 230
108 122
417 232
35 186
459 99
137 8
423 487
169 32
307 119
53 264
194 498
241 94
172 898
190 378
10 55
242 302
5 419
79 172
246 414
5 355
138 439
696 759
162 81
55 74
860 885
991 396
282 472
724 18
28 101
708 505
194 192
919 542
191 147
37 294
201 5
110 435
366 454
334 146
401 265
164 541
372 18
450 320
11 272
83 180
162 131
176 251
66 342
180 462
405 225
481 5
250 140
90 70
470 488
223 314
499 447
218 225
216 266
382 399
180 139
368 3
177 405
102 470
243 336
31 212
274 227
445 417
500 424
99 54
486 840
466 284
130 20
429 163
584 670
92 259
411 287
210 484
159 215
289 387
309 483
90 445
13 280
96 429
764 89
514 157
376 211
215 452
59 468
445 643
362 53
234 187
444 51
427 422
320 449
935 666
500 320
927 400
27 725
486 952
186 261
379 889
194 968
421 17
475 281
205 415
336 415
225 210
271 109
294 510
467 311
44 416
103 53
262 77
404 222
386 280
116 359
18 430
112 321
361 278
250 457
298 488
169 346
490 22
424 404
545 161
301 55
667 655
384 103
728 609
477 160
994 505
929 502
964 691
14 25
21 15
311 63
499 20
425 266
485 63
416 305
151 130
458 124
370 447
31 301
281 8
17 876
372 452
303 99
264 140
816 658
291 706
320 295
69 489
511 275
17 204
201 99
430 369
28 389
462 111
314 222
484 160
101 332
299 353
682 213
185 353
178 409
324 213
29 19
145 374
258 181
771 421
421 348
456 322
765 284
278 427
421 56
61 129
778 664
269 388
405 23
211 797
240 80
172 442
64 303
266 102
136 322
73 335
488 398
202 384
93 619
370 416
368 111
380 404
109 45
30 201
316 412
460 332
407 333
915 684
172 208
345 456
257 276
252 30
242 842
321 214
162 282
430 313
49 401
140 317
348 328
268 105
21 427
808 718
244 182
396 124
492 29
884 565
340 219
289 178
338 194
219 28
199 136
350 204
460 221
48 104
353 77
531 159
673 274
109 191
268 471
419 196
31 170
86 389
36 334
324 428
675 451
973 268
63 101
367 40
143 379
158 85
300 99
334 212
113 216
479 248
85 278
182 398
434 459
435 334
186 126
328 323
104 215
278 58
75 230
166 355
386 288
351 262
256 42
497 21
273 7
65 78
914 578
478 129
363 146
241 312
423 15
470 462
337 379
186 289
80 48
315 201
321 85
555 433
165 262
953 723
37 480
430 111
389 228
392 93
102 17
395 242
309 308
260 445
135 371
135 140
61 402
379 463
400 823
48 921
7 300
551 970
265 566
444 622
284 73
54 449
118 292
671 198
456 168
378 249
860 142
300 74
39 73
27 500
243 617
399 316
63 171
340 145
323 390
600 609
36 462
560 775
354 181
358 305
665 117
86 201
362 330
432 117
299 22
149 44
861 594
604 126
53 449
391 175
105 371
80 205
218 222
392 305
262 638
295 62
375 161
139 366
50 258
331 133
467 321
56 302
90 306
330 400
228 105
338 748
383 461
352 444
520 432
442 150
406 216
179 464
483 107
440 984
298 73
55 41
88 476
744 72
39 227
129 892
292 340
984 124
402 300
495 252
383 414
317 297
62 99
402 121
177 259
448 211
284 395
344 230
241 473
708 388
364 28
256 48
293 43
491 355
390 226
414 370
763 953
289 376
308 329
59 8
284 888
390 989
381 102
942 128
170 95
494 90
30 40
675 966
1 473
186 42
530 110
389 425
442 424
167 252
254 125
209 75
487 467
220 51
185 102
479 230
340 433
297 134
464 114
13 264
29 114
106 831
350 273
151 46
495 70
85 108
11 46
260 152
419 298
457 42
12 318
132 161
284 188
396 84
115 186
418 293
472 189
116 134
335 487
441 377
32 212
209 272
67 453
467 448
72 82
466 445
348 96
566 769
310 254
135 430
263 352
412 910
162 102
232 179
268 266
8 260
392 400
374 402
414 97
433 259
969 314
257 199
19 529
279 185
318 749
180 918
326 328
140 392
406 447
286 876
721 139
385 414
148 58
186 169
78 390
259 64
973 696
544 865
461 149
29 995
44 145
494 607
449 987
134 108
181 361
237 265
838 702
39 476
322 458
207 357
291 413
210 211
198 415
181 100
162 387
61 207
173 209
89 446
94 896
215 336
52 26
66 360
196 479
527 812
57 455
404 310
330 188
463 325
102 467
48 558
361 334
289 428
153 260
196 164
361 251
295 965
422 209
131 234
821 5
905 421
113 337
753 409
267 276
170 342
473 436
149 340
555 999
444 169
298 472
84 456
279 64
69 101
158 319
429 129
112 400
159 120
81 28
483 353
589 402
138 400
389 305
308 352
25 268
652 146
551 466
745 642
193 253
400 236
407 154
936 443
148 972
477 392
210 162
35 103
471 98
452 382
76 388
452 69
167 215
421 409
558 445
416 327
187 99
737 809
791 693
394 335
323 60
499 318
548 374
11 409
273 214
194 3
184 221
451 168
337 373
497 512
23 403
464 286
281 79
327 467
428 435
222 320
385 401
274 106
720 575
311 121
489 341
592 584
226 432
266 175
115 196
360 331
365 468
423 80
21 73
428 450
192 96
18 76
114 216
260 1
2 463
235 58
345 85
410 402
474 282
357 389
92 304
224 308
201 311
298 57
56 747
207 418
76 8
105 258
336 417
838 395
380 398
9 425
68 41
209 222
26 159
499 95
360 530
316 285
77 78
396 274
445 339
440 347
69 444
170 281
151 492
698 274
116 401
324 77
367 239
439 254
115 386
470 97
373 361
944 845
585 206
241 257
361 404
325 196
406 380
447 350
177 298
487 147
197 373
719 648
372 409
242 28
90 56
198 139
469 72
293 200
147 101
190 450
9 431
384 431
241 114
416 187
486 296
280 227
158 269
291 383
155 495
352 464
464 775
651 67
50 86
178 971
943 759
376 214
9 271
345 140
398 385
370 103
374 190
974 963
226 455
111 192
87 428
93 76
96 332
884 85
305 410
438 130
244 10
109 45
400 484
329 372
873 41
348 261
451 673
354 321
665 359
261 68
559 840
130 337
390 359
764 717
65 462
430 8
360 181
76 115
294 146
971 43
447 465
811 407
141 255
125 73
4 281
358 437
929 666
120 263
121 493
410 60
436 312
217 350
303 42
269 164
978 944
465 160
16 387
66 272
66 402
744 762
138 379
81 47
359 233
596 367
242 476
83 7
142 328
459 447
903 137
125 62
776 579
318 462
191 149
202 449
420 351
251 421
226 226
441 193
105 363
445 236
29 19
2 370
333 341
278 228
287 439
408 181
292 11
936 686
492 115
236 482
195 170
362 291
201 428
261 90
577 127
263 404
404 322
367 374
337 240
484 144
490 22
438 308
286 431
117 367
173 112
202 272
194 393
300 80
470 165
19 343
26 628
315 428
167 409
103 464
500 772
483 178
993 220
487 69
106 172
486 193
37 487
61 123
317 82
979 222
155 374
487 319
583 699
378 209
465 723
77 232
446 72
179 408
78 4
308 65
162 111
186 874
842 756
33 238
495 262
129 451
93 190
492 384
111 41
357 456
190 124
128 413
366 51
481 171
268 44
458 940
130 491
423 192
110 333
424 179
281 764
324 481
148 431
442 438
400 484
277 441
395 174
435 479
233 414
15 292
113 753
112 467
376 451
379 328
54 332
472 249
353 146
146 981
160 434
343 135
267 197
27 722
589 568
465 224
72 107
336 98
164 305
855 142
28 221
299 308
293 360
495 199
401 500
432 428
381 17
227 287
927 661
320 154
355 111
344 511
441 205
140 79
153 183
349 84
337 171
78 758
117 405
194 213
391 423
309 267
272 177
320 353
320 25
414 219
277 197
401 441
120 388
742 133
368 391
326 420
494 302
240 191
455 391
340 122
110 182
311 65
114 235
218 224
500 203
74 472
379 192
424 390
188 87
839 13
415 349
442 2
207 282
172 702
403 293
427 299
291 87
407 370
984 595
3 254
349 213
468 838
452 329
356 40
453 317
171 126
231 52
135 45
43 171
2 242
266 484
425 276
459 94
186 166
451 123
273 49
68 546
46 420
498 102
421 123
91 481
191 66
44 187
258 451
276 448
263 114
894 358
250 414
175 434
288 376
14 254
584 116
480 371
391 116
398 490
386 298
141 454
248 122
855 172
359 398
66 477
236 147
425 328
296 463
145 350
970 500
544 296
823 113
466 388
455 474
10 614
326 226
211 154
385 29
362 50
349 106
62 131
368 298
14 200
263 151
491 282
987 112
169 273
292 266
435 21
142 370
372 308
453 15
356 432
173 478
239 193
447 19
244 282
14 993
954 749
429 426
249 206
353 58
143 128
295 66
26 309
261 294
371 211
129 218
315 140
211 100
853 410
336 278
134 81
101 56
301 261
533 775
744 917
316 126
1 388
353 311
855 716
357 533
468 438
224 440
859 341
359 284
348 821
437 194
307 37
81 376
356 249
490 148
475 573
480 904
194 317
343 277
89 154
226 352
466 57
49 227
463 107
125 649
479 81
153 252
74 7
166 31
214 320
410 971
249 228
28 453
2 114
505 639
686 796
192 98
73 230
730 575
309 385
