1000 255918
5000
1 544
81 1056
40 368
51 567
70 1549
90 605
85 1175
97 324
81 1472
95 1705
22 1741
70 1032
29 185
2 1242
35 693
91 342
63 822
2 231
78 936
81 557
47 1787
69 492
61 344
73 1375
39 856
79 291
45 606
64 504
79 620
26 1099
35 1169
14 1452
18 1108
79 314
7 1925
87 1066
67 1651
32 100
85 1610
16 856
94 1481
32 1924
79 841
27 719
61 626
24 447
72 425
65 589
67 23
60 1077
78 776
8 1795
79 1004
36 58
87 838
22 393
4 1226
58 1537
28 1724
57 449
89 227
70 655
47 1933
73 1399
7 1550
18 1832
18 110
94 947
93 1505
53 419
91 1924
34 27
59 454
23 196
60 611
56 925
23 1179
90 670
79 814
37 1844
49 4
43 871
32 1670
100 1105
33 1675
36 1491
5 883
6 1736
49 456
42 1761
92 584
56 1003
4 968
62 201
29 1253
40 1150
79 423
43 1714
40 560
93 38
6 1011
79 305
10 1785
84 429
99 20
4 1001
28 887
33 1414
85 116
71 1516
1 1361
57 1807
43 1563
60 31
99 1073
35 683
13 1216
53 190
68 1284
33 1181
34 356
89 1264
64 1797
100 558
54 1273
87 203
19 1829
39 1261
10 88
7 1427
3 366
56 964
62 911
94 928
15 455
95 1883
97 898
85 1394
63 1170
48 793
7 751
49 306
88 89
56 673
23 756
68 690
44 680
9 655
22 1066
90 1808
68 1277
49 249
74 573
91 434
66 1077
5 1196
20 129
90 161
74 1670
8 578
99 1144
98 678
59 1365
45 1619
72 407
11 1403
71 91
29 142
80 217
33 1515
96 385
30 1104
40 1476
6 478
8 999
38 304
5 1783
96 980
78 864
21 1737
54 962
13 1293
7 900
29 922
18 1395
67 844
5 848
60 1706
53 268
13 983
24 405
42 65
7 168
33 52
44 950
5 135
76 1227
54 1249
51 409
76 871
7 1056
86 802
28 1627
27 1584
76 24
87 251
69 625
90 1901
85 722
21 388
73 1358
36 1845
99 1251
43 1270
31 1979
50 1768
14 196
12 752
56 484
48 489
1 364
19 15
15 380
42 1618
83 1987
11 147
60 739
47 1200
100 572
71 1957
72 1586
48 406
45 948
64 1131
55 295
48 1167
85 1039
63 853
53 1339
98 1703
26 98
63 598
68 1405
15 355
22 502
97 1896
48 1776
97 330
49 1044
15 1832
8 1733
41 1038
76 1313
15 1704
74 754
76 904
31 1207
47 1022
54 144
38 324
21 1016
97 1050
4 231
11 1513
60 1884
18 854
50 435
11 1284
15 629
74 716
100 1309
94 1697
10 848
49 426
84 906
76 1097
9 1643
65 868
76 862
6 740
79 1553
36 1741
40 1309
45 1756
19 3
78 1669
19 1179
98 336
54 598
79 1469
96 239
12 1705
71 1358
79 1492
92 314
87 1508
65 368
57 1660
10 815
12 1349
90 1537
9 1620
54 297
43 882
15 1604
65 389
54 756
64 1308
88 730
3 404
2 725
59 1312
13 1595
66 1129
82 918
47 26
76 1107
69 1169
38 1640
55 1540
23 1705
97 889
80 1371
94 1411
24 177
26 46
24 1054
69 1753
94 1691
13 1581
56 881
69 1409
60 1154
17 85
33 1946
68 223
93 64
32 64
95 1072
41 769
55 1232
93 1270
75 487
2 102
93 1732
82 432
40 1509
28 64
22 840
87 826
62 353
39 1517
76 563
87 1173
23 11
70 229
35 1705
83 751
98 1347
34 768
9 1244
23 1945
76 1227
41 1440
27 1701
89 913
2 405
60 922
78 1670
16 1091
100 1393
22 1999
96 1390
37 545
74 516
17 1203
49 1871
5 1462
41 1277
26 1339
3 730
79 489
50 1242
35 1456
73 756
45 1270
89 1735
86 1882
87 1224
71 1954
25 597
85 1291
61 426
90 42
74 1744
93 1511
4 972
23 1969
82 244
57 1802
15 1206
44 1044
12 1199
30 764
53 221
89 1470
29 239
82 1060
26 1979
95 1582
24 277
41 975
7 414
8 1369
21 848
84 1505
49 1194
61 1753
79 606
75 711
13 107
61 1533
30 309
80 1862
72 605
29 770
20 575
34 1641
46 965
63 891
26 710
94 482
24 409
15 1748
80 1574
11 88
76 799
22 138
79 736
40 232
69 1454
62 1849
36 1912
50 456
47 119
7 1805
96 1455
14 1102
19 1417
94 323
65 600
33 331
70 1297
8 1162
98 597
100 1462
21 489
59 867
99 1713
35 718
100 49
47 402
69 1222
33 1304
66 1728
97 432
30 1520
28 1278
41 547
88 1171
72 1698
65 886
76 58
56 333
97 567
98 431
21 140
89 690
12 1546
95 530
56 1990
54 725
38 290
54 319
14 168
69 1665
40 693
64 335
95 1865
36 1936
60 1826
46 1068
58 21
73 1596
48 1386
96 1707
96 1483
51 767
55 930
59 449
54 1811
43 45
86 1553
56 796
9 1335
97 1607
11 1444
6 272
92 449
78 273
19 1585
73 47
79 508
63 355
59 900
41 990
94 236
54 1115
95 761
23 1858
38 465
89 1066
13 144
74 272
70 55
24 1040
74 618
76 895
99 373
78 1681
53 1491
26 1599
32 376
52 1726
2 1574
1 291
31 1004
63 1094
62 1654
4 1638
57 1026
35 1614
63 677
97 467
41 101
73 74
80 1628
6 1192
37 463
78 96
33 683
39 1736
46 753
98 1850
52 1905
45 847
22 776
63 979
46 64
38 1510
85 201
82 55
67 799
22 1205
90 1971
3 1307
4 383
29 954
36 1811
84 1757
35 1520
37 1982
53 1903
86 698
25 127
12 1003
66 966
36 1533
14 780
79 751
55 345
98 1372
9 1120
55 648
36 1565
59 1995
40 1993
7 1884
67 1601
24 1083
90 1632
59 504
86 1765
41 977
76 1590
91 1112
83 1566
92 1180
79 1651
79 423
43 1052
43 1446
37 69
90 1957
45 1833
25 1610
73 44
82 1677
52 1956
52 4
45 62
98 790
3 718
9 978
74 1477
32 1854
92 1710
4 1871
80 1715
27 435
2 680
13 1761
29 1071
21 82
81 1574
20 1476
47 1810
61 1826
71 325
2 1552
96 79
33 50
65 1331
15 981
86 1346
50 217
12 367
49 1831
26 469
57 1971
50 355
98 1323
27 945
20 91
98 151
28 1467
28 715
59 86
88 1678
65 790
100 1273
45 619
62 425
86 1102
13 376
6 1748
98 1800
43 637
72 444
10 668
30 1260
94 1800
95 795
11 1478
48 712
76 377
35 125
58 161
49 1510
37 1725
22 1525
5 725
60 660
76 699
28 1234
76 1314
76 1728
46 1984
38 1042
69 1857
97 1722
47 1887
82 1183
67 970
19 650
6 134
76 37
25 1010
48 779
14 1920
64 1318
37 284
42 168
34 1218
92 1647
44 1360
44 1143
37 1566
92 1505
26 241
31 820
48 1660
21 1254
9 1690
100 1921
38 1884
42 751
29 1315
43 129
12 279
31 1490
84 889
52 1808
33 66
1 1851
28 765
99 487
60 1158
43 1839
49 1433
73 1587
71 622
81 367
51 1115
59 942
40 753
38 699
74 61
18 1477
31 1687
69 271
73 221
77 1162
82 115
30 1599
45 1134
24 1132
6 1232
35 224
26 707
32 1407
82 1589
3 1
79 1660
21 471
25 305
60 1476
71 1618
33 1858
77 1110
96 191
55 996
86 1802
18 451
56 258
22 735
40 1667
5 1176
13 1189
65 1134
21 318
43 1630
37 240
66 1600
60 1363
80 1569
42 1544
98 1167
15 1530
27 617
22 1134
80 1198
58 483
53 1492
37 306
91 1779
85 256
3 711
89 1655
34 416
31 16
93 50
73 108
9 1735
5 490
32 1440
5 518
41 1385
52 1628
16 1923
30 1688
82 289
48 1675
18 686
89 1072
24 1610
71 1699
89 1760
67 1015
92 1000
25 998
92 528
92 873
82 290
14 1688
85 1847
30 300
16 489
8 1676
48 1296
44 308
30 577
96 761
57 249
96 819
34 1087
53 1385
78 1980
97 1414
98 1241
52 501
35 1328
32 1787
78 1751
41 1882
82 530
25 1393
100 1790
15 438
46 287
70 1172
40 1241
2 1627
8 552
28 1501
82 1591
72 1151
16 1085
73 495
81 1246
44 1648
29 384
26 1257
34 635
100 1124
99 132
100 1921
86 468
44 46
91 696
83 365
53 1161
78 1942
83 507
53 1051
58 1373
76 559
87 1554
34 669
29 721
74 1071
91 596
9 908
40 1229
66 1264
100 637
90 662
3 1954
98 1308
67 812
79 1130
64 772
90 1316
38 1185
91 1016
57 1727
53 1631
74 1806
29 1893
36 75
90 953
36 139
49 700
84 926
45 378
6 357
69 1172
24 909
72 709
79 280
62 1601
72 1365
76 1384
92 494
20 1348
51 1645
98 1096
99 1615
4 1052
12 1799
54 1571
40 771
18 1481
34 1061
34 837
74 790
61 203
54 607
89 341
50 86
99 935
77 1155
49 33
85 790
12 1832
70 1580
12 1094
3 1603
37 764
58 1472
24 461
49 539
16 963
41 1772
88 725
6 344
80 1550
71 1465
59 1970
31 241
11 1600
77 1538
68 1135
36 466
60 479
18 186
15 238
43 746
94 945
60 1776
34 1553
31 1919
82 683
66 1157
73 916
20 643
10 1149
87 1906
32 1282
36 649
23 993
98 240
91 1920
94 1376
36 1081
21 1070
75 1580
54 380
42 1049
39 1681
76 1001
52 536
58 1762
26 1373
8 1959
41 1672
88 1463
29 1284
2 1064
38 65
60 1017
82 1243
12 1370
86 1068
67 1278
9 40
6 730
36 811
85 766
82 1680
75 121
100 605
53 1052
6 557
82 142
19 1251
89 402
76 978
42 678
9 1380
48 518
66 579
34 417
25 1752
52 1967
3 239
16 1086
35 1061
25 399
1 543
86 826
21 703
67 1305
36 186
88 1018
11 350
51 1911
85 827
83 1371
67 851
71 1590
85 1866
46 1093
49 1439
77 1357
57 1262
32 355
23 1941
95 173
62 836
19 542
67 606
23 845
2 1472
66 1600
78 1878
19 1973
32 1710
67 915
59 1489
2 1016
39 899
82 232
72 1639
22 1658
59 1134
87 76
8 1719
9 205
68 1736
60 1946
8 1943
40 1979
9 1399
16 1219
87 433
53 277
95 1387
49 1578
25 894
28 1617
73 1335
98 1395
75 1644
6 1076
3 17
43 851
28 1381
42 370
12 723
69 1585
19 1593
18 712
47 1869
21 1929
71 496
65 1891
42 141
95 1879
87 1751
55 134
77 981
94 1839
49 899
54 1061
14 1661
95 548
5 690
40 1809
55 1559
46 1794
72 566
14 804
31 1585
78 35
94 657
60 713
56 250
17 1732
91 1501
33 109
65 1575
15 348
31 1677
34 1936
69 95
95 1140
91 1488
72 1682
94 1178
70 1039
74 9
62 1644
37 941
68 169
94 809
37 766
54 805
83 528
15 1245
74 941
100 1333
100 1715
78 1077
86 554
17 1136
83 1843
46 1995
90 1919
67 274
20 1945
90 43
64 171
5 1222
2 950
93 501
25 1321
10 1343
91 581
69 1991
82 590
41 1733
46 1306
33 482
70 980
86 1128
89 386
60 384
38 419
75 109
73 1182
23 533
16 557
82 1766
19 1894
64 1141
1 1738
86 722
56 1720
17 1176
93 1718
16 111
72 721
32 1978
66 567
51 751
46 1972
23 293
47 467
25 1297
96 783
80 1222
89 692
6 179
31 1501
19 1464
30 1618
90 1988
36 527
11 1511
38 256
99 782
44 1304
20 1501
10 622
98 1735
87 329
14 155
67 1901
77 498
81 879
65 695
43 736
80 600
37 702
42 1633
90 1480
43 1532
4 953
32 1672
16 38
28 601
97 1314
53 1595
82 1733
4 1466
78 1815
70 1285
77 990
90 1273
87 664
1 439
97 68
34 1439
79 1517
57 271
71 1473
47 1241
99 376
33 1369
28 657
18 1631
46 15
30 1845
62 1106
54 812
38 1627
95 1417
10 119
57 1256
57 907
94 356
54 646
81 788
40 1550
20 1706
64 183
35 713
60 457
55 534
88 1717
28 950
43 1682
67 1544
78 1830
50 644
48 1356
1 69
97 1514
29 1465
75 1344
58 1704
48 1166
46 1346
94 761
40 1482
49 679
21 1208
60 1226
37 1918
76 914
24 1382
89 143
75 299
11 642
44 552
3 1459
43 725
73 1313
78 1842
33 710
97 1933
51 289
29 904
56 1273
64 1278
88 490
31 233
63 1710
97 1558
1 1903
46 1660
23 1390
95 866
63 1888
43 1131
15 1836
31 1287
79 754
75 1364
19 1338
40 83
13 1757
10 1750
75 858
28 375
96 1588
27 861
43 867
4 1536
54 511
24 167
96 1517
8 1364
24 604
35 827
40 837
7 1330
15 854
98 193
69 200
37 848
48 131
36 1126
84 290
51 68
38 1868
59 1959
15 1440
58 115
100 1725
15 1265
84 1414
55 1157
72 483
45 59
40 226
92 616
39 1075
70 746
37 441
28 1828
6 1364
8 39
91 1911
18 1121
24 41
44 802
5 757
46 1783
63 1733
63 1353
51 1856
25 153
88 872
7 364
100 647
81 62
19 1196
91 1848
81 631
48 1647
41 373
28 1507
8 1007
74 1641
51 449
84 504
97 1940
82 1522
50 916
50 1847
87 506
60 855
59 173
62 1975
83 1335
61 1167
28 1666
88 270
10 13
96 826
85 1054
93 69
8 315
72 445
81 1155
31 296
63 1814
82 123
42 1588
33 1466
88 1766
59 453
17 1768
82 1033
49 890
83 1402
19 1872
76 496
61 1555
94 446
69 1286
47 1620
41 758
8 1883
33 359
82 864
14 602
3 1757
71 48
21 1848
65 1042
95 807
76 1890
10 1152
80 724
2 1571
59 1589
45 1188
1 428
99 942
14 1137
56 131
7 841
87 1647
6 1517
46 1102
90 548
8 552
94 988
57 754
68 616
62 221
5 1597
28 1622
40 75
47 877
85 1724
34 1470
84 3
84 1274
45 181
17 1284
49 44
98 1726
2 1619
14 251
10 58
23 560
75 1307
13 1283
36 683
92 1311
61 711
45 1186
46 1521
87 972
83 400
91 294
58 1642
33 464
66 477
81 496
19 1310
33 885
38 1890
5 1198
27 385
54 102
41 1276
66 1467
91 1268
20 1517
22 600
11 1861
82 1512
26 170
91 751
67 1793
22 45
31 1761
49 546
55 1197
47 1533
15 1532
83 283
71 1227
27 921
79 228
40 193
87 549
17 789
16 1178
51 788
65 280
34 1639
34 37
72 56
21 1346
78 1969
33 678
19 342
87 1434
99 1443
83 1750
4 968
15 585
97 582
41 1534
94 1251
55 1666
87 1070
63 1671
27 1229
28 468
21 1997
23 575
20 951
79 384
66 1857
33 1553
67 737
83 1713
1 790
8 1050
84 212
55 1091
100 1924
89 846
79 575
61 1360
16 863
89 1782
64 612
47 68
89 1216
19 1471
95 1859
92 916
83 312
56 253
48 308
26 522
80 17
98 905
6 1846
75 978
51 1806
97 330
43 874
21 1381
39 409
55 1915
96 1519
11 1222
56 1086
1 1183
54 142
25 1355
86 195
6 1485
95 1468
78 1812
38 1476
94 1612
70 908
24 822
10 339
91 1850
97 145
84 876
73 617
49 567
92 1566
59 972
70 154
89 373
47 1818
12 622
40 1745
12 1762
91 1206
10 261
39 512
44 1106
88 3
3 888
36 149
5 792
4 1744
75 618
68 864
87 616
72 1332
100 67
17 1752
5 1757
68 803
48 1756
4 1138
39 1687
57 279
68 882
94 79
56 998
88 502
96 1502
38 978
97 953
97 810
29 1904
16 1337
3 1936
47 1854
13 1350
96 2000
16 442
17 1248
64 1467
90 1874
11 1529
68 1915
87 473
27 1192
56 992
9 172
2 1401
60 1267
33 300
37 1212
23 604
70 1752
80 1023
31 398
95 1973
35 1308
93 1286
94 1713
63 21
81 1468
90 1437
16 1049
56 1413
90 1138
33 1672
15 1754
97 135
97 1034
51 894
80 1975
6 547
79 964
95 1959
60 528
57 563
22 1887
8 800
63 165
73 1792
26 1278
74 431
73 1473
65 1070
26 504
17 1337
61 351
85 433
96 1657
13 281
83 1530
45 889
65 773
77 1098
72 1590
85 1191
69 988
79 1429
68 588
71 1377
60 210
72 1277
94 1537
74 371
96 324
58 1950
48 382
25 1720
73 1161
47 1962
49 897
81 725
94 1451
75 1373
56 1885
68 398
6 1039
3 387
46 233
85 1802
81 582
41 1531
68 1171
48 1712
63 378
96 197
27 1007
6 1628
60 464
49 1774
72 532
91 398
9 491
22 726
32 1426
13 432
74 1974
24 41
60 1551
80 805
46 599
22 1500
26 1905
56 1397
9 343
89 1731
74 1241
7 215
99 1236
21 469
99 832
12 1484
31 1171
18 1314
11 1149
99 759
25 1039
70 425
18 1182
82 1463
2 18
7 1480
89 1403
73 1492
92 578
78 827
21 813
23 1333
8 1471
15 307
44 856
27 1513
38 1686
10 1364
40 901
81 1616
33 1128
65 760
29 1106
19 1194
44 567
52 665
3 380
88 657
26 1789
3 90
86 1454
86 1791
47 1555
40 1871
97 248
22 455
88 1125
6 541
34 1391
36 538
73 1098
59 1229
37 518
21 30
80 319
87 56
7 902
46 1738
89 1283
65 819
78 198
18 173
67 399
62 295
66 1790
79 579
97 309
6 415
33 948
57 1071
25 1811
6 536
29 1466
10 65
93 838
1 1190
65 931
84 786
61 1640
20 15
92 1204
33 1760
21 1728
43 1757
46 1091
36 133
96 748
53 1260
6 1239
93 353
54 880
59 881
20 1614
83 1377
5 226
57 1820
46 328
99 20
27 1049
89 1651
4 983
62 1252
34 1672
100 747
68 752
75 566
48 667
7 848
70 72
68 809
19 511
39 1728
42 45
38 1427
70 1971
99 1336
65 1374
59 280
58 1476
88 866
63 271
49 1696
86 705
59 521
19 464
14 1776
69 1582
23 1441
70 1406
71 229
10 287
19 1646
36 631
28 306
9 1753
28 1069
36 1113
48 630
15 747
79 1105
33 1395
50 1643
16 220
40 515
100 1041
33 967
67 1193
42 925
75 1955
58 203
63 1590
57 226
95 768
66 165
73 1100
32 865
66 746
12 608
59 271
21 1843
31 732
37 604
12 1124
27 91
40 1463
42 87
3 1945
35 263
31 584
78 1060
16 1683
34 656
85 1187
25 1768
17 1362
42 1847
96 1689
78 168
64 778
55 1823
10 1143
43 77
19 1052
13 618
27 1828
35 549
35 1238
54 1166
7 1938
29 1585
80 1785
66 1512
22 593
72 734
74 369
94 326
77 1852
95 583
6 1784
39 957
95 1646
73 786
42 12
12 1425
21 531
96 838
97 1298
94 1667
50 1708
47 947
2 1617
79 134
32 1315
31 936
47 253
17 1768
16 1636
58 1612
52 245
94 620
23 544
71 1173
41 1906
3 1098
56 216
63 1906
92 662
10 1420
24 77
32 752
60 1034
78 1189
80 742
82 429
27 219
54 1288
18 346
96 1850
48 1483
17 1158
88 283
73 917
47 746
65 706
51 1830
5 1893
33 1221
11 108
49 1212
64 459
85 703
8 724
28 1878
65 745
92 1856
94 394
86 1723
59 1939
59 999
36 1439
73 1191
65 1492
10 884
82 1419
41 308
23 1040
75 338
61 1432
38 364
68 1815
7 368
83 962
65 184
70 1605
99 256
77 212
70 1292
93 1104
100 158
17 601
84 1290
56 969
48 1859
16 1908
92 1082
25 633
62 1920
67 1274
28 532
87 1566
65 1181
74 147
85 844
65 498
37 1293
38 62
66 235
95 633
33 777
40 1085
49 121
76 241
48 1365
46 47
10 1126
13 957
40 1026
13 613
81 1075
97 1279
18 1118
12 26
71 1038
75 1300
61 1098
47 1684
84 1771
35 1865
27 1322
7 1305
72 285
43 281
18 116
76 1180
81 576
32 1340
19 497
95 907
80 1705
66 581
87 678
7 1198
38 957
48 1067
98 1567
34 277
54 582
47 1478
74 1396
94 841
23 1512
88 1242
81 1884
66 804
15 944
98 1155
44 1311
6 252
34 1082
15 1994
79 1459
74 214
70 1209
27 1227
88 948
38 571
87 447
55 1261
76 101
87 1708
54 812
14 1356
73 41
20 1833
46 1884
43 1158
39 1599
55 1788
59 1215
92 963
47 449
31 1242
16 1592
64 1437
16 1841
18 1952
96 500
87 1408
27 571
93 633
87 582
37 1132
68 1610
73 1490
98 19
81 1975
57 1908
66 162
32 1230
74 1440
33 186
11 505
68 1673
85 1322
64 1480
63 200
26 1778
82 1443
97 594
4 1248
9 1593
11 1642
55 921
31 462
3 607
95 190
89 264
54 1111
10 1363
21 768
55 1461
43 1477
97 1374
77 1990
50 204
87 1431
18 482
68 1376
29 169
82 1113
33 1328
4 749
9 319
22 528
95 1686
13 980
3 1958
10 1840
76 1114
83 1318
69 1425
99 130
9 477
13 1721
79 467
80 1902
83 603
49 1848
47 1501
80 524
62 1579
37 917
63 1250
10 1370
54 1398
12 1131
26 1489
42 922
65 1540
93 1846
62 1047
85 1240
44 803
98 1908
77 291
56 1001
54 830
81 1467
27 1612
40 1102
14 1022
44 1909
86 1162
84 275
89 659
73 133
76 1381
81 477
58 338
22 1273
59 1143
79 1557
11 293
34 632
41 1813
62 56
22 1252
15 1483
88 541
15 208
44 1569
64 406
97 132
28 583
20 329
23 46
40 1169
94 1040
38 646
82 1835
51 102
18 1818
67 1507
50 493
73 1678
51 760
6 1744
20 1297
28 821
98 823
73 644
38 599
25 145
86 974
48 531
73 1998
56 262
9 734
89 246
68 396
76 1796
23 620
69 1736
97 826
31 613
7 1432
1 59
16 1682
82 185
75 457
54 1401
46 1362
65 1271
71 1852
22 955
86 1512
31 877
73 467
41 1292
80 387
55 1047
70 471
44 1730
1 880
49 241
66 25
3 1626
22 1230
51 1699
28 741
24 71
15 23
83 908
20 634
40 789
69 1809
21 1474
43 353
93 561
77 1633
84 1193
15 1589
7 1689
87 1947
1 46
55 1461
98 1654
92 427
54 1592
94 492
66 1155
87 516
69 681
52 1969
30 766
40 1141
93 445
18 1155
7 771
59 580
79 613
6 137
13 408
37 284
37 984
70 1944
57 1457
100 340
67 148
70 639
80 1651
36 1722
42 1881
85 1276
62 1601
43 1246
16 703
49 1769
42 165
21 1423
56 1472
7 1225
54 206
34 51
15 1590
13 896
98 1305
36 657
12 78
19 648
80 1626
98 1011
99 1690
19 1858
72 943
78 114
67 538
28 1420
16 739
50 1419
76 1538
62 120
44 49
98 1444
96 867
20 571
25 1310
4 476
53 855
96 1760
23 1654
24 395
89 1576
23 1559
89 831
87 1288
65 890
6 985
79 1306
18 1697
44 704
35 442
84 293
58 200
17 1745
41 642
41 1490
69 822
48 1759
29 886
88 1958
35 266
75 939
4 1991
62 1612
60 829
14 1286
32 1067
92 367
20 1667
68 1957
69 894
79 879
55 1394
25 646
56 1369
21 563
29 398
1 258
34 1285
10 1743
98 927
4 1653
21 148
64 824
68 542
30 1289
9 864
52 1659
48 1356
16 1083
49 481
98 1404
75 316
42 1886
8 1242
76 1712
49 1441
66 51
16 512
75 1490
58 1351
100 565
63 865
53 1691
13 1361
36 184
2 307
51 215
56 1659
51 31
54 239
81 563
25 526
50 913
61 174
6 270
25 1363
53 1214
3 1025
32 1312
32 556
61 206
77 1395
99 205
84 186
61 1144
44 868
72 681
56 77
62 1198
48 821
99 1906
37 424
66 1125
91 473
34 1591
99 1320
70 629
37 204
40 36
100 1410
98 627
16 1650
26 541
88 1865
5 1381
13 1128
25 382
92 542
3 1367
57 1595
79 200
7 880
82 751
19 1314
8 1157
23 313
52 244
50 1842
37 381
48 349
34 102
83 1374
24 684
37 486
98 218
36 260
50 1501
70 950
43 1958
92 464
73 718
9 502
11 884
9 390
17 1489
24 94
29 1663
58 937
4 566
57 852
89 859
90 1168
53 387
66 492
33 1212
83 1981
61 68
17 1459
89 405
19 1450
87 1304
98 1520
18 312
23 781
93 1136
52 592
58 76
27 1017
89 932
77 72
46 1424
1 1172
61 1510
83 510
31 1919
44 1132
26 1364
97 622
100 549
54 1430
79 736
33 1867
14 451
15 566
4 1045
91 1865
91 1620
25 212
30 353
11 1363
4 1106
74 1289
94 537
67 1563
64 1387
77 263
68 718
87 123
77 873
21 58
38 1304
14 1235
69 618
70 1484
55 250
95 230
8 735
17 162
85 1744
99 516
11 831
14 417
24 581
78 1743
70 1940
81 830
48 1307
94 1650
33 1691
57 1014
5 1089
7 1487
66 745
91 448
73 455
48 1864
8 514
53 1439
84 1586
9 1124
99 188
53 1317
28 1908
52 1446
42 1666
66 1277
91 537
100 162
15 1075
61 719
82 701
12 1619
40 206
32 1998
46 816
85 1058
86 43
19 1324
93 1661
71 1185
64 323
33 405
45 1842
32 1321
55 322
19 381
80 1093
89 1998
73 1088
63 1534
76 1524
69 1226
40 655
80 774
89 353
18 1725
41 1086
86 1259
77 1320
44 942
96 833
79 1274
41 447
49 1049
13 1201
85 473
38 1552
6 576
66 1839
33 437
42 769
6 535
49 1710
56 653
10 1826
76 63
56 246
60 1480
80 1484
25 274
39 21
83 1693
54 439
68 726
65 177
47 1736
68 176
46 1236
98 1032
73 1543
24 572
28 1053
77 1148
71 924
55 534
33 1246
20 1363
65 836
82 1099
24 1068
50 1724
72 1210
100 839
39 1317
58 1451
49 1158
81 670
47 248
28 668
50 1959
59 1123
56 1675
79 1856
29 1979
61 999
61 276
15 543
42 1067
87 688
90 631
69 98
45 777
97 1539
67 991
61 1874
81 1029
37 1189
38 1650
12 634
35 856
92 385
40 1113
99 673
49 329
90 1256
53 1465
42 956
90 692
77 143
70 1006
34 1391
75 12
88 816
30 1823
13 1686
75 1627
18 362
64 458
30 85
96 821
89 306
2 1679
12 919
79 531
58 1176
34 939
87 1753
91 1463
51 768
100 1913
92 983
99 1751
39 550
32 717
27 275
38 1501
28 890
73 750
83 378
57 704
17 1112
82 1375
31 687
98 65
74 1147
76 427
75 747
56 474
34 1404
37 1287
45 1394
27 65
68 1522
73 514
87 1713
46 319
37 266
10 238
69 1598
90 753
35 170
19 1625
93 1243
7 636
38 1027
83 1544
5 974
78 1956
42 977
12 848
10 300
80 1867
75 65
48 1347
90 60
24 1359
28 1566
68 1005
46 1754
56 465
45 1242
22 1006
91 1354
75 181
11 1001
33 1456
16 52
43 1696
67 783
64 1543
68 856
19 377
69 821
8 1257
7 196
63 1610
44 907
37 1299
15 63
15 1425
22 130
68 770
78 772
28 1949
41 830
62 269
53 1974
38 601
28 993
81 353
58 482
89 202
82 1113
46 868
45 1271
80 1018
20 1206
12 713
84 1307
28 833
87 1741
43 103
65 842
25 1857
98 1273
34 930
81 936
3 1777
73 1511
87 310
52 1147
72 1850
99 1216
57 490
12 753
57 304
6 966
20 281
82 1971
18 1936
88 892
58 1096
74 1657
62 1929
21 1764
72 1819
84 1600
43 1575
67 678
7 1406
46 442
56 1593
73 914
20 1115
11 1635
3 1817
66 48
76 1479
24 798
54 1919
23 1302
59 659
71 598
28 877
40 581
76 616
55 648
66 611
18 246
60 1541
92 2
4 614
77 759
63 1953
34 1376
5 474
3 105
59 1190
16 809
24 411
32 62
43 454
50 1991
19 1008
14 40
62 630
12 392
95 1654
18 1245
49 18
2 717
31 993
41 758
29 436
4 1455
80 1698
14 1126
81 1871
20 973
1 1885
46 721
80 1675
96 1888
49 1620
69 915
86 340
98 114
79 941
51 1932
29 1360
39 1062
94 350
9 1061
87 1862
29 129
21 17
70 1637
65 822
19 1317
72 1152
24 561
27 309
14 1916
44 895
60 1231
10 669
16 1899
76 1000
100 527
16 418
40 900
91 716
62 715
76 1754
53 979
37 1345
71 1641
79 985
25 94
81 1123
20 890
16 935
79 1844
95 654
31 1495
53 218
62 99
12 708
94 151
76 1436
8 452
72 681
73 596
84 886
32 465
81 1958
17 719
85 1189
33 300
82 1718
63 1269
6 629
33 72
51 365
51 1586
81 488
77 1636
1 324
28 197
95 1307
31 1254
53 568
22 382
71 257
3 1771
90 31
31 1402
65 1662
65 1489
49 1197
2 738
41 80
67 1649
54 745
12 290
69 1087
33 1455
71 144
100 1383
69 1198
42 1522
27 1611
13 1001
82 390
92 500
4 7
64 61
49 113
69 1893
37 653
61 110
96 356
72 1722
91 1648
44 808
85 1176
91 435
2 1322
83 1525
87 1695
73 1917
59 1603
92 1972
67 282
4 1391
43 1105
19 1284
16 1011
81 1061
71 575
44 828
33 922
55 456
87 57
98 1699
16 1874
8 1703
24 645
53 1770
8 270
18 116
5 1537
38 442
32 853
39 1533
10 1276
24 993
95 61
22 1763
68 1469
38 1565
32 1616
73 892
98 1278
68 1491
13 1164
50 940
38 940
76 731
47 1311
95 782
89 1213
20 204
89 363
66 1340
31 504
70 1942
9 679
32 1003
6 1400
92 1284
35 614
11 44
26 313
51 351
34 1325
47 1991
68 51
93 42
22 1304
66 1645
44 1401
89 333
42 1623
40 1688
86 1516
60 225
85 1235
99 1684
45 573
11 1359
7 1227
93 959
83 251
53 723
54 1603
85 558
29 1402
24 1171
23 1647
9 2000
19 149
54 1479
9 1853
13 457
84 1892
1 237
91 484
89 118
7 868
36 636
21 1220
27 862
59 1010
66 248
68 1071
59 549
94 1502
13 1921
88 1935
99 294
67 609
58 433
74 1474
95 647
49 468
89 1579
99 884
72 1936
44 1127
77 150
22 507
88 345
79 1172
40 1434
34 291
72 939
46 1559
58 779
73 961
59 304
34 1114
21 1364
100 834
33 144
72 1949
22 1010
11 16
52 237
16 1455
19 1801
52 1956
85 817
74 768
1 877
43 92
23 1442
11 628
73 557
91 438
74 444
13 1232
42 886
89 1390
44 655
73 770
93 421
90 420
7 1010
70 1339
12 1878
92 1803
82 1069
30 1373
12 1255
11 484
51 578
19 1987
35 911
56 440
21 732
89 1305
98 1512
14 1365
59 370
14 27
1 373
45 892
43 333
13 674
86 1577
59 1923
27 926
70 1943
92 1124
49 986
42 1976
28 224
70 1519
41 785
88 1978
18 1524
52 176
56 1037
37 860
10 273
11 1113
49 859
17 1581
26 1024
68 452
79 57
80 454
43 545
48 1536
89 890
51 1541
58 877
78 849
71 1750
22 1846
14 1366
96 777
17 804
95 21
53 1430
12 1964
16 1843
21 1473
39 1173
37 222
74 1448
44 1630
13 1006
50 797
4 415
21 1112
84 1266
89 1630
17 189
57 1358
50 445
97 5
72 1173
59 705
33 70
89 1177
37 1749
46 1080
47 992
38 1611
49 1450
33 1155
91 517
46 974
31 1952
68 617
17 1156
30 54
32 964
1 450
10 1275
51 1529
48 1088
92 1278
8 1145
58 1783
31 1333
58 803
24 31
86 1352
43 1988
73 75
34 1022
81 895
63 418
24 1615
42 1629
57 1950
29 974
32 1815
62 480
82 1636
86 1
80 1803
78 1138
44 1646
26 141
44 1146
70 1456
2 1620
96 802
15 912
85 403
42 576
99 829
34 836
41 1775
36 1706
48 930
67 766
27 660
79 126
95 1770
72 1648
43 1388
36 1212
7 346
88 886
44 771
10 134
76 1485
25 583
13 1047
91 1642
22 1719
84 1629
6 1943
75 1420
39 169
50 1282
19 1377
13 1636
2 1543
84 1582
49 732
2 1346
1 544
6 556
34 871
30 957
75 246
51 1931
27 8
98 1371
90 851
95 477
41 1724
68 1703
86 854
6 854
38 1449
57 650
95 827
32 227
79 1931
66 1414
9 1553
89 1808
24 88
29 1623
70 1522
93 376
32 1312
51 1431
5 1267
7 206
34 565
55 1787
36 617
30 1041
9 386
85 1508
64 1858
34 498
45 1094
5 168
2 9
59 1668
39 1029
14 1118
34 1087
33 323
25 1313
45 1546
86 257
80 1918
34 1826
13 1213
19 490
11 99
27 1206
85 1628
89 313
74 415
52 340
45 480
46 603
72 1399
73 1053
7 413
83 1946
37 1230
56 333
82 333
54 1209
38 1909
22 1823
63 707
100 508
10 1744
19 70
19 712
39 1512
81 199
40 666
54 1598
43 99
13 1245
56 1475
8 1272
66 536
83 1482
66 342
55 1917
33 1791
24 386
87 638
95 952
70 704
93 441
47 1980
6 1348
56 1911
1 988
11 1186
42 1808
41 1949
52 58
16 1518
12 605
79 278
4 280
68 1502
26 817
53 76
85 896
28 1690
49 1303
44 745
15 1336
81 1597
20 1591
72 812
55 1334
34 385
86 55
92 187
75 1315
96 148
15 754
33 1773
17 1773
85 779
53 431
43 946
7 588
74 212
22 1300
27 1580
78 209
72 692
13 1350
49 662
94 1332
95 989
45 604
70 1672
61 553
53 1221
2 1549
75 1227
69 638
3 892
47 1134
78 123
89 310
36 1918
20 1531
38 1671
4 748
50 1839
43 722
10 100
88 1492
98 840
3 1947
3 932
92 1227
62 1371
27 523
37 1943
14 118
67 1292
56 1472
100 1401
20 1792
29 626
95 440
91 233
62 1343
62 638
48 1657
68 1779
93 1003
42 1012
41 1546
100 820
3 217
22 1356
98 868
34 862
78 938
8 1771
61 1769
57 521
92 1580
33 1348
77 331
83 417
81 331
30 1998
28 1906
74 185
86 1172
11 861
60 1550
55 246
71 327
94 242
16 1457
35 1563
18 1578
9 288
5 1000
55 591
8 666
92 1739
62 1509
56 1059
27 673
8 1866
80 1833
36 281
80 1944
73 94
70 579
98 1939
65 602
86 1557
79 560
57 680
30 1847
85 1834
28 1453
69 1188
16 125
4 1159
75 1486
76 1658
26 684
53 1983
39 148
7 1502
17 248
30 760
82 376
59 603
92 1184
59 202
58 1119
8 865
65 1380
34 1497
24 1301
4 1038
71 1384
50 480
7 1078
47 1665
37 1021
53 1914
53 376
26 593
60 919
19 387
48 1742
39 95
44 604
76 252
36 164
64 782
18 420
34 686
2 318
61 1720
54 221
78 981
56 532
3 1694
76 935
66 750
2 819
17 461
51 1340
33 617
78 121
27 1272
50 1540
86 1285
71 1464
68 170
97 695
18 1959
23 1326
66 657
77 1990
42 782
95 1560
20 302
23 1745
48 1844
47 196
77 1732
59 1521
1 947
64 30
43 330
57 702
55 1473
62 1622
26 1493
69 274
92 1983
30 1841
47 1197
42 1940
16 1686
27 1664
46 1002
75 622
35 311
66 1556
96 645
67 1111
65 1881
33 545
28 1633
99 1213
13 1096
17 1221
43 547
4 568
38 256
16 1175
66 335
100 890
49 1176
64 413
20 1088
82 1880
57 865
96 779
57 350
85 1897
57 1529
34 739
10 1457
22 1389
27 358
82 486
9 773
62 881
87 992
24 1436
84 1071
83 879
70 480
50 420
81 1261
32 1774
88 1019
32 655
42 691
39 1934
24 899
4 501
62 1678
30 606
23 921
86 643
43 1691
72 1247
15 1171
63 1542
59 26
55 1599
31 1440
84 1699
32 638
96 217
15 1095
78 1834
78 1436
38 622
36 142
8 875
55 1629
82 1309
56 585
27 1658
11 169
58 1265
29 1288
52 831
25 465
73 1536
21 1054
86 1920
64 1376
25 580
50 935
28 322
90 1882
25 355
54 751
46 824
90 565
75 1851
28 1247
33 1635
28 804
97 594
38 1478
99 37
89 1362
10 384
62 645
89 1036
30 1456
96 1779
36 538
59 1727
25 719
3 915
4 280
39 36
88 1625
1 255
50 1354
27 1115
53 440
97 1038
25 1012
51 1463
73 1119
95 1661
96 541
61 1540
66 1509
4 1067
5 981
36 461
61 406
90 1819
91 1278
78 170
13 1360
4 1658
20 784
71 1581
84 915
92 865
92 713
23 1144
23 495
94 575
38 795
57 1190
97 940
43 508
97 713
62 1972
71 530
85 925
44 277
95 1701
17 297
49 1758
95 1203
56 1832
19 1816
48 1313
63 460
21 1764
20 1016
70 466
1 1350
42 537
13 507
48 289
88 512
58 1008
69 551
67 1638
25 366
32 334
97 669
2 258
77 1239
78 515
46 325
23 1077
16 700
26 1045
13 835
27 1465
65 639
7 1560
23 711
45 1576
50 227
33 265
16 1821
56 636
54 1397
43 310
74 75
31 1317
41 443
65 348
1 1565
84 1715
93 431
65 944
38 1084
70 569
84 567
32 621
15 865
87 72
66 650
55 683
23 754
19 1704
56 1760
5 1976
96 287
26 72
53 1220
78 905
81 340
10 95
74 300
79 1039
47 1146
89 1989
4 1958
23 421
61 23
21 1416
22 1779
42 956
6 1444
32 133
45 723
74 1703
92 61
43 787
6 1248
37 1899
78 166
32 1035
10 1991
84 579
15 1136
13 1981
8 420
19 1958
28 1280
90 522
80 1044
69 146
64 1172
59 840
63 656
29 1908
87 1662
43 1933
26 562
17 143
37 326
32 1831
63 968
82 818
97 1329
19 1144
48 786
32 834
61 1595
98 1056
41 1698
42 1982
73 160
98 913
14 291
10 219
15 1964
97 1852
42 1051
95 881
3 1162
1 326
68 945
69 1532
13 364
7 1394
4 679
29 962
92 1309
43 1531
21 472
75 1287
17 35
93 549
29 1058
100 1584
47 785
90 278
62 1828
73 592
87 580
52 982
23 69
63 131
26 24
86 1754
41 962
35 1347
17 1410
7 85
79 258
23 1299
50 428
27 94
15 1422
94 1128
14 477
69 1112
65 1672
35 273
9 1919
68 412
61 811
23 165
2 1736
45 161
29 522
10 1154
100 1543
17 640
64 1697
53 1066
94 817
9 392
48 887
71 631
23 157
76 1212
98 1813
76 840
55 527
52 1233
98 205
66 315
89 1300
18 1450
87 1616
2 258
97 1581
42 296
72 951
51 1041
13 1589
55 829
90 1812
14 327
91 1305
13 470
15 136
55 1127
88 1284
15 575
28 921
69 1915
36 1493
7 1722
68 767
32 1726
8 1801
61 660
41 311
95 1110
35 535
86 1999
92 41
81 857
53 1189
91 1872
90 1846
83 746
95 976
2 770
7 334
69 1794
99 36
4 129
27 1707
41 1771
48 1276
7 1393
72 1658
37 716
44 1844
99 1602
72 1033
45 959
24 1659
23 1287
3 1371
55 1237
100 144
9 1531
28 884
32 873
20 331
76 1150
16 1993
74 999
21 1803
97 1113
33 468
16 451
14 1495
11 658
22 162
66 814
72 1916
87 1554
32 697
10 682
71 892
32 1599
75 368
59 756
8 18
5 883
37 674
77 1486
59 1924
72 189
84 1777
3 695
17 1034
49 200
72 1067
53 1943
78 1223
40 535
65 1941
75 892
8 1264
38 602
76 1950
61 650
74 1265
14 1409
93 309
83 998
42 832
59 967
46 1267
78 1573
17 800
80 1479
30 743
99 922
63 750
57 1015
88 952
55 945
54 1202
3 943
33 1263
89 1502
55 769
83 548
4 112
60 328
10 809
93 1151
89 264
90 1824
45 888
51 1918
89 1387
12 637
8 1071
23 1940
13 1608
82 1609
48 1211
58 1966
42 1538
72 206
47 1524
5 866
23 70
50 1189
89 687
74 1157
73 419
65 1022
82 1898
20 305
75 1834
71 1656
27 431
59 1291
50 1681
46 1220
57 1817
39 629
80 1699
26 1429
36 600
16 1017
51 582
95 861
80 1475
29 1995
41 593
25 1856
16 732
68 333
61 1135
31 149
69 346
4 965
97 833
13 533
36 1356
27 149
37 390
26 637
22 163
62 994
13 138
79 1854
73 50
44 1216
33 782
30 1561
96 1909
58 1251
4 1320
34 850
66 517
82 333
48 121
80 1921
13 791
100 1901
28 1428
78 12
100 552
11 1957
47 1067
13 1229
75 2000
4 1395
73 835
68 899
7 1863
23 1582
4 5
91 1592
35 1362
75 1169
53 225
23 1775
12 1479
32 109
29 892
59 948
47 835
62 946
51 1698
61 2000
97 1617
1 1372
28 1302
47 124
57 1081
31 999
43 1967
66 223
59 532
86 82
27 422
34 843
80 1183
11 1990
93 981
35 1675
15 979
7 161
3 1024
80 1547
99 231
12 587
93 520
98 489
28 749
37 825
63 1189
60 1928
7 1111
94 273
46 719
1 1017
24 29
76 1239
47 1756
15 651
46 1316
14 394
55 1677
49 1715
93 1156
47 1574
78 204
55 1887
66 1219
13 636
81 1705
3 519
8 1150
40 1823
12 655
97 1766
25 1320
79 1504
52 274
82 1305
63 509
20 1024
1 422
91 422
45 345
37 940
24 883
30 109
37 1350
54 83
3 437
3 1458
18 1962
45 862
95 1525
60 935
45 1787
40 692
77 1422
74 1689
98 1129
32 352
42 1459
70 1766
32 1538
33 1936
9 1232
62 921
71 91
10 619
6 918
19 892
50 16
80 156
67 1476
74 600
49 1879
21 1928
81 14
21 1095
33 71
77 1019
79 1153
7 592
81 929
98 806
82 678
27 1031
83 290
28 1445
45 911
45 453
70 1370
45 1980
63 1294
79 1943
94 1213
19 1235
14 1132
20 521
27 1549
4 663
66 1936
33 774
97 1660
84 46
58 734
63 561
17 296
97 1728
68 532
37 585
32 699
49 1601
22 419
10 1032
16 350
16 1398
1 691
10 1680
63 1891
14 1704
59 1800
44 381
1 837
54 291
24 1745
80 110
79 730
79 87
95 1963
94 264
28 1680
78 577
47 1377
41 185
27 782
87 845
12 1131
3 254
53 971
56 1854
30 814
91 1710
96 1036
97 1745
55 1442
64 254
45 1173
78 1978
22 394
18 64
38 1620
53 291
25 962
50 733
61 351
61 29
49 66
87 1176
19 824
2 423
72 748
61 264
92 595
42 512
3 929
43 1796
2 615
67 1703
61 395
49 79
77 734
6 974
87 1538
77 626
59 1806
73 1472
21 1182
13 1010
57 19
48 725
1 507
70 1405
47 1905
27 603
71 1439
88 758
75 690
5 1961
39 1248
54 1805
19 204
7 355
39 599
41 1789
66 1116
12 1257
8 954
56 1198
92 981
51 1537
66 1893
93 1347
76 722
68 671
14 1030
82 1623
80 691
45 1836
40 1113
73 408
56 1376
15 646
33 1106
33 1461
1 792
81 1574
82 1695
1 1486
91 804
15 1475
72 1763
25 197
62 721
50 1962
10 1028
23 1940
96 295
35 1868
3 509
92 133
21 1455
92 688
98 1791
21 1798
32 854
48 538
69 793
64 1487
89 684
17 783
48 478
72 58
62 1347
49 1854
10 1313
46 613
7 59
44 900
19 983
72 1460
17 1055
3 1797
92 314
39 376
73 432
3 1578
63 1725
48 666
29 792
16 1049
98 400
11 1171
77 1018
29 18
90 1495
80 91
10 337
4 221
56 602
53 1517
87 1859
87 435
72 796
4 1699
84 1725
48 732
72 1746
16 63
48 1020
79 287
58 692
82 808
92 639
17 672
41 1418
18 847
48 15
65 255
99 713
73 632
75 1118
96 24
79 797
34 1433
54 786
31 125
50 842
81 548
81 871
77 440
5 1927
64 1762
89 1890
100 945
40 183
84 774
64 1328
78 213
97 59
19 904
78 1545
55 1266
41 419
3 1513
70 843
52 325
58 1414
76 1796
45 1333
88 787
75 260
90 511
64 1267
48 1034
89 1821
97 406
5 1683
58 144
39 1734
74 1938
58 72
77 88
18 566
69 8
92 784
89 1868
43 698
44 700
57 959
30 1012
48 1168
30 518
55 1038
72 306
23 1183
99 930
55 1665
64 331
44 1069
5 747
29 612
78 728
15 619
83 1655
86 1872
33 1552
57 860
2 659
8 693
7 23
48 982
49 1054
93 454
37 306
44 686
90 1219
4 1396
55 1380
41 1974
3 187
72 926
61 427
13 279
37 1373
96 782
18 634
76 1537
69 242
13 1918
42 1818
85 1567
34 1127
14 1962
21 1914
64 1717
14 59
93 691
61 782
98 723
40 1458
28 1808
8 1575
62 699
4 1753
35 1614
43 80
39 412
10 1618
52 897
82 25
42 346
74 352
44 1066
15 1751
90 1991
93 1603
15 1006
15 839
76 1574
70 1065
84 754
49 8
24 1673
11 459
62 1040
88 870
10 907
76 215
56 1475
90 64
7 736
77 1684
29 657
28 227
83 104
11 515
32 306
57 1028
92 1088
81 1324
18 189
15 836
25 473
36 1482
80 37
8 719
61 1219
49 572
24 1249
6 1884
90 1318
43 793
60 230
41 553
7 1876
15 1306
79 945
95 1087
2 1793
59 1673
53 128
59 686
92 67
76 546
58 1980
49 364
53 1746
88 1553
49 89
28 773
1 1665
45 1685
32 1321
26 1603
87 1872
8 313
5 1975
51 280
60 1394
27 1048
92 1787
61 1473
51 1148
48 1524
26 180
85 965
44 931
2 132
9 1987
82 1895
84 1405
88 901
93 1880
82 3
98 82
21 1758
12 1477
27 419
43 418
54 1551
67 1495
85 862
33 1369
49 107
25 1691
44 1122
4 1115
35 1551
28 1283
15 1277
87 1485
89 69
37 36
6 1595
29 1265
93 980
18 259
90 1345
19 976
52 1228
47 199
4 897
76 1491
16 1894
9 63
32 1669
93 521
73 991
27 1976
34 18
6 908
87 415
78 1735
78 619
89 473
15 245
43 1632
97 96
20 118
4 1141
71 1584
96 1294
74 1137
20 1753
64 1952
31 1739
38 389
62 815
99 318
92 678
42 1526
1 1040
64 394
76 2
37 1842
12 735
35 1521
97 853
72 1406
58 1740
85 110
2 1487
7 266
90 1930
27 1538
20 24
72 28
79 81
88 328
46 130
3 1658
97 1673
89 1173
92 803
16 1734
19 1710
18 1011
44 1972
85 916
77 1643
86 328
2 110
46 1829
12 1534
92 196
59 921
46 889
36 1984
86 1529
61 83
100 674
18 591
67 833
74 1982
38 40
20 376
40 1516
38 1489
23 657
37 1027
57 6
51 210
32 1949
46 1143
18 1568
43 1115
32 1624
74 686
4 163
85 1463
44 958
70 1181
92 743
80 32
8 1591
69 1417
32 247
12 226
62 1164
37 1226
81 221
72 1738
61 678
50 1391
86 482
76 1339
39 656
87 1571
12 469
69 237
83 682
68 944
35 1795
92 612
13 1431
39 1677
81 822
16 459
68 1730
95 104
97 894
91 1517
61 662
4 420
99 1832
97 986
25 1723
71 1932
70 17
93 782
40 1881
34 1654
39 1796
79 494
60 300
80 1614
71 384
42 597
42 1390
14 571
64 761
34 640
77 1185
12 1917
53 1555
29 1573
47 1825
30 1148
15 130
27 823
82 602
100 1132
89 605
80 164
83 1952
86 1075
6 1216
92 1990
26 1166
46 1793
83 1495
90 371
49 762
14 941
71 893
100 535
30 43
95 86
24 1790
56 194
44 119
39 1055
58 65
22 821
11 1949
9 9
8 1834
35 972
49 1683
86 1315
59 590
46 1128
40 1658
85 704
94 1239
86 1024
16 991
19 6
65 1967
21 283
61 1710
90 347
13 1127
67 454
41 976
66 1577
79 224
34 469
44 1833
90 26
98 357
19 201
70 623
20 887
27 1979
19 301
60 337
43 1524
35 1613
96 1576
50 1488
57 1252
16 525
75 136
32 1604
35 1344
62 144
42 1174
39 1950
9 1318
68 1803
25 488
76 1412
59 1005
32 766
27 920
30 516
41 1600
40 1158
5 988
42 1396
27 1018
17 1195
43 141
3 959
61 96
49 1117
95 596
55 1884
28 408
71 1308
61 1450
97 1112
71 505
55 857
1 976
68 1242
57 1831
49 1119
27 762
50 638
4 1061
86 1086
87 221
82 1464
37 1779
69 797
94 1657
60 1157
85 764
89 795
46 756
98 1661
22 1088
56 1868
90 306
42 1677
78 1661
54 769
15 499
41 977
76 1545
91 801
77 1170
69 296
45 603
76 1199
85 366
71 717
27 1061
45 1378
5 902
27 356
54 395
14 558
30 997
73 1975
22 1358
26 777
16 1166
36 163
57 979
22 69
38 1652
69 364
87 660
3 1091
10 1889
59 235
22 1268
29 1100
55 741
38 895
98 1876
79 247
81 1768
35 1507
62 1236
8 1083
19 969
6 53
86 1818
53 1573
11 609
55 517
47 1299
92 1099
16 225
69 1600
16 1278
21 1926
80 1150
87 1610
21 195
97 980
