1000 249165
5000
87 576
2 1439
74 1786
30 415
51 179
90 1045
9 252
76 1343
98 1729
19 364
64 1035
27 1090
98 186
7 1291
7 935
40 30
7 233
18 1706
59 974
48 1798
46 1442
88 233
62 1389
98 974
32 95
77 608
23 1883
44 1303
7 877
59 1570
14 476
87 1918
16 1409
63 720
39 74
80 920
64 1573
21 350
70 1851
4 1909
78 1688
14 1768
68 1823
50 1666
86 1627
36 802
24 1317
58 708
16 944
28 1522
34 423
39 64
62 421
4 1670
97 1996
68 664
44 1200
61 307
61 1750
62 1731
15 1542
99 1784
63 1778
17 1161
15 1525
50 669
94 1050
76 972
24 123
89 476
97 313
58 914
64 1019
64 916
53 1259
56 890
27 811
1 248
20 1392
58 1512
80 1583
15 336
38 501
42 387
59 165
40 132
60 1804
53 1185
95 1459
58 1014
65 1388
42 1366
74 26
23 1895
30 1813
24 615
96 558
64 112
45 1988
63 982
88 1812
51 748
8 976
91 1362
12 1238
50 1066
70 1109
44 1275
24 956
21 752
16 938
29 86
23 20
40 1036
80 1546
81 1683
72 587
52 1111
67 802
59 821
44 774
91 1172
5 100
31 1191
80 1352
20 39
56 941
4 1046
36 1930
71 141
13 637
20 1455
66 390
59 585
84 346
60 965
29 323
88 380
53 1030
32 1938
72 1360
35 722
37 368
24 1039
67 949
35 810
67 1496
30 577
36 1394
14 1002
1 770
50 353
13 1060
22 1684
87 502
2 1847
20 593
58 1446
74 614
11 996
37 883
61 882
96 7
48 152
64 128
85 1434
72 169
85 1008
27 631
50 298
54 1211
32 1472
22 1396
9 763
38 356
92 1459
98 935
91 1684
38 1743
98 389
26 1480
18 1938
3 1677
89 565
87 1117
45 177
98 524
18 1198
71 1264
48 1178
85 566
47 1853
78 246
40 1550
96 273
80 980
73 1868
49 1842
71 313
7 571
66 23
22 1153
9 15
11 932
11 13
92 885
55 951
58 363
18 842
47 1768
23 1215
62 373
73 682
100 1725
9 1741
20 1603
55 404
1 1820
22 1975
16 1710
51 830
72 424
61 69
30 1233
36 130
4 1648
8 159
30 1409
67 1493
69 1325
51 1414
45 1162
98 166
83 86
93 1389
23 1690
92 806
55 791
35 1192
87 1104
20 254
98 1374
51 978
92 383
37 824
100 1911
43 1258
13 1220
84 222
50 1150
50 1692
16 1226
91 1802
11 1494
53 643
5 577
23 1167
76 1717
96 1668
16 462
78 1955
96 1587
13 515
5 638
94 168
71 339
42 621
21 1244
26 620
5 400
16 657
79 1135
10 670
5 332
87 1459
84 1338
85 689
10 906
8 1823
58 38
1 194
62 908
59 656
8 561
85 977
43 76
33 535
7 1511
28 740
40 795
14 1081
79 1756
59 855
84 1167
54 1521
73 378
68 498
22 224
23 1203
96 639
78 1657
34 149
55 622
51 819
12 20
81 812
77 22
21 1688
48 700
20 334
21 151
93 1934
86 1445
72 1785
31 74
60 1695
99 1692
51 424
77 1907
92 337
48 553
85 1991
2 1243
43 38
40 940
70 38
10 195
91 269
96 887
42 745
30 118
62 117
41 1290
49 1410
76 1214
25 268
87 1427
22 1082
4 1434
31 1702
52 830
3 1459
94 757
90 1027
12 1381
19 1077
76 1353
6 1287
30 222
90 1117
90 1661
27 908
52 1682
33 812
29 49
49 1094
63 1256
77 1843
31 706
91 339
17 469
51 1425
31 941
96 1893
18 306
63 444
82 159
25 1780
94 1096
53 483
32 90
86 843
37 28
55 483
54 359
3 950
77 794
64 148
63 1016
85 465
43 314
58 590
1 1766
41 1296
55 1961
88 731
74 675
2 776
83 673
62 1977
22 1304
43 1142
22 37
62 876
75 309
42 533
56 811
65 1743
87 1901
40 1906
44 1323
98 1713
60 1489
68 1861
43 592
53 1109
40 1323
87 1704
2 499
4 754
19 1657
85 1369
77 387
55 211
80 1524
68 1398
77 353
17 708
53 486
45 118
41 1850
99 744
60 603
88 886
81 240
32 726
73 977
81 1995
67 1253
53 1621
87 41
45 868
36 573
97 1458
28 1305
92 922
36 1586
76 229
82 1033
18 1431
31 1954
92 1348
41 1113
71 274
28 472
30 1158
48 1363
45 904
82 1537
2 1798
91 909
82 320
23 37
44 1493
16 1773
15 169
51 1724
12 1325
74 1018
71 1843
42 618
97 1115
70 1741
88 1944
78 1599
55 158
32 1724
35 1538
59 863
33 765
73 843
37 1539
73 1173
68 1228
73 1628
93 1065
14 1610
86 896
16 85
48 1882
68 1831
70 1107
14 1260
32 1262
99 747
11 195
89 1244
17 30
59 171
31 766
8 18
20 703
10 1726
40 1477
19 1968
30 1734
70 60
65 849
90 1205
46 132
99 695
34 255
3 375
83 681
26 1075
22 1504
81 1346
33 1075
73 995
74 1932
17 720
24 834
44 1426
32 1234
93 1275
45 362
43 889
43 1329
65 923
64 873
36 1710
41 1431
23 557
81 1487
87 401
37 316
93 1657
2 1934
98 1123
33 1201
82 1498
39 1379
64 1819
73 1876
40 848
3 343
38 478
51 716
72 1964
68 1522
87 1789
77 717
4 1371
67 1800
51 17
78 1138
51 965
26 127
94 675
27 1335
90 1258
81 456
100 1007
35 1168
99 1801
16 1231
97 1451
52 611
25 1307
73 630
27 504
83 1081
79 12
43 1341
23 1615
100 1286
22 1525
84 606
13 851
5 729
70 1264
81 1239
84 937
85 1198
55 497
31 742
71 771
78 49
52 750
66 1386
48 1546
93 84
39 920
88 114
12 795
61 77
72 119
82 1518
34 257
31 746
23 1127
14 38
7 1135
7 1263
49 614
15 624
79 843
80 855
78 1685
64 517
78 300
75 878
89 1089
78 78
15 998
4 887
30 150
57 427
2 340
77 648
82 1254
14 982
5 858
1 1388
40 831
76 820
57 230
58 1360
25 234
39 343
16 973
66 1020
23 1779
97 724
17 918
20 1223
56 204
21 1215
83 1075
79 63
6 494
25 1745
11 1147
32 705
27 865
85 636
50 1285
61 459
51 959
77 267
6 228
55 729
31 1799
38 1030
29 478
66 359
83 130
18 1031
75 1190
12 1406
97 851
34 546
31 1906
53 430
63 1567
43 1713
41 1277
95 1164
35 629
88 1017
49 694
64 577
22 965
30 1866
84 527
3 1385
16 292
47 1619
32 630
92 330
16 1778
9 1742
5 1007
26 817
10 674
47 401
71 182
77 1629
65 758
82 1447
91 607
99 1870
13 248
28 681
42 1157
41 1196
23 1538
11 1209
27 1377
16 1679
65 111
36 1780
8 1832
48 179
43 1154
61 1880
7 569
40 1483
34 33
62 945
77 409
90 49
95 474
7 1568
28 343
95 1959
48 815
98 924
7 458
50 1681
50 1078
88 1554
57 996
5 1118
71 375
11 1374
45 1556
84 1124
60 1602
90 1276
86 363
58 1814
57 318
28 268
24 501
93 1744
51 1626
86 483
37 1650
89 1599
9 145
43 1128
100 880
100 1707
11 1954
53 1141
37 19
51 1295
38 687
96 659
81 1245
54 1154
23 925
39 206
95 350
81 276
85 1897
55 1102
42 1700
83 449
31 427
96 935
68 549
77 396
1 1083
83 87
30 859
58 640
52 1126
79 1813
90 321
38 1465
49 1575
10 147
19 706
74 1499
17 600
31 1538
70 1943
37 405
95 1303
100 313
89 1005
87 595
79 1514
48 132
36 375
5 929
51 817
42 902
97 804
57 1928
27 1426
4 738
49 1453
6 1015
18 1684
72 1971
65 1474
60 1696
20 646
12 535
45 962
86 656
7 1856
4 1892
32 44
9 1397
9 1731
17 633
71 122
32 1439
13 494
18 1944
35 1817
48 332
74 1423
41 1310
73 883
49 1312
2 728
43 887
34 1345
59 1154
67 516
94 1374
100 1706
66 220
83 1648
63 6
6 1350
52 893
82 905
97 906
25 1257
77 461
97 1965
9 383
100 530
64 582
2 286
52 998
84 792
68 1818
31 1523
95 1729
93 787
26 1006
65 1587
6 667
8 392
38 1809
49 750
13 242
84 981
27 87
56 1859
59 1113
44 1966
55 246
100 1384
82 1926
47 677
13 112
48 1180
6 1148
90 1249
2 725
48 1403
9 1089
26 752
62 1280
27 1932
16 791
85 932
46 578
58 1999
11 1660
47 1439
86 988
73 1224
32 784
74 1918
33 1286
5 558
44 11
49 1275
49 494
37 1250
65 778
44 1257
51 450
54 32
58 1641
47 949
70 680
28 1962
39 786
26 703
34 631
56 1316
25 1544
24 875
50 1676
62 718
11 565
49 403
11 862
96 93
92 1384
33 1524
44 217
74 1203
86 603
48 1581
53 1473
87 19
50 202
68 416
85 1814
95 1906
19 1505
85 1069
50 556
15 1990
35 464
72 1084
12 942
87 1209
65 213
89 1944
90 948
88 1525
91 1186
46 1017
79 526
53 1801
28 1544
87 487
13 1320
9 170
72 240
99 158
47 1628
87 1964
100 1009
32 1310
55 993
20 1478
84 993
59 1282
25 823
1 246
84 1658
1 1418
17 1870
37 237
22 1764
28 160
77 751
81 1425
57 382
41 1813
49 1111
20 243
26 1138
70 1251
60 1340
13 668
47 499
66 1056
26 1316
72 1959
84 1521
6 661
9 1550
90 560
12 189
39 817
13 1571
73 1998
29 974
63 1912
69 28
52 1947
88 411
23 985
33 336
29 552
40 1544
45 1517
49 731
5 564
51 1996
19 1176
78 99
42 317
43 70
70 229
90 1394
70 1049
50 638
37 639
16 1388
97 838
97 840
98 1216
27 1300
62 891
51 1371
2 1932
19 1293
95 8
92 1697
57 482
68 87
86 1880
41 1430
90 1812
75 1153
29 1425
62 1115
93 1898
66 1582
41 85
23 987
44 738
24 752
76 910
69 355
22 24
97 1819
29 1056
78 572
9 966
71 504
37 802
54 1387
90 807
91 1084
29 1359
31 367
43 58
85 1442
2 1895
36 1523
95 1597
70 1446
58 1542
15 1044
26 1686
29 952
49 1556
66 298
56 39
45 995
62 1839
24 1370
36 523
70 740
89 1164
72 799
92 165
90 1297
80 986
88 1645
12 824
55 1583
29 556
48 1352
1 1892
31 321
73 446
78 1652
28 1292
7 289
70 67
14 1817
96 1790
5 1328
60 1055
86 1186
93 1938
55 74
15 1429
33 335
32 245
82 1313
88 1964
79 685
63 1552
75 54
68 467
41 1587
34 1086
88 1013
11 1454
65 176
78 205
19 244
80 778
99 216
40 1618
50 182
40 1531
70 466
89 1185
62 1686
99 278
64 579
17 396
58 1274
93 251
52 818
30 1551
82 638
69 1493
40 1134
78 182
88 81
24 1329
85 378
1 1627
77 1106
59 116
71 375
33 1009
77 1073
6 581
67 1593
60 269
4 588
90 374
13 31
98 225
18 811
83 1996
70 1859
97 585
66 295
1 1340
27 1870
33 1471
75 1598
87 1141
6 1638
51 1204
85 1416
26 857
20 563
38 581
92 1377
88 352
9 1430
5 90
45 1490
98 412
100 213
3 1152
10 102
36 842
47 1293
11 38
46 1392
13 1299
79 234
23 1774
54 1777
55 908
53 1650
62 985
80 976
35 916
51 251
95 61
71 781
95 401
92 1655
99 799
71 1750
99 834
33 138
44 1588
16 1704
5 945
82 707
97 772
62 1233
82 371
87 1383
85 394
45 1432
43 1361
27 123
69 511
26 1090
77 163
27 663
32 1188
5 620
33 396
96 1454
27 1613
68 1466
39 1254
9 147
45 1773
53 1928
90 1627
63 1530
23 379
83 1210
30 434
17 1453
98 1070
87 1643
80 326
8 1576
93 1418
13 307
45 1715
98 155
23 866
91 463
5 1616
67 660
70 163
13 363
35 517
5 1670
68 1301
8 1731
64 870
22 1698
30 240
53 1248
51 1665
38 1199
35 1520
21 674
67 1626
2 1689
46 1389
91 185
4 1866
67 1434
52 1706
17 19
11 1153
82 37
26 1980
6 435
8 565
2 513
50 1166
90 1756
66 289
67 39
24 1332
52 1342
31 1431
75 1209
55 1922
49 1125
71 1541
50 1373
52 1288
24 1677
44 409
54 1119
68 188
76 976
24 642
57 1831
72 1686
93 1139
42 1328
77 821
78 1540
69 1473
72 434
21 1933
61 553
76 1345
56 1456
7 85
10 31
65 218
17 1037
93 1834
44 1331
96 1719
93 733
4 911
28 1063
66 1249
75 1174
55 469
83 122
36 1093
15 167
54 674
86 582
16 1235
7 1227
40 415
42 1678
65 991
18 1298
58 1930
54 1171
30 679
65 990
41 1454
54 381
73 1514
42 1118
72 1247
27 186
67 414
59 139
66 339
15 1136
25 1772
44 1714
23 1641
40 1196
34 159
42 642
38 1122
51 622
80 1001
40 1194
24 461
23 263
71 1568
11 1528
27 1448
93 1459
62 1598
81 1391
21 1716
61 1621
78 1358
31 819
54 988
75 1269
75 880
47 1377
1 181
95 1491
62 74
30 791
59 144
49 1229
26 348
56 417
36 1336
23 1783
10 1744
52 433
43 614
4 443
36 1793
39 829
62 1704
73 1235
89 519
43 1456
94 705
25 1061
55 632
97 780
81 113
75 122
70 48
15 1193
46 496
31 1909
53 610
31 1941
15 1212
22 162
39 48
7 966
73 192
99 741
54 1830
48 1638
18 1773
56 1182
69 1009
18 763
52 1545
4 1949
75 1035
57 768
30 1187
22 1678
72 1872
15 1534
83 1728
27 1814
84 1360
91 1497
17 1549
30 1669
58 1882
19 1024
39 1392
32 140
70 1081
9 544
78 699
46 536
23 128
61 960
84 1426
67 1460
67 736
40 1766
68 428
26 1217
35 1457
1 486
17 126
12 9
56 593
66 1759
21 1694
65 849
27 1961
63 1969
89 1078
72 843
35 1907
22 1320
49 374
74 1244
43 626
95 1008
56 797
24 1867
41 1386
66 801
17 919
75 1806
26 1966
79 1909
13 235
61 399
85 76
16 274
85 1607
96 1919
6 1038
84 360
10 1761
17 654
69 1751
16 177
94 1899
80 813
60 1587
47 1919
29 534
63 887
84 17
99 1587
63 942
37 1841
42 1013
36 76
1 1073
44 905
48 1098
69 359
49 595
75 1330
38 415
13 358
5 1164
6 1300
82 189
46 1223
31 1633
94 1298
54 796
49 1345
83 1484
100 1865
28 818
56 1287
52 896
27 144
75 339
36 76
74 533
97 1109
89 649
44 124
16 51
53 1699
19 601
29 533
73 1442
98 1551
38 551
30 1056
86 1471
25 1051
93 279
42 79
74 506
63 170
66 1821
63 1333
45 1353
6 347
23 1429
34 1005
16 1887
62 1066
25 23
50 570
85 1776
46 342
31 867
87 834
87 47
57 1139
28 459
68 998
10 210
63 656
5 797
13 183
55 692
35 1984
1 291
98 625
72 1880
100 92
42 1861
87 1545
65 398
13 163
37 1488
94 241
25 200
9 1609
95 1297
89 305
51 1277
7 1187
36 1813
97 1374
71 1423
58 1040
100 1506
38 641
21 498
40 786
89 1044
80 685
43 1324
44 1868
63 339
63 163
26 843
24 1232
25 418
4 1584
54 719
23 131
42 1408
80 671
83 1172
65 453
2 1833
26 837
26 534
45 1162
5 336
12 335
69 1648
2 21
18 1415
46 1266
1 1796
17 217
39 1811
48 486
42 110
80 896
91 139
15 1245
33 1446
46 1199
85 1065
34 459
95 1350
79 1152
10 837
86 432
87 407
17 270
1 1811
64 329
31 741
50 1548
41 845
19 673
18 977
20 1736
3 1520
61 750
40 49
30 335
19 1648
44 1606
99 1521
3 675
2 230
28 777
87 1147
25 1068
28 1837
57 204
99 739
49 1335
9 1436
69 330
11 657
93 1260
31 1495
72 1809
4 1287
87 884
73 1148
50 718
49 1044
37 1488
56 148
41 1548
40 683
91 1359
56 613
80 1427
82 1393
100 1785
63 1278
9 299
83 1882
56 1537
25 1733
41 168
24 459
47 426
69 1490
81 1150
48 20
79 1826
60 1515
100 726
23 1033
13 839
40 1899
41 1439
36 1329
99 687
98 991
15 301
12 1308
94 1736
56 886
54 951
71 66
85 186
37 1341
88 366
34 575
64 1667
35 1526
43 366
75 1162
12 1156
13 674
15 1372
59 1925
89 1025
67 272
78 905
4 618
10 1135
45 959
46 952
21 47
35 1722
98 420
17 199
10 438
6 16
95 471
3 1055
17 1039
80 1790
11 1382
50 505
34 67
79 1766
25 1099
59 1192
86 1588
22 1376
45 1122
17 493
75 724
96 1911
56 1097
40 198
39 1026
29 871
29 1795
99 888
75 1041
12 1035
68 464
55 1012
34 418
78 527
71 2
61 1347
8 1965
50 1814
69 1866
97 1440
44 607
56 608
16 276
91 995
56 29
44 137
99 143
48 538
10 1723
36 1547
84 1635
6 871
91 618
38 664
36 251
61 699
80 1043
61 1234
95 1201
3 1696
35 1380
56 1850
12 752
55 353
24 1923
68 1214
89 1316
67 1957
32 1947
7 556
90 473
16 1188
82 1202
53 1566
36 1922
36 826
98 483
41 201
36 22
46 1921
9 70
72 28
47 1348
37 1238
12 1063
48 1327
63 5
38 600
70 1521
99 1428
87 1449
87 707
54 1895
49 889
35 435
32 1544
71 1507
45 691
24 1321
24 78
34 930
22 223
58 46
8 151
40 1916
99 1589
35 1370
54 1689
13 1232
32 1118
86 1648
78 740
19 1014
25 875
63 1793
77 1643
11 524
25 1178
23 343
40 820
49 1460
66 1371
34 1279
42 381
22 658
9 1696
46 1731
27 10
38 1141
33 1220
76 1679
88 1164
11 570
57 1093
87 1578
37 1709
48 1413
51 91
88 642
69 1656
45 1734
41 1874
66 1214
36 678
8 69
51 1006
17 1850
77 1090
7 1498
62 1725
23 1922
44 410
1 1542
75 1484
24 366
38 1055
94 1181
67 1147
43 469
12 1893
37 1373
69 305
4 784
14 519
33 154
33 786
34 627
55 1656
73 1153
20 1521
18 996
97 1815
63 509
47 1126
18 1131
15 1613
29 971
42 1730
81 1344
68 1707
4 1598
82 1449
41 1002
99 1210
26 1622
88 1927
30 1983
20 782
25 1147
20 840
16 1212
22 1040
100 274
94 198
94 903
44 1929
68 157
36 326
30 1308
31 372
97 687
92 1590
59 1911
48 305
61 869
13 87
61 1052
50 99
72 1165
69 1436
26 242
76 1522
98 1941
59 865
53 1480
55 162
45 1513
64 598
19 818
64 1925
2 420
54 497
98 1192
31 630
10 692
16 1499
13 95
66 892
89 784
85 381
90 1563
35 1342
77 74
40 1344
85 1249
65 482
90 1903
51 260
27 1169
44 1770
47 177
81 1244
63 709
12 1214
99 1044
2 845
77 1409
60 1500
15 1352
66 1043
13 963
8 1205
11 1548
23 1679
15 782
77 860
82 130
51 1651
3 563
24 825
40 1832
80 1504
83 841
52 515
70 1630
81 1557
99 1615
54 267
17 632
57 198
88 1274
82 1231
45 1417
22 1640
47 1419
56 218
80 1329
72 1522
66 656
23 1426
75 1128
38 949
85 1863
19 161
25 1777
94 1899
7 1786
70 176
91 860
56 1397
89 1738
61 1359
41 897
44 1195
2 80
55 742
56 1669
62 1317
79 312
88 220
32 253
1 1420
50 204
7 727
76 1060
86 1054
5 168
7 925
96 1281
91 1805
94 1847
53 1846
13 802
100 733
15 208
41 423
58 1885
26 1776
45 494
37 455
81 203
40 671
13 1814
24 1809
59 1043
59 165
25 499
78 923
72 461
37 1763
53 1172
29 48
39 1012
26 1288
48 1071
30 764
21 1150
64 760
55 344
87 32
21 150
70 1556
100 1250
44 591
51 745
90 1505
11 1964
80 213
50 1697
5 237
74 169
84 559
68 586
59 233
22 1539
24 366
97 889
80 965
34 1169
84 1586
20 22
73 927
32 364
85 1955
43 690
33 1638
32 854
87 1423
74 1697
33 808
45 1360
76 484
29 480
39 712
86 717
79 581
74 1276
99 1142
8 1914
4 1927
56 1240
70 1696
55 184
3 529
43 1078
42 108
62 718
16 638
95 483
73 50
7 1315
83 714
2 530
81 774
33 510
93 242
85 335
20 72
96 1051
86 935
24 876
29 1009
15 320
49 535
36 1560
60 665
14 481
23 1034
48 728
33 1234
64 170
45 135
36 162
99 534
98 810
39 1146
42 863
99 1162
27 298
88 1686
10 179
67 378
56 1348
15 432
92 202
26 522
20 964
17 1377
27 54
31 1053
68 1384
75 454
66 1039
35 365
28 303
20 1678
52 875
48 1311
17 877
57 857
66 285
95 548
17 538
90 689
58 469
22 188
13 619
72 1390
55 1772
57 92
19 518
10 1308
53 725
78 145
18 1996
41 39
23 4
55 68
32 618
38 1325
59 1871
96 821
14 147
13 24
58 1077
68 1435
48 581
20 625
78 795
59 1783
62 467
26 1868
89 108
66 1720
100 1149
27 1397
40 264
6 778
96 354
77 87
79 460
23 1811
58 1661
24 1927
57 49
26 331
21 1934
22 1629
32 1690
81 227
44 329
5 509
92 781
55 832
69 1779
43 534
28 1055
100 1262
93 1485
85 177
46 1845
3 710
96 206
17 1851
15 1174
86 149
49 159
6 891
4 1342
70 500
43 844
48 903
78 1057
44 42
51 45
66 1337
76 84
95 628
33 1737
50 403
49 646
39 1932
29 1099
91 1840
92 1117
65 1696
84 463
70 515
69 1180
33 752
14 1071
18 774
7 305
95 1710
38 61
7 1985
11 590
93 1636
62 1183
32 1965
1 1663
42 1881
77 134
56 1391
80 1219
64 228
83 130
93 190
87 86
33 136
14 1747
93 1884
2 685
52 1078
65 908
37 95
52 1638
27 1979
56 1730
8 1452
100 275
98 725
69 240
44 538
60 1326
92 1192
53 1525
10 1756
19 577
56 763
10 1018
39 1232
36 540
36 1671
30 1169
54 1249
52 693
21 1807
91 59
27 353
100 69
12 1531
92 1040
77 1013
89 1286
43 932
95 1552
100 1543
28 281
29 1532
29 1503
53 99
38 447
9 215
6 1623
5 1818
44 354
45 1505
26 1612
100 132
56 701
1 1839
17 1053
100 397
62 443
76 1142
10 627
91 50
51 594
12 37
5 1984
34 771
30 1990
20 1535
57 993
84 1745
10 1609
83 1866
63 1644
80 243
11 127
2 500
95 550
65 638
35 569
80 48
5 952
44 568
5 1798
57 104
23 490
41 116
65 507
55 1140
29 955
23 296
13 746
27 804
50 639
16 186
9 314
32 435
65 420
24 639
82 380
20 891
26 212
24 31
44 1377
74 73
18 544
40 116
98 1120
10 455
82 1621
29 1253
87 677
41 933
66 604
19 314
82 995
16 794
30 1682
32 486
12 1896
67 629
100 605
40 797
35 1146
5 558
98 1830
54 814
74 833
63 917
57 1884
29 1943
34 842
44 90
90 387
57 322
44 1461
4 428
17 528
33 1816
54 1862
39 1880
86 1698
77 1213
63 1791
87 1322
55 789
49 151
51 1478
57 262
20 1436
52 557
74 577
26 1824
27 614
74 508
38 1532
60 1543
53 1500
38 1372
48 1732
75 1248
77 520
69 1587
91 1589
70 133
67 1054
19 182
46 713
14 337
60 1952
93 1567
41 1120
99 1383
26 1061
41 1218
20 1571
3 234
16 1971
4 690
14 554
27 267
67 1514
93 46
18 464
37 1365
93 1410
18 840
25 412
14 721
9 1616
97 148
54 201
89 378
71 274
94 1874
68 1534
17 672
58 35
51 855
14 533
58 1611
39 181
77 858
52 258
43 760
31 1518
43 721
79 1824
32 1385
94 411
66 106
84 484
81 238
19 1929
74 345
2 1241
91 633
42 1340
40 766
30 1556
32 1007
80 152
31 423
1 956
49 940
76 84
40 636
6 1155
95 735
25 559
30 1296
21 574
45 535
1 320
54 1261
82 670
24 1338
2 879
6 459
67 49
75 36
44 1269
32 101
87 454
45 1977
25 717
38 801
9 502
78 923
88 589
32 1563
84 965
39 1450
27 1756
68 1725
100 596
28 967
36 968
47 698
79 1143
26 1132
66 279
56 315
60 939
86 1667
14 1709
53 1235
35 845
17 991
72 1212
97 1758
46 94
55 1299
84 1904
71 1339
6 499
78 1797
54 1061
80 869
67 1793
8 951
91 1381
69 233
10 1749
9 903
32 709
96 188
6 734
59 296
78 1118
29 106
89 1808
85 1228
66 422
7 1943
2 1269
46 1668
74 976
65 899
92 624
70 1277
45 1255
51 233
95 646
16 473
31 1910
46 1337
50 1019
72 1865
13 1712
3 767
56 1974
79 1904
97 850
89 774
77 1466
38 626
65 1177
72 1596
45 392
70 750
58 1690
60 1752
41 1069
46 1141
31 835
1 657
38 359
32 471
7 1301
50 729
6 482
4 1945
41 1465
69 128
25 346
35 1765
77 1632
20 1022
45 954
65 1635
3 1479
14 539
36 1185
83 1826
3 1389
17 229
30 666
12 1952
1 1344
45 11
55 1137
11 816
63 1742
20 1235
59 608
92 1607
45 610
87 1371
73 289
38 212
90 1217
99 1374
56 1943
100 1662
81 1626
93 1899
13 121
37 377
32 617
88 228
2 1081
3 1465
41 1189
83 1728
22 1691
59 1657
15 1371
69 1550
88 1713
82 1898
93 539
54 355
25 1908
63 1316
56 1203
15 1275
38 293
78 269
88 864
53 615
7 284
80 1349
7 30
72 159
41 1894
76 116
81 1394
42 1186
60 1841
56 558
37 1959
19 1368
79 314
69 426
11 660
46 1600
94 216
34 1578
1 1262
79 1399
48 531
65 1957
41 718
65 1532
23 750
76 1284
50 842
32 869
18 841
5 1423
28 652
39 1657
15 583
57 150
65 58
99 658
11 472
42 19
74 1580
28 329
97 1075
21 757
100 983
40 1157
30 1918
1 1725
64 1577
51 1940
37 823
81 1496
26 37
56 734
53 743
3 454
13 353
95 1143
26 1368
11 482
93 549
71 477
61 140
89 856
86 152
78 1902
91 707
58 3
38 561
33 968
75 1357
13 1085
78 244
15 828
79 395
74 212
10 1594
83 332
56 1922
64 1229
90 1800
22 1826
24 1720
19 662
12 1264
77 775
14 1895
82 620
54 1415
99 587
79 83
42 1905
71 1140
40 940
81 492
48 1789
10 1240
90 1792
17 1783
48 704
76 1591
71 1167
34 1925
19 1189
11 1486
85 1842
85 1809
87 975
22 1747
78 1867
6 179
62 1891
80 1517
79 893
67 85
66 1875
42 1920
23 1282
84 1521
53 1921
79 1688
60 1261
57 1846
3 1405
18 1208
14 751
89 297
68 64
92 85
8 1175
9 1117
78 1292
97 1077
73 1311
99 573
85 138
18 1166
56 1876
100 383
11 1033
93 1733
81 661
76 1463
91 1247
96 801
33 32
82 803
65 1341
7 1848
94 520
9 1054
43 355
96 1933
27 832
10 1225
97 240
48 900
23 1044
47 1
50 1721
97 168
68 1935
59 482
57 758
42 906
14 433
27 1177
78 164
93 593
19 1707
41 625
72 92
79 1441
85 680
19 1773
9 1553
57 545
12 687
100 836
1 700
91 1623
48 1675
21 1328
44 1008
39 1415
62 239
62 365
7 1040
54 330
47 743
80 606
77 1810
80 274
43 1502
73 1303
74 1769
53 1727
92 569
100 643
85 421
81 986
7 147
31 255
25 1552
14 1041
83 815
99 1005
99 508
2 275
4 1857
24 221
85 720
96 1807
48 1915
67 365
100 174
83 213
82 574
7 1610
93 872
82 1496
64 1823
23 1834
22 1354
25 934
6 1993
99 179
83 159
3 303
23 1288
33 128
83 839
9 1351
41 1490
90 623
45 761
72 780
55 711
27 639
97 588
35 1744
43 1805
54 1473
73 839
53 1326
17 233
67 166
22 1303
59 85
9 312
36 1914
8 1472
98 475
76 1616
97 496
26 570
94 1976
74 1481
33 585
68 1347
63 402
41 329
50 969
99 952
53 109
56 1376
20 1376
74 350
84 492
71 91
21 1663
32 1799
58 1049
69 351
67 1217
93 13
43 979
4 31
64 1882
35 1934
14 803
38 514
5 1043
88 1814
8 1446
85 840
46 1143
63 4
2 1424
82 1219
33 620
50 1583
66 551
42 542
38 1854
71 505
13 33
31 774
88 1839
40 293
49 1432
55 982
3 793
48 611
5 819
70 1414
3 874
92 1855
4 1556
85 1997
28 710
62 1976
9 703
84 1637
15 1461
22 661
78 1548
1 1619
11 422
87 1053
5 1950
66 1237
59 1415
88 742
45 725
59 1237
5 1729
50 743
86 55
16 236
100 1109
27 1932
36 850
90 967
31 1496
62 551
100 1390
85 614
72 1717
87 1759
97 292
11 668
28 1276
92 1946
31 1
27 1851
68 599
99 1609
75 514
52 1488
53 1319
12 1429
35 1267
20 1531
8 116
14 528
79 582
21 777
81 1385
100 1589
69 1623
64 1996
12 1380
15 442
26 609
68 1784
41 1896
67 537
50 1465
44 414
76 1387
46 1087
30 481
88 1138
19 1660
74 1445
71 1653
89 1014
20 742
50 1184
18 955
1 478
68 1158
75 886
56 905
57 1459
62 463
49 1877
22 1271
36 91
37 957
76 1760
28 552
43 1066
26 1078
63 540
2 1713
12 1840
27 483
92 575
57 1007
98 44
6 1560
24 419
5 953
78 1366
28 1859
7 130
26 1835
15 1606
66 1805
4 562
33 1937
89 59
8 883
9 415
67 272
22 1143
65 596
23 339
35 44
36 1920
38 1251
28 856
25 400
84 886
58 1620
4 626
76 1597
67 1318
43 808
80 1307
86 609
77 238
6 1978
39 208
79 1058
44 118
32 1283
55 927
35 561
49 548
55 1144
46 818
81 1303
88 1080
71 956
47 1775
91 1637
35 1309
13 951
64 197
38 330
26 396
75 64
61 1209
73 335
45 818
83 1909
85 509
64 904
83 952
86 666
43 1653
30 892
65 437
72 200
67 1932
36 1222
16 705
2 332
59 319
99 954
38 1627
77 10
82 1777
27 531
82 1056
1 1745
9 460
62 550
83 956
91 837
20 817
26 465
48 1415
71 208
4 1940
48 627
50 1178
88 889
42 986
42 922
22 1510
53 557
17 1859
60 431
3 1213
29 1932
82 1524
95 1186
88 1939
31 571
2 1762
15 1900
48 1477
20 936
84 1369
26 721
90 1392
74 1473
41 252
41 771
62 1730
92 390
16 1530
38 1288
75 887
46 1664
91 1586
22 360
88 1344
65 1764
45 547
49 1955
23 527
10 2000
6 287
62 764
95 967
29 205
85 1147
92 510
70 1828
97 671
97 1410
37 111
84 1638
24 966
17 1573
81 1344
4 240
53 294
43 1785
71 160
42 1393
20 591
77 1584
71 1184
97 1394
64 1053
88 285
53 863
95 727
24 1657
80 1902
48 1539
44 1602
28 1658
74 1528
22 1622
38 250
59 1871
58 998
66 120
2 1157
19 598
24 1247
66 599
29 644
21 1755
49 349
31 865
69 870
45 1664
30 421
78 1093
85 293
94 634
24 1110
81 980
98 744
80 1863
58 989
8 1780
97 1413
12 1261
32 1995
70 318
73 1127
31 753
66 458
5 1774
34 918
1 574
95 134
51 806
14 559
52 507
20 844
30 1693
10 1941
52 143
70 47
76 1516
26 179
65 963
31 398
65 1991
52 1774
96 299
36 1800
57 1520
6 1404
12 1143
1 1969
13 1194
92 131
30 1505
44 1814
91 1923
12 809
38 1573
74 365
22 1897
74 366
75 245
65 753
10 785
100 700
13 1258
78 557
71 1480
94 1104
67 335
98 786
50 302
96 1815
93 932
25 489
45 1213
83 1555
38 1636
65 1112
55 1813
62 1670
77 1261
98 1178
19 1892
43 378
64 970
20 952
44 1754
88 121
14 685
60 1621
14 1983
12 713
76 541
15 1098
99 569
63 782
37 1912
61 1156
13 1185
76 314
64 431
66 961
8 1804
39 840
33 541
53 93
9 1687
49 380
28 88
6 1514
60 1748
75 1166
44 1594
46 161
20 1751
91 283
27 840
50 1215
34 345
20 1617
19 1276
28 477
40 1119
18 1110
2 1959
40 336
65 102
62 1400
34 1549
40 598
96 1234
30 1560
72 497
14 1225
80 321
72 493
77 789
34 985
87 1345
46 1593
83 1794
58 1972
38 1659
4 1208
98 775
71 1942
39 1846
94 359
28 536
68 1531
64 270
21 480
38 1360
44 46
83 931
15 324
28 348
12 1278
42 643
30 1962
30 368
27 878
34 362
29 115
81 1023
87 1785
21 145
15 99
86 612
26 1332
50 1582
45 917
22 1498
59 288
74 975
68 1663
39 1896
73 265
64 1028
88 159
14 830
11 910
80 993
30 1915
7 1646
29 203
71 1957
13 1059
63 900
67 1791
37 525
57 183
36 1394
75 788
91 1973
67 505
73 1795
99 1894
4 532
86 1316
29 1747
25 486
60 1505
81 101
24 1831
26 1725
3 511
60 1666
74 1134
11 1211
7 103
29 698
59 260
35 29
86 1696
77 1696
84 497
61 775
24 505
4 876
2 1150
62 1641
41 735
73 142
89 1362
66 910
21 284
40 1095
24 227
6 264
27 8
84 1117
60 1040
70 784
78 890
91 109
91 543
88 922
68 1031
41 220
66 1862
15 234
49 1300
67 1468
22 1972
19 1829
64 858
33 1386
10 565
29 1110
19 27
96 1543
62 1541
41 1327
29 1371
44 702
66 1090
95 1385
55 1071
40 1250
27 816
40 934
41 880
56 1180
84 952
92 1123
23 337
28 55
78 28
75 1681
55 1344
32 1374
79 977
85 184
36 746
84 1134
61 1234
30 682
12 784
19 1798
97 187
100 1269
73 1784
16 1359
99 1564
13 1723
40 536
36 1680
10 1367
69 403
32 1107
21 767
60 382
83 391
51 1809
2 1042
68 38
9 1901
69 1734
10 219
97 1966
75 1248
85 852
75 1918
12 641
88 869
45 1197
87 298
15 1898
8 1669
40 761
90 505
82 1929
81 1959
31 1049
17 1427
95 114
7 1662
30 338
80 1877
60 869
36 445
100 585
90 104
39 76
53 1110
22 690
71 1141
46 883
96 1424
5 731
50 564
43 9
32 719
98 1630
81 616
62 1580
23 278
11 1517
22 1825
70 101
15 963
77 1332
8 687
18 1612
4 1421
34 887
99 1301
6 966
6 1640
99 1896
38 33
45 329
14 484
84 1834
54 1634
8 574
6 609
72 1334
94 335
46 1532
6 1455
46 1050
48 650
96 1350
10 418
52 1223
4 436
68 908
3 932
62 6
92 1422
90 1206
54 1021
57 1501
76 1702
77 1938
78 1120
80 1010
84 458
30 1776
45 770
74 1985
69 1688
65 176
32 302
87 966
61 1950
5 241
66 712
20 1266
22 1029
12 1005
1 203
40 586
13 172
80 1245
9 918
64 1471
20 910
17 497
65 208
73 119
88 1789
16 1701
48 1502
65 1711
11 146
36 345
89 1398
21 1538
11 390
33 1471
51 907
31 660
61 272
27 1492
11 395
43 793
3 1074
18 1791
68 964
94 1654
25 1187
82 1052
11 1591
15 239
39 1968
37 673
43 1969
54 266
75 1130
61 1028
28 867
88 1665
15 1989
87 1616
5 1863
59 258
22 699
79 1359
32 307
92 988
68 1086
81 1466
43 1847
97 176
6 1681
23 832
72 1087
32 1813
7 369
34 1691
65 1787
70 926
38 1945
55 1890
88 904
72 127
80 1131
56 342
13 380
73 739
30 1249
76 1373
25 1737
62 46
53 857
90 210
11 1481
58 1948
41 1970
87 313
73 1015
17 695
32 782
42 1638
58 39
2 1589
31 734
4 1407
22 693
62 1182
2 1085
15 637
19 1581
47 566
18 1275
90 1059
48 1041
87 162
87 1626
44 620
78 1912
10 617
17 1255
64 516
63 613
42 24
36 516
63 254
52 24
60 1835
20 1947
65 856
76 1683
60 141
31 642
54 1140
90 456
58 7
8 1320
81 1681
14 964
14 1127
84 1641
74 641
67 1530
35 1868
68 132
77 168
20 984
70 1191
71 1175
31 1201
42 1541
7 562
66 1399
23 910
4 1740
69 846
84 651
18 288
97 995
49 1533
75 317
26 1877
42 186
39 1970
60 878
100 65
1 1738
26 1719
53 834
93 53
46 218
16 1560
9 1329
56 1310
20 1107
65 725
4 1345
44 122
99 324
100 410
21 794
23 1284
8 1749
99 1138
99 1584
3 1968
34 66
88 19
86 1690
31 790
60 432
14 567
40 1353
15 1291
50 1528
76 1623
57 840
74 1140
92 820
60 997
86 1451
88 84
34 1961
85 511
5 436
9 1019
84 983
56 809
37 1971
5 1004
82 106
44 599
20 501
9 1379
88 1594
35 1
29 1670
80 1955
13 1694
51 1056
59 1501
48 1082
16 488
24 1490
29 1989
20 228
78 902
24 107
100 48
43 1513
76 1765
20 233
86 269
86 986
35 69
85 164
52 328
63 1425
1 90
13 553
75 1096
19 1690
8 937
36 1188
49 469
31 725
89 1762
82 314
99 845
24 1520
54 1081
7 1329
82 852
36 1104
98 231
20 1378
10 360
47 1587
97 1729
68 138
38 443
47 690
78 892
83 1542
10 1978
88 358
28 1834
42 1857
51 1515
88 1622
75 1540
70 208
64 1853
15 452
2 530
39 774
9 15
95 1069
16 22
95 126
72 1908
86 961
72 1503
35 683
55 1965
15 1643
95 492
35 1162
64 633
77 1915
57 1124
2 290
46 1656
93 684
65 1405
96 1418
67 1917
85 401
40 1597
49 748
58 933
77 1954
70 1709
48 351
18 483
39 698
72 138
69 1043
74 552
78 1437
26 683
85 1402
17 501
58 828
63 1710
87 1796
96 1692
82 1126
60 758
7 802
2 635
45 1238
84 780
63 370
71 446
78 1207
44 307
1 1832
16 346
98 204
84 151
91 1365
61 1005
49 649
9 1593
57 258
49 1860
24 1202
26 657
69 1872
49 1032
35 1212
46 1196
93 487
1 54
6 589
91 468
83 395
6 1210
64 534
60 1861
56 1521
83 1513
26 1377
99 185
92 1399
46 1384
69 482
72 707
34 275
86 1268
47 1028
39 600
80 355
17 1807
58 36
36 1699
5 109
91 1975
52 818
60 1477
40 1802
92 1900
40 956
53 1445
67 831
38 257
26 421
49 1757
27 363
5 570
1 173
32 207
34 181
62 1859
53 1069
76 609
91 270
26 1367
73 1518
66 1037
85 1090
16 571
77 1548
30 451
34 204
14 643
43 1466
95 1674
82 1197
64 1245
39 744
2 1462
59 1345
29 546
93 713
74 1682
2 486
56 394
30 1407
9 1236
18 137
94 67
91 1450
7 1606
2 1705
87 249
23 828
32 86
66 1026
21 940
39 514
76 566
39 114
77 1374
40 870
53 640
81 1839
20 1862
14 459
95 1107
79 1010
12 1228
75 567
73 1636
96 801
89 872
16 622
74 1659
90 128
81 1461
15 1613
5 1218
68 515
16 906
53 525
49 911
31 821
34 1472
94 1264
43 1515
19 175
42 1547
38 1584
53 1846
39 1634
28 1980
54 1278
86 1888
2 835
78 459
80 1485
26 239
2 1687
77 1520
70 221
32 1315
64 1977
25 52
18 340
31 73
14 571
93 899
80 1057
45 851
80 292
68 1628
9 994
79 1283
96 599
97 1124
74 988
79 81
8 1065
86 1431
57 1025
57 1244
7 563
9 822
56 1269
57 817
15 1776
97 505
11 1024
5 833
65 56
82 891
21 1254
58 1372
82 1763
50 109
52 162
46 198
73 1329
37 1541
41 230
24 440
76 449
37 436
10 641
46 1945
90 269
28 1441
22 410
100 1624
41 933
4 1805
78 543
76 1004
18 984
89 246
91 654
91 1489
51 1424
63 507
72 1349
37 1676
21 539
20 1257
13 1809
32 97
39 759
32 147
13 1053
50 872
38 501
21 1191
81 1686
86 1738
99 79
47 365
4 1307
56 1479
57 856
18 1536
32 251
82 53
37 1556
36 1296
48 240
57 1634
82 1927
28 644
86 1500
72 1897
7 1797
25 1136
7 141
88 910
22 1532
98 1712
23 1928
77 1166
60 271
80 1534
18 115
65 80
67 994
94 1649
11 644
93 1684
84 1054
64 1449
95 761
75 138
91 20
100 1159
5 306
5 406
6 1305
54 1000
53 660
40 510
62 582
100 868
76 301
10 1620
100 1254
1 368
37 130
35 14
74 460
43 1388
52 782
5 1852
44 1222
99 1826
92 25
51 839
95 1081
1 165
53 1353
24 488
48 867
42 1409
23 466
41 1466
47 773
49 352
94 1422
86 358
46 1279
68 1892
99 1273
7 1401
83 934
81 125
51 1797
11 1126
16 1019
73 479
60 830
10 352
64 472
67 190
64 424
14 217
64 1639
44 1938
12 200
26 422
96 1290
83 416
58 986
99 1579
33 324
62 757
33 819
70 1990
45 508
54 404
16 1086
27 1650
82 381
23 716
2 1798
25 106
50 1773
90 488
88 1859
64 1495
10 904
16 1117
82 750
48 1916
68 644
66 1605
45 1570
21 580
29 895
30 1032
12 323
8 1545
32 1595
28 1265
5 1034
4 1317
1 1305
11 1693
69 1178
62 196
34 80
56 1866
100 1474
26 393
45 1281
27 1706
37 1420
35 1043
21 1295
81 1180
28 643
54 1533
37 501
18 1599
79 97
25 1093
22 135
4 410
21 834
49 884
52 1627
13 1425
20 770
95 1163
28 375
90 124
100 1501
81 1868
26 1906
74 1264
32 1099
74 1045
39 1648
93 573
93 887
59 732
67 1522
60 1330
79 312
27 271
100 1657
19 983
68 1157
37 1657
8 1846
88 1243
25 111
53 458
94 1786
76 383
72 907
97 1200
21 1933
60 451
46 198
52 589
14 511
47 1800
31 635
89 1896
98 853
93 340
14 1249
33 1722
19 1783
55 1129
29 967
34 612
89 1813
40 592
74 841
12 865
24 467
68 1490
81 87
17 1802
17 1550
61 340
37 861
51 1963
30 1896
60 1450
47 320
88 399
65 1321
81 1953
13 1784
6 1844
39 1624
75 1854
1 1443
19 1600
95 1885
85 1248
33 1601
22 720
53 1622
61 1415
52 1285
77 625
3 1987
32 410
17 1615
98 1311
35 498
74 529
22 404
30 663
40 1278
40 1012
7 1016
63 1071
13 1225
17 260
8 1366
23 510
99 37
74 1623
62 1978
69 151
42 71
92 325
48 44
6 663
55 1461
8 1608
77 657
62 238
35 1630
28 63
41 580
76 1887
2 846
15 306
73 479
74 1303
85 494
20 1438
9 850
50 1990
21 169
43 953
35 1607
42 1249
53 1642
26 1459
70 1308
73 2
7 23
58 513
89 60
27 388
78 1910
24 1801
77 754
36 1964
47 576
76 1667
84 1640
91 548
67 1949
56 693
95 516
72 1254
56 104
51 1924
48 1169
28 1405
49 1688
43 1292
8 421
90 1177
56 1436
3 743
75 1164
19 154
72 1930
10 866
72 1899
89 282
17 1063
98 1010
1 14
69 1820
95 1250
81 279
29 669
55 681
17 843
67 220
37 711
99 106
65 343
86 589
1 329
2 337
66 933
36 516
5 1149
5 1434
50 603
44 121
9 403
5 1504
82 1243
2 1892
89 1011
98 1465
48 1816
86 439
53 1315
80 634
28 1622
33 215
3 1126
3 856
37 1069
23 1030
85 894
21 1787
28 1615
68 646
45 1205
4 1518
24 1727
59 1596
99 243
56 369
44 945
38 1388
13 732
29 163
40 1593
13 985
18 1297
94 1638
17 1513
41 368
55 163
55 1450
61 1200
36 1561
15 802
30 1149
37 1726
94 97
86 130
41 1501
16 160
33 1676
23 420
29 355
46 1671
50 572
93 1056
30 1294
66 760
22 1467
26 1986
97 1641
77 530
75 1449
83 425
48 1184
84 1767
80 1673
16 1124
81 1659
89 840
35 526
35 910
33 63
64 1480
95 1093
89 964
84 314
27 788
40 1885
26 1814
43 72
4 1486
21 1296
13 1445
95 1826
99 1489
92 1597
19 1418
43 46
41 23
91 1714
53 1145
71 1059
33 383
68 532
33 1430
43 1824
1 1622
6 1121
22 128
86 387
99 563
59 1060
2 570
21 1616
19 1901
84 1204
61 720
71 332
37 1492
68 436
36 389
20 1069
69 1959
46 628
77 1444
61 210
13 858
44 364
17 1138
61 1816
53 1851
69 426
12 1038
94 193
4 1186
94 1746
66 945
79 1198
42 1093
63 1999
8 673
57 345
12 1255
99 1206
70 1381
47 1955
60 1841
64 123
19 1184
72 1097
92 739
73 975
9 1973
33 1500
71 1938
52 31
15 1422
30 887
1 1323
36 380
29 344
4 66
63 362
55 517
97 416
77 1540
20 1083
15 674
76 988
96 1738
27 797
20 982
88 1227
69 1380
77 303
3 1393
34 825
44 800
98 1678
71 834
42 1100
15 1169
22 145
77 1621
98 1729
91 718
70 113
94 1116
43 698
57 839
23 439
49 1073
80 743
56 1947
61 982
59 1096
13 400
67 1764
62 685
62 343
59 921
88 461
45 1913
75 1399
18 1772
79 1674
68 684
14 382
30 1580
74 962
97 311
15 1363
50 1766
22 984
44 596
77 1342
59 1737
7 1771
5 1487
7 115
52 863
54 1341
23 1959
17 847
99 1601
25 1781
53 1634
14 197
46 1365
23 1916
71 776
17 700
63 759
79 760
75 1948
34 753
1 878
6 1209
74 900
96 355
41 1415
43 1019
53 264
83 1325
95 433
38 1776
22 131
60 20
17 1928
39 90
20 1471
8 529
75 1072
37 1828
55 111
44 1846
74 1052
6 1274
31 680
76 991
85 1601
63 1260
61 1053
49 1550
5 273
49 1529
43 1300
6 1337
45 1583
16 1407
30 1992
93 620
95 949
41 939
57 853
15 1333
97 344
53 1835
3 337
95 755
39 8
80 667
61 1533
12 209
47 617
41 1550
62 1118
13 709
62 1292
1 427
89 1748
13 1050
18 956
77 576
1 690
2 729
26 539
14 499
31 677
29 260
37 1067
13 344
97 1984
70 1594
47 1565
76 1808
7 29
97 179
76 339
4 1284
20 614
89 25
91 492
55 805
42 582
22 374
63 749
25 1659
6 69
51 1746
31 1735
52 1696
93 1805
31 212
20 1251
86 481
85 1079
48 138
81 929
36 1320
17 990
14 1977
52 1707
53 1189
52 979
4 1400
89 1171
7 132
72 696
33 1629
87 1132
4 43
74 1095
92 1218
65 1947
15 1882
68 1826
10 1330
14 909
98 900
57 586
96 867
48 421
26 1380
80 1512
100 615
54 415
10 963
65 1042
56 693
42 1305
59 110
38 163
62 210
74 1055
71 578
30 542
83 1699
18 1696
74 767
37 1794
23 1448
94 1507
36 1354
98 904
42 1668
23 791
54 1290
8 6
43 142
66 1016
60 1872
21 1265
84 627
69 750
68 364
37 81
40 1335
62 191
54 750
18 851
99 1382
38 541
25 99
8 379
3 1969
51 630
16 332
78 883
20 325
93 239
49 16
83 1802
17 632
53 1682
83 1301
39 1796
86 945
14 1796
77 66
29 488
78 1378
80 1084
73 495
65 1711
23 1480
95 218
98 89
94 1421
81 994
82 1119
59 237
85 1985
57 1852
17 1158
6 60
55 590
36 646
3 54
29 1311
50 1712
26 939
82 366
98 250
52 121
20 1118
32 1717
86 113
97 1129
29 381
97 1728
62 260
85 1648
71 1189
45 1915
98 264
47 883
64 86
29 217
65 423
85 34
10 378
14 1864
26 1113
2 375
52 614
92 1000
13 1182
65 1117
55 1421
24 95
50 852
4 1379
94 448
80 1510
40 1969
47 1059
95 1816
16 1000
23 587
95 1858
15 305
61 1633
79 1558
62 632
58 1263
8 65
82 1724
46 157
87 1254
17 947
39 209
17 1457
18 1333
43 724
54 106
37 597
30 1476
86 733
58 1890
16 1742
55 1330
98 1675
27 1602
41 1052
9 359
92 1388
73 227
25 1973
42 254
44 676
37 1556
67 402
81 275
39 866
26 1866
62 1579
28 1582
95 1357
16 1614
52 909
5 1007
13 1203
35 179
97 1898
70 155
32 10
1 1538
58 899
60 101
49 1549
7 1791
83 1104
98 527
54 110
14 1471
60 618
8 831
31 1369
35 103
87 1666
70 1320
1 969
42 1850
34 623
83 1175
27 1243
97 1455
61 968
30 509
74 995
4 42
54 517
9 578
30 1980
47 1584
35 69
25 1129
59 600
90 1386
6 1858
50 1231
8 442
30 1147
11 1300
89 1141
95 1883
69 1176
17 903
36 1003
95 178
35 217
84 500
66 1356
39 790
36 1946
86 1123
63 455
37 1811
97 949
82 1160
18 267
86 952
70 1220
7 620
87 1983
96 1015
