1000 736609
5000
6 652
203 920
119 701
21 931
11 1489
596 763
27 1574
72 979
339 716
213 501
18 990
299 432
83 447
263 140
71 1839
94 1412
687 96
77 506
427 839
44 556
919 852
476 704
981 924
324 719
333 662
680 840
645 366
667 923
200 491
53 734
57 437
549 510
270 390
43 761
875 540
88 1846
39 1936
994 764
81 510
16 1146
427 450
37 956
390 639
34 1622
63 59
527 293
48 1314
46 1439
640 853
62 1371
410 378
54 611
64 1232
47 1915
92 680
52 1130
93 1100
41 781
30 638
84 1932
38 41
22 1630
758 442
14 1159
791 561
25 1158
100 1489
129 337
525 30
903 652
470 323
24 224
6 257
800 12
33 1232
258 982
926 34
526 802
576 240
503 375
66 1359
871 185
9 354
733 137
700 403
27 999
69 1781
41 1528
17 986
2 546
50 1911
96 509
57 266
671 196
131 617
53 1235
804 925
556 626
64 274
670 212
6 1683
27 655
54 822
832 104
544 389
395 165
822 448
77 1856
82 569
150 853
943 655
58 27
747 223
42 1292
7 1051
967 152
608 209
195 393
85 216
953 48
61 1754
55 473
698 95
19 1511
28 287
789 894
636 322
601 172
69 522
267 131
609 982
49 386
658 620
30 269
16 1067
15 1436
80 288
473 270
80 1531
30 1845
481 153
708 281
4 1193
954 370
63 197
27 1658
19 1314
564 874
476 664
41 204
42 62
79 1680
577 919
37 1281
59 1143
432 332
875 434
37 820
57 72
54 1769
872 927
348 759
979 371
82 1929
5 1737
658 575
35 1762
85 373
1 860
987 67
73 1596
2 111
603 447
790 897
416 246
88 33
75 1348
608 916
650 368
2 1040
35 1880
80 420
201 346
41 1853
88 738
49 756
599 629
48 1583
34 383
32 1861
9 1327
21 186
243 355
306 286
41 783
76 560
690 63
98 737
892 694
20 888
347 255
12 1781
120 59
270 557
489 436
19 1037
54 1446
28 1396
85 1287
41 641
95 1845
12 957
55 94
254 55
77 638
5 1290
332 23
16 1467
2 821
565 84
237 733
90 1927
3 1221
61 562
99 555
315 443
312 552
556 310
27 459
389 405
52 1582
746 50
336 260
98 1436
951 845
834 77
68 809
600 61
36 1106
29 1404
608 17
31 869
16 1155
270 46
92 1191
47 1465
19 126
99 340
412 276
50 286
20 1889
24 638
1 864
51 193
88 748
60 1736
56 1816
10 1031
47 352
57 1395
11 1492
5 454
333 898
4 1338
489 899
42 1171
97 509
793 696
65 1402
13 1362
401 208
981 518
48 1984
81 487
31 568
66 362
934 671
536 488
809 343
739 133
984 419
12 1491
88 1588
23 122
58 1698
119 44
218 759
909 634
6 559
559 505
95 47
260 838
40 1987
528 945
608 566
971 990
856 488
86 465
172 788
2 1242
64 1954
15 302
21 941
20 1892
89 1219
953 174
50 1968
750 842
602 843
715 668
609 911
92 1773
457 264
508 72
19 339
112 15
73 714
795 626
91 1477
66 570
7 802
117 637
939 933
406 412
59 1073
51 969
88 634
24 301
41 922
12 806
76 967
80 751
13 195
41 1018
960 160
48 817
40 1084
37 496
82 138
23 245
64 550
555 465
832 431
940 931
72 1880
357 690
66 176
91 1008
8 717
613 783
25 517
26 1360
979 866
5 1123
453 261
63 1206
84 976
1 579
100 1672
65 1047
224 757
259 736
90 1215
976 310
94 977
12 1268
477 916
44 377
726 280
78 658
982 569
622 872
640 925
31 886
20 709
85 1517
800 672
139 769
7 1795
4 637
714 762
71 1500
622 781
86 162
708 253
396 195
89 590
590 548
71 1208
18 1634
39 1164
3 1175
61 298
17 183
740 781
1 640
329 629
82 509
31 893
257 208
8 692
96 377
767 24
57 1056
41 159
46 1535
96 187
99 1059
940 47
216 256
546 691
50 1196
475 787
82 1733
385 301
50 26
12 628
30 193
715 781
83 308
955 764
632 386
180 566
513 959
64 596
275 546
28 799
792 596
96 611
364 17
32 1579
690 151
498 519
832 88
601 108
828 793
532 226
114 761
27 1141
20 1007
57 1493
48 575
34 1522
52 1718
346 376
936 765
330 666
17 104
23 1829
49 1480
999 816
12 402
961 195
397 287
444 243
51 616
56 761
783 859
996 356
57 269
119 84
686 984
134 583
446 873
672 209
5 795
67 1876
64 1743
182 780
845 247
31 1371
99 704
315 581
90 1383
97 1879
751 233
885 469
52 389
982 663
141 193
63 1274
480 573
719 986
410 651
914 248
79 1853
116 822
45 1461
27 957
98 1598
93 1108
61 1895
183 662
13 1923
76 331
10 1715
187 255
32 1466
12 290
907 366
353 449
82 121
224 964
867 51
94 123
783 434
856 761
331 708
647 78
857 539
489 996
99 1709
32 701
77 1542
40 824
879 786
88 333
357 528
27 323
94 1957
782 217
89 1101
91 1728
990 672
93 1148
57 1607
93 226
99 1189
27 74
299 964
100 343
16 1855
144 328
99 1670
1 1929
36 736
62 891
92 1666
668 178
244 739
14 1212
789 591
98 953
26 1612
392 915
586 145
414 757
80 784
6 1520
206 830
81 447
272 595
243 788
39 493
37 1596
187 783
315 983
205 977
27 1499
34 1173
568 213
86 129
44 1411
93 1605
64 644
391 432
79 1116
65 361
34 825
86 818
64 1469
939 428
161 799
711 353
88 221
77 227
83 915
42 1004
85 1606
23 630
775 230
110 238
3 1537
4 1379
98 1642
183 548
153 865
2 146
7 1135
15 1630
18 929
97 241
804 299
49 1627
271 304
99 835
25 94
403 925
258 636
269 718
6 1071
84 493
56 715
610 755
396 740
237 981
37 1106
35 1323
799 648
87 832
354 704
731 62
947 318
89 1514
450 61
63 1862
37 849
16 1332
46 400
71 82
14 9
856 425
56 1281
62 925
292 267
553 993
735 926
597 376
292 555
82 1641
51 1566
53 1602
7 1418
544 336
897 849
8 1740
73 595
21 1047
581 451
453 281
542 649
43 1949
130 385
23 1217
634 386
389 187
59 1213
25 1407
334 36
70 61
203 718
984 299
361 903
602 338
46 356
992 932
661 945
73 1040
108 934
19 480
92 858
531 915
42 1292
585 835
87 941
11 664
725 493
369 127
4 785
1 705
21 1575
57 1618
916 586
24 1167
992 144
459 899
813 494
100 680
66 1784
8 36
56 301
115 268
16 604
206 65
681 118
19 1516
417 401
50 1784
930 629
95 203
927 810
876 493
60 555
589 91
45 1161
58 555
39 199
534 223
18 52
861 60
896 224
535 735
85 842
592 594
53 1029
49 893
36 1148
825 524
584 882
302 861
58 505
53 1386
173 829
48 647
20 1032
931 791
395 363
15 681
147 30
17 1827
903 370
67 913
437 147
378 716
71 425
484 941
542 466
53 1364
521 211
344 410
424 753
119 497
956 9
4 707
65 1676
43 124
108 356
37 1546
945 126
97 268
52 234
706 22
317 88
564 502
63 944
42 1633
596 53
581 2
22 1421
281 46
1 1269
55 1710
82 1677
39 147
94 1162
865 527
59 969
81 580
12 1973
908 884
5 1490
833 659
335 621
757 130
20 1592
610 831
19 915
65 1214
230 81
924 602
723 630
3 1373
546 436
399 238
34 1070
18 1343
97 124
273 351
32 594
93 3
18 630
595 799
2 578
87 218
78 461
65 1512
74 1465
788 205
622 243
274 883
73 120
737 588
159 966
341 69
29 1209
82 1479
83 1362
68 705
870 29
329 346
58 1808
30 510
679 258
50 624
744 856
87 205
49 215
337 231
8 10
670 217
136 4
581 484
958 48
64 731
641 486
426 188
231 598
484 215
384 608
31 1340
738 283
11 192
811 966
58 32
85 710
694 598
32 185
49 134
35 1509
40 1655
45 1116
631 292
538 112
38 357
87 1650
381 675
88 1106
9 535
154 773
427 477
49 1121
23 1738
15 747
45 1667
145 786
858 627
922 816
548 653
70 357
79 1860
16 1783
4 283
42 1662
53 1107
91 1036
720 577
63 1306
104 284
45 1121
8 309
48 329
71 1302
90 312
448 66
945 237
62 727
518 507
8 887
641 768
71 473
84 1740
91 1769
189 325
10 1676
22 890
27 76
96 1271
177 679
985 500
336 897
432 131
309 629
24 245
298 884
1 297
343 573
28 1625
86 1991
420 514
57 325
120 61
306 729
973 699
86 1158
95 469
383 269
9 957
647 672
458 735
49 227
776 931
746 373
878 365
625 840
61 938
744 897
110 942
85 1768
69 1780
90 368
126 44
442 30
63 1093
51 1720
82 723
17 29
44 185
193 854
9 234
43 6
294 94
808 412
3 653
674 201
241 437
19 1556
37 1216
47 552
27 329
552 29
55 848
506 974
95 104
58 1625
346 930
36 1810
906 738
152 677
36 708
62 209
8 22
74 186
44 1523
59 201
927 801
72 1438
288 157
319 760
892 902
86 65
363 671
219 138
2 361
77 27
758 46
388 686
275 878
265 797
55 941
71 925
23 361
50 1322
95 957
86 1293
53 1897
355 105
36 296
230 219
76 1706
33 256
932 333
68 541
27 1053
567 563
27 1219
664 827
196 515
23 470
260 230
660 578
62 1849
955 851
510 476
28 1777
206 146
63 596
47 225
344 911
184 43
33 1214
17 163
3 1763
83 475
314 278
66 265
78 650
83 1050
910 133
61 1535
22 1357
38 385
141 710
471 608
583 608
65 1600
82 287
462 532
556 771
92 1123
70 1671
817 333
83 579
9 78
66 764
353 22
30 1819
22 1181
918 100
166 918
94 1061
90 1844
64 169
41 100
99 1027
11 638
86 1738
73 1020
69 285
40 203
1 27
52 1877
89 426
122 317
92 1913
411 935
704 842
62 273
541 395
49 38
997 480
93 58
287 35
759 583
73 1314
186 439
896 176
69 577
625 883
583 153
8 45
82 888
543 858
752 756
441 654
553 632
198 543
87 239
252 721
96 1162
364 651
906 871
976 210
27 276
554 737
74 1896
29 643
55 1209
703 886
203 60
97 1852
849 474
64 1314
781 644
887 308
31 517
100 764
4 1500
99 1438
15 134
486 238
52 1893
562 316
89 836
254 770
92 634
43 1521
81 261
8 1818
423 279
83 1598
7 933
79 563
33 295
79 1429
13 180
839 99
93 1277
692 514
94 1822
87 606
957 206
15 1168
89 1438
247 93
7 1293
923 197
15 1296
65 1271
50 487
252 171
36 320
68 1965
557 350
25 349
48 184
646 409
575 605
33 1135
52 972
54 588
80 906
74 72
66 280
160 593
357 157
20 2
955 356
799 291
739 564
79 477
17 702
774 885
83 125
55 265
739 594
9 632
22 1460
6 922
34 1161
7 1165
15 791
783 919
14 1632
69 1710
15 1069
78 437
175 580
48 590
63 1378
60 1983
495 659
95 563
28 301
860 715
41 553
2 1114
29 5
414 174
85 118
143 238
593 69
989 53
439 169
7 155
263 490
24 1839
239 318
55 1117
887 462
7 78
492 79
51 199
156 938
55 1907
82 1306
54 182
32 1701
896 778
933 679
967 772
459 54
86 606
13 1877
92 326
36 98
87 1904
358 439
9 396
91 1523
531 200
803 988
123 433
694 301
66 43
65 1694
832 673
75 939
78 506
81 1899
2 1222
976 686
40 1055
37 1112
3 1721
280 183
580 109
2 764
78 1494
91 1293
93 708
50 364
30 1642
62 883
980 554
52 562
63 1054
69 340
490 929
469 364
625 960
9 156
573 977
539 296
95 21
83 1680
279 111
916 719
95 170
119 195
21 1556
395 248
63 610
26 30
50 697
689 26
79 722
56 371
300 682
495 388
731 974
132 400
51 496
6 454
52 1615
10 608
245 686
174 108
502 380
72 1294
981 516
276 560
22 448
17 1124
895 8
50 1436
328 536
175 491
718 883
975 361
91 56
776 393
71 355
77 720
650 917
8 781
3 894
60 1101
18 1411
2 1940
836 43
5 133
90 1569
13 1284
89 1468
90 364
17 1005
94 1189
142 566
407 24
521 551
38 1602
444 94
34 623
697 804
352 983
288 432
835 747
191 417
82 216
701 197
39 1359
73 820
905 63
755 983
50 55
296 585
85 1707
93 485
192 487
91 958
81 85
986 654
927 146
989 631
64 405
61 1681
869 513
200 958
548 968
40 935
95 1435
776 636
51 1365
780 937
166 695
467 284
350 407
165 677
433 677
443 562
632 764
74 1584
13 402
53 1365
416 639
39 351
26 941
47 493
43 879
2 1758
146 790
64 484
870 71
32 1063
74 1645
117 308
39 1248
12 1511
57 196
967 586
36 202
122 626
222 261
286 944
71 1085
10 938
529 399
88 525
788 951
945 595
70 427
340 98
63 1875
26 1949
30 991
1 337
94 1075
743 791
732 438
209 221
453 650
80 1402
649 234
689 835
42 1085
97 618
89 791
58 1691
51 1614
25 280
63 951
7 1732
271 536
71 371
4 165
952 153
85 1458
100 1550
47 918
484 860
322 104
973 433
31 429
79 20
57 1046
59 738
327 152
78 795
862 293
777 456
501 247
91 159
386 935
95 329
7 730
345 27
70 1050
667 573
71 166
9 748
808 942
2 786
80 835
956 119
54 1794
415 201
52 598
949 295
584 360
92 1565
834 5
586 714
395 645
410 982
262 1000
98 1087
71 1764
937 655
673 35
758 406
30 1274
196 760
83 1077
70 1043
4 1096
73 664
488 80
418 177
951 686
520 825
16 979
19 222
6 723
39 202
9 587
627 364
726 138
25 852
70 288
516 254
802 39
73 42
38 197
7 1621
421 295
72 842
390 740
7 114
858 206
271 904
57 243
76 433
160 387
39 116
453 47
99 789
885 577
140 109
27 1371
880 219
711 966
51 140
81 360
79 664
11 293
75 1010
52 1042
208 475
35 1452
831 228
10 458
87 861
62 1845
618 809
45 283
12 311
964 872
876 614
19 704
58 1297
329 950
8 1993
247 384
90 1790
711 352
867 855
3 1681
952 804
66 975
85 19
509 235
43 246
21 1276
90 625
289 965
79 1771
38 715
45 1474
370 864
97 1768
87 1208
293 345
73 346
57 170
71 1450
379 378
75 615
43 1986
888 698
43 311
93 1594
916 491
515 888
6 1146
29 867
72 1483
910 571
9 1135
82 1087
61 935
11 1406
13 1797
877 290
12 334
10 1622
737 433
464 847
86 1853
21 1142
23 1189
75 58
198 396
35 782
181 305
38 832
747 971
41 1290
94 757
367 582
239 665
72 933
76 893
374 89
49 1051
72 332
58 294
814 245
79 199
440 197
97 971
705 107
402 500
352 602
25 1193
968 568
8 1855
94 416
880 312
67 770
457 500
14 1986
5 1345
85 499
2 512
35 815
921 757
493 238
26 767
19 1252
404 815
573 510
262 806
359 944
953 665
87 1285
563 542
36 444
75 615
152 984
584 129
118 40
814 277
57 1156
67 1966
64 498
273 240
946 381
76 842
408 496
48 1123
560 484
22 1998
56 1822
87 164
68 329
86 624
217 212
52 19
627 888
336 312
33 1375
78 673
572 878
481 276
337 748
623 558
28 1756
1 1623
312 914
117 749
15 253
202 235
72 1467
89 1629
53 492
47 774
67 262
65 1670
892 741
9 1201
964 141
919 266
3 124
446 334
79 1885
636 918
319 67
14 606
282 81
423 918
166 492
530 158
617 741
61 626
391 217
840 243
587 257
31 1501
94 1189
45 33
34 1080
737 31
498 510
89 540
343 334
40 1202
233 715
1 63
774 571
830 7
98 925
409 724
939 398
191 540
24 48
64 623
325 326
350 139
31 728
655 88
56 1068
229 23
445 737
93 1921
35 1766
213 135
109 963
44 1701
447 385
879 137
229 15
958 378
389 793
290 626
50 573
18 785
961 435
845 397
882 844
51 1635
686 867
121 963
799 290
5 931
906 81
40 465
89 1682
564 313
683 96
746 185
94 164
356 334
25 1922
6 1829
45 1947
71 1294
4 745
62 1256
329 493
16 251
79 1954
938 546
79 808
34 1969
435 801
17 1179
74 921
335 30
15 610
510 43
976 964
64 201
736 108
51 645
30 905
98 1739
926 223
899 50
56 561
67 1620
43 1021
25 1145
320 766
76 329
6 1612
58 327
617 413
58 46
74 1548
379 410
62 1635
819 830
257 201
89 1466
6 867
29 1256
836 541
565 738
33 1668
795 883
208 188
89 941
706 72
95 375
53 649
48 1059
935 440
66 1550
27 1563
678 706
1000 717
522 296
286 143
46 53
78 1994
71 500
732 970
81 998
98 1345
95 1543
47 1897
904 757
99 961
876 477
11 1901
30 578
615 768
657 678
39 1920
51 554
60 102
81 1383
31 276
20 1527
200 869
24 932
7 1587
103 748
95 1885
358 86
50 1297
30 1226
825 708
995 725
843 267
24 12
10 550
27 1393
74 1997
711 503
933 712
6 777
433 258
72 1478
96 1733
81 1467
7 183
800 187
373 540
92 1649
29 1863
221 908
113 890
686 321
18 1955
49 1829
414 438
421 400
17 863
184 509
34 454
127 143
805 177
930 643
71 1186
14 679
872 777
2 226
488 224
262 114
99 1621
89 1023
455 591
29 1539
89 1399
727 250
88 1189
37 70
131 109
219 34
28 57
64 38
4 107
181 229
791 714
9 1303
735 90
82 1338
807 678
154 375
93 988
99 1773
281 835
32 577
670 59
15 397
77 377
623 43
623 983
760 983
2 1659
563 984
74 1766
83 659
374 748
177 888
889 381
92 1474
480 738
4 964
305 131
834 379
264 218
99 1078
129 814
748 421
72 1821
19 859
821 828
927 581
576 765
280 928
46 299
43 888
738 574
378 682
4 1799
487 522
72 1346
13 1758
3 1896
24 1101
58 1104
47 1267
339 512
60 969
51 927
436 95
575 697
455 604
426 132
28 1901
605 959
255 603
302 739
333 643
77 322
874 239
70 1389
99 1008
64 1626
25 164
79 665
540 133
36 112
32 667
8 1603
85 428
89 766
7 431
45 1303
93 1170
25 1411
11 1394
26 537
270 331
144 793
42 1752
436 548
919 615
71 366
657 493
320 825
71 647
569 328
64 1618
52 652
119 198
27 571
44 1370
11 846
37 21
660 110
801 707
533 299
766 180
2 522
228 235
94 364
211 971
129 902
605 956
886 986
41 998
229 652
696 542
873 637
30 1275
5 276
817 637
309 245
474 100
97 944
773 319
329 741
16 1443
82 861
530 623
66 107
79 1811
51 874
37 624
37 671
75 1476
17 413
77 1795
925 572
73 501
9 365
67 1204
781 738
385 662
22 937
22 618
47 1608
883 77
10 801
67 446
55 161
39 6
819 174
50 1092
175 969
664 651
221 992
54 407
47 1392
40 859
93 969
402 762
56 311
95 539
313 67
18 1354
62 1254
62 25
31 1639
87 129
40 343
72 126
756 792
522 553
93 1713
38 1804
43 1701
1 299
64 679
79 1959
23 1971
148 637
32 604
121 906
29 756
550 718
468 109
71 127
25 1670
338 792
27 1950
406 230
34 333
100 1200
326 177
950 259
842 81
617 893
316 246
940 904
207 740
927 402
211 903
658 684
50 1561
93 1126
44 1686
96 358
82 958
381 185
920 74
562 235
83 747
27 1222
92 658
719 747
829 642
46 1110
83 881
423 40
771 47
386 160
510 226
89 1759
92 1827
888 257
327 182
305 230
61 1118
361 373
361 215
586 303
23 124
16 15
392 460
481 463
694 226
921 383
554 607
309 698
29 1896
73 1876
118 526
180 559
541 865
85 701
99 1057
707 206
475 99
690 452
375 325
27 881
63 391
89 1082
87 432
696 908
604 440
19 791
353 757
25 1258
649 556
28 832
715 459
96 268
394 649
15 1741
847 571
396 95
504 89
617 57
11 1438
51 143
925 64
514 384
43 1509
43 932
982 816
704 125
64 567
218 316
60 915
902 456
519 533
834 370
702 767
93 65
74 43
141 639
939 835
27 726
83 71
98 1115
81 1256
519 473
81 393
36 1684
67 1756
417 809
236 448
75 622
97 1997
43 1074
632 508
822 5
88 1428
937 561
754 348
55 343
12 1567
673 604
9 944
71 777
581 948
72 1850
75 1250
68 368
4 1829
53 452
7 1810
92 1760
319 874
48 1398
607 11
54 992
38 1989
68 883
74 792
104 119
35 98
28 197
666 827
94 1200
37 801
88 242
18 54
801 335
68 504
16 1456
100 1095
2 296
99 1911
31 1410
766 733
95 1808
102 577
366 505
85 928
69 1488
756 821
89 419
672 490
81 1541
32 395
85 1925
71 741
889 871
880 813
20 1509
18 1395
28 597
183 441
77 102
45 676
38 1227
89 1515
136 803
54 1669
525 624
596 89
52 453
70 1555
60 121
53 779
464 898
58 498
476 553
80 1168
908 462
533 447
273 690
606 557
958 3
17 509
266 262
306 17
84 635
152 141
21 256
434 906
90 435
93 536
80 1103
72 1443
80 1120
19 1152
19 1527
426 167
676 662
961 879
192 370
341 745
399 98
2 266
60 316
59 1020
4 701
79 338
48 672
969 215
167 476
44 1957
81 242
54 700
60 1541
400 558
11 150
80 1451
322 145
797 659
527 217
14 568
74 424
21 677
266 999
35 1915
81 1685
659 904
69 1315
53 307
990 422
350 29
90 1157
627 630
259 459
190 216
92 439
670 326
746 855
65 1733
566 327
520 336
311 578
77 1874
515 606
10 1840
59 1781
726 144
57 208
44 368
296 63
3 315
427 82
765 972
533 470
66 1020
9 521
229 287
60 1086
33 1958
1 556
2 1553
535 251
39 1464
14 1419
158 958
958 270
771 244
356 554
53 1666
61 1884
892 182
83 282
56 865
955 96
88 573
98 1644
447 78
648 185
63 988
479 204
785 597
461 222
61 642
30 919
610 990
349 393
53 1019
596 920
61 1717
49 1331
286 827
116 289
605 541
10 1801
841 739
85 706
19 991
23 1818
56 42
770 111
50 73
89 1192
81 1524
90 933
9 940
59 190
143 426
66 560
30 1977
777 431
229 265
50 1553
539 614
626 678
61 845
47 741
56 1446
454 690
649 426
61 859
91 674
394 69
840 83
985 722
277 42
545 930
16 762
251 547
4 107
912 813
4 1267
219 394
752 33
784 714
2 1895
491 626
393 440
150 460
46 1220
223 85
213 122
47 1298
93 481
58 344
39 1994
57 684
745 920
556 182
305 442
77 775
271 119
757 53
108 75
29 873
43 463
49 786
20 1742
594 583
965 622
14 243
950 910
737 374
335 993
30 1672
246 664
391 72
164 101
674 849
673 717
92 1780
39 1288
976 46
1 205
348 20
43 630
350 658
684 762
563 5
85 949
3 1121
467 156
743 863
22 1777
62 1199
25 779
256 746
870 562
26 1890
68 550
340 687
12 1990
38 949
437 43
221 584
98 1585
129 986
655 944
884 731
51 1031
767 503
48 915
2 392
219 495
12 596
28 516
55 716
44 1910
180 815
446 70
7 1704
834 504
13 1847
121 503
140 570
64 874
987 686
367 735
81 1
114 150
604 251
66 503
857 304
119 591
72 646
28 1848
232 886
75 1090
58 1746
509 517
84 640
14 1221
99 66
472 413
35 1647
415 493
603 415
3 20
627 393
543 387
37 204
99 1444
11 1413
641 199
9 1687
97 359
55 423
83 389
856 297
604 733
100 1992
587 13
87 717
261 30
415 529
894 540
55 47
413 442
814 179
257 246
363 737
696 11
30 1485
284 872
19 1820
64 97
98 156
6 1468
103 906
522 821
43 1049
40 1043
967 316
30 652
893 563
303 147
90 1097
79 1726
854 896
848 899
2 182
441 583
27 1400
518 69
62 578
660 315
597 26
190 819
513 772
548 498
80 206
157 10
58 131
43 439
37 1658
947 648
626 130
17 675
76 1736
25 502
190 257
5 429
316 362
256 118
39 884
2 1198
99 650
74 1627
44 1275
59 294
84 1597
465 310
202 631
21 918
161 404
69 793
855 212
314 403
994 554
20 364
765 145
16 613
46 665
29 185
13 788
257 787
700 704
494 765
69 1792
97 747
537 891
60 704
121 872
267 855
95 1147
146 828
76 943
34 719
420 929
44 470
69 207
76 1798
29 659
46 671
37 411
496 375
75 660
676 790
7 888
994 174
97 1777
131 978
17 1867
41 232
501 542
79 275
230 1000
5 1265
886 825
23 605
90 507
17 583
59 2
943 38
45 632
15 1403
322 384
977 482
30 598
294 258
303 802
570 191
904 234
888 327
295 457
226 443
299 353
34 77
16 231
28 247
222 612
796 779
907 982
976 332
23 958
77 1108
2 1343
799 3
906 953
90 1801
67 615
219 527
17 995
70 1600
43 390
77 625
741 862
41 1286
23 1266
45 1011
8 835
29 1699
74 466
1 1077
820 113
52 1545
197 806
418 442
1 1309
46 718
139 964
14 892
83 588
430 943
581 402
405 890
74 81
960 791
117 928
6 463
107 579
253 132
48 956
119 873
66 1695
621 934
468 236
292 573
45 1826
620 667
809 117
166 403
863 883
402 515
581 348
28 380
7 851
366 578
828 793
482 744
18 471
91 1598
21 198
331 389
46 770
73 1722
26 179
9 1063
45 900
26 1888
90 1584
50 113
13 351
54 103
32 1020
82 1100
55 326
99 148
756 644
52 32
143 392
260 726
22 153
549 826
1000 857
42 620
974 231
52 1845
95 887
264 510
765 431
30 1540
78 318
46 1339
72 927
26 1626
30 43
91 1574
94 1548
52 79
755 549
36 497
96 222
972 802
96 775
44 1420
63 1217
89 1934
513 409
665 599
48 1434
980 455
9 824
24 1089
637 953
92 1910
96 1659
76 230
80 1749
98 920
928 229
63 198
35 1364
651 890
456 222
86 1481
84 85
127 759
73 1884
27 1754
661 309
767 637
194 316
64 1426
26 1598
339 587
20 1076
42 20
688 260
1 705
656 238
698 881
25 1305
68 972
933 985
23 1726
232 319
48 272
88 235
678 979
975 59
138 291
962 810
52 1597
76 600
530 201
63 520
60 1954
67 1361
583 618
92 1082
83 1614
76 872
959 360
3 951
77 931
71 1239
76 858
852 873
77 1333
696 571
1 646
108 485
444 36
60 1369
563 503
88 1714
806 979
20 1730
95 630
665 513
95 1014
920 54
45 1692
76 1015
81 1750
85 550
60 112
691 269
614 968
683 935
99 1756
9 36
79 1792
40 744
20 992
80 1905
60 168
10 1156
184 569
10 1607
647 8
85 726
91 477
91 693
36 255
131 431
704 771
453 506
15 487
72 1908
69 1395
634 240
971 192
635 29
13 499
242 454
33 319
450 608
40 1969
695 770
60 857
66 446
962 120
28 184
713 998
99 1789
547 47
39 893
256 344
99 1928
35 1660
65 551
830 202
34 1411
62 464
4 1039
696 1000
6 389
574 605
562 791
823 425
72 1210
704 22
89 84
591 299
99 202
56 36
99 1998
12 132
98 588
838 324
75 470
57 776
11 1608
46 92
38 1539
7 1249
625 231
704 938
10 308
705 666
160 247
125 493
19 1590
36 478
94 1669
14 1784
80 164
660 736
108 496
989 844
830 568
129 673
70 462
657 526
45 683
24 1453
83 535
7 775
67 1247
343 108
510 720
240 985
88 800
863 589
156 795
83 1223
41 1766
130 553
83 225
10 1880
96 104
920 337
77 1116
42 13
22 746
859 730
942 576
18 332
51 1657
612 602
279 456
19 989
31 1312
96 1830
57 652
185 13
557 98
58 1165
341 945
566 512
47 394
79 1283
41 1094
246 851
402 320
62 532
78 422
22 877
1 842
49 191
29 241
52 1858
998 767
57 518
318 372
470 493
83 1826
492 316
543 962
69 465
51 436
66 115
82 544
82 1441
14 1387
88 1419
13 899
44 1440
19 93
741 801
811 411
473 809
185 165
879 517
47 1111
909 40
400 467
88 335
676 477
729 453
335 66
839 794
71 1892
65 759
767 457
43 1119
36 1542
269 300
91 728
33 292
40 1135
685 819
40 1941
46 1697
2 1075
65 455
240 57
28 385
432 455
86 1186
99 1149
892 865
133 315
66 416
432 946
44 1094
38 260
49 1839
736 612
99 564
142 72
571 412
63 659
621 944
879 157
17 1377
416 976
477 954
7 1561
49 1416
904 302
43 521
207 717
18 1713
25 190
84 477
466 544
600 555
50 81
63 1500
16 1217
655 443
111 518
244 698
45 517
37 1020
81 1514
14 281
20 1945
168 250
83 925
78 1698
77 190
79 830
917 608
10 998
87 1444
888 389
42 1886
918 357
955 330
71 1555
93 1129
194 901
951 347
760 486
111 20
841 951
656 776
16 448
24 867
14 1330
709 95
82 1147
771 656
493 198
90 1005
668 538
18 1443
44 749
373 656
187 988
39 1801
42 1742
826 534
335 104
99 151
36 137
143 667
901 129
44 1291
879 866
40 825
34 53
93 712
88 1141
66 1110
7 1563
78 1986
975 625
617 614
481 752
43 398
56 426
970 680
13 151
391 788
985 477
831 881
849 748
50 1883
29 1525
31 1151
865 627
932 463
658 758
395 744
655 917
77 548
61 223
525 191
95 351
75 1190
89 1203
417 148
187 370
583 431
84 288
54 175
9 1652
50 1790
2 195
54 615
2 1663
14 1405
275 167
335 736
556 40
63 1366
462 96
79 1682
72 1262
759 10
46 428
81 259
865 366
480 29
66 1240
774 255
323 181
254 72
572 409
28 1589
45 328
854 468
211 664
54 1237
77 901
90 555
872 183
817 244
13 1330
46 458
73 512
137 626
19 1647
33 48
803 187
12 1593
61 1043
23 1609
7 218
57 305
516 789
31 12
454 67
28 426
37 1008
691 219
508 944
487 314
89 838
19 1138
98 969
10 181
624 91
21 979
4 1891
893 652
47 407
596 55
72 102
945 665
448 347
735 995
561 519
852 883
695 760
49 871
22 1131
545 767
683 478
82 837
397 782
93 479
92 740
51 1681
5 1677
96 598
707 252
28 1584
484 309
767 930
910 64
890 590
14 1557
33 981
977 886
79 1109
405 81
84 922
77 1982
63 617
989 727
22 1884
71 1085
8 757
49 107
99 1392
64 538
28 1031
421 690
79 755
353 68
762 890
45 1420
963 743
295 428
808 542
32 1520
2 211
56 154
935 847
42 1853
22 1021
190 818
30 498
152 402
2 1210
461 179
513 975
39 761
5 1735
981 745
664 261
34 80
3 641
33 1203
33 1754
656 297
947 428
281 11
56 77
99 594
99 237
100 190
442 810
170 822
915 81
800 53
89 879
721 346
33 1374
927 43
8 1039
523 248
7 1175
100 210
425 348
91 763
345 144
33 352
87 406
645 181
73 872
64 1932
53 933
27 888
50 21
48 1722
37 452
69 76
97 737
41 410
364 934
946 493
19 525
19 191
92 970
75 813
434 399
8 1403
80 854
423 587
46 61
275 261
90 1443
204 672
67 1206
519 990
45 1139
16 627
76 1930
81 1273
736 440
572 16
353 121
618 665
879 342
18 1572
727 198
75 861
92 1026
312 854
63 229
53 273
52 996
6 522
65 948
151 857
814 363
409 899
359 535
400 886
23 1630
28 686
742 205
18 1883
62 292
574 214
311 472
260 54
68 197
179 889
18 1853
138 269
66 796
668 582
770 741
14 1747
60 967
239 295
26 1307
69 274
2 1719
610 697
782 915
566 987
44 1206
51 1625
324 269
78 694
14 1426
74 875
749 941
687 198
21 669
58 1363
66 206
81 32
427 514
12 447
72 584
93 1555
727 202
41 556
81 1287
99 1751
655 585
67 1952
70 539
33 1500
62 528
78 536
100 1885
87 1862
4 1062
544 473
136 443
54 1131
915 605
887 797
948 357
89 1488
87 1923
100 76
87 491
211 8
68 416
896 951
94 1951
4 9
464 88
714 376
900 821
406 686
662 894
88 40
38 1672
82 415
182 515
79 343
377 515
29 892
14 1956
489 450
86 285
214 798
46 1299
9 913
28 1256
97 208
50 372
185 278
5 1392
98 1530
736 55
38 601
45 1143
39 703
100 1688
992 516
53 422
138 314
58 460
741 77
15 331
445 69
453 940
99 457
95 545
88 489
363 865
688 426
46 581
55 1538
98 150
847 975
307 926
329 866
611 35
12 78
12 647
48 639
90 684
368 293
87 297
49 1218
713 881
3 1599
94 1360
92 692
632 449
106 370
55 601
97 1193
22 964
48 1876
9 1796
793 639
56 528
429 162
751 260
193 66
166 691
225 504
581 55
97 586
32 458
706 798
690 229
57 658
38 1636
758 914
97 1015
26 229
40 757
270 430
13 1245
87 5
935 985
57 124
216 191
52 1801
833 440
190 894
18 939
27 213
93 1175
659 597
486 253
540 758
165 138
34 858
22 1229
708 546
535 863
490 672
399 79
35 183
120 351
356 899
476 669
92 618
43 1767
183 518
23 1147
35 1620
64 271
646 645
46 1355
855 329
775 315
49 961
795 205
87 325
11 860
272 306
376 711
851 626
32 526
799 71
37 346
35 981
737 221
87 151
34 1730
25 1102
81 1716
33 1942
10 1143
907 158
97 1564
35 1145
96 148
70 818
39 1880
364 853
435 236
57 236
55 1289
84 161
346 487
762 74
756 533
86 1887
24 1097
568 635
60 411
472 734
1 1343
638 820
448 105
166 154
3 727
92 617
332 601
30 534
71 1091
62 53
411 144
21 957
4 684
67 652
1 1546
877 681
29 1387
24 1465
78 415
75 1392
27 900
701 663
62 792
18 920
12 1556
29 1858
75 1645
3 102
42 1508
21 46
349 185
553 768
24 127
90 699
1 755
44 843
9 1741
115 899
833 891
65 532
971 755
79 493
183 378
31 170
46 1049
714 377
92 59
304 873
410 185
747 453
908 668
479 982
383 663
73 1898
13 561
18 148
77 931
7 970
123 961
635 697
852 804
91 925
37 668
3 101
26 1449
62 1520
346 450
928 192
61 471
678 696
538 949
3 884
893 737
722 398
891 418
464 630
66 665
803 724
406 318
895 90
82 1067
227 194
1 57
89 1813
466 305
789 781
45 811
516 793
45 1225
23 1896
23 779
70 494
65 1278
58 1991
63 314
78 1717
964 491
79 175
38 525
81 686
813 13
102 807
87 632
274 749
422 581
130 291
670 666
976 393
900 313
11 946
14 1605
594 632
47 313
993 915
677 7
891 81
8 4
279 120
929 412
39 1768
5 1755
778 740
52 1837
451 31
894 669
40 1551
314 912
205 246
69 867
56 1208
97 82
76 948
70 1286
93 708
66 1905
594 952
70 667
121 505
773 994
94 619
539 824
249 996
58 952
666 800
55 581
78 951
68 686
410 670
665 897
325 919
67 25
562 520
613 217
8 1548
476 534
62 360
59 964
55 1696
774 231
208 959
39 666
174 666
699 541
941 543
582 336
80 251
78 1525
51 1495
46 850
766 700
548 430
389 112
15 803
20 255
470 116
58 527
607 637
68 312
726 668
30 1508
67 340
737 504
72 600
41 201
841 904
536 826
100 324
227 935
88 512
449 218
352 373
96 1336
85 1395
862 161
9 212
62 908
61 1363
865 580
6 469
14 1784
100 85
254 244
428 525
74 675
704 578
856 676
903 160
672 406
431 674
75 936
25 956
50 517
11 897
679 574
22 625
24 901
60 81
400 703
452 137
35 431
30 486
810 757
73 1718
39 1677
618 244
59 960
86 1369
889 147
510 964
629 441
66 306
43 651
71 1514
16 67
677 716
38 153
81 46
9 1153
453 834
33 1991
213 768
784 237
583 624
309 33
28 831
923 770
52 1641
126 555
51 1272
469 18
46 1118
910 698
31 1186
78 851
75 443
31 1627
252 761
306 500
45 593
443 766
24 544
91 438
71 906
46 1979
6 301
84 1686
636 27
44 1881
92 844
16 1597
219 694
218 995
546 715
8 692
404 400
151 571
315 975
100 157
72 1942
326 228
80 976
430 847
7 1191
40 1050
56 257
70 1674
325 16
386 221
171 82
320 516
586 74
31 1041
534 768
95 1462
42 1423
960 681
731 559
775 688
6 1623
376 366
38 978
863 431
168 946
86 700
616 962
317 64
7 263
40 1445
99 847
511 490
43 1818
66 1015
191 683
352 689
653 934
647 63
44 553
59 373
63 1540
22 1890
90 910
239 585
40 1631
34 1564
772 732
8 740
311 142
15 1531
828 715
82 1498
29 765
134 765
66 1780
841 733
444 257
369 741
467 668
200 228
624 158
31 1620
64 1980
28 1474
279 890
741 553
30 931
832 198
73 1252
788 436
83 1524
59 212
889 787
557 5
492 970
354 114
558 689
43 1127
91 721
467 18
62 590
43 444
491 19
517 81
67 194
84 1851
96 1262
61 1765
30 1614
71 1158
86 1227
94 1787
380 997
71 1517
879 197
64 1648
82 584
45 144
77 353
94 1088
86 1309
825 944
184 175
79 1278
63 1489
801 460
10 27
96 254
76 1334
277 692
249 663
662 874
79 1554
98 1028
32 14
818 140
64 686
500 487
427 602
14 844
95 426
63 1987
67 1698
932 465
920 958
10 176
41 1028
88 964
32 1657
743 620
241 991
33 583
4 605
788 276
849 161
72 1926
20 589
72 428
73 429
93 382
10 711
886 182
548 796
591 461
42 1342
51 1388
52 978
542 126
647 570
67 1674
508 133
38 1246
93 1781
910 205
939 350
20 494
278 47
65 1351
98 1436
779 911
93 1166
845 857
89 1670
144 29
812 849
291 821
88 1758
825 940
58 1213
236 829
17 1079
32 705
23 1784
691 760
72 145
196 243
262 409
967 639
597 981
34 306
65 1611
931 82
40 199
32 75
686 32
740 133
190 624
35 1173
479 947
299 669
770 619
173 559
972 92
330 157
82 669
247 506
37 34
71 1316
75 219
331 819
14 354
14 1766
90 261
410 508
59 343
977 884
81 348
22 467
74 1899
79 1834
116 495
55 294
611 32
78 491
94 1221
959 771
181 762
660 695
562 485
76 793
843 190
28 489
220 419
711 710
4 1363
987 369
79 1501
101 861
215 240
35 1909
158 343
36 1990
57 523
367 361
30 80
794 545
570 553
373 889
60 58
474 503
46 1974
920 903
469 33
8 1154
28 13
16 148
505 924
362 214
13 1405
428 993
43 1239
25 397
229 639
75 408
527 674
28 851
129 504
705 502
586 875
5 94
87 958
175 915
270 373
13 835
50 798
903 94
771 713
988 173
111 591
34 1513
5 1258
74 250
15 1877
494 79
56 666
570 552
96 219
740 380
78 717
103 466
31 636
786 626
1 1068
33 927
57 591
81 751
15 1132
47 1452
816 464
60 263
663 385
91 193
5 239
344 658
809 669
390 970
51 323
3 1896
590 272
61 563
16 787
62 1173
905 216
709 64
280 669
477 419
173 608
539 529
23 529
101 664
345 134
331 259
123 469
376 112
42 280
20 1683
9 1258
11 183
96 265
774 343
531 490
77 251
78 716
359 497
552 617
492 770
278 896
915 971
377 546
72 489
79 1207
366 690
290 364
50 208
38 219
497 684
681 34
735 23
749 786
851 332
31 1405
442 215
20 1092
878 330
492 735
33 1506
97 1293
940 470
100 640
62 1857
82 587
421 27
33 273
88 1164
56 62
826 960
634 852
86 1154
126 235
207 42
79 867
388 131
34 1805
7 61
67 1062
856 812
201 702
47 222
12 381
34 379
134 530
732 104
113 780
595 438
81 1618
62 276
56 155
27 294
27 128
39 563
177 731
423 617
352 862
95 1159
26 524
150 212
64 9
642 659
51 429
88 158
65 1879
11 886
17 369
26 1733
76 569
96 171
90 52
27 786
864 616
512 520
716 905
14 611
275 571
35 227
89 1661
35 1768
816 897
147 983
634 109
972 671
828 464
32 1608
166 536
11 842
800 625
185 726
452 326
39 444
32 40
42 50
831 738
953 894
207 900
2 755
79 272
18 638
18 623
772 212
25 633
710 448
53 780
261 866
60 466
372 411
488 172
85 1654
98 1772
79 122
403 695
66 770
32 1274
70 797
88 1636
41 11
809 432
14 849
252 612
80 313
682 166
9 4
33 9
991 969
82 343
440 491
675 310
880 486
97 820
66 1290
55 1296
23 1363
177 316
877 227
99 1866
577 285
152 316
293 347
726 122
268 587
99 920
5 689
922 351
568 64
902 258
11 1987
336 499
537 626
980 416
86 8
929 238
546 758
44 152
887 520
79 956
312 52
632 457
38 476
421 91
973 996
52 983
25 682
19 1980
741 914
38 1817
918 153
686 140
64 342
15 1149
99 625
49 814
66 1279
11 289
32 1486
42 188
41 229
391 2
83 643
98 1448
3 1191
560 894
479 939
976 378
23 239
99 1769
43 1716
691 371
11 1161
63 756
15 1007
662 277
266 168
488 177
93 292
728 819
931 299
986 811
72 1646
96 21
13 1843
43 95
65 824
61 466
304 185
317 735
518 842
28 1088
721 818
67 1283
778 424
74 1478
139 990
667 179
40 863
96 668
54 1079
16 1550
96 772
88 510
56 1297
446 446
424 459
88 1333
79 15
91 685
67 1280
291 989
19 705
65 1028
81 667
47 1884
59 825
966 699
97 526
3 798
5 1016
66 618
78 670
83 912
206 522
482 22
643 546
395 28
37 1272
214 252
66 1754
49 52
33 1983
5 411
67 876
225 257
352 898
5 107
109 551
38 188
92 85
50 1499
902 280
86 424
52 986
84 178
37 714
27 904
49 937
60 1293
41 1482
14 862
84 928
285 196
50 720
84 858
742 91
93 403
229 33
956 783
44 621
70 703
388 448
35 356
70 218
193 76
77 505
73 74
145 611
188 127
124 844
35 793
88 357
171 560
462 932
214 291
711 399
615 211
438 439
652 248
63 1155
4 258
966 582
64 1118
73 237
504 900
49 1451
173 331
81 359
797 22
476 745
105 412
52 803
407 401
76 932
36 603
10 625
40 27
68 832
17 271
322 447
495 619
5 1442
73 388
23 120
62 1308
638 544
15 1547
339 644
26 753
86 1678
143 476
263 170
785 596
498 365
417 135
45 1049
28 1029
92 946
38 1243
53 1556
92 1824
93 1381
33 542
43 473
437 805
94 161
23 269
488 915
23 448
78 1351
894 444
15 272
49 555
885 303
661 805
30 816
1 1025
445 334
524 514
80 258
62 1254
367 423
35 1125
376 225
671 189
41 1308
73 569
729 597
96 755
71 379
306 383
904 434
8 1755
74 215
99 1413
5 1944
116 676
471 369
87 1079
36 1157
47 1040
7 127
41 750
683 130
5 1299
74 1709
78 955
406 540
14 232
764 337
98 340
837 68
74 1065
57 717
11 849
35 1554
225 635
525 488
35 1518
217 893
756 205
28 1023
53 1936
51 352
98 99
588 469
912 251
50 474
776 447
12 517
591 23
373 23
29 175
78 426
783 567
11 128
95 1872
64 956
28 1951
82 1810
824 585
135 93
159 367
337 493
94 422
929 897
21 436
89 905
49 335
663 156
675 12
25 963
98 370
395 901
51 1248
34 148
420 82
81 744
37 483
81 1156
479 735
832 704
80 142
11 306
7 1775
870 418
71 762
688 99
19 851
143 262
411 120
818 443
32 1190
33 1814
91 1337
54 120
931 377
394 620
48 1553
370 621
41 528
324 909
66 281
583 155
584 391
28 1711
429 531
923 21
381 607
68 1135
21 668
36 238
15 1887
662 232
75 346
994 160
64 1224
41 994
12 1448
69 1549
336 960
822 853
427 660
727 294
93 65
95 1450
2 1878
252 203
50 1278
62 1964
296 319
903 462
32 1484
20 89
629 197
93 533
31 1375
307 548
5 1253
97 805
7 162
89 1268
882 126
89 1108
263 404
230 629
31 377
68 22
126 370
913 159
66 1660
65 149
808 746
54 226
329 802
25 1038
27 1083
22 1240
230 54
417 369
80 202
276 737
98 1625
688 130
850 646
839 683
14 32
91 619
718 452
753 977
82 903
35 1171
48 1281
40 834
45 1954
713 7
329 258
828 399
588 583
34 852
2 377
918 655
919 147
11 321
366 13
69 1570
92 1418
41 300
62 1924
791 701
189 228
811 640
30 1685
297 313
78 1892
849 522
96 1455
18 732
626 799
736 930
13 1230
620 183
49 527
4 955
204 50
574 967
94 1516
74 85
91 270
541 801
42 241
62 1465
31 904
614 658
6 416
11 1460
80 688
66 1377
736 98
225 778
49 648
87 124
63 159
624 998
68 971
69 443
92 955
918 798
966 233
33 530
683 193
21 438
705 657
3 1862
579 136
11 813
57 902
11 27
12 1133
19 546
406 201
80 1172
939 662
64 105
242 572
54 705
23 1623
81 1875
3 1057
78 203
98 197
25 1373
19 1614
764 880
656 32
293 997
460 100
264 69
794 498
55 825
401 684
55 561
17 1323
655 728
79 1973
82 1952
64 242
103 792
98 1395
583 52
20 624
190 306
861 503
73 791
32 382
33 1724
50 367
218 277
80 266
10 1438
12 1415
928 797
51 1521
414 251
91 176
403 687
53 122
94 709
45 1089
68 1437
392 898
992 219
814 348
27 698
221 186
659 639
50 563
934 467
38 853
288 710
667 139
697 364
38 1149
90 294
984 680
768 349
92 557
827 49
764 340
71 1684
198 92
30 1236
482 485
774 285
549 544
82 498
44 1617
399 331
522 541
2 537
71 910
47 769
346 553
770 602
627 181
451 464
790 682
24 855
254 767
2 1880
35 1851
71 1848
44 352
50 1218
3 1967
186 916
909 862
84 290
300 477
54 1275
94 1288
678 435
679 824
77 720
95 1554
17 1766
81 1961
18 105
901 685
341 360
50 88
546 700
104 988
78 666
18 1712
97 784
33 1566
571 458
104 122
71 1453
209 371
86 1915
758 875
130 300
510 500
81 488
996 396
94 210
53 896
540 630
27 566
552 932
193 174
255 912
395 910
13 1972
3 112
289 851
724 740
97 831
882 954
4 1119
10 991
87 148
529 423
65 1003
18 1746
266 36
399 972
66 1670
820 802
76 407
99 645
423 479
590 761
385 94
484 62
33 1649
39 868
58 707
251 127
539 255
20 1797
171 137
85 1310
727 862
670 198
84 86
698 669
16 898
801 472
110 879
35 966
71 135
83 328
67 157
58 687
768 280
94 410
23 127
94 620
607 401
80 1764
97 191
44 594
856 37
82 203
8 1650
920 125
56 1916
26 1322
31 121
980 417
34 579
14 1004
302 50
837 20
439 205
939 50
49 1108
859 985
89 625
97 693
66 1508
366 293
20 1403
64 446
56 692
90 1326
62 1685
75 611
13 94
40 449
40 785
30 406
380 21
71 1888
79 1100
27 1086
114 791
19 988
77 296
687 8
799 510
772 677
751 496
21 1195
564 752
640 364
805 749
447 320
51 1995
34 410
86 52
60 990
38 299
67 688
766 671
463 885
68 1068
723 708
63 1206
105 349
582 588
73 1930
517 464
850 837
94 989
59 926
176 627
27 906
6 9
404 442
589 924
900 959
59 265
279 285
76 919
73 924
748 632
27 453
598 603
165 160
21 824
754 358
85 1208
279 6
40 933
56 228
