1000 2518170
10000
868 119
925 190
196 848
606 389
735 915
923 808
59 587
406 215
33 892
782 456
376 726
802 623
479 887
376 790
616 400
497 479
831 529
601 985
899 268
367 1
15 266
467 382
938 89
124 53
226 812
167 457
40 481
768 563
518 636
129 635
139 192
156 346
11 178
70 90
707 533
262 897
193 323
906 85
488 264
638 685
516 532
80 270
585 315
669 320
207 736
914 188
181 972
680 75
593 991
953 452
199 490
284 519
33 874
425 284
133 746
345 725
117 948
580 603
89 549
194 409
309 596
237 369
953 999
225 199
456 76
69 977
872 174
625 926
766 491
609 680
43 693
705 799
126 342
792 909
378 595
302 815
53 332
966 758
679 155
601 455
403 61
885 201
217 517
452 591
155 523
372 503
567 556
424 584
991 152
360 916
828 599
692 606
358 464
163 907
317 747
869 723
439 275
431 809
377 912
121 552
956 683
167 97
926 507
51 600
220 956
327 333
526 101
992 410
208 919
592 862
477 372
114 874
871 300
514 82
35 343
667 49
152 827
408 175
243 648
104 129
924 297
329 242
284 214
347 719
753 813
267 766
552 647
841 341
543 518
976 997
703 93
614 816
54 131
491 971
812 310
348 826
144 857
431 294
766 933
43 779
650 776
948 946
605 851
36 228
767 789
376 55
918 95
879 30
271 820
787 5
643 797
28 601
502 235
63 932
322 598
624 552
446 667
324 849
217 568
116 248
493 101
644 39
971 326
774 515
336 806
385 435
9 511
477 1
376 94
917 974
169 717
40 465
233 294
480 948
603 150
262 112
874 577
643 219
142 475
516 978
68 200
958 833
897 783
78 900
193 953
12 784
994 445
458 613
430 862
896 513
121 327
872 791
221 578
283 437
289 957
18 107
754 906
773 542
694 738
238 466
909 392
860 969
288 664
160 847
342 972
508 430
991 853
185 379
3 166
548 106
77 831
229 901
308 282
584 343
173 280
861 859
458 616
467 482
498 27
790 6
53 76
212 330
14 650
243 96
760 543
555 820
928 57
457 828
198 880
396 814
482 287
733 39
685 698
251 440
705 929
556 115
740 258
621 379
752 679
224 575
438 947
842 928
732 568
927 257
297 860
861 180
185 764
247 186
95 186
288 579
34 437
232 367
156 517
244 618
332 905
640 515
21 317
590 340
814 800
764 477
157 694
867 495
15 165
187 462
264 944
325 497
434 328
133 615
829 304
804 838
716 579
70 409
964 585
990 735
624 733
70 761
57 370
599 51
635 312
548 745
694 889
479 380
83 58
152 352
915 630
190 927
795 129
783 257
232 122
198 867
924 525
575 972
320 377
658 27
612 160
570 794
700 832
577 63
95 513
435 923
52 635
24 617
799 147
335 29
273 450
487 235
228 705
246 294
303 504
52 229
726 366
68 218
57 345
686 351
987 731
615 99
247 69
162 672
23 106
442 533
841 16
28 148
378 89
939 681
854 322
324 210
268 774
390 383
607 393
736 61
657 691
548 957
277 304
515 954
344 753
27 853
918 285
347 386
23 698
609 922
909 760
785 871
497 41
643 194
285 438
910 495
953 90
566 457
253 14
876 545
906 45
986 517
316 980
685 234
995 876
23 314
700 866
42 121
478 549
463 604
677 38
669 247
824 451
976 919
919 551
77 982
611 431
919 746
256 570
300 246
732 640
743 510
361 363
914 512
876 456
966 499
826 81
801 665
8 416
493 82
583 453
758 601
447 305
267 994
652 801
162 670
595 52
376 151
198 274
568 685
442 935
332 386
896 50
456 361
245 383
130 523
45 918
851 154
102 607
137 994
123 974
276 675
626 351
184 377
528 675
461 853
863 479
554 175
835 187
817 576
773 507
780 23
378 465
58 791
125 227
972 790
845 42
758 66
147 544
942 897
685 783
557 33
453 943
140 302
5 447
289 44
369 814
553 621
580 230
135 80
893 913
547 949
78 133
732 286
30 158
46 69
454 241
875 365
991 985
241 401
808 49
679 581
139 372
671 559
138 526
44 768
918 443
242 965
364 755
105 701
426 566
366 287
972 527
166 41
152 388
54 338
459 215
461 753
298 593
586 439
849 965
703 352
605 417
203 802
88 778
17 822
51 376
484 561
262 542
461 678
625 992
27 123
762 523
25 782
517 777
61 782
399 973
652 696
922 563
535 178
599 942
91 384
898 573
502 892
454 879
411 365
293 990
928 588
654 937
121 963
455 991
345 272
447 868
637 164
331 629
87 659
355 334
615 952
34 921
277 676
490 13
944 891
217 648
81 733
14 377
177 212
214 736
608 606
626 199
579 368
644 321
713 289
638 434
558 663
780 906
325 863
128 984
231 393
662 412
389 220
41 946
602 812
797 473
121 818
791 204
354 768
389 917
967 69
998 842
132 727
517 1000
941 469
212 285
5 202
936 297
302 137
990 603
712 215
979 971
862 377
892 345
658 86
320 979
912 526
98 808
681 799
401 604
356 643
687 664
917 371
456 504
112 172
434 126
961 488
631 926
67 385
109 784
265 667
981 176
953 158
521 935
361 223
455 794
75 146
682 944
112 293
143 652
190 127
232 179
898 506
910 986
906 10
30 681
216 991
959 146
822 917
281 192
299 229
39 863
552 449
156 359
174 80
597 256
360 49
795 292
162 734
245 715
75 455
43 954
730 848
530 322
41 442
872 854
871 860
574 740
444 869
794 473
875 546
643 471
295 862
841 500
680 686
713 683
386 939
203 316
487 73
369 168
291 495
109 312
890 679
173 602
576 212
307 553
250 946
131 485
84 557
948 906
734 901
146 254
821 343
714 138
246 121
267 206
872 202
746 202
776 462
93 829
716 689
583 131
465 806
617 212
690 881
499 804
495 163
765 738
656 724
76 132
32 684
285 308
626 326
960 92
517 591
103 513
661 945
30 523
88 661
270 534
456 525
466 28
332 775
13 786
338 433
913 385
702 976
485 640
900 383
911 109
723 543
419 406
957 169
830 854
896 113
657 964
314 303
200 392
40 720
591 882
563 183
797 290
989 961
650 446
142 253
666 262
245 507
404 157
922 64
567 364
239 896
585 771
162 341
182 908
299 572
594 503
65 942
295 590
81 863
864 687
410 460
577 738
799 491
64 640
554 216
437 239
779 195
331 304
645 102
924 211
453 218
798 987
418 171
75 456
817 954
933 502
413 83
783 103
917 697
229 948
381 320
158 583
430 766
598 90
879 840
119 995
1000 245
512 486
398 177
259 549
181 243
654 310
223 286
886 198
318 988
323 648
881 184
889 89
959 174
888 81
266 308
13 734
28 406
386 716
986 375
745 682
131 294
36 354
759 920
677 320
397 857
840 414
425 11
338 965
911 542
653 599
289 120
973 409
195 484
677 297
201 64
241 521
309 419
719 712
639 565
191 329
831 953
935 765
999 449
540 318
572 436
972 517
800 822
952 897
145 812
898 316
91 19
70 113
995 132
328 56
650 232
408 663
79 837
489 420
174 691
954 406
607 986
509 553
200 437
256 888
633 738
532 185
877 367
254 730
642 943
959 479
262 515
393 708
323 602
689 974
553 750
650 437
606 338
614 899
643 582
549 632
75 759
223 984
589 244
228 389
393 9
503 387
18 201
501 65
910 803
971 681
732 515
154 201
263 276
980 343
335 879
165 690
539 12
842 409
296 698
567 885
601 521
651 748
760 751
357 618
998 354
736 511
938 779
432 276
475 349
364 342
281 941
972 959
301 551
231 189
500 565
173 885
259 447
847 426
750 913
499 273
898 119
126 795
178 778
27 441
871 171
810 27
945 828
727 580
418 689
572 739
292 830
254 301
291 915
680 650
795 34
873 483
783 532
942 416
716 602
431 23
250 973
500 221
267 233
258 221
34 63
630 659
156 161
184 793
586 13
974 206
273 621
656 987
751 182
955 673
742 483
818 304
322 629
313 36
238 766
566 96
240 975
880 594
697 145
743 14
636 194
575 952
365 541
290 681
564 870
939 785
178 401
566 315
609 84
142 181
741 164
882 832
12 326
834 417
228 783
135 916
926 300
767 824
36 936
620 603
166 142
612 10
42 919
796 867
42 810
337 644
103 256
735 416
595 919
490 247
286 529
101 137
834 323
761 327
46 231
726 945
883 756
362 165
519 141
456 529
626 175
368 55
210 109
528 405
958 584
53 879
117 698
775 441
399 886
575 572
101 127
81 477
775 984
986 858
156 563
68 459
429 578
953 239
883 354
366 348
523 318
601 997
687 175
600 19
808 545
750 85
257 963
206 522
1000 798
653 792
62 286
771 478
641 753
518 565
169 38
464 435
167 858
201 912
450 307
139 679
668 918
244 715
787 787
263 945
689 143
517 552
752 611
766 954
693 714
276 424
916 226
304 229
448 599
261 233
98 972
231 105
878 365
283 622
333 727
203 352
462 249
170 195
901 491
975 832
573 947
681 282
707 532
715 775
537 4
247 392
499 315
196 148
617 319
621 191
895 670
915 857
687 610
725 181
786 587
767 859
707 216
184 733
927 818
942 491
993 427
870 452
757 109
949 279
162 68
363 44
344 836
622 61
979 321
683 69
977 233
51 742
870 916
569 795
242 101
494 688
626 735
928 787
734 633
417 408
70 866
209 679
469 915
282 622
748 479
970 450
351 958
680 87
144 199
259 256
930 886
352 812
39 394
127 411
427 144
977 555
743 600
504 166
16 613
387 219
467 335
708 311
942 385
917 672
790 808
675 21
247 340
218 455
350 448
287 319
155 279
244 938
725 656
898 247
180 441
203 266
160 218
818 430
305 304
425 734
38 642
780 580
676 85
438 317
903 628
792 309
485 891
710 166
446 683
748 730
571 769
328 960
161 648
510 767
534 932
361 779
671 975
348 408
636 727
225 169
293 795
251 490
432 225
380 399
638 928
831 253
772 744
326 318
701 914
264 345
426 473
638 196
368 513
282 834
437 254
685 246
671 300
666 285
330 296
504 615
595 375
214 753
702 854
600 597
731 161
990 69
986 262
949 551
381 878
232 42
606 401
441 96
142 391
124 817
444 523
42 538
458 548
180 358
7 712
580 558
202 994
608 239
100 973
453 456
564 413
528 961
797 905
392 338
739 885
506 462
205 252
716 865
49 691
24 509
573 782
832 940
499 326
252 337
308 797
346 551
311 806
823 426
825 470
81 442
475 950
207 238
708 156
176 694
611 434
561 250
334 907
852 355
476 460
695 258
866 128
604 338
92 381
658 24
309 862
351 295
527 621
462 842
783 186
809 302
16 418
67 754
181 815
876 123
510 950
339 967
33 548
362 827
738 521
771 459
897 946
744 98
146 671
561 227
772 886
814 78
910 917
2 872
177 457
960 372
860 686
609 216
206 864
638 616
4 654
72 527
155 806
776 76
605 928
324 301
959 878
426 964
273 709
349 792
362 379
789 517
915 939
439 665
979 945
936 937
370 733
653 342
121 897
180 79
773 291
37 510
708 125
360 325
355 477
52 142
64 988
565 538
203 695
909 275
807 408
362 833
327 309
34 892
852 644
770 514
94 960
776 669
742 461
511 207
196 513
19 780
825 351
823 770
672 535
841 230
971 450
814 329
343 154
995 542
652 901
400 588
239 237
539 78
46 99
521 19
868 860
577 36
683 470
239 389
53 713
961 364
277 134
434 442
867 727
859 685
191 762
588 441
240 99
150 722
85 994
505 718
799 744
418 893
160 961
966 655
648 903
773 392
152 350
964 737
671 754
239 727
561 170
212 609
51 672
532 53
132 452
107 962
516 124
792 921
806 182
62 527
220 656
584 34
229 777
449 885
724 383
955 698
338 310
816 900
144 574
739 532
22 684
869 735
15 670
33 14
181 189
563 331
939 545
857 434
528 649
705 841
824 526
271 582
245 49
723 413
182 386
383 259
853 714
47 596
115 510
363 872
629 53
163 811
385 307
25 96
673 753
997 19
833 291
915 932
21 542
466 975
480 353
868 262
85 529
611 562
272 52
179 98
346 28
655 407
442 331
360 996
112 140
256 102
861 482
163 879
628 441
729 877
947 210
151 959
994 539
444 197
468 952
842 488
210 929
3 205
341 853
570 208
587 971
153 700
149 977
995 373
32 677
189 311
306 697
35 118
271 509
913 132
597 733
975 337
357 802
333 679
296 277
400 673
797 712
571 127
301 139
434 586
259 989
476 582
17 285
672 206
875 444
306 916
455 703
243 728
725 453
339 355
597 295
363 581
591 232
743 758
289 303
308 939
885 934
867 32
592 125
849 869
968 399
508 251
464 343
639 358
481 611
83 999
298 550
353 528
193 407
502 562
813 282
559 721
405 300
189 867
262 228
912 153
628 269
618 818
769 400
116 913
596 930
307 259
762 868
393 91
496 921
733 879
900 225
512 850
923 718
791 789
675 404
675 617
805 520
530 580
984 306
196 59
606 789
690 960
534 693
821 479
512 775
847 466
125 470
671 252
906 698
852 167
76 309
760 702
76 217
88 717
668 954
793 882
331 116
678 24
945 644
555 364
990 243
950 841
273 661
304 826
744 601
638 899
545 850
361 349
41 289
909 962
147 246
1000 757
700 908
423 732
514 257
438 919
985 937
185 38
912 282
450 209
242 52
149 277
436 496
530 224
506 867
307 783
500 271
823 224
156 744
527 431
911 235
454 73
139 509
561 632
614 320
959 283
881 890
477 475
70 454
602 249
34 994
325 813
443 724
260 772
292 935
849 731
916 327
70 255
665 389
504 896
621 924
574 651
41 712
607 1
138 846
506 365
108 188
299 846
148 661
770 801
580 377
903 911
62 397
537 476
306 861
731 113
475 514
740 429
87 432
430 705
493 376
272 737
108 144
106 417
888 140
334 410
316 830
56 362
374 866
670 707
50 955
12 174
965 59
688 493
491 274
139 882
204 236
450 864
862 999
221 352
373 880
828 153
168 831
295 95
685 220
999 588
968 104
942 825
968 686
904 789
170 375
40 652
969 193
54 770
187 97
33 991
556 586
543 957
639 792
503 440
965 110
542 882
579 743
233 168
19 862
42 615
932 78
750 118
445 937
802 227
22 166
194 809
368 771
457 113
194 517
854 888
179 882
971 615
614 955
719 71
723 801
469 179
898 130
605 73
400 657
385 715
268 277
597 668
740 34
221 836
775 390
24 466
891 328
168 119
179 246
869 415
993 104
200 341
704 49
783 183
653 989
665 698
535 949
974 618
93 37
423 928
995 767
770 929
190 749
258 297
238 5
340 642
14 952
185 313
424 484
517 213
845 231
668 832
284 718
66 599
37 703
515 222
412 50
96 249
566 788
904 701
819 388
443 626
432 465
951 786
1000 155
184 989
359 714
462 255
709 348
988 747
39 422
329 372
88 861
19 172
745 103
753 997
212 629
152 441
679 732
488 740
210 459
461 778
638 727
573 262
878 125
73 841
27 948
5 298
840 746
373 314
345 423
667 119
1000 773
680 347
529 109
70 27
924 44
796 257
434 125
173 604
133 26
245 841
437 928
169 52
63 846
750 969
679 639
524 355
695 734
311 941
395 347
647 32
896 19
929 925
712 665
23 220
19 775
684 550
170 419
903 941
214 321
788 358
825 491
480 345
444 934
863 247
526 570
414 861
378 818
440 954
298 687
35 735
811 274
247 976
572 630
450 14
660 417
653 801
453 493
381 443
907 856
680 824
496 877
280 306
336 781
975 515
16 173
985 487
75 88
235 133
175 645
827 647
874 542
865 221
143 609
314 265
446 763
552 151
291 211
529 581
828 545
306 637
508 624
383 746
196 268
253 663
847 711
128 45
208 647
666 746
583 60
68 66
670 979
340 304
340 985
177 973
706 925
939 821
356 399
72 20
891 679
592 200
259 216
242 345
165 579
289 912
768 248
822 684
299 709
944 835
188 254
898 199
914 452
999 443
516 523
475 552
573 224
509 981
267 802
604 912
817 395
80 689
239 664
814 403
648 796
472 335
12 440
139 450
498 223
641 60
401 620
624 530
519 5
991 469
62 12
816 811
396 590
939 166
959 853
906 832
383 734
941 165
958 221
651 932
434 334
550 460
3 662
411 552
7 114
726 245
611 283
151 179
311 768
140 261
648 483
819 29
240 772
119 968
53 495
424 779
123 317
494 780
139 604
552 882
659 841
98 391
849 994
327 670
745 106
897 349
58 518
559 821
676 674
434 819
829 458
962 965
618 922
201 64
18 466
813 312
849 380
140 709
115 248
160 199
504 817
188 262
566 285
33 76
115 491
289 506
723 105
708 376
75 196
427 688
322 76
75 214
358 988
275 61
849 766
864 572
571 612
791 131
261 915
784 447
988 7
275 463
684 460
297 64
661 814
247 959
75 989
631 452
723 663
101 863
314 755
836 18
586 680
397 455
52 970
504 260
376 612
80 510
528 69
235 801
716 884
599 487
33 174
455 633
359 951
591 104
502 573
847 3
353 719
814 209
120 98
310 778
19 996
56 129
303 415
945 156
293 360
624 110
189 936
663 195
346 659
625 10
582 982
986 390
637 193
86 722
332 693
632 471
341 440
573 86
918 317
241 739
725 851
621 532
268 629
801 365
412 544
327 957
999 964
408 207
996 18
639 883
123 236
303 961
202 5
526 52
562 142
669 168
150 469
423 702
136 377
187 57
748 676
419 816
454 385
120 957
503 907
439 701
276 836
262 975
634 962
303 540
236 992
807 464
4 837
792 852
774 457
497 834
648 743
625 664
670 756
542 813
644 760
394 846
722 604
569 931
303 474
630 779
328 478
648 509
238 226
621 756
138 726
119 918
509 257
31 76
378 58
242 65
873 623
514 914
882 582
640 87
423 694
536 652
184 236
463 56
122 221
377 593
975 241
654 344
154 449
598 502
124 938
2 273
212 961
323 360
685 399
85 343
45 609
73 140
162 373
402 508
165 525
858 815
921 635
394 426
341 57
64 851
528 419
480 67
216 179
561 667
120 188
611 735
74 139
698 858
718 141
230 514
665 132
242 893
832 389
662 500
806 844
653 984
410 994
29 52
148 809
938 380
898 1000
375 643
399 923
312 269
331 832
184 76
345 93
630 703
789 50
459 886
22 132
790 618
919 971
132 821
565 561
115 354
352 925
557 824
608 829
97 555
356 200
254 327
797 490
980 104
910 458
448 107
474 475
179 706
719 303
802 784
254 812
575 927
796 273
55 689
108 660
599 57
727 583
511 673
54 53
58 81
360 40
816 313
688 830
915 284
439 815
39 214
79 368
383 424
901 270
574 534
182 488
456 434
348 851
547 474
20 221
386 276
603 538
991 189
946 926
50 68
894 345
241 601
50 359
538 178
42 604
154 680
604 221
886 669
210 778
135 791
837 539
97 447
121 665
650 147
300 505
673 691
240 895
463 345
434 137
416 232
725 399
137 307
535 511
228 265
31 445
727 474
371 715
86 788
663 674
846 233
793 18
363 965
568 91
344 526
445 49
986 404
766 21
745 899
102 474
796 576
831 472
775 293
949 587
245 514
269 194
393 100
621 820
237 534
400 271
236 426
613 508
367 812
244 370
708 508
372 834
793 774
275 785
373 311
120 915
446 815
935 921
352 865
788 201
214 443
457 167
824 130
121 511
336 220
256 963
966 238
373 874
157 207
643 839
427 913
326 906
861 705
180 457
960 399
861 332
258 154
941 420
875 581
178 5
477 629
245 850
291 714
776 84
38 698
172 384
198 418
851 884
320 332
627 101
30 784
909 857
893 158
40 472
851 565
201 720
683 870
140 433
827 937
82 717
612 85
516 936
607 741
293 70
331 613
298 498
736 976
924 570
990 322
472 80
97 969
374 164
665 483
309 930
611 362
65 867
266 93
8 730
569 664
228 284
230 649
427 161
639 933
11 264
833 412
221 858
477 23
732 866
199 317
920 722
244 964
300 246
50 358
50 787
851 919
298 868
30 550
398 923
883 270
50 917
790 911
738 794
606 836
551 384
851 909
593 312
739 878
922 619
76 10
215 418
672 418
804 749
160 452
554 940
201 282
242 31
987 326
300 362
872 508
534 45
147 652
65 480
247 817
728 47
403 688
269 396
171 689
133 975
229 947
329 836
234 40
230 257
660 741
546 296
548 699
382 356
354 714
667 921
609 332
816 560
124 936
17 274
812 318
578 323
696 743
627 889
7 382
993 231
905 550
708 168
290 641
470 439
347 224
718 642
82 283
68 375
476 281
784 611
761 194
787 577
511 116
609 722
513 792
590 266
671 727
819 702
483 245
490 304
850 448
677 444
561 233
291 717
136 775
533 524
475 451
350 754
392 361
610 91
691 516
437 899
872 546
108 536
649 640
175 857
52 234
494 1
539 510
296 905
779 886
165 642
769 194
5 501
283 54
117 566
526 544
862 782
281 585
985 599
666 733
722 268
737 649
842 674
182 798
837 254
151 342
859 130
346 268
360 725
861 813
249 386
855 527
107 416
254 376
87 710
587 826
424 653
470 536
29 197
16 823
545 697
973 203
401 303
611 862
68 100
669 406
751 717
920 972
461 894
85 537
948 583
479 793
645 114
679 204
738 78
107 619
972 311
903 8
85 197
724 994
732 934
213 505
133 364
192 675
692 554
764 860
624 692
246 394
881 126
94 674
94 960
161 736
595 226
279 274
962 494
125 490
333 246
633 448
624 365
303 179
277 463
289 983
448 8
838 342
133 202
479 69
362 487
722 110
730 758
885 910
55 909
938 856
52 14
352 298
144 906
346 176
288 663
553 41
97 348
492 338
609 357
899 218
174 246
939 544
992 934
798 906
940 847
987 377
462 332
860 867
824 181
628 320
59 419
70 34
470 337
947 69
834 652
436 227
748 919
466 464
927 913
649 121
804 781
825 366
669 579
457 630
10 403
707 615
505 936
512 494
413 565
566 728
450 878
18 669
33 49
923 489
659 181
728 304
94 308
949 946
218 355
551 833
11 891
828 231
937 257
785 156
549 311
224 147
648 665
875 163
969 116
662 117
542 170
617 407
906 848
87 919
97 625
642 287
125 20
683 201
123 520
731 852
889 403
965 241
782 8
32 448
340 555
688 872
479 848
899 590
145 506
473 308
70 804
357 310
720 304
201 705
338 246
295 562
346 71
974 832
500 804
807 778
1000 360
64 168
75 546
239 998
320 780
592 545
566 298
109 258
823 490
49 438
438 937
428 6
111 828
761 461
77 549
965 921
825 33
868 55
821 195
872 827
652 378
634 824
707 146
569 753
546 821
594 401
941 111
289 304
950 696
87 478
418 410
386 968
160 470
447 445
777 679
52 220
459 691
410 604
16 387
716 501
552 262
590 810
812 497
125 562
771 69
801 522
971 150
546 567
127 57
672 988
512 95
51 453
616 493
174 381
278 301
786 285
261 717
730 510
580 469
582 846
621 877
172 357
762 39
421 362
931 734
367 64
165 714
969 858
420 61
215 102
781 341
676 285
722 655
871 135
803 607
695 927
122 839
937 715
488 656
175 740
300 932
231 987
901 601
104 59
795 359
482 637
991 830
822 523
817 424
99 701
744 404
508 835
917 518
383 248
472 606
766 980
928 203
843 105
152 673
854 20
315 747
605 181
655 613
803 306
693 255
21 652
559 964
909 448
436 766
470 559
812 603
31 364
153 209
594 945
99 311
215 995
818 784
762 970
511 826
723 728
448 502
457 812
886 7
56 113
581 629
115 562
78 834
897 55
170 154
92 563
211 904
847 538
85 336
26 667
602 78
424 227
419 89
785 800
996 829
278 516
759 706
1 168
361 403
145 27
655 256
705 6
348 855
587 682
654 922
262 891
712 626
264 780
698 281
995 402
441 891
795 930
346 557
612 825
513 931
338 494
160 987
775 560
635 595
416 36
657 835
648 719
398 223
161 579
735 699
604 844
865 52
710 936
105 975
995 813
606 289
728 79
908 112
254 350
299 921
607 157
728 664
665 118
600 609
881 950
533 194
749 269
732 758
40 869
918 76
506 863
569 725
962 64
700 286
527 161
463 458
189 432
957 878
64 301
289 243
858 278
363 908
793 142
435 757
635 113
320 70
514 997
776 474
353 307
137 706
434 400
25 933
486 167
612 267
139 901
967 429
435 491
316 423
871 123
169 569
166 553
991 769
419 181
34 306
703 437
479 673
577 550
982 24
221 168
196 81
291 992
338 481
879 979
85 543
190 558
734 918
329 881
39 5
533 662
669 558
142 384
414 837
332 316
140 760
136 150
307 239
163 639
408 799
143 180
430 952
301 372
120 878
272 719
482 185
765 583
105 378
176 828
851 794
836 255
938 913
433 783
618 673
896 912
506 46
336 692
280 940
684 453
605 619
196 309
771 152
712 806
466 476
14 31
625 912
999 705
139 412
391 57
613 131
896 622
737 189
330 485
560 251
95 752
758 871
128 825
453 240
715 533
744 26
690 333
512 130
294 399
209 319
245 887
404 316
810 986
611 375
971 887
182 821
968 112
651 548
567 285
832 735
952 349
947 138
917 283
382 631
876 868
303 53
67 29
845 196
542 418
618 850
501 970
999 978
476 933
579 829
794 549
828 324
201 620
938 55
306 456
84 445
548 297
670 226
122 799
931 936
210 888
130 312
120 809
19 479
561 171
788 28
13 710
544 390
493 436
172 660
44 133
793 862
245 165
763 218
810 528
961 741
508 850
723 6
580 891
348 357
737 757
403 635
591 479
119 715
991 236
882 535
327 806
689 933
919 989
286 745
47 484
108 113
807 467
943 871
802 442
717 489
17 788
389 125
261 82
774 217
625 815
765 965
306 431
227 893
778 482
340 177
985 134
616 886
717 778
14 615
892 706
643 922
108 180
652 205
286 362
777 656
394 423
223 273
485 565
507 448
50 385
242 372
6 884
151 449
159 66
921 622
742 244
353 691
737 864
142 59
242 702
343 509
403 174
681 301
277 314
394 474
448 722
399 194
356 107
844 723
44 402
477 782
536 603
389 352
190 48
614 983
903 612
502 188
999 801
251 884
753 92
324 898
532 545
218 477
308 269
540 422
643 205
347 618
303 779
258 463
582 530
679 305
716 583
200 167
579 88
279 314
19 829
276 81
522 756
499 480
44 13
462 916
948 97
242 470
952 655
398 680
675 651
945 163
886 199
396 349
595 344
474 712
90 172
830 889
164 211
165 74
531 111
60 834
467 964
531 522
54 119
356 494
204 821
177 423
328 693
144 523
123 745
431 738
378 399
486 157
375 504
578 426
746 818
402 771
401 219
244 953
530 72
534 872
757 794
993 38
15 632
990 916
416 360
382 325
812 233
15 326
108 344
748 4
729 738
441 438
765 93
589 599
662 639
619 220
38 139
249 508
365 910
149 209
697 670
378 845
271 88
872 225
101 199
169 785
529 82
558 526
767 913
57 660
967 181
238 502
497 1000
513 552
876 920
985 209
147 260
155 108
601 72
711 871
711 86
57 137
826 505
637 375
624 245
524 152
472 788
966 163
332 23
236 125
622 781
976 58
223 797
538 265
395 127
504 634
775 60
940 380
516 597
189 642
257 644
634 176
551 493
870 216
164 908
228 835
390 740
562 206
537 489
817 573
627 634
844 504
914 375
338 858
235 404
121 300
937 687
319 673
250 138
201 812
721 583
622 383
422 142
776 556
972 101
881 613
299 178
398 334
405 745
821 860
989 250
765 221
167 279
941 438
248 509
60 31
38 143
137 401
40 969
747 464
372 765
304 781
963 663
877 835
183 30
725 982
424 476
405 244
154 105
982 174
581 345
47 155
889 843
916 429
120 977
591 352
493 654
198 622
928 163
276 767
194 977
639 375
765 790
127 77
718 464
136 226
812 655
352 936
255 303
61 546
621 492
86 161
415 309
867 381
797 949
869 972
933 834
113 755
780 8
460 10
655 514
433 965
398 80
46 883
183 106
202 742
473 921
660 64
341 91
235 421
910 625
835 681
810 233
677 133
17 892
405 683
717 305
411 241
122 645
105 93
505 9
516 572
173 597
788 329
771 212
89 375
722 651
216 300
864 126
580 120
817 421
499 622
213 665
462 473
589 897
358 88
245 472
501 825
205 893
173 140
86 731
340 214
326 422
565 25
699 164
397 588
822 192
323 858
708 320
464 832
885 662
856 140
35 964
571 338
516 732
212 506
782 955
358 392
64 662
606 62
307 778
478 2
462 259
658 32
777 97
393 218
424 637
912 100
593 291
356 434
262 556
531 373
669 597
53 703
573 350
247 462
85 184
712 169
410 629
962 157
166 509
349 766
261 139
941 898
224 963
509 534
207 590
119 833
110 586
505 503
452 997
266 888
572 415
987 244
896 26
930 132
131 503
59 86
881 67
109 350
60 909
496 413
745 321
795 679
795 867
609 14
951 148
18 729
693 446
327 344
686 720
157 258
146 845
979 260
92 107
862 856
511 732
409 181
185 784
691 491
127 517
561 426
288 28
530 463
867 384
145 377
198 691
39 290
605 882
785 961
365 34
631 390
708 3
176 468
699 258
351 52
458 222
283 709
994 399
86 518
580 850
81 726
436 286
885 509
350 678
836 576
829 630
671 277
420 898
493 50
615 384
173 258
111 833
126 270
39 59
285 168
469 59
736 99
882 162
536 129
515 531
513 579
866 274
113 556
695 588
19 587
277 741
57 481
547 640
608 987
651 453
411 194
702 312
607 338
426 730
197 875
822 958
437 364
218 516
250 932
125 471
802 113
248 569
374 654
476 191
919 168
673 464
245 538
979 269
90 951
981 101
855 385
35 872
242 509
963 702
252 775
173 787
49 655
233 118
724 591
936 802
223 37
285 870
664 230
191 810
754 364
709 855
64 740
435 520
700 689
227 334
985 752
928 39
468 794
349 876
230 115
199 515
787 44
613 574
693 415
799 716
690 539
480 124
405 248
998 271
699 93
1 883
944 923
855 271
450 186
118 75
473 595
918 203
288 294
945 119
63 947
909 382
133 525
575 505
475 957
949 652
373 85
729 202
75 271
951 537
26 45
341 886
413 763
593 169
10 542
412 681
824 102
520 965
349 128
258 925
670 403
702 584
22 981
355 260
178 904
925 499
608 329
598 287
246 811
842 716
616 197
952 438
508 642
794 695
90 185
404 289
524 453
838 554
286 499
936 388
977 636
599 951
406 665
118 293
394 587
783 707
488 319
741 697
540 599
897 16
10 596
599 144
59 710
478 198
364 329
1 737
331 176
391 602
537 611
129 781
160 35
422 96
684 328
384 195
997 712
181 679
602 4
917 894
871 107
231 245
160 279
182 914
737 638
372 646
973 264
132 678
76 184
504 424
406 836
297 904
645 876
661 320
208 526
239 260
756 333
169 504
925 320
788 378
778 182
827 923
474 214
535 576
958 776
341 391
533 106
636 380
32 736
119 460
781 346
83 242
563 564
943 482
475 842
733 845
373 446
597 839
827 404
56 589
865 381
254 167
275 671
514 421
935 595
634 898
457 676
540 308
228 949
982 357
330 621
437 470
763 791
873 61
581 614
520 298
577 731
591 588
913 469
255 670
377 844
104 450
679 216
187 544
794 115
32 223
169 282
770 384
442 278
493 499
344 937
177 387
912 819
10 941
151 628
964 155
286 292
575 760
72 85
156 605
687 713
431 154
504 8
55 528
56 939
768 504
24 204
59 157
949 751
81 7
156 111
17 227
875 322
201 946
652 889
611 433
695 236
292 184
960 735
666 246
322 895
586 367
984 808
949 588
791 500
741 28
978 904
711 413
27 300
759 945
668 46
89 354
474 763
153 117
919 889
836 850
689 893
830 265
755 3
471 376
520 475
504 7
658 615
192 394
366 129
514 198
408 541
919 365
159 150
387 643
555 633
560 585
286 495
418 447
322 31
494 889
441 721
930 317
427 859
354 598
437 965
592 160
698 616
606 65
120 878
440 172
658 960
247 956
601 787
776 296
146 140
816 737
202 341
109 958
26 482
306 134
428 582
604 814
362 390
2 53
267 325
830 649
563 619
987 549
744 489
70 298
804 687
579 405
989 530
591 368
991 506
167 499
25 820
477 694
377 451
44 89
367 917
176 868
69 483
765 894
552 973
846 928
215 14
659 132
839 75
171 114
508 839
416 110
591 805
14 583
768 740
258 999
458 673
634 852
789 919
775 79
509 841
460 802
220 201
904 147
25 216
253 155
672 215
476 426
201 671
656 415
440 106
780 315
263 952
723 883
540 143
47 286
454 436
14 14
213 961
860 774
259 38
174 665
859 391
125 49
127 994
262 90
770 342
295 493
219 216
896 782
489 976
692 322
539 613
370 235
28 601
345 928
535 43
694 134
934 335
308 515
354 962
496 493
338 388
507 504
549 549
155 506
685 244
381 137
890 808
739 827
457 931
58 578
230 553
464 519
12 791
211 707
23 855
217 351
82 752
567 817
425 403
495 258
974 500
748 674
569 30
409 503
697 57
590 359
461 330
649 272
139 900
710 268
471 281
526 850
115 175
441 519
853 372
760 250
227 232
119 976
727 363
795 20
782 110
159 295
694 575
805 408
126 561
195 72
839 471
317 648
873 123
277 779
594 183
219 979
782 646
902 859
56 218
949 580
150 531
228 595
601 110
131 703
874 902
607 851
904 409
857 174
893 100
688 410
249 1
173 9
847 133
309 25
541 471
57 65
462 537
326 363
954 68
459 595
126 167
147 353
686 580
499 217
314 370
983 367
788 264
58 430
512 597
344 576
413 75
112 596
484 410
586 914
612 819
819 89
638 630
774 756
582 84
35 679
713 811
37 223
486 283
998 787
972 541
65 737
194 585
408 385
339 554
625 172
72 729
965 151
425 822
839 525
716 90
250 187
841 803
822 960
328 424
912 524
307 989
980 156
629 284
418 221
811 590
670 567
534 695
760 111
767 117
113 412
615 954
40 765
70 207
228 998
222 651
452 512
487 299
42 870
26 341
619 98
807 115
120 407
515 387
95 844
46 57
1000 587
655 746
93 42
54 192
596 886
886 32
869 357
561 373
847 452
255 157
506 718
141 205
422 179
310 654
600 443
627 803
963 365
816 956
945 298
579 372
559 767
965 792
878 867
931 242
184 946
459 243
662 49
465 344
559 741
92 404
718 371
900 46
19 497
41 85
825 348
833 191
275 3
656 914
953 477
964 193
523 745
708 296
405 408
213 28
813 728
579 892
714 692
854 377
894 541
325 203
370 769
635 11
85 364
101 102
32 509
669 737
739 841
880 70
366 472
932 224
282 807
674 49
163 48
674 246
393 733
396 816
789 282
178 849
167 757
825 363
766 402
855 224
825 968
951 980
86 701
908 84
943 441
607 516
158 3
346 272
646 362
133 784
581 34
723 683
752 748
872 110
548 32
551 204
677 774
935 11
449 51
306 36
277 867
352 132
683 44
136 591
12 389
280 760
763 940
452 278
787 117
895 936
885 78
371 112
22 181
850 305
42 542
215 541
950 203
965 2
270 515
560 957
582 630
142 485
99 470
47 405
89 832
497 802
437 939
908 117
965 639
382 15
93 341
533 41
425 9
512 747
818 598
477 199
858 38
724 320
929 914
874 864
789 808
974 332
351 546
492 883
836 797
539 947
226 756
166 888
674 904
856 986
804 605
363 430
975 421
393 635
496 514
689 107
962 200
752 79
448 713
528 243
7 337
743 806
864 418
932 118
620 633
201 490
627 203
537 850
820 622
809 378
483 187
230 916
516 356
100 557
259 904
712 782
576 670
956 730
973 863
403 428
292 938
685 680
124 354
857 709
942 859
693 647
965 621
57 856
374 777
506 710
460 218
645 690
604 726
116 580
839 92
419 100
121 405
774 98
488 153
140 742
947 615
763 82
28 527
691 716
443 361
244 96
836 448
498 184
812 503
121 459
766 415
809 402
986 848
697 532
628 968
90 717
153 429
391 665
854 894
553 277
491 612
759 99
912 139
431 31
240 157
800 635
527 378
346 330
339 909
313 65
426 696
580 56
707 942
233 701
546 48
673 335
331 874
536 544
941 741
708 483
919 170
987 565
518 873
398 759
701 222
606 363
6 447
363 509
975 636
269 426
568 312
296 906
757 509
244 68
632 407
898 268
422 317
900 148
710 698
232 251
812 941
22 610
686 378
218 69
453 358
331 337
958 762
280 386
793 978
17 655
882 476
210 985
427 518
800 474
919 804
924 296
59 277
215 310
273 996
495 383
801 663
661 559
243 814
244 790
939 704
634 650
216 806
80 267
65 188
418 520
356 59
325 635
22 295
584 887
18 433
402 581
527 223
192 211
549 207
641 394
980 330
263 871
880 674
924 793
603 956
776 140
433 154
843 495
848 118
751 762
326 372
733 993
152 145
861 498
572 902
390 14
289 963
6 495
876 678
802 695
422 549
310 146
938 132
902 347
25 611
399 229
53 652
689 651
965 327
837 592
183 317
813 699
206 920
343 922
289 543
435 443
729 421
787 219
340 253
374 576
444 272
900 493
356 21
826 258
168 246
135 636
825 421
77 951
137 953
686 425
123 80
519 751
339 436
446 314
849 428
733 223
802 661
350 128
126 773
906 46
341 518
554 616
986 378
717 51
948 768
343 319
950 828
819 106
526 501
19 528
174 203
330 337
187 483
423 796
731 65
660 629
265 328
185 208
700 626
496 620
959 689
258 846
402 560
257 888
554 377
48 588
661 104
886 537
928 170
349 155
543 808
594 477
466 622
405 213
569 601
471 241
395 850
837 445
816 516
203 531
441 807
529 251
177 165
610 415
132 435
129 200
585 204
508 73
939 923
252 403
740 793
241 367
610 522
772 103
716 943
696 247
933 436
464 1000
220 356
634 565
703 384
447 10
498 486
639 460
407 993
698 904
262 994
266 555
725 274
888 213
780 848
110 26
162 574
364 748
119 857
135 477
710 280
547 436
902 925
79 942
811 386
570 334
548 173
573 577
756 412
470 220
852 943
745 94
366 313
799 235
129 852
68 480
405 390
818 758
159 532
928 448
448 439
112 580
751 964
70 637
654 467
769 959
607 361
853 210
878 37
316 800
495 196
967 335
750 751
281 827
817 201
285 168
216 666
992 35
261 791
271 132
606 293
706 923
683 860
79 362
908 621
922 470
191 957
570 859
484 564
227 676
730 905
46 771
795 981
364 158
252 744
461 274
170 202
429 84
29 383
5 645
401 672
944 16
131 258
182 310
20 458
341 796
488 208
104 817
838 160
17 127
651 633
425 352
560 310
399 238
341 7
376 963
430 877
510 421
703 818
809 25
32 434
304 189
210 684
655 326
148 962
160 486
835 471
726 482
908 649
462 982
375 208
476 291
587 555
21 446
111 259
763 359
375 127
357 769
180 841
149 327
598 337
639 205
443 176
27 822
8 527
960 960
78 428
766 584
591 634
709 361
983 301
921 995
818 446
57 706
620 825
688 87
835 935
537 413
295 941
180 173
424 883
945 352
776 535
347 851
817 955
686 772
24 68
402 717
878 890
528 47
174 802
98 978
830 649
352 789
953 437
683 987
861 958
598 34
637 571
371 164
686 503
701 8
163 816
928 561
335 658
850 481
134 716
547 845
943 527
127 135
231 90
549 279
987 130
13 846
515 252
833 574
769 226
470 397
365 93
681 523
892 415
828 209
265 440
581 771
650 721
107 464
801 451
188 984
304 758
843 413
791 888
247 984
296 688
318 849
925 992
297 869
635 900
455 697
611 815
914 439
24 897
890 695
559 188
290 905
262 31
343 521
717 577
962 1000
796 544
433 273
354 782
260 944
955 7
540 485
635 598
421 281
642 915
150 491
928 427
648 829
44 704
553 408
426 130
230 796
935 81
465 209
751 783
334 789
392 702
21 393
153 387
162 907
600 654
714 692
770 769
535 659
898 396
324 247
707 888
532 558
868 624
62 243
183 990
187 925
843 655
226 944
88 593
202 974
736 584
500 672
511 292
774 701
882 118
511 24
63 497
564 391
78 439
808 900
151 997
850 235
67 998
923 824
479 575
475 816
284 475
68 235
207 300
664 340
663 933
220 44
799 192
355 520
690 386
411 680
33 684
65 679
532 627
588 221
820 669
261 926
38 698
395 563
844 128
143 348
751 521
771 823
123 910
580 65
836 298
559 547
104 276
114 344
569 998
49 822
73 994
649 16
432 373
270 737
685 429
72 875
451 885
679 955
63 84
114 537
707 249
424 464
935 118
768 101
112 695
120 492
566 578
14 761
501 91
36 410
304 268
875 585
157 985
495 178
209 588
984 916
627 197
185 394
515 608
294 732
145 253
399 166
139 545
217 298
56 961
792 483
663 349
709 718
645 248
373 475
140 688
512 601
197 407
227 32
200 660
257 958
9 329
797 660
656 622
831 645
541 530
959 730
808 982
501 398
355 810
706 288
739 769
843 656
399 819
323 338
20 516
14 89
642 349
316 812
559 95
784 354
53 314
165 560
505 988
298 623
531 272
686 663
535 632
817 157
348 638
621 984
639 742
597 25
458 407
271 935
67 407
729 247
789 774
85 378
200 271
234 65
820 329
675 834
449 439
519 488
267 634
934 68
544 656
383 500
70 636
663 998
863 827
374 338
335 687
547 161
347 912
995 974
389 652
481 696
962 787
194 296
141 564
216 628
53 435
251 403
550 154
767 679
859 982
553 907
28 418
319 680
967 526
122 460
351 299
401 756
222 664
366 179
818 312
227 652
700 649
1000 411
940 780
898 986
158 241
439 755
501 54
170 851
886 501
74 434
248 332
782 185
786 628
487 654
808 308
493 763
806 271
578 25
643 747
533 823
355 245
983 460
510 224
771 294
588 740
328 293
646 202
997 355
423 527
203 49
91 753
653 852
272 127
592 12
391 359
90 79
443 518
302 184
593 461
914 464
266 44
163 956
783 792
438 150
13 839
755 671
788 82
356 380
173 462
261 781
326 948
540 323
287 944
527 432
433 642
76 650
921 605
8 48
728 598
965 520
964 444
399 806
575 993
50 929
560 853
957 469
287 418
754 467
607 581
324 62
1 969
326 437
979 300
619 56
748 801
415 968
648 771
431 854
857 411
519 964
621 352
723 527
411 116
732 6
502 694
31 87
779 638
441 641
461 98
544 339
548 656
61 887
996 749
749 924
838 851
772 407
338 131
139 134
603 487
665 826
847 896
359 926
212 210
64 546
524 439
973 746
199 595
765 345
294 734
501 46
607 271
233 322
930 334
580 316
945 684
378 859
205 307
790 853
260 852
374 495
966 615
521 702
833 960
554 180
284 768
742 310
709 240
861 864
239 855
638 849
215 676
249 916
296 12
781 328
967 473
234 835
52 511
607 236
300 69
331 794
872 394
499 844
849 202
756 813
837 879
775 450
566 521
201 372
156 567
361 117
554 925
62 999
888 631
555 352
64 846
620 39
264 427
687 557
829 908
794 393
705 478
661 830
765 526
874 507
455 900
871 644
411 707
766 629
575 679
581 497
33 387
246 229
221 120
24 345
411 474
70 960
556 862
135 770
526 939
643 425
843 530
589 259
173 566
189 948
206 221
993 796
358 234
697 955
128 912
653 802
123 173
914 847
808 116
348 169
229 695
368 787
861 561
938 576
859 458
902 259
54 789
533 627
151 561
400 310
475 658
506 294
798 926
669 590
325 758
309 567
62 257
152 719
209 117
220 845
110 666
763 279
420 167
605 180
284 500
653 571
665 765
673 348
558 276
86 793
266 2
980 476
70 867
441 998
960 337
655 816
69 235
630 75
812 185
390 435
275 712
1 297
888 225
872 659
931 587
942 392
299 900
153 219
956 655
644 346
856 62
756 250
879 309
993 704
643 976
6 203
987 428
29 458
903 402
519 617
43 505
853 253
527 717
826 776
735 388
516 369
729 520
637 649
500 226
786 556
538 299
382 739
177 189
135 463
488 575
290 603
327 610
19 98
610 633
593 15
814 765
625 216
299 986
592 817
562 969
205 532
595 667
216 60
343 396
290 233
583 726
442 537
460 149
368 793
427 182
192 292
420 339
701 779
744 695
814 272
590 665
194 605
127 975
216 880
639 478
8 987
909 724
778 640
988 876
331 563
734 326
860 298
843 342
448 92
20 631
998 210
974 838
265 64
369 429
71 728
747 613
249 298
518 937
876 888
932 609
765 525
577 653
374 735
100 654
663 398
356 939
913 502
566 359
56 737
263 75
871 605
819 149
40 43
202 229
778 736
966 482
502 983
795 218
205 396
465 80
991 680
790 596
506 574
135 973
56 783
927 729
90 389
282 510
269 539
629 933
529 263
193 359
473 203
756 504
9 585
735 281
706 735
750 246
799 698
954 854
431 413
940 628
162 370
310 60
542 136
215 332
808 590
760 144
940 286
914 585
354 942
855 151
743 516
86 574
35 490
127 458
884 683
634 891
208 680
964 714
980 49
3 903
228 413
521 794
830 408
422 212
345 597
271 599
521 375
676 684
165 687
763 4
587 276
367 225
192 590
39 842
775 35
542 580
523 652
716 601
839 983
578 178
371 380
175 295
243 406
976 384
829 639
379 394
587 460
787 609
715 99
810 608
974 104
859 186
953 339
871 29
965 187
473 875
299 634
925 909
249 727
360 768
751 875
306 93
665 368
497 247
648 855
139 249
930 632
871 894
177 920
481 473
867 808
430 29
624 531
397 940
240 673
612 915
929 648
174 990
593 687
262 8
837 180
29 764
618 558
267 905
500 965
371 664
178 26
590 176
671 308
199 287
737 813
125 605
466 917
382 651
91 619
889 764
870 525
852 244
992 712
803 198
355 868
183 393
396 934
322 915
113 741
515 372
192 876
822 293
48 19
692 642
44 505
859 155
8 722
573 185
496 53
101 245
727 140
345 667
638 201
921 354
107 599
950 965
926 812
57 94
763 962
203 488
659 327
972 965
660 814
177 27
35 102
126 546
986 717
791 629
28 620
74 795
910 437
96 454
737 756
414 199
333 729
213 220
912 523
91 516
856 933
649 948
851 550
320 144
122 358
573 748
63 242
557 440
506 160
807 407
449 450
36 778
618 649
482 988
763 726
699 691
970 372
855 82
67 834
843 939
713 857
614 590
416 973
322 500
870 712
350 417
786 555
498 769
779 45
64 83
273 467
319 189
981 608
670 834
970 6
625 78
569 46
19 805
637 154
384 808
823 582
845 37
974 233
64 137
549 574
762 50
580 535
537 376
692 836
570 820
192 519
923 911
876 601
774 790
774 17
643 283
259 58
908 104
111 528
310 187
521 538
41 328
681 927
722 392
325 573
812 611
206 176
648 959
931 747
356 790
526 973
477 816
888 73
316 668
940 490
559 934
935 835
415 876
161 668
411 345
145 725
367 877
556 746
406 508
590 586
114 481
118 310
260 745
260 365
138 899
109 50
320 844
15 790
944 315
188 320
882 633
356 146
514 28
343 525
887 152
204 412
652 755
821 943
196 95
713 734
611 192
406 664
678 368
873 128
491 241
331 633
400 311
290 682
342 924
133 309
771 501
793 81
241 192
898 620
969 244
525 15
806 726
871 788
222 625
941 59
116 792
339 232
54 902
869 907
70 408
98 796
984 890
406 10
554 566
349 369
919 51
378 873
453 84
970 706
192 791
399 941
938 462
617 694
758 885
576 678
389 882
480 572
816 878
243 637
388 142
178 54
487 318
152 481
324 306
266 968
558 675
548 37
13 797
873 975
254 657
55 566
738 271
441 839
683 905
314 258
953 957
728 807
421 425
662 700
851 543
454 584
108 699
790 978
931 866
570 75
413 539
553 382
354 856
155 907
169 910
589 370
937 979
315 598
547 982
789 259
201 145
306 697
874 153
313 54
976 347
186 587
466 770
475 940
703 752
518 150
914 444
736 873
189 623
128 794
590 109
48 68
746 264
656 115
776 715
343 937
921 273
71 310
194 528
308 660
432 156
808 929
342 103
496 978
192 869
613 23
243 988
969 80
714 450
983 765
936 470
611 574
329 398
776 737
444 62
948 57
107 631
294 458
844 775
654 257
648 285
468 227
137 372
164 354
199 742
383 570
292 678
987 323
461 596
833 985
279 90
634 36
893 652
120 718
406 222
576 31
432 556
654 325
717 974
754 488
459 172
4 703
472 150
717 118
11 736
597 64
880 983
553 701
696 250
141 154
240 160
951 454
943 264
325 704
683 961
77 154
769 246
214 218
343 40
889 589
778 542
729 317
423 226
581 946
751 367
77 953
779 710
807 856
75 346
534 395
576 949
734 83
405 434
646 439
1 573
995 136
216 782
114 558
884 618
327 250
891 179
903 4
779 773
728 321
892 837
71 455
318 627
118 923
10 426
85 75
342 264
436 276
130 646
713 7
507 652
910 775
14 395
241 834
539 573
829 958
332 383
708 922
286 177
110 72
816 634
906 580
143 18
714 679
381 456
653 232
407 478
783 94
992 404
132 224
326 763
156 426
665 474
784 427
803 203
955 385
268 145
291 881
632 158
78 946
499 299
309 909
887 89
108 747
298 774
858 72
478 960
860 440
327 518
447 73
368 161
385 755
112 714
997 869
41 780
684 924
29 862
806 409
622 20
958 846
262 554
951 608
886 685
134 291
566 373
144 552
840 429
32 211
724 989
404 706
983 27
978 580
840 644
869 500
285 274
293 717
253 200
869 3
87 160
190 597
549 622
638 678
671 383
331 561
373 254
453 614
619 277
221 360
758 781
916 17
720 479
717 602
226 841
605 652
480 739
772 606
999 980
688 341
749 138
432 80
285 469
282 612
640 314
473 999
788 409
997 297
626 460
662 619
957 774
541 42
615 585
481 750
342 353
785 137
155 508
849 623
77 296
555 144
72 895
231 43
861 225
683 77
822 862
650 115
923 642
448 38
259 516
246 469
844 421
554 470
863 726
30 83
318 941
607 445
608 597
135 491
677 161
230 339
583 105
651 58
947 124
351 809
804 645
573 181
848 520
687 752
113 820
498 697
818 377
720 418
416 484
885 801
79 874
240 787
500 311
318 830
55 487
659 466
193 114
16 599
285 62
947 457
13 950
470 58
599 499
723 475
444 786
739 666
581 111
327 428
447 27
960 926
47 182
619 947
686 373
488 926
929 678
795 367
230 538
192 664
97 21
702 187
540 296
63 201
450 118
605 641
158 946
399 99
302 254
507 450
947 925
720 210
46 356
654 551
722 519
28 166
553 27
861 137
927 222
120 91
786 715
875 734
619 89
647 944
583 284
56 743
237 812
762 50
800 76
958 627
148 632
709 963
792 857
207 542
512 185
646 797
701 806
217 622
117 811
939 365
103 530
881 207
209 704
484 651
735 695
235 251
729 515
980 348
944 406
412 908
609 131
75 204
227 400
591 465
392 674
261 802
756 102
970 144
890 864
728 551
559 193
296 554
317 361
514 456
379 413
225 892
97 134
522 931
489 416
652 622
801 878
385 688
364 579
904 138
65 376
477 159
97 324
923 158
658 670
54 800
143 674
730 426
253 605
113 667
829 843
642 236
336 788
155 336
634 163
311 624
872 648
634 603
411 766
442 5
765 431
967 622
37 620
858 12
955 614
135 500
743 979
259 614
63 290
727 50
628 456
841 196
330 849
818 116
197 264
333 809
605 204
952 492
27 444
994 420
276 569
398 613
47 858
954 430
908 752
872 321
587 32
244 223
66 883
732 45
88 524
883 275
99 824
348 169
158 426
950 182
782 14
644 480
276 71
301 467
510 861
350 83
472 568
40 452
567 854
879 428
894 894
943 59
459 373
830 967
318 899
957 188
976 437
280 384
895 738
811 190
95 540
955 456
687 237
472 948
757 483
897 344
232 993
152 888
282 573
36 78
780 514
949 921
217 615
679 527
801 780
277 875
11 219
621 246
57 251
916 498
337 387
234 151
931 630
491 435
99 85
475 618
363 857
511 141
811 908
366 400
396 158
856 329
440 467
129 835
117 656
522 712
561 650
836 975
729 518
971 888
242 15
819 643
73 594
192 385
763 577
163 208
884 71
470 259
916 127
10 283
87 99
644 323
709 343
263 893
951 391
483 419
434 731
567 188
273 515
111 487
895 427
834 267
491 834
229 456
98 480
545 208
356 398
736 663
58 255
212 472
540 85
599 272
858 88
796 868
65 93
460 645
825 357
691 766
235 849
153 87
182 508
526 984
853 228
288 337
828 150
116 812
406 849
410 703
839 21
554 81
919 645
125 190
840 281
384 923
463 235
634 74
651 168
797 239
344 912
164 14
526 592
875 146
295 108
768 470
711 94
884 489
839 309
945 642
482 539
794 181
867 799
417 989
918 260
954 480
393 152
128 872
453 258
686 161
102 30
522 201
630 803
840 929
987 410
422 52
856 609
957 147
473 132
773 996
289 306
896 303
436 592
213 845
362 678
883 806
251 328
642 471
300 627
548 638
892 342
363 811
391 924
566 892
843 273
701 787
21 87
158 879
375 565
441 475
855 101
745 140
285 217
566 999
488 199
365 797
37 303
868 377
892 568
441 339
534 854
450 179
512 328
251 148
791 485
94 862
278 334
579 452
562 413
346 359
952 16
656 528
608 890
821 154
167 168
796 972
759 487
644 215
435 261
80 46
493 42
594 606
250 206
172 531
102 876
316 664
516 320
562 683
569 605
947 86
43 111
167 735
100 675
54 894
182 910
814 575
543 369
384 48
907 163
254 283
214 671
749 469
996 719
686 761
5 716
582 526
891 620
139 311
601 942
367 189
649 993
966 507
708 473
928 547
90 54
964 200
179 599
16 952
570 717
340 409
633 480
441 6
218 492
301 274
749 801
619 891
145 266
180 407
859 85
483 45
402 998
907 283
517 158
916 434
376 808
223 726
91 724
474 201
854 789
648 177
773 395
298 788
12 343
787 187
106 116
675 792
359 28
645 835
183 215
569 897
873 246
358 957
489 800
901 212
872 33
522 258
217 459
246 608
95 369
813 987
290 111
429 696
928 788
618 826
325 889
715 813
630 48
181 997
980 659
136 680
607 632
985 20
52 881
253 174
949 290
615 161
698 976
471 895
810 976
78 96
185 470
323 923
121 584
957 347
951 208
732 849
260 866
704 390
794 383
621 182
994 137
93 985
729 484
659 78
548 120
962 436
940 302
588 762
557 743
491 560
327 202
975 903
779 145
749 694
979 657
982 144
764 80
716 796
675 429
282 376
910 800
395 68
460 11
354 29
834 957
181 639
727 241
847 255
773 676
736 625
114 534
954 480
982 876
20 612
883 192
399 99
917 967
762 885
968 897
87 383
594 387
415 632
947 796
774 357
625 591
133 556
41 229
82 773
427 736
129 812
120 702
679 507
778 298
462 305
42 553
296 135
49 398
973 835
917 977
19 599
350 939
364 637
892 82
302 812
400 114
899 33
905 209
145 595
425 445
769 755
146 265
544 75
301 619
529 59
984 833
512 290
337 548
949 985
322 402
875 284
195 582
582 372
581 308
902 253
902 575
470 759
984 489
500 24
578 392
740 309
141 21
915 54
598 42
427 385
440 730
876 342
5 382
875 561
859 551
655 518
421 983
100 735
308 435
935 148
96 410
750 121
790 94
501 79
783 464
334 65
845 114
354 350
961 118
110 218
635 538
896 616
344 87
381 112
332 5
304 713
17 943
305 841
631 218
594 398
362 816
454 764
132 84
904 73
225 747
264 155
533 228
137 379
842 538
230 507
411 642
144 81
232 699
30 832
484 914
543 831
604 541
37 321
745 819
774 890
471 817
657 657
213 735
212 196
387 684
773 811
311 506
137 994
191 644
960 354
253 55
273 230
387 394
988 455
275 545
276 731
478 870
560 905
883 138
777 939
567 895
88 226
339 322
479 865
545 998
227 830
376 549
845 808
272 415
433 906
484 799
132 212
581 517
839 164
489 532
451 671
501 298
327 843
789 889
569 957
662 868
748 816
677 751
116 32
121 307
211 836
20 576
411 357
798 219
631 659
968 983
137 429
69 775
342 297
578 160
601 494
30 456
981 923
883 652
283 821
524 497
200 412
119 954
794 341
479 794
169 177
811 437
36 588
605 391
282 968
119 224
975 240
481 473
405 285
570 339
799 828
705 423
284 645
115 284
96 940
866 920
897 421
361 180
875 674
676 238
52 165
148 591
79 258
315 565
164 310
836 571
771 957
245 335
603 82
963 957
589 95
92 828
330 544
502 234
20 645
22 1
513 482
176 850
595 628
784 168
215 905
923 377
156 529
146 771
762 507
178 299
186 958
357 106
999 800
740 654
581 199
746 205
527 425
21 450
570 102
442 299
922 323
356 952
419 283
713 687
517 555
325 818
649 204
151 200
855 944
954 624
456 120
320 451
199 544
972 621
788 819
947 844
263 353
916 88
359 73
555 695
742 92
342 11
512 181
462 787
689 113
405 305
189 982
799 927
443 690
717 696
396 607
522 813
600 207
142 388
481 196
933 851
580 988
296 589
455 64
86 301
254 217
263 964
280 246
205 691
485 668
121 746
891 72
509 623
648 819
461 647
654 345
41 420
109 540
215 690
793 322
188 864
205 807
575 406
835 281
491 329
610 137
255 54
295 352
876 269
849 588
103 564
591 804
95 236
648 415
172 527
92 635
349 975
500 866
248 78
996 861
217 330
845 182
174 743
978 310
884 257
243 254
200 831
736 462
828 357
731 498
379 634
533 134
648 574
315 595
926 299
461 199
846 19
535 697
806 907
502 19
247 909
596 516
160 652
741 15
642 811
354 314
895 323
597 277
715 61
999 320
911 661
486 284
237 368
621 664
798 6
983 946
725 908
645 425
685 771
731 469
829 284
86 815
729 423
787 932
806 443
159 628
932 173
45 783
471 717
550 170
976 747
178 572
443 645
830 189
985 674
352 601
674 177
465 31
843 865
478 693
36 69
576 336
165 260
234 980
410 981
145 475
362 519
301 710
353 96
971 230
253 579
996 129
736 933
888 111
404 529
303 888
223 683
532 497
570 687
462 989
415 997
572 292
240 823
883 703
807 482
511 976
166 590
512 990
532 988
800 605
144 186
17 232
247 336
361 670
300 540
737 653
48 779
439 977
695 72
183 834
319 19
506 815
201 244
632 513
17 242
848 415
878 441
859 340
500 391
539 234
999 266
296 547
938 452
541 277
952 442
947 202
170 874
894 383
888 680
609 789
358 837
238 622
769 61
212 254
490 389
410 39
487 768
770 311
856 247
774 643
517 783
983 5
960 464
618 354
885 150
795 55
500 19
488 841
673 771
576 853
798 945
904 998
968 951
99 250
142 212
749 564
242 234
350 139
14 908
368 251
572 282
641 105
716 59
855 227
164 936
376 846
680 128
283 365
685 697
658 858
270 357
436 78
923 933
754 115
384 661
346 371
676 859
834 452
141 332
817 881
884 503
458 665
114 917
242 138
358 159
29 790
894 344
403 257
979 912
239 402
853 487
597 174
603 605
356 361
119 619
304 361
418 581
450 329
500 765
805 906
675 564
503 954
886 663
153 376
375 994
121 906
868 237
494 636
690 263
191 121
266 911
665 214
721 362
848 349
75 294
466 530
470 161
722 398
30 31
693 996
353 600
701 878
35 554
386 428
248 528
467 872
939 123
332 56
31 472
600 471
104 417
67 286
116 416
638 756
495 235
908 21
86 683
494 984
317 317
894 442
591 178
662 365
911 549
504 460
804 492
611 819
484 546
876 181
859 590
746 592
771 751
990 740
406 996
785 640
452 150
334 499
316 344
33 355
105 873
406 220
308 60
321 869
19 508
514 585
760 478
153 425
984 337
3 864
280 285
615 277
226 11
733 47
726 760
224 487
105 848
346 626
876 587
940 396
29 169
765 138
449 288
773 222
972 341
765 448
302 974
91 297
578 600
89 632
210 470
643 3
382 452
207 587
288 271
540 664
306 545
612 115
604 764
585 397
306 640
291 756
736 744
123 408
504 572
9 583
683 766
746 273
608 900
929 840
248 442
698 307
374 825
395 636
195 199
443 465
736 603
572 343
614 885
361 826
486 285
492 112
307 889
364 445
619 306
311 318
796 880
245 703
660 699
782 693
470 184
473 455
156 497
683 888
707 191
261 214
749 318
311 814
949 501
871 837
7 149
869 501
449 411
779 949
226 354
794 304
890 847
955 398
703 540
587 520
992 137
389 706
359 444
212 7
597 294
335 909
68 252
323 464
481 72
877 504
653 346
730 745
656 145
4 773
201 916
983 349
481 161
515 11
800 658
415 918
486 634
688 938
605 972
777 555
195 865
152 779
135 73
590 385
887 183
711 210
826 705
513 900
15 425
534 904
386 183
431 950
466 953
651 755
603 649
751 173
614 926
445 551
894 921
508 322
96 394
610 176
244 751
910 398
264 12
545 598
434 141
664 813
665 108
296 239
71 168
263 728
393 695
53 815
866 161
682 952
251 489
337 113
609 579
121 986
689 319
805 504
481 25
704 19
820 978
441 778
829 821
704 533
431 533
443 538
138 539
168 568
403 981
575 144
910 590
466 274
482 831
980 714
608 553
59 657
420 712
705 973
335 71
79 529
375 866
76 496
366 701
107 477
50 149
554 982
497 187
716 138
638 88
440 365
342 622
507 930
129 91
526 934
817 170
510 632
713 492
439 59
745 801
459 380
868 500
124 363
927 582
19 110
114 401
175 585
679 341
194 680
431 152
487 561
601 221
16 974
19 36
665 21
5 591
30 897
380 325
136 718
969 937
432 627
88 236
474 876
284 470
442 734
577 1
839 374
306 907
383 615
544 235
915 935
817 402
922 721
427 471
292 48
588 123
792 716
320 669
576 195
755 211
693 293
818 932
554 921
105 962
830 90
959 915
127 830
756 450
901 555
910 213
373 325
515 298
292 715
340 466
914 130
332 987
703 243
787 380
420 868
124 310
939 449
277 283
826 724
500 69
677 345
741 129
815 489
547 361
124 572
537 531
56 74
304 645
162 410
881 356
183 77
718 288
287 683
879 410
430 284
409 518
951 191
162 136
696 187
886 456
851 352
487 478
222 128
129 358
503 188
500 662
879 21
979 492
882 32
175 650
809 166
131 125
316 404
874 743
73 529
30 995
17 273
447 219
845 132
185 907
90 728
881 585
175 31
227 749
16 331
725 887
294 682
154 866
96 77
949 681
42 70
418 324
822 920
547 248
290 508
815 917
393 961
895 610
388 434
934 194
1000 46
182 620
201 372
659 98
264 165
654 232
800 535
846 87
29 94
115 17
502 603
263 808
171 134
566 31
101 967
649 689
434 531
996 334
753 884
723 808
79 989
593 589
731 314
321 881
714 305
935 966
540 701
362 210
347 32
326 15
913 148
88 151
777 936
817 916
226 6
26 334
342 224
202 351
759 663
710 421
728 414
706 955
385 212
959 441
913 986
444 134
752 836
465 843
367 682
276 794
499 36
826 315
712 53
45 969
708 86
675 437
889 791
314 472
317 319
430 831
861 585
321 797
198 265
398 553
273 632
244 504
739 841
288 461
280 589
504 800
332 129
386 453
542 67
298 952
361 708
115 506
317 656
479 776
162 625
953 532
144 910
860 16
361 704
350 310
855 566
575 219
461 70
234 584
237 13
823 680
104 926
192 716
480 420
927 642
918 382
377 511
272 540
633 468
963 382
251 680
604 523
557 840
132 310
528 479
798 186
208 85
633 137
147 368
922 7
429 742
641 249
220 427
504 97
524 683
255 984
100 799
27 282
153 588
134 262
605 817
589 438
1000 500
484 196
208 388
998 690
521 864
975 915
906 541
407 613
593 433
9 28
579 332
195 486
935 689
703 674
940 256
202 709
218 589
450 487
692 65
872 333
524 428
348 141
287 530
456 593
470 13
538 158
827 431
12 187
156 875
788 56
635 466
724 347
57 936
832 869
647 608
756 942
350 216
891 963
277 715
695 948
491 856
52 32
431 775
783 227
689 256
825 676
620 163
106 229
666 632
555 884
218 682
86 849
17 687
845 470
292 368
330 456
817 109
611 717
678 525
14 75
797 862
665 982
666 418
400 709
777 266
606 680
34 249
701 185
510 594
290 604
442 408
941 338
818 749
713 932
831 515
366 727
303 318
769 401
483 882
968 562
394 532
97 709
332 965
204 205
893 243
300 733
917 325
538 241
420 660
501 405
200 243
853 751
370 524
459 496
361 926
253 21
513 903
5 517
259 250
404 37
88 491
989 504
524 436
273 847
513 150
997 166
880 403
913 241
388 465
63 232
966 51
862 906
415 843
765 129
657 988
712 452
70 265
334 454
147 741
317 820
55 463
680 406
743 823
285 689
67 57
286 974
414 574
244 958
85 843
876 672
273 1
572 818
958 485
900 977
736 307
380 478
200 178
172 515
715 585
383 467
315 140
56 820
696 527
359 231
879 650
394 670
208 471
816 161
588 533
776 94
126 499
628 829
52 258
328 369
221 528
948 224
674 885
242 171
668 949
893 753
569 166
198 46
326 206
715 157
242 247
49 127
628 975
912 606
334 201
599 724
73 784
911 98
379 739
465 477
721 934
567 169
791 678
329 953
9 914
854 997
190 248
298 530
324 369
611 959
723 178
170 406
873 232
698 749
104 260
946 377
644 333
140 10
24 629
717 128
73 918
745 920
124 946
993 823
689 618
844 414
915 627
160 447
524 308
71 5
941 262
694 975
164 664
725 143
281 764
841 290
407 81
746 607
926 836
919 582
5 862
119 297
404 658
834 322
117 838
124 207
566 517
831 315
740 711
797 447
189 945
107 212
16 381
493 477
119 34
356 917
645 249
681 371
868 896
228 242
519 632
556 41
136 893
161 263
190 988
649 593
938 748
787 607
794 207
545 49
186 935
194 341
966 575
588 796
56 458
502 569
109 275
637 474
235 418
698 550
155 161
554 395
441 389
464 636
707 129
351 700
231 765
927 87
933 40
207 694
835 10
862 443
499 117
209 780
698 776
852 788
601 196
424 410
130 592
503 103
230 874
198 322
549 733
220 257
370 213
731 325
756 449
521 698
58 504
950 188
821 46
322 195
379 618
507 814
861 870
986 206
21 130
668 841
465 178
137 980
77 410
990 736
954 651
805 551
489 114
881 611
555 571
545 751
785 204
475 676
570 429
338 792
957 195
325 801
537 538
307 602
627 792
999 699
196 741
83 917
525 252
667 269
857 580
978 99
96 871
633 752
643 366
221 253
991 791
590 973
959 73
81 694
310 390
946 478
421 142
993 102
106 665
807 681
102 793
592 678
751 707
989 405
278 128
770 137
296 93
899 897
413 677
829 695
976 789
987 894
767 146
734 867
418 537
342 13
660 264
588 78
244 227
847 741
921 327
764 637
64 228
837 872
284 804
443 372
891 70
696 111
652 202
294 781
256 708
783 768
9 832
708 235
134 504
726 88
454 532
469 209
630 52
584 633
565 547
137 670
702 833
236 219
599 231
801 689
822 158
282 401
300 296
964 346
691 636
68 6
845 928
239 861
99 738
313 244
353 609
404 404
821 391
583 766
866 495
54 711
680 757
325 995
459 628
754 153
688 546
444 900
793 358
622 376
338 269
222 420
141 275
423 506
703 807
624 831
624 227
272 971
646 624
934 305
424 410
880 416
84 27
879 231
622 291
35 867
875 982
417 738
541 106
834 33
223 125
933 41
401 261
304 694
229 92
626 107
124 387
154 730
734 968
209 598
812 121
608 366
784 799
16 163
801 392
896 951
569 1000
237 530
948 180
515 854
17 499
816 498
38 450
112 919
109 234
420 104
548 268
297 35
15 876
882 668
404 231
777 313
328 400
243 646
757 243
248 985
51 509
89 584
616 417
53 965
528 143
372 608
108 768
791 852
948 701
906 921
15 629
799 985
471 364
715 798
827 578
785 265
169 358
249 235
375 15
361 111
30 441
420 878
673 595
951 833
239 700
305 36
647 302
979 882
680 54
996 449
853 632
206 725
229 552
61 703
581 680
930 342
404 714
523 821
650 362
664 868
479 466
151 240
256 95
105 133
353 827
256 923
487 490
959 941
963 308
904 609
98 761
856 684
283 117
848 105
775 596
573 881
791 530
35 294
960 710
197 921
707 412
761 742
58 625
504 415
121 189
225 160
643 89
111 893
797 599
562 888
706 823
584 600
722 56
18 268
185 992
195 564
165 969
318 599
385 894
333 65
554 374
664 23
379 337
611 238
128 436
4 975
407 847
757 466
353 93
738 193
187 47
973 633
907 469
682 52
794 796
307 691
584 900
600 396
509 420
152 784
678 438
659 54
423 112
592 793
252 674
869 790
569 3
159 662
544 228
824 732
134 499
28 607
84 656
141 52
294 818
662 935
586 180
813 50
515 304
817 573
206 627
143 103
241 768
554 316
331 429
109 289
482 674
863 709
869 883
684 905
739 701
81 519
160 621
691 803
470 571
965 553
974 192
294 608
214 280
513 427
831 130
435 8
443 239
884 607
755 279
62 489
152 73
679 84
90 21
125 188
283 11
411 776
51 90
931 208
421 771
467 291
608 928
831 824
774 176
320 122
930 345
716 960
619 944
497 36
518 766
455 645
888 665
803 402
501 629
418 697
758 436
485 484
831 150
885 81
561 464
641 603
714 839
933 643
82 530
553 129
813 586
865 738
923 16
925 721
515 347
507 559
174 594
218 21
304 25
19 517
447 723
966 465
873 662
519 255
139 859
955 49
41 407
563 988
536 580
401 128
580 399
433 459
761 42
925 382
682 599
746 936
772 593
23 631
736 353
569 326
681 833
903 636
565 109
91 363
639 587
918 52
51 968
528 587
725 302
780 183
375 419
517 602
416 318
270 167
147 21
87 36
183 184
986 788
798 147
110 568
489 493
775 32
874 110
618 936
515 812
112 395
861 485
567 368
498 416
633 546
763 507
634 235
956 56
435 150
318 653
378 205
826 921
225 432
226 352
513 111
458 101
618 81
105 671
237 256
530 870
659 583
101 258
886 42
129 899
117 430
514 887
475 262
383 270
521 960
186 340
87 739
612 297
33 58
393 149
231 241
78 787
374 867
969 164
490 481
75 377
298 959
434 652
293 397
658 470
835 45
5 261
275 526
76 731
463 21
608 397
186 721
557 187
922 160
339 51
684 718
68 367
227 320
415 369
129 427
400 917
884 333
729 443
686 208
975 48
241 502
411 726
235 681
125 705
99 873
964 257
558 231
890 691
972 388
320 254
362 108
931 148
732 178
125 940
985 351
714 298
806 475
817 187
29 846
234 865
40 901
409 951
74 756
172 344
503 265
122 907
388 498
34 358
211 602
629 564
594 588
236 400
944 924
807 9
969 855
996 198
433 253
122 41
583 364
216 929
906 369
523 181
914 998
717 587
937 550
278 112
54 201
477 876
688 60
884 464
671 435
684 107
425 161
782 474
74 983
285 877
478 762
133 42
754 290
578 991
859 608
677 470
604 398
772 207
793 377
406 49
846 568
665 209
548 801
949 700
825 811
921 452
969 583
660 486
642 965
98 591
841 13
763 254
498 855
261 843
870 953
262 148
156 729
488 314
215 593
819 995
367 511
275 261
347 320
379 160
914 451
780 895
473 505
950 536
133 423
857 206
859 911
68 927
963 730
79 579
956 609
785 463
910 816
965 814
235 436
548 46
554 699
668 366
155 883
687 922
313 674
779 342
712 176
805 433
586 318
712 975
435 756
367 608
923 588
748 175
966 8
933 26
701 529
340 547
946 643
213 382
448 805
274 886
514 588
848 835
932 782
961 603
961 301
286 619
154 838
200 64
197 631
184 379
710 312
603 299
372 828
320 857
391 925
94 143
57 298
379 375
553 707
820 401
32 843
832 715
556 806
652 443
769 814
960 724
81 584
872 378
117 896
875 690
63 657
257 653
431 404
585 923
402 409
177 218
625 850
690 574
231 627
476 56
869 212
740 456
871 538
589 872
137 663
220 565
431 70
65 46
917 997
515 214
876 117
609 769
925 506
801 862
813 992
400 132
189 860
676 733
537 304
712 816
634 669
123 247
488 612
863 248
374 694
598 412
806 330
147 107
121 109
284 216
653 656
358 1000
141 574
97 344
169 977
780 301
389 146
789 5
527 613
278 338
782 485
852 864
621 197
793 403
878 154
764 300
554 341
274 174
88 962
584 245
787 18
249 573
350 997
942 170
661 938
717 229
429 922
982 169
242 626
694 482
153 808
923 442
898 230
264 135
214 659
333 827
797 521
831 762
186 909
157 608
79 387
169 374
78 659
893 999
780 611
909 845
512 180
441 547
777 895
266 795
738 851
123 386
395 597
126 881
704 868
448 126
330 943
181 944
239 198
216 535
552 470
662 919
457 237
404 842
858 644
766 475
228 785
396 620
605 696
274 968
90 811
238 871
161 633
985 63
267 17
799 928
926 834
584 563
595 514
44 553
654 936
817 129
191 101
606 106
403 8
139 40
715 852
828 937
277 292
513 556
830 425
380 468
844 930
205 974
550 493
920 144
747 510
480 828
310 67
181 609
434 411
682 482
245 40
388 316
910 719
855 38
360 145
953 432
798 757
510 686
894 81
107 427
238 1
491 763
895 585
427 450
732 895
942 296
817 642
956 165
258 612
513 675
323 108
122 705
951 357
933 803
716 544
483 288
179 289
243 416
316 678
541 499
390 138
566 661
88 953
656 956
252 684
778 509
641 687
88 603
584 242
652 303
34 366
369 219
776 900
103 957
826 563
631 343
142 838
951 263
973 811
815 773
101 82
335 203
541 933
673 385
247 923
484 807
694 404
385 122
561 137
534 569
629 272
269 279
979 974
319 389
172 203
64 9
188 802
924 766
243 805
644 547
112 316
925 230
93 965
929 888
312 893
584 670
343 932
190 302
521 161
787 428
270 787
986 54
959 682
247 562
399 542
784 113
949 824
553 388
737 58
943 766
542 217
823 238
30 957
594 174
904 986
631 233
571 102
332 723
959 508
437 757
217 449
291 171
467 728
797 927
992 77
681 855
362 159
573 564
715 784
940 133
836 503
71 643
772 294
455 797
296 431
433 777
959 918
105 613
285 729
698 957
300 247
157 792
337 131
570 524
323 451
502 752
47 590
954 886
239 83
63 894
462 86
48 772
352 898
47 791
257 115
988 974
491 310
651 491
955 904
247 776
709 879
603 273
122 256
88 30
216 205
576 481
864 871
584 540
632 520
146 36
68 497
911 96
646 628
666 812
767 610
557 49
890 618
930 963
162 119
401 652
4 866
79 693
249 379
885 60
173 908
812 161
557 420
264 227
878 993
76 964
44 684
347 867
979 31
675 553
418 89
784 196
951 166
814 967
1000 855
718 390
965 450
370 609
44 915
295 569
3 446
681 229
234 371
10 123
948 690
619 800
581 784
341 692
622 984
548 547
572 632
317 108
176 505
623 919
646 469
679 132
249 125
907 603
196 10
612 542
513 501
122 999
197 801
815 456
443 654
930 32
853 790
385 562
111 823
782 472
176 247
668 53
736 489
873 748
146 828
909 495
718 593
833 828
259 167
884 89
255 766
91 485
823 171
373 733
829 744
526 536
346 817
656 797
851 259
448 691
927 476
417 710
731 32
31 600
526 730
684 961
667 431
481 621
165 115
851 92
43 57
642 513
354 649
422 314
295 697
205 336
70 408
109 620
244 978
673 65
249 744
505 201
11 936
774 885
922 773
78 345
290 355
905 650
647 201
457 113
475 75
393 109
997 571
890 954
730 101
747 489
664 310
945 583
323 351
332 756
309 662
983 610
249 615
245 171
206 508
135 767
103 46
320 321
956 596
924 778
696 580
884 600
608 938
743 311
934 68
253 67
540 687
290 861
945 555
902 533
5 489
996 253
827 23
160 924
676 752
663 16
658 425
492 196
387 651
839 985
429 549
965 153
809 811
79 212
950 448
407 397
527 541
258 18
349 881
135 504
500 323
302 569
340 344
254 19
906 396
476 800
831 986
14 288
235 357
158 619
392 936
328 210
773 809
537 187
436 389
188 240
915 302
843 515
717 842
815 520
108 669
25 702
994 122
517 560
452 73
3 483
209 701
851 119
886 313
534 523
742 471
657 620
406 246
161 470
147 920
662 14
624 747
632 313
716 847
945 404
363 57
749 930
915 378
6 143
927 273
713 19
642 769
527 16
686 146
920 496
561 542
650 943
588 131
181 355
451 298
141 943
132 746
246 214
826 111
735 358
238 933
642 618
993 815
294 155
559 74
984 158
44 620
934 941
561 706
184 282
184 283
577 842
199 552
748 680
716 399
993 796
435 298
802 847
752 832
651 141
925 425
543 587
718 586
462 541
104 816
557 501
494 765
248 139
331 886
36 268
533 35
872 529
127 522
780 71
530 609
410 626
269 869
294 573
888 87
333 856
584 914
936 841
505 40
469 930
897 309
324 459
995 473
193 594
768 467
274 149
571 82
746 22
912 110
894 333
462 190
688 598
102 791
165 932
559 658
888 859
997 739
466 21
518 612
230 606
310 622
965 877
467 238
631 650
284 205
371 98
144 763
97 494
850 170
123 353
521 638
693 175
186 975
416 60
889 229
696 531
582 47
292 901
981 195
362 761
459 382
648 828
646 184
741 974
353 943
784 245
926 17
288 773
615 101
382 755
841 41
682 201
30 395
680 181
212 236
673 543
379 155
545 967
534 311
236 767
286 264
567 534
17 405
652 726
321 703
131 788
989 90
77 625
47 154
795 772
795 568
744 761
606 780
772 631
584 574
236 662
621 25
348 417
75 278
382 551
476 93
448 417
249 705
757 478
890 354
290 386
83 923
96 983
310 488
689 284
753 657
363 324
458 941
538 131
89 512
668 737
784 577
896 735
40 350
724 333
666 716
72 429
93 346
537 198
951 215
985 846
383 413
407 149
197 754
612 717
199 210
577 393
279 734
420 226
571 881
990 280
893 142
884 328
71 841
664 747
293 131
435 854
560 48
205 82
608 976
992 901
993 905
93 994
629 649
148 378
147 77
423 237
701 275
59 441
205 703
481 396
199 296
251 813
843 181
501 684
73 803
58 846
276 412
916 967
568 928
294 943
355 605
589 992
849 296
61 620
831 38
652 316
551 825
252 938
59 771
94 884
525 740
382 97
388 432
453 446
637 673
476 202
962 889
50 461
405 672
687 515
274 878
827 939
594 659
678 839
629 247
482 288
398 680
416 108
477 633
961 620
854 60
122 962
678 744
709 448
240 139
64 977
312 92
516 150
110 382
937 949
900 215
81 711
143 202
868 657
651 25
931 73
653 730
881 154
56 108
757 796
797 92
841 385
164 411
432 292
637 611
889 725
750 62
943 361
305 90
53 256
86 101
252 296
341 777
403 520
983 842
726 567
43 63
521 986
756 133
415 570
310 240
856 604
653 624
357 970
42 173
73 508
897 352
417 496
834 118
67 557
417 88
977 503
188 303
168 735
826 171
672 536
719 853
346 172
798 95
520 23
376 685
711 893
474 212
62 912
469 596
323 800
763 832
217 674
750 877
112 513
916 719
101 546
954 75
700 953
650 49
171 624
207 127
432 766
793 717
511 469
442 20
190 54
870 599
388 540
414 184
137 183
896 273
214 253
568 292
407 53
754 702
666 805
842 719
955 472
534 823
297 858
772 977
505 583
516 760
585 571
557 639
392 897
443 796
37 56
299 344
705 69
985 345
145 945
866 892
945 206
377 85
226 679
729 237
906 725
512 813
47 336
583 859
694 672
406 128
362 957
313 406
367 686
827 244
457 177
733 704
91 765
410 941
280 131
293 933
3 592
207 610
98 351
361 197
235 982
552 310
475 410
569 614
786 166
932 323
212 617
627 309
922 609
611 510
929 420
61 532
885 729
213 580
464 26
74 738
366 677
483 476
356 500
799 718
965 428
309 540
658 561
337 540
661 258
237 278
727 135
947 756
666 370
826 779
873 15
528 339
200 464
288 617
35 339
700 116
321 742
4 663
735 39
984 756
798 949
256 336
484 764
842 574
763 463
903 272
132 761
610 311
353 366
757 899
549 419
539 563
738 785
760 372
893 941
639 264
383 528
199 29
985 54
696 886
67 679
971 960
847 391
230 263
126 603
62 917
259 507
312 792
590 432
156 899
431 59
929 411
461 145
330 845
418 401
838 346
996 813
791 826
218 698
611 670
208 44
215 454
609 853
713 7
657 490
703 65
607 995
645 498
727 74
38 666
327 936
934 577
706 137
330 530
83 476
348 730
659 911
21 882
710 244
853 487
917 291
966 115
158 38
166 744
542 762
842 172
357 44
787 37
850 285
907 581
665 918
178 738
719 28
560 163
289 661
686 710
439 304
730 475
191 81
589 594
342 147
216 14
327 805
699 411
634 120
758 927
731 913
104 939
258 211
250 74
60 531
539 801
342 590
897 276
667 553
949 489
854 795
228 252
293 808
117 74
163 371
352 534
292 756
713 41
149 205
713 558
611 996
266 624
50 611
918 989
386 418
41 552
187 202
68 607
446 977
440 524
621 113
14 453
361 140
42 329
750 229
784 970
763 830
468 112
18 315
447 639
232 450
380 395
111 333
142 435
231 989
44 258
705 499
978 89
503 648
225 159
346 47
461 970
280 405
618 694
62 970
499 608
461 382
446 944
389 669
477 822
735 41
687 293
689 918
349 604
596 449
315 351
338 332
733 911
181 797
186 473
598 108
269 993
947 746
280 88
924 739
740 570
670 770
591 323
900 462
968 998
298 802
639 884
281 140
144 242
494 877
778 518
631 756
699 38
861 307
318 534
240 387
378 323
44 981
904 635
520 584
438 732
201 769
224 555
102 554
778 792
176 376
492 20
441 359
124 860
90 677
259 563
244 266
71 800
367 356
472 647
377 690
447 717
201 616
590 60
666 147
981 219
349 816
579 98
470 770
289 160
572 58
785 341
976 846
526 517
748 102
276 929
223 360
596 884
779 938
188 150
792 633
147 679
684 609
685 864
678 817
771 877
93 183
221 435
77 642
585 343
946 1000
744 800
340 827
907 951
545 918
758 704
469 45
903 565
180 58
444 785
590 244
466 946
174 409
698 761
396 365
536 652
13 476
911 88
513 304
162 515
447 982
145 409
224 397
859 552
793 913
926 530
631 655
979 545
575 921
236 576
885 259
986 836
327 692
560 980
519 309
684 43
253 396
274 963
420 751
250 893
540 764
675 873
781 457
810 82
246 480
956 13
845 875
575 15
133 326
154 638
771 635
475 92
321 456
360 645
288 917
754 238
875 956
101 466
500 920
120 863
196 268
814 509
825 831
644 402
245 93
201 569
309 383
813 174
929 853
363 933
676 524
616 421
56 258
569 381
167 20
21 602
613 545
527 437
989 188
939 666
323 339
526 807
655 227
578 800
488 898
898 947
40 745
185 508
965 307
486 660
114 731
731 124
461 43
838 648
876 564
63 338
182 35
922 414
455 613
179 219
137 963
872 505
631 966
293 413
20 825
6 175
91 116
817 29
797 415
11 550
725 35
1000 887
639 50
133 218
755 19
832 360
275 141
846 191
185 618
18 859
221 107
809 910
365 132
517 730
629 296
478 302
858 523
565 302
823 561
753 725
957 954
829 207
98 883
935 841
847 663
145 730
567 400
159 395
48 427
800 542
522 633
419 445
144 806
480 383
375 454
254 376
644 533
369 803
943 358
419 219
180 506
671 506
152 355
916 352
387 13
239 520
197 218
861 680
482 483
415 575
878 305
717 123
608 433
33 149
124 577
935 891
645 261
692 713
387 853
772 189
38 641
159 3
610 990
746 490
65 960
528 60
144 625
292 25
28 673
977 80
825 99
230 62
626 639
942 715
47 876
15 834
998 170
756 539
147 498
695 504
636 708
518 821
834 723
720 752
308 175
66 469
922 582
657 950
30 310
694 939
104 418
629 638
19 703
635 907
789 386
367 860
205 820
187 776
863 829
243 464
534 603
137 106
897 495
350 307
505 597
31 627
380 50
673 700
846 581
428 339
530 371
561 526
758 280
237 609
593 427
88 6
82 708
647 42
949 550
533 700
676 925
964 303
27 469
985 451
435 95
869 147
728 647
600 388
434 500
858 947
178 538
828 11
737 316
347 976
546 385
126 815
617 290
34 760
777 798
940 503
733 24
472 388
580 861
509 108
247 792
553 350
627 552
579 305
285 793
486 378
442 546
156 258
151 450
69 477
671 176
970 948
658 969
246 876
983 210
135 750
540 536
350 922
285 857
909 327
717 676
942 187
914 494
150 44
7 245
424 371
257 262
167 855
667 738
605 928
607 911
989 718
354 841
354 479
474 243
319 253
679 873
572 634
884 76
594 309
424 188
112 125
565 754
89 692
979 444
75 500
979 428
476 458
660 656
638 800
539 788
896 101
234 192
454 229
189 714
292 116
715 674
575 303
336 479
447 579
515 560
421 650
851 927
176 192
554 627
829 582
944 897
576 114
88 283
985 630
234 206
693 378
353 929
43 211
612 31
841 865
244 269
901 760
46 911
522 158
958 457
893 89
929 813
522 520
182 532
20 997
579 151
871 583
759 935
428 160
530 23
482 986
534 310
606 204
49 88
372 64
185 650
164 558
961 272
605 221
59 932
232 114
945 899
277 991
408 423
916 464
294 860
534 925
119 936
888 809
170 54
766 979
586 157
304 786
145 477
937 534
322 662
823 634
756 834
618 217
142 400
992 808
88 87
303 395
722 637
279 983
533 419
528 559
630 507
179 808
181 228
847 239
955 88
391 723
602 498
291 560
852 150
851 793
555 449
19 965
197 824
605 945
674 520
78 319
907 164
632 758
420 36
262 598
6 375
192 770
666 441
382 21
718 103
725 368
134 348
458 727
875 839
934 84
214 176
370 893
919 564
547 470
125 954
858 70
473 917
815 251
236 508
391 347
808 112
828 915
511 121
691 657
3 824
182 228
587 695
562 498
150 247
436 433
757 814
535 356
10 762
830 771
346 650
908 271
243 865
218 535
457 300
798 876
553 398
798 26
163 469
527 701
188 682
693 172
23 367
301 590
439 6
442 362
673 986
911 898
53 202
868 139
206 623
135 134
19 907
960 434
494 822
571 76
241 151
718 985
145 222
30 328
352 533
151 87
54 69
347 281
453 80
816 60
722 296
727 907
40 508
645 528
76 430
309 6
921 492
548 225
167 70
457 473
77 929
626 568
304 185
560 568
810 880
627 466
48 497
460 944
477 622
261 768
857 756
493 142
923 914
612 32
207 744
900 9
960 198
786 715
691 419
194 84
749 19
443 464
779 854
870 576
213 411
929 386
892 23
996 251
731 692
635 524
942 779
675 839
97 898
628 533
417 663
248 455
701 307
531 903
663 173
927 139
197 540
636 491
270 531
922 310
198 647
186 739
176 785
660 343
8 594
893 181
315 71
331 253
760 514
269 770
344 443
594 355
589 663
710 21
961 888
80 351
481 319
697 920
700 396
258 295
732 431
163 198
50 176
809 457
935 517
948 40
244 252
333 603
664 566
178 740
897 974
901 239
933 183
207 613
298 558
551 963
802 243
322 172
830 1000
694 728
443 611
573 472
713 723
710 455
233 974
803 650
607 8
967 14
995 119
74 551
509 260
800 603
988 336
884 356
843 803
609 928
663 137
837 728
857 199
72 155
175 509
470 7
59 632
713 133
785 372
671 26
296 644
320 866
852 13
946 681
207 967
953 317
997 719
8 597
396 273
546 143
276 849
106 465
255 560
871 185
157 336
984 212
602 516
802 472
12 301
127 225
399 32
391 546
392 864
31 853
300 796
639 759
106 843
988 781
383 894
617 333
137 615
8 66
787 514
819 53
734 95
307 108
629 963
620 366
199 667
782 885
894 694
428 909
591 170
796 276
365 800
670 847
140 168
371 122
721 979
727 265
924 853
6 694
930 546
103 953
15 851
232 480
802 990
983 753
448 359
16 219
423 309
406 679
850 705
888 303
34 922
890 868
997 532
32 481
917 225
635 694
696 335
954 457
37 396
765 673
741 972
839 716
423 244
210 810
936 415
293 244
231 730
757 387
302 87
962 672
99 337
492 310
700 662
439 563
42 286
388 904
222 90
734 483
878 560
75 850
861 56
792 712
868 137
798 915
939 74
360 508
740 374
205 35
455 368
599 985
429 59
475 819
789 311
775 929
892 656
284 302
365 20
45 127
159 301
278 807
932 196
504 276
767 995
937 333
705 356
239 985
109 70
493 297
445 396
764 260
356 52
778 349
223 358
744 781
330 401
899 976
682 32
48 762
369 288
263 120
291 569
589 2
463 986
119 562
433 864
947 453
225 415
514 570
651 381
693 977
805 250
859 987
237 481
687 719
479 412
678 636
377 69
658 488
774 385
17 579
191 225
298 570
293 689
551 499
97 470
308 162
74 287
375 447
6 626
682 839
403 107
656 209
653 454
116 714
424 960
398 822
490 410
241 756
145 373
438 488
161 491
933 65
834 733
776 463
960 443
432 718
891 354
820 944
897 597
336 19
574 529
926 663
151 247
151 900
744 4
254 615
724 218
732 216
484 387
730 116
621 202
877 526
148 419
84 821
450 142
589 74
42 137
807 371
487 762
758 159
676 919
95 882
954 807
193 338
758 150
706 687
743 229
567 7
332 751
499 364
913 319
935 244
642 97
35 963
815 402
949 173
600 883
302 869
601 757
66 634
596 971
265 428
949 577
886 823
317 432
9 230
1 615
832 502
637 72
947 795
610 829
953 253
311 102
613 675
227 573
353 846
827 565
538 976
336 479
380 585
288 608
331 871
21 161
872 528
531 596
804 590
833 279
748 152
819 536
682 854
425 428
299 116
495 291
709 569
136 44
563 857
286 835
212 316
730 477
608 244
219 849
777 980
303 71
474 352
234 597
158 828
579 634
797 391
39 721
817 440
758 701
744 131
447 452
995 126
741 451
780 555
882 656
477 889
367 970
987 921
992 643
277 158
865 706
807 671
836 289
127 950
451 244
683 175
44 824
689 439
818 457
367 531
148 684
925 440
216 176
859 24
678 114
598 380
849 289
343 915
177 545
681 52
413 871
128 795
392 171
755 7
436 220
260 283
84 20
612 374
697 397
104 169
333 550
872 578
468 994
490 698
821 915
290 165
758 913
818 221
997 686
50 195
