1000 2508927
10000
473 371
990 181
75 869
703 700
715 3
893 970
290 790
518 432
509 509
698 549
940 96
772 854
942 184
558 208
756 318
32 319
527 179
276 991
365 651
134 140
867 69
761 514
280 74
215 821
80 577
138 945
81 299
886 85
529 914
419 713
456 382
120 912
313 967
639 307
447 72
242 387
624 454
583 138
341 728
778 966
300 595
494 771
832 624
769 769
159 916
549 207
56 270
803 253
36 816
23 640
863 112
544 500
593 168
465 355
190 835
850 536
836 479
635 996
812 575
32 75
51 109
671 581
583 878
906 901
928 277
658 18
758 869
408 783
518 328
318 193
346 979
550 539
960 450
128 312
872 771
916 989
128 645
422 837
680 462
994 866
123 699
745 954
251 475
937 514
564 429
950 882
695 574
53 997
30 582
157 18
930 86
524 490
239 11
64 52
464 492
537 470
947 166
418 606
832 576
875 555
779 344
276 681
423 479
888 378
426 625
963 269
82 41
98 818
457 79
529 536
758 482
907 36
329 89
11 401
2 641
357 675
427 855
191 939
643 116
432 657
973 208
152 497
287 245
297 622
181 420
977 462
871 836
547 445
25 779
524 223
686 516
631 841
921 411
997 755
745 918
220 84
383 522
236 680
821 685
93 928
288 997
921 16
891 540
811 558
732 983
865 148
943 400
25 148
592 64
644 367
414 30
461 16
256 324
980 284
864 302
347 224
463 885
373 713
382 61
854 265
227 886
505 116
563 475
273 561
944 855
621 588
859 950
169 417
14 170
481 908
349 969
694 192
556 955
521 522
544 403
384 155
879 659
871 209
456 693
328 373
840 717
808 8
578 50
192 383
455 765
642 407
726 940
215 532
636 931
469 329
849 291
463 712
156 317
209 288
994 90
366 219
79 996
823 122
49 460
882 218
424 671
433 210
289 456
457 502
232 293
762 582
365 543
980 633
666 931
389 556
231 540
859 262
256 681
279 621
690 248
335 766
112 309
104 297
687 115
120 225
98 549
334 419
710 182
125 799
476 325
964 739
631 929
560 1000
364 830
258 370
103 329
763 129
971 608
825 342
212 113
327 179
807 533
519 516
726 186
74 176
165 802
176 639
639 948
555 360
96 641
343 220
15 630
281 998
311 147
819 730
824 675
26 477
522 351
261 891
856 476
455 605
702 667
860 830
122 744
66 235
119 751
399 745
887 155
585 805
275 873
185 776
735 785
439 803
130 730
767 353
614 174
989 823
312 171
978 827
822 626
389 744
408 187
602 471
409 772
43 358
66 843
663 327
115 176
886 514
943 855
373 699
419 649
428 893
454 548
480 178
483 92
274 605
670 477
334 151
998 347
25 215
598 148
238 338
50 667
170 606
943 144
570 956
312 662
853 471
395 450
620 684
150 596
862 624
107 356
493 710
672 973
283 827
218 300
833 543
185 637
382 117
673 905
154 72
748 69
918 253
440 33
84 771
561 510
450 895
448 518
425 767
945 946
326 921
676 885
407 698
465 317
462 443
247 272
129 971
892 919
61 74
65 141
570 187
534 878
298 50
834 301
680 361
589 383
610 366
94 914
665 519
28 830
137 955
412 823
771 740
530 172
139 314
902 387
360 889
456 260
670 276
412 566
272 533
348 997
339 526
679 526
127 982
88 805
971 833
845 730
934 655
938 494
973 301
423 585
935 515
441 488
975 610
475 919
718 465
440 386
656 816
121 649
709 340
939 134
866 598
547 696
289 153
652 470
974 797
553 775
984 996
552 854
589 468
545 648
715 498
89 460
278 271
938 544
273 806
721 259
900 240
555 754
813 551
438 841
478 140
861 294
764 335
719 513
100 337
373 888
425 845
520 853
265 627
581 294
140 972
439 619
642 801
81 924
957 617
198 131
656 963
418 348
98 450
689 570
289 122
479 441
578 26
313 342
603 626
984 569
702 771
467 91
866 910
255 982
492 844
274 480
525 747
367 685
306 405
830 917
534 792
455 381
422 74
931 623
295 177
499 618
82 708
931 997
575 333
913 514
467 380
999 19
701 437
803 827
673 180
150 213
954 509
845 765
36 409
128 555
191 426
422 864
600 567
650 226
35 657
448 868
445 362
509 77
877 798
839 835
354 380
737 946
59 673
748 638
254 467
520 775
848 639
160 643
582 140
967 388
512 417
749 117
484 300
80 428
185 724
415 196
332 647
44 821
632 817
505 810
54 698
251 280
958 938
49 103
587 401
712 712
471 512
871 917
823 507
328 122
859 640
31 935
454 975
416 595
671 702
402 826
930 376
821 544
984 482
616 509
596 648
33 955
740 791
294 657
167 906
603 506
475 862
201 9
906 771
530 245
187 295
695 63
523 27
534 256
614 248
607 232
626 667
305 56
542 356
644 511
307 741
860 315
631 785
164 48
208 362
499 367
524 254
693 472
196 52
379 242
914 448
174 188
988 138
742 497
61 640
536 820
901 109
565 12
136 874
782 665
527 684
512 82
705 739
256 914
583 112
833 83
798 947
925 288
349 787
585 421
759 842
75 431
87 852
38 86
602 21
780 417
802 726
655 192
653 892
913 952
277 110
425 281
551 491
968 159
638 348
372 127
227 64
427 276
238 982
461 716
73 421
957 662
626 36
534 194
639 113
323 487
719 882
165 537
299 410
570 767
426 25
243 495
733 915
393 860
392 319
791 96
8 950
142 476
54 923
642 156
796 994
669 652
783 309
986 748
823 621
312 180
555 100
559 682
347 14
644 508
933 148
234 664
441 456
45 785
487 129
507 317
430 429
49 549
426 769
135 781
331 192
762 583
581 302
266 865
336 336
407 564
324 199
474 370
666 489
301 497
280 807
539 836
650 83
1 998
642 415
387 438
892 612
556 738
516 260
651 949
843 213
994 273
713 279
123 974
374 388
475 124
189 940
660 949
192 686
115 587
829 679
852 846
284 658
293 773
1000 978
58 332
711 233
402 834
210 235
972 899
812 646
228 66
558 128
543 856
837 934
351 560
346 154
930 28
124 558
625 45
14 93
364 601
262 440
98 635
593 467
691 890
621 970
309 938
343 789
551 694
213 393
371 619
853 226
171 476
376 433
708 121
551 488
883 443
564 115
954 326
94 229
275 400
522 770
260 11
282 262
292 77
239 526
497 745
556 56
538 972
823 484
997 675
722 664
675 309
367 486
613 4
41 205
160 509
764 563
403 732
2 184
456 555
212 619
718 122
894 893
667 277
598 173
28 143
532 361
906 978
246 481
597 564
697 526
165 4
525 262
896 136
612 966
720 138
888 364
701 461
667 58
464 545
236 436
960 849
176 796
636 747
834 535
974 334
173 360
354 472
684 643
911 600
952 889
421 5
453 159
887 358
250 186
11 325
589 650
851 213
789 178
223 642
306 963
399 290
935 512
697 932
547 597
172 832
758 497
210 5
906 25
22 663
660 703
536 654
956 643
187 964
183 637
692 252
159 116
424 363
825 788
665 687
857 842
652 531
702 893
836 759
330 285
41 366
801 879
875 946
332 838
155 679
527 453
277 909
554 844
815 954
353 193
709 160
919 420
441 755
874 773
985 622
531 597
237 212
822 294
124 608
79 654
888 795
355 979
932 214
465 60
415 861
992 604
237 744
635 922
371 879
568 264
45 329
717 390
23 83
39 556
765 357
344 199
214 268
984 259
648 506
769 861
24 338
821 14
703 173
610 13
360 929
557 333
50 918
784 301
753 572
792 11
852 109
117 737
553 485
539 48
888 553
573 44
300 230
695 287
657 495
200 346
890 473
591 288
525 663
736 756
585 173
129 907
795 886
887 708
357 150
198 395
542 99
767 968
389 938
720 351
694 302
39 746
258 375
740 227
687 282
485 3
820 967
902 298
146 790
543 718
13 860
481 632
293 476
295 826
958 288
38 455
674 573
105 179
951 346
675 576
711 635
69 430
692 402
898 522
695 448
366 149
636 846
722 982
43 587
900 821
186 781
343 525
736 444
563 6
914 103
99 644
632 100
733 768
213 461
94 247
277 40
244 281
617 954
876 913
52 465
491 584
610 829
558 22
377 950
153 163
712 399
763 507
109 660
681 700
127 179
848 392
396 474
314 121
311 152
293 620
980 663
24 91
468 130
553 37
634 106
973 507
331 106
623 339
229 348
846 949
275 221
771 481
341 645
853 743
269 774
359 160
394 83
416 805
7 383
478 86
625 355
471 411
336 48
331 101
11 609
177 466
184 851
148 834
846 804
975 540
471 666
631 527
794 947
320 47
786 691
395 246
925 583
386 431
912 442
759 595
260 607
426 837
48 199
366 450
168 135
692 346
321 870
952 393
200 67
805 354
726 717
375 691
487 893
449 263
562 151
325 18
658 859
780 607
746 32
98 940
490 174
966 94
200 879
527 734
761 635
575 956
993 1
405 406
31 205
671 110
53 424
118 791
441 410
797 964
29 85
26 655
322 873
884 924
980 75
481 25
344 984
271 884
225 106
566 492
426 178
615 246
9 585
123 997
460 602
724 913
231 942
938 632
756 472
522 482
970 136
391 565
838 415
386 748
833 874
937 407
920 441
560 736
56 960
904 74
650 705
514 289
895 83
703 566
103 642
639 635
607 568
779 906
448 670
903 425
972 59
456 235
168 103
184 268
430 672
282 538
489 728
576 756
193 180
839 519
383 524
18 990
994 332
593 118
528 382
200 554
409 448
284 471
164 474
304 663
982 690
879 542
698 7
926 330
448 952
791 227
234 627
80 993
772 468
896 892
909 25
31 712
386 73
726 264
681 973
513 761
204 685
326 770
207 13
962 74
268 962
717 908
61 852
641 600
371 662
680 514
570 564
274 218
967 98
988 919
641 125
25 659
963 299
469 494
751 578
979 664
691 35
405 258
30 220
994 688
472 679
546 209
423 37
445 880
232 594
50 240
585 203
912 523
638 578
714 591
233 463
599 970
522 403
94 688
892 419
488 373
174 341
873 686
568 839
449 578
619 556
118 502
73 988
411 857
512 433
261 113
564 578
2 969
280 583
413 947
87 858
395 511
205 347
532 74
816 99
312 932
782 550
878 146
104 338
447 796
4 7
374 287
221 373
660 270
865 430
622 974
209 530
603 585
881 68
609 623
329 768
66 216
999 142
341 314
99 984
621 62
122 881
580 560
445 825
306 66
945 845
893 228
895 879
989 660
569 449
942 503
986 683
238 37
553 940
409 454
278 929
864 873
22 158
670 871
275 214
994 879
241 368
445 397
893 831
62 159
680 246
102 327
200 716
639 694
140 866
403 86
824 748
741 521
434 142
715 138
95 240
886 952
120 376
686 668
447 63
844 604
209 630
251 115
229 578
247 140
251 328
813 713
69 577
354 275
845 517
978 880
203 425
472 45
774 450
657 645
995 257
518 256
737 124
873 863
782 936
916 550
26 904
170 970
847 204
886 792
522 42
93 804
212 130
888 188
79 863
612 792
419 549
68 741
409 57
805 185
758 269
624 559
790 713
921 837
273 814
122 470
276 69
378 766
434 839
856 591
596 217
340 320
170 243
987 390
751 782
110 176
29 492
501 620
906 851
245 408
833 337
952 625
549 63
675 402
490 765
572 249
924 830
156 721
891 737
389 865
992 43
679 651
59 554
226 56
642 667
161 68
559 904
99 959
620 878
474 925
640 525
867 209
672 317
368 154
431 726
75 187
140 841
556 41
346 34
920 250
973 457
907 788
721 969
699 403
632 653
973 866
611 854
717 440
591 96
200 990
774 708
234 701
528 614
874 35
243 111
432 37
178 461
771 872
572 829
12 959
486 392
825 317
279 351
646 249
221 120
291 233
92 256
277 639
468 987
739 483
513 329
955 204
126 409
568 735
634 537
718 17
830 590
583 713
351 278
682 948
268 715
381 794
512 174
813 437
880 461
447 199
9 282
97 12
8 87
439 288
766 543
648 110
519 911
500 494
779 530
988 151
459 182
845 731
440 115
55 451
547 347
524 501
199 779
656 476
947 284
570 272
25 851
698 214
711 196
970 458
832 143
625 975
863 766
892 919
190 731
817 803
523 62
499 219
656 380
381 153
400 461
766 112
613 794
342 690
849 355
161 623
490 634
274 393
253 321
779 902
361 558
719 195
699 111
36 371
980 151
798 700
162 390
894 220
552 194
622 632
185 578
681 543
451 123
61 179
796 577
756 715
311 31
43 128
773 159
73 412
911 573
244 413
704 259
983 16
112 169
111 513
369 231
313 912
162 107
738 838
401 711
464 110
838 295
669 671
530 257
203 448
314 929
674 669
405 61
261 164
666 90
236 748
257 878
196 788
971 845
596 893
119 617
207 911
546 744
186 324
263 130
778 720
388 818
977 670
972 896
722 224
254 396
199 125
590 651
740 262
938 727
111 308
776 424
167 270
356 353
224 475
193 929
525 555
353 581
619 482
523 116
786 458
967 206
243 85
640 261
37 939
975 974
480 825
717 689
780 962
414 501
812 381
111 153
451 637
529 540
797 422
158 830
373 332
570 912
700 968
700 896
885 578
773 519
849 341
180 926
652 45
644 170
910 867
374 599
123 184
687 351
858 694
233 701
794 470
919 923
937 701
321 863
580 113
886 751
348 541
93 401
968 157
638 438
263 382
349 367
241 836
102 750
298 199
742 710
429 172
204 972
406 614
387 661
114 603
425 319
868 678
980 84
255 908
944 691
489 26
852 460
767 255
838 794
157 941
583 898
589 576
5 253
68 995
830 443
384 220
395 94
278 321
338 676
97 436
244 31
725 597
251 507
948 962
382 864
119 187
973 362
413 492
115 698
227 34
344 661
286 292
91 339
312 867
922 101
695 929
101 264
683 571
977 870
512 464
967 757
315 317
331 106
915 102
138 115
545 659
455 64
180 282
81 975
333 849
879 869
762 34
530 679
538 798
436 180
565 860
197 423
295 414
608 292
761 222
767 415
221 827
485 22
20 619
805 402
4 801
207 803
974 467
681 931
56 538
494 599
165 991
985 748
886 948
863 508
794 44
145 197
353 128
155 173
619 534
661 920
370 54
159 268
889 28
172 362
703 429
629 835
466 764
999 354
530 53
521 54
929 361
456 454
935 737
188 921
197 605
383 70
639 880
52 885
58 760
198 375
424 246
21 274
861 404
174 260
775 868
558 743
276 455
270 990
471 81
693 436
261 535
978 576
528 900
217 405
980 279
631 612
916 276
228 218
589 748
166 426
281 376
166 292
415 230
362 674
676 605
692 282
699 1
329 379
592 893
450 368
711 390
951 944
679 759
735 658
521 613
621 681
959 677
99 93
44 51
233 669
819 666
713 195
120 568
914 61
814 324
124 700
84 527
480 412
795 857
988 155
618 203
215 860
815 599
75 52
705 394
269 234
647 855
675 289
320 3
756 373
290 329
307 417
678 721
495 381
987 371
881 42
776 779
414 857
570 29
562 22
909 795
346 267
973 935
577 106
119 953
627 316
555 811
223 794
455 860
774 104
187 352
326 776
218 195
21 510
744 550
823 635
897 423
949 78
77 24
992 518
568 391
469 71
9 865
926 223
226 205
536 322
437 506
256 502
877 314
479 949
348 696
909 287
616 817
446 23
889 641
429 340
675 671
741 992
968 741
687 254
894 517
945 840
462 64
329 249
411 895
991 2
807 880
645 319
727 269
245 32
285 546
546 533
584 833
970 550
971 177
920 994
38 149
71 327
280 613
455 325
662 614
452 279
867 573
558 758
41 660
791 881
548 637
157 248
497 902
419 55
586 884
993 65
295 824
628 475
476 481
184 800
664 281
627 889
820 708
52 586
59 604
978 166
841 440
986 273
217 832
646 800
793 830
267 696
869 929
333 235
989 152
806 520
973 208
139 10
373 636
439 951
450 222
30 534
715 886
38 40
492 596
998 759
449 996
393 2
951 847
871 69
936 245
506 612
81 932
794 642
347 886
25 11
505 237
979 143
66 994
213 240
583 10
330 953
332 929
710 343
45 295
306 22
548 582
415 202
175 133
78 230
385 294
193 821
169 681
339 779
967 554
244 554
744 154
150 828
787 260
331 661
464 475
436 405
968 562
113 660
745 431
208 289
491 654
372 55
471 610
463 997
832 971
564 528
513 358
720 251
483 678
772 85
478 128
751 858
819 664
969 786
919 992
815 781
438 963
589 475
492 353
172 263
51 855
160 164
216 576
473 47
819 503
720 845
112 369
514 898
940 644
906 135
495 439
342 875
890 112
418 449
203 520
74 611
351 409
28 352
779 173
674 471
941 480
344 240
153 240
681 253
100 559
619 842
189 756
48 561
504 302
183 558
100 162
599 725
618 71
632 544
976 520
790 590
923 254
752 434
280 780
578 138
14 719
987 268
674 425
985 354
64 654
544 301
648 366
17 560
509 904
529 62
927 294
468 150
694 9
842 318
93 514
511 842
104 742
68 756
928 299
128 740
766 326
790 639
364 757
130 544
781 91
566 418
971 339
365 457
684 399
612 322
686 589
198 622
606 421
10 493
206 105
310 352
985 80
707 697
834 314
100 308
432 728
381 976
312 418
123 207
998 379
401 689
490 130
792 390
46 25
345 252
329 182
809 166
436 314
721 808
998 577
281 383
378 130
34 136
575 258
439 805
646 6
43 327
706 888
407 868
11 577
491 747
865 716
71 743
743 619
91 770
152 298
349 751
910 772
274 130
106 305
780 642
143 220
563 485
813 903
846 62
230 368
731 450
981 897
31 879
349 566
12 683
571 974
884 424
912 27
767 147
893 816
68 266
162 229
753 544
797 945
589 651
861 914
594 762
485 22
99 644
96 587
212 116
510 722
218 859
303 921
505 476
909 978
310 874
588 614
231 366
734 560
158 594
12 28
401 34
369 912
739 82
384 394
956 687
481 726
286 311
415 71
69 801
642 23
981 751
597 23
393 460
304 993
76 694
472 170
352 107
985 71
868 144
578 791
949 23
496 233
373 211
882 48
626 87
832 984
830 440
220 96
93 271
705 878
178 257
600 538
679 844
289 535
205 65
554 258
373 176
39 265
436 351
946 14
870 933
508 457
120 179
896 577
616 252
885 382
616 348
263 782
962 158
586 712
892 153
838 640
106 280
140 196
159 48
664 413
820 472
163 680
617 372
277 9
919 14
964 478
473 670
700 975
922 101
621 660
297 240
812 246
141 556
255 48
600 854
625 771
685 515
780 845
192 522
956 785
448 620
907 819
201 961
789 473
108 368
601 261
659 669
35 764
515 53
970 713
6 676
592 374
58 934
951 157
255 450
474 686
370 536
871 676
902 294
605 38
8 858
892 890
176 265
276 217
573 594
768 486
186 740
761 458
867 733
360 124
478 686
486 493
344 236
352 59
51 179
705 534
252 912
600 300
707 995
371 898
365 122
929 249
424 93
63 545
463 253
624 441
275 33
92 999
255 289
496 348
24 82
70 1
408 273
728 263
27 79
900 716
248 455
477 114
55 398
445 35
793 607
312 813
747 183
567 533
345 544
667 395
21 258
69 467
861 427
154 370
495 555
627 170
946 813
928 769
58 228
357 615
734 469
250 941
274 844
675 170
395 219
237 166
311 508
790 803
425 410
25 838
1 440
772 652
294 197
457 292
709 167
777 725
683 637
485 675
601 830
528 599
693 70
430 166
746 315
664 214
298 260
509 626
82 360
232 549
500 57
770 298
447 465
744 213
871 885
335 60
847 283
997 937
555 486
570 329
908 71
701 254
992 503
893 353
59 262
310 17
993 34
125 472
376 885
862 986
351 463
958 134
309 943
847 696
270 171
610 63
331 854
978 572
713 181
255 506
84 525
172 441
916 577
33 937
395 944
728 711
720 801
283 608
934 363
806 276
913 999
920 62
290 131
646 906
292 699
290 644
746 685
822 130
898 699
314 579
146 432
558 101
355 430
396 334
747 115
636 181
859 892
711 548
548 200
854 108
985 668
102 534
577 563
428 880
95 449
315 599
858 600
430 444
831 938
546 172
499 885
869 45
476 836
959 785
592 510
815 524
9 899
10 7
593 22
440 877
244 831
770 682
972 648
823 98
649 658
882 952
967 235
302 826
937 139
753 439
812 854
51 597
718 597
183 665
846 947
265 410
693 824
369 703
752 494
765 825
802 424
833 422
843 777
545 723
913 693
819 259
311 235
555 13
776 932
366 117
362 750
610 740
720 66
780 350
276 797
135 343
763 493
722 418
616 551
656 827
405 130
721 311
715 606
371 101
117 249
795 775
296 787
123 67
257 941
554 606
342 475
323 356
107 461
950 678
740 184
323 93
753 168
573 129
236 647
720 378
231 624
413 79
189 177
282 102
185 876
891 666
284 243
471 411
873 390
830 103
218 301
835 363
576 72
553 55
828 29
717 881
751 571
142 506
715 520
249 826
407 991
906 237
220 244
510 666
400 418
329 7
287 530
28 381
982 897
437 740
907 67
673 547
345 885
738 658
522 51
420 659
875 339
370 843
12 459
161 734
539 476
357 16
393 768
243 813
738 721
558 599
528 652
586 111
901 107
424 16
591 606
994 795
505 751
894 490
108 955
308 825
105 878
209 682
542 758
388 188
820 893
744 586
178 702
915 244
684 465
296 106
339 642
790 746
111 806
313 196
513 282
312 864
628 499
791 49
914 383
93 132
925 331
851 325
846 574
608 580
515 77
759 162
906 285
871 761
640 851
857 991
596 353
232 496
259 294
280 261
566 50
485 952
674 814
121 145
977 65
897 614
338 890
729 836
150 419
894 480
472 848
917 940
328 274
746 693
986 551
944 142
185 204
695 948
314 779
210 260
191 370
999 621
240 931
135 535
837 417
3 658
443 803
699 209
454 926
455 56
373 123
24 395
662 549
745 94
422 90
562 32
889 909
364 103
324 845
873 629
440 523
609 471
151 322
9 456
445 892
392 80
515 242
691 791
692 458
800 776
912 78
856 626
654 320
290 23
41 825
220 594
207 211
783 228
318 940
988 386
24 810
443 201
224 857
624 502
525 235
185 938
836 502
413 879
231 905
54 355
392 316
340 109
384 876
259 999
19 205
909 76
945 587
784 268
734 587
609 896
831 400
422 790
959 301
381 847
839 348
408 937
701 308
24 614
95 638
895 501
925 760
14 314
469 402
954 953
260 776
119 495
863 488
127 649
97 597
47 814
798 707
773 139
282 109
208 861
922 19
671 261
427 902
130 888
536 768
859 507
712 209
243 708
980 626
501 608
84 924
377 677
289 417
570 864
734 834
872 523
887 570
945 118
949 280
219 187
797 634
851 95
949 157
238 303
175 711
802 187
510 491
194 958
760 931
400 527
945 957
596 628
841 492
375 463
741 933
943 310
700 468
661 120
405 72
521 873
703 244
266 720
632 713
395 362
481 841
527 848
122 359
400 307
217 971
711 389
586 44
455 79
257 639
393 57
925 84
774 587
943 104
677 770
834 945
77 229
741 397
658 853
17 408
772 537
252 384
911 954
3 197
487 417
344 200
389 317
706 718
910 16
644 451
734 886
806 522
52 648
702 902
683 425
773 203
899 361
948 190
703 911
649 481
85 345
470 222
180 983
402 133
164 410
563 231
292 249
906 856
106 922
289 937
156 479
841 10
443 929
788 566
183 135
638 885
877 902
44 73
659 685
86 661
575 147
35 275
454 309
449 484
585 644
68 380
533 105
217 755
712 135
880 498
913 692
942 188
622 859
289 581
32 441
481 274
780 732
196 719
350 783
690 116
103 117
829 304
994 931
153 195
647 451
67 541
36 114
154 311
676 406
301 570
685 528
679 745
247 325
50 342
484 279
100 36
496 252
296 708
275 34
218 951
834 993
892 359
216 960
933 574
498 996
27 723
211 321
326 102
724 592
301 423
534 657
298 841
194 568
777 888
914 70
54 815
357 502
799 408
224 179
226 914
907 87
431 546
318 787
671 710
466 584
745 814
27 844
773 217
344 24
405 765
163 334
734 792
153 888
672 773
128 269
681 702
383 815
971 303
357 220
631 175
272 511
442 613
969 296
975 75
529 357
541 588
188 313
59 386
230 914
387 163
103 740
872 55
990 776
289 422
343 842
976 684
589 203
36 919
832 216
741 559
662 861
825 640
687 297
864 22
354 54
500 434
258 540
896 347
443 23
987 987
795 212
717 816
748 27
366 199
807 170
738 914
511 230
120 605
546 967
647 820
591 232
194 941
382 15
675 497
959 536
659 867
171 503
644 413
446 91
137 848
440 253
388 242
880 964
463 228
908 550
988 534
552 719
475 188
69 613
624 760
147 104
43 367
234 76
389 957
136 642
167 5
38 946
917 281
488 877
830 386
353 668
484 619
465 482
783 928
351 741
610 435
589 483
451 735
96 954
440 414
218 457
155 640
205 963
952 433
802 63
270 243
847 452
302 213
119 700
363 344
222 15
139 249
895 139
115 380
706 228
40 733
316 87
62 354
656 455
720 528
25 118
386 9
610 281
545 725
625 41
28 262
352 354
911 469
668 624
315 738
857 17
182 309
248 216
571 142
806 714
234 671
382 55
448 127
347 26
53 91
859 965
122 541
47 144
797 986
45 573
249 71
340 803
408 790
314 389
616 301
103 621
971 941
821 582
742 895
528 815
396 512
137 21
555 251
739 715
715 200
854 291
665 383
454 676
595 1
228 719
415 493
745 696
455 691
956 5
116 536
26 344
435 579
777 206
185 769
176 429
60 994
730 626
988 773
310 413
509 411
271 88
763 114
580 748
382 356
287 272
207 839
459 394
721 921
674 363
377 487
675 151
226 42
919 260
223 837
845 78
444 354
607 455
214 947
400 928
319 713
812 16
811 200
457 51
147 98
204 480
969 406
603 389
519 898
506 324
584 16
850 843
946 775
477 762
434 907
237 42
937 216
962 27
294 546
70 267
459 959
664 573
320 149
308 901
24 85
167 150
721 751
361 207
398 305
12 86
899 582
494 264
900 259
416 367
245 686
848 277
910 588
591 29
137 700
409 143
62 162
816 708
10 891
118 290
611 895
88 877
431 910
642 225
168 697
109 109
580 433
64 234
814 805
161 558
60 746
119 146
867 472
474 270
104 992
779 415
572 316
113 957
310 481
638 568
957 429
138 541
132 413
218 527
122 867
272 362
447 529
656 587
927 270
741 313
650 231
257 770
198 849
950 743
219 987
177 955
699 465
216 6
425 855
994 598
493 909
968 26
526 284
995 151
885 240
233 293
142 304
228 933
382 960
97 926
362 129
873 910
319 196
429 324
79 873
819 722
279 61
228 57
574 887
84 242
795 772
187 244
449 930
670 412
619 854
874 738
636 284
518 802
865 103
10 763
734 851
615 446
665 27
274 269
741 77
556 311
134 804
447 125
471 323
405 589
107 730
677 861
783 63
94 258
317 336
528 126
256 537
148 575
643 811
221 440
270 314
223 184
854 483
716 928
960 85
482 187
271 491
106 1000
255 546
10 806
664 300
177 224
843 402
62 830
841 64
312 143
318 511
11 494
457 992
22 727
108 449
741 746
859 36
565 898
100 247
895 63
106 446
819 27
518 335
741 356
988 285
397 165
503 415
615 669
128 800
734 635
351 410
339 849
284 485
296 686
435 341
13 405
982 668
740 21
530 402
770 330
212 435
211 757
966 613
215 417
277 152
975 895
743 666
771 561
761 718
574 609
950 793
627 144
372 189
664 91
364 653
397 56
629 528
677 818
60 470
685 638
410 632
995 692
213 212
322 556
923 791
950 948
628 902
268 645
467 297
368 52
366 170
640 890
542 253
849 732
222 442
682 60
336 220
556 318
722 641
185 805
901 617
923 263
352 648
406 110
549 877
704 8
654 504
722 647
977 577
510 636
819 910
199 511
12 159
1 984
639 286
31 81
242 732
946 809
716 30
778 748
847 283
328 898
482 623
251 530
622 73
813 171
386 876
406 967
194 6
483 259
148 312
794 33
888 168
115 461
719 898
987 944
50 263
575 954
514 52
177 262
872 426
730 974
91 36
105 767
183 593
14 382
342 592
714 993
366 642
157 527
895 189
32 513
858 208
682 90
944 154
947 275
801 746
568 13
668 316
33 605
218 845
607 622
441 79
856 568
177 773
950 461
584 325
358 220
21 435
714 414
637 871
897 485
530 681
230 164
588 717
776 610
263 916
31 988
236 232
826 792
86 534
687 473
978 585
741 155
65 571
383 572
700 917
764 918
930 836
975 407
121 955
649 542
387 712
745 780
108 403
680 856
829 373
100 112
313 425
369 101
46 532
379 244
783 265
394 425
74 643
209 293
356 22
595 36
872 118
491 241
390 401
435 958
994 14
982 262
566 625
896 771
295 65
648 217
96 38
125 156
595 186
582 525
788 463
167 625
566 531
170 218
533 799
299 263
204 552
878 57
610 287
184 985
1000 731
678 356
799 702
778 200
674 693
873 414
571 734
679 936
774 734
388 869
89 318
952 877
689 505
691 161
806 540
881 288
847 921
686 179
270 615
454 427
218 234
655 76
728 390
305 11
386 195
183 78
529 900
22 874
384 186
483 583
292 128
808 782
730 479
922 902
485 674
728 330
973 330
743 496
647 215
658 922
606 502
637 264
311 673
698 113
206 752
595 876
271 197
671 290
401 251
534 29
225 97
363 30
525 248
789 670
956 266
597 492
227 572
46 1000
986 899
948 380
121 896
654 236
393 737
942 513
397 238
173 679
600 862
29 949
972 500
954 658
802 6
236 142
63 224
141 793
695 968
528 558
597 702
362 115
58 237
260 375
260 845
970 712
459 321
135 22
926 905
354 294
823 583
376 99
830 932
594 21
53 773
94 251
28 677
925 656
122 135
242 739
36 309
627 548
977 918
733 586
375 632
75 525
186 574
989 524
495 984
519 603
247 724
918 251
997 215
574 210
971 731
975 122
599 579
135 266
920 470
684 478
188 82
740 542
932 63
413 926
662 275
242 417
909 393
506 970
124 549
60 255
734 715
206 761
671 648
738 860
163 526
674 954
939 468
609 118
92 710
912 84
728 922
540 285
645 196
680 421
475 567
566 383
713 33
368 693
921 394
612 796
858 337
536 268
201 970
924 179
376 852
192 822
740 586
792 47
64 873
143 614
86 999
310 796
712 577
570 71
613 526
616 776
354 518
530 103
144 438
282 234
138 823
371 987
572 846
613 150
72 331
339 396
931 851
628 157
899 466
825 722
547 182
351 46
448 681
482 987
164 553
387 405
355 839
779 967
149 288
673 254
143 95
415 301
473 581
397 967
642 303
154 205
99 696
841 451
206 977
424 13
887 999
135 650
553 472
181 269
24 352
187 258
754 551
67 762
536 976
606 671
733 681
610 636
295 60
514 491
556 833
323 342
332 246
807 559
824 99
569 387
620 782
464 809
90 74
619 465
942 380
616 139
850 206
249 906
231 327
618 197
453 156
369 816
228 164
53 948
621 194
278 787
308 151
1 395
972 324
228 739
561 705
681 255
316 368
38 138
405 207
638 490
485 603
220 515
288 17
132 592
553 819
499 768
314 552
500 342
655 487
647 91
140 114
904 945
790 321
942 376
207 68
71 818
655 972
600 421
901 713
950 60
668 422
846 833
804 691
537 614
540 36
253 441
765 981
74 192
985 948
204 145
686 629
409 64
418 283
238 900
966 417
198 550
303 699
501 775
77 191
683 624
550 917
260 739
276 822
705 651
465 925
671 147
323 815
710 945
450 60
67 483
735 361
234 367
298 193
769 386
629 789
596 12
947 52
939 467
357 328
751 713
320 312
11 505
283 56
393 875
482 771
402 447
559 395
21 660
720 301
611 978
836 915
437 559
840 122
213 466
700 615
63 938
741 480
741 452
846 709
866 708
838 388
244 815
771 886
92 393
28 908
894 255
742 556
276 3
871 573
47 951
715 225
486 176
704 308
290 762
448 512
597 201
300 966
82 770
68 761
150 738
885 223
949 178
540 906
266 602
218 570
868 80
194 306
35 736
408 271
907 641
700 183
245 54
601 825
337 339
656 52
304 452
831 90
750 484
100 950
783 759
381 245
868 607
800 615
360 308
573 545
689 316
846 458
541 399
644 488
371 733
943 187
293 628
79 18
631 258
649 540
480 235
478 630
397 232
480 596
802 905
147 311
472 331
422 348
725 32
100 711
518 999
581 596
769 723
349 188
600 487
646 34
183 149
41 821
986 882
650 173
479 196
404 395
165 678
115 834
121 779
894 253
679 738
211 841
197 831
523 531
494 2
808 160
274 947
65 932
742 933
976 703
802 496
487 672
624 692
933 982
419 848
526 194
450 356
44 48
554 840
12 705
663 178
213 159
25 671
37 850
879 774
974 422
608 313
260 383
79 236
827 29
534 72
373 122
934 852
538 851
238 246
985 126
580 753
401 7
970 479
990 654
164 712
997 500
434 809
333 464
570 401
735 488
369 701
701 822
472 378
750 167
373 927
31 1000
417 566
632 505
682 29
730 529
686 766
746 550
217 227
928 103
778 239
425 869
851 754
123 382
586 164
948 759
399 58
720 93
685 299
363 130
881 596
506 116
997 898
742 333
578 813
168 560
467 668
293 885
654 193
196 616
361 760
929 109
420 23
539 782
770 695
676 786
663 640
734 52
518 469
549 637
541 390
925 803
520 46
201 383
116 473
28 618
199 979
153 417
424 97
486 476
47 51
829 221
494 79
968 917
432 674
370 973
105 720
392 998
169 5
915 995
235 330
34 502
253 748
403 677
907 65
652 990
327 561
46 514
480 65
852 235
221 993
344 820
572 145
735 344
20 714
810 247
643 275
340 113
987 284
40 55
881 651
746 261
89 954
607 99
551 408
803 303
661 265
386 512
918 469
796 344
393 757
389 161
311 818
363 63
611 417
334 579
872 328
158 879
166 331
63 635
39 923
553 964
213 804
215 123
996 590
441 518
87 456
887 27
335 548
18 126
969 325
539 668
905 618
592 961
716 890
1 262
842 348
521 156
275 355
935 179
794 534
816 447
20 118
925 860
586 275
386 858
79 125
23 581
804 82
2 515
507 127
367 31
868 124
347 306
816 761
97 794
313 430
503 754
177 792
870 890
431 587
733 586
220 400
650 515
694 255
947 577
790 117
571 822
671 780
998 439
394 339
366 849
899 554
706 81
884 561
620 121
212 866
634 724
940 869
683 965
761 780
529 426
119 177
668 261
861 669
781 748
266 504
683 977
647 865
838 965
198 512
737 854
786 810
213 565
399 357
195 638
525 757
244 440
714 532
630 503
271 453
912 369
60 544
778 223
307 809
196 427
384 294
876 573
688 821
432 830
862 781
552 205
120 480
320 246
544 55
586 749
974 4
856 7
595 572
134 143
45 468
296 532
193 456
301 775
230 632
154 713
26 531
885 659
908 115
896 347
217 619
901 966
738 487
820 958
318 137
541 442
101 84
833 588
840 124
508 953
183 760
76 678
895 806
29 355
464 95
124 254
157 55
93 425
648 332
518 168
214 337
131 510
704 133
984 301
324 958
67 4
769 216
228 75
501 95
924 254
474 960
770 51
98 987
460 485
62 900
778 590
698 500
461 66
848 230
643 413
157 595
345 886
139 452
566 848
891 338
977 104
873 943
650 473
408 788
832 148
5 954
270 689
203 27
374 1
940 638
318 757
79 458
529 250
937 626
160 227
932 757
181 74
148 754
829 558
667 861
852 505
881 62
210 242
813 556
884 858
9 896
550 619
611 192
28 934
538 177
212 934
484 939
247 180
828 251
927 186
9 66
493 140
602 195
588 434
896 274
484 369
951 208
640 612
214 300
69 262
107 477
371 663
457 313
649 916
205 824
804 315
659 663
235 468
788 963
237 676
980 104
817 296
571 101
812 162
133 502
14 962
500 775
781 291
480 370
707 232
947 535
192 699
463 80
734 316
918 45
680 277
787 293
3 394
304 398
665 163
985 116
738 590
420 994
665 125
722 850
19 882
827 119
704 642
802 191
544 936
171 844
155 932
675 52
787 124
523 508
375 975
552 94
904 690
516 466
33 994
700 294
164 109
29 257
333 69
572 273
120 166
70 68
915 467
245 966
467 265
549 298
16 408
377 756
72 673
554 974
748 668
936 579
71 986
546 955
712 354
627 735
349 837
467 122
504 199
310 938
22 941
259 828
463 348
41 385
611 538
900 948
531 681
285 862
759 549
180 671
941 759
813 505
678 378
378 555
122 131
872 438
976 442
42 439
66 685
927 292
399 956
601 997
257 235
172 660
430 556
873 426
575 6
301 203
998 68
665 950
271 494
186 688
749 623
780 931
265 443
628 683
967 445
42 733
693 318
143 68
874 783
189 933
769 873
324 52
737 640
143 574
615 393
42 688
805 505
315 694
204 896
525 886
11 573
934 462
906 483
644 13
836 768
394 743
898 272
781 250
658 287
393 146
844 810
236 594
949 111
297 425
397 839
19 579
133 51
771 734
726 276
368 465
222 880
398 671
101 602
829 591
119 743
623 85
275 222
591 255
72 904
701 6
992 292
536 906
112 65
899 384
959 37
290 576
500 266
318 894
894 472
793 765
908 460
56 184
854 725
522 249
40 822
436 605
118 667
651 48
3 669
802 703
109 166
466 454
961 623
476 262
335 293
382 399
102 482
860 568
31 201
839 934
787 417
635 130
461 644
78 759
382 459
971 257
810 856
611 839
906 101
223 850
165 139
786 284
122 612
945 405
813 196
489 155
899 594
603 857
185 362
462 819
956 701
107 704
261 189
166 189
678 517
777 144
503 947
628 499
699 843
913 147
772 531
109 675
374 758
21 983
139 74
576 404
632 901
402 998
511 212
650 559
151 225
705 945
491 40
197 962
533 687
892 538
639 198
523 49
294 532
626 91
912 673
198 2
412 202
811 543
242 149
192 516
668 364
168 225
927 60
631 52
263 682
635 283
337 684
491 984
800 380
171 356
765 439
50 250
316 107
329 262
572 858
11 334
663 126
988 237
406 543
94 494
939 618
742 395
754 659
884 383
432 984
37 601
555 30
449 920
839 712
959 78
170 497
589 229
374 722
333 238
431 705
118 287
170 600
718 553
243 781
52 483
50 616
479 275
613 986
719 545
203 110
429 760
826 171
107 920
361 682
180 827
235 480
524 724
145 640
433 786
336 121
515 935
339 920
835 927
62 325
913 179
441 216
548 3
412 756
190 367
308 576
399 793
675 951
671 440
135 740
481 322
86 585
966 670
391 129
333 156
414 11
435 912
386 331
364 80
505 799
891 431
294 924
907 698
708 293
256 831
599 761
309 132
472 395
993 305
603 452
706 266
236 288
930 734
228 770
491 777
520 623
401 893
512 330
590 282
586 6
608 975
915 229
224 889
607 354
951 292
670 659
706 47
212 717
198 811
501 662
921 538
903 664
381 7
621 666
542 570
634 628
179 120
208 886
413 251
439 247
937 683
329 500
433 82
232 713
842 156
976 93
995 451
751 342
113 24
856 324
69 374
117 228
964 234
577 431
645 685
483 557
701 81
666 180
101 791
50 925
530 372
310 506
959 557
899 47
867 644
306 264
337 947
588 148
463 384
5 369
738 72
194 266
887 7
357 612
112 372
463 922
531 948
894 860
393 241
468 51
603 912
457 197
171 478
454 596
513 449
874 561
911 69
491 155
500 623
657 217
599 754
609 196
323 711
209 19
700 494
459 523
129 286
454 226
319 202
330 148
408 668
500 763
36 235
540 829
582 962
385 315
895 711
78 549
721 738
259 531
842 789
139 128
749 659
538 256
237 179
121 937
723 822
593 763
970 483
276 419
420 805
128 674
687 707
785 939
741 969
539 488
475 947
118 613
898 702
475 876
149 759
781 527
16 597
33 777
883 590
42 603
70 434
833 112
723 236
964 606
426 617
862 147
514 838
439 163
497 544
310 173
1 975
144 8
921 704
926 593
556 495
205 699
300 901
522 801
18 994
75 31
224 677
238 243
999 368
356 598
233 973
891 603
348 400
419 82
686 528
921 24
257 533
640 558
746 175
379 176
636 348
699 502
962 962
993 922
585 539
878 821
487 584
558 297
820 441
821 101
902 911
608 27
420 390
624 836
564 197
918 68
685 619
676 460
354 339
537 628
254 797
525 394
654 926
166 835
731 673
868 497
100 309
718 708
565 45
837 428
855 665
654 432
39 259
926 4
209 148
80 512
722 844
549 522
805 695
192 757
640 605
849 760
370 196
637 622
580 856
487 195
307 506
981 443
336 238
272 46
537 598
990 892
314 563
814 9
781 58
140 847
903 823
432 849
841 356
732 807
709 293
998 159
99 346
140 687
975 639
596 930
814 230
986 392
704 127
265 349
766 606
356 635
394 369
906 555
447 110
321 825
709 932
262 985
445 218
528 999
547 194
28 505
578 29
171 208
954 191
992 151
296 476
593 511
72 343
836 759
108 451
267 104
1 343
607 309
966 148
263 339
439 416
445 892
706 787
893 679
310 392
261 646
65 830
250 242
65 250
363 86
39 428
891 171
804 204
888 264
242 690
323 33
937 697
579 388
158 335
196 721
216 953
912 223
651 517
281 544
575 392
488 917
815 567
777 580
494 306
137 382
959 594
784 693
683 601
293 427
64 691
756 882
754 430
687 303
431 121
144 602
110 312
466 656
916 359
211 815
971 794
303 738
156 395
778 605
803 148
349 818
830 378
454 864
76 532
261 251
916 831
592 943
899 593
154 808
228 865
250 3
881 170
242 935
181 453
632 274
705 970
624 56
536 537
236 897
704 836
609 755
939 292
990 71
897 954
262 239
320 621
31 634
928 543
686 775
556 643
225 254
415 249
274 567
761 672
822 447
630 434
962 548
236 945
300 179
819 580
386 251
533 604
36 571
253 962
312 82
122 794
312 647
457 498
90 500
304 319
550 23
228 93
629 840
607 940
536 536
164 10
863 766
743 532
358 118
234 150
766 249
450 587
319 13
624 631
399 248
758 199
630 4
34 263
432 561
205 656
744 615
956 745
651 633
746 876
165 733
269 599
974 485
435 581
873 68
990 51
846 325
989 998
373 746
610 507
286 725
535 82
667 335
189 156
29 872
483 883
788 17
736 97
431 42
723 839
285 345
982 887
46 930
651 299
490 220
750 506
790 556
187 284
588 998
309 308
621 420
532 212
879 120
448 588
610 974
552 183
850 427
25 223
189 27
690 614
593 647
239 262
840 25
468 605
898 694
802 698
941 5
633 50
735 437
108 362
888 745
720 654
744 10
681 61
43 981
526 386
400 942
225 410
945 621
270 670
547 406
468 648
459 762
623 531
328 412
211 983
470 498
933 264
443 880
600 183
445 559
968 132
458 531
367 627
587 993
215 864
712 249
393 765
292 368
975 157
626 230
741 844
965 292
592 84
484 523
335 707
867 417
699 114
791 3
383 204
1000 756
314 477
754 289
620 958
313 829
119 788
210 208
679 736
650 213
911 403
743 455
61 977
831 200
879 688
722 433
26 209
936 29
495 309
940 996
112 981
692 237
349 430
248 504
433 30
855 341
90 402
694 385
447 480
251 485
806 763
725 430
917 78
363 238
360 994
986 543
663 808
630 434
428 556
491 469
908 131
896 653
526 567
212 57
879 310
969 25
169 777
156 648
611 426
28 863
327 429
39 622
141 633
573 490
793 64
66 106
437 83
107 162
416 796
206 329
501 522
975 748
620 992
46 866
742 310
677 60
898 861
413 113
49 311
490 721
456 930
647 846
177 923
951 689
830 671
277 75
825 126
912 214
713 95
820 749
87 61
38 35
218 828
540 350
330 911
862 202
324 11
583 297
738 589
615 955
249 178
144 937
337 580
392 519
144 821
716 119
764 115
859 440
573 710
969 394
349 727
529 277
107 318
76 357
174 511
285 431
38 504
425 935
911 285
500 318
876 837
459 148
121 728
484 957
96 629
612 325
970 235
191 504
370 973
957 950
832 155
439 487
690 505
559 187
47 274
226 678
146 433
548 352
28 427
774 272
149 915
646 99
33 239
500 791
785 972
1 493
309 838
378 302
637 641
787 725
325 992
372 228
982 816
771 300
202 882
548 788
156 916
179 927
642 36
284 763
981 882
212 638
978 425
369 706
656 374
814 239
117 328
230 676
631 257
141 127
623 457
367 376
554 383
820 423
579 261
892 953
70 111
343 667
452 630
336 457
803 683
77 215
753 384
102 184
212 716
651 113
309 762
206 391
532 496
179 997
475 640
571 179
586 980
185 313
532 264
176 480
498 396
973 871
775 772
822 592
475 141
695 328
584 147
397 624
817 619
221 591
131 256
173 875
976 584
684 313
321 883
649 64
542 349
653 20
828 916
134 207
887 920
768 309
625 924
472 702
346 618
959 92
760 464
193 363
783 346
134 296
201 135
48 442
153 947
626 836
309 722
383 531
822 10
9 452
681 453
134 18
813 10
418 490
574 313
446 340
143 180
527 496
721 693
848 40
948 556
34 645
475 317
562 186
379 889
71 659
907 627
585 784
829 573
267 71
383 288
768 606
194 428
59 889
954 872
107 991
621 189
716 471
402 881
590 537
757 290
392 240
52 33
20 648
633 594
340 467
971 954
417 307
644 969
426 15
647 194
788 55
769 918
680 830
902 143
571 187
5 402
927 863
734 223
230 492
465 458
41 584
782 991
432 66
533 257
921 200
922 911
256 409
369 659
291 53
904 912
582 689
239 448
672 398
779 512
863 38
656 120
39 784
532 692
870 484
664 245
188 219
904 808
116 88
629 807
179 715
128 102
413 12
224 923
115 318
321 810
612 881
721 206
491 971
203 936
92 75
303 60
512 321
185 699
621 751
8 970
517 185
744 962
336 62
380 708
534 178
926 614
582 305
289 150
137 906
856 430
205 579
402 606
543 391
327 719
776 789
286 530
946 637
168 635
441 499
590 817
478 46
702 886
827 456
662 795
305 503
823 846
266 150
99 834
559 592
584 470
570 157
344 187
235 132
363 138
700 749
192 587
472 411
629 1
278 522
814 643
411 95
911 703
671 922
452 26
655 711
456 485
860 322
451 459
777 762
319 359
496 544
529 1000
464 69
52 812
27 683
78 56
684 721
330 126
485 736
820 936
239 759
486 953
399 864
233 270
258 809
9 127
655 511
212 98
496 929
10 502
655 295
653 736
895 207
917 4
25 406
855 463
266 110
21 620
376 347
864 54
756 19
374 140
98 311
154 198
66 78
578 656
517 243
742 11
893 18
864 645
764 797
711 36
969 346
433 609
881 200
237 322
202 385
639 295
838 745
903 543
552 952
431 866
42 445
885 314
260 399
708 369
987 942
542 886
126 203
416 135
256 815
900 136
702 239
416 595
315 262
298 500
282 456
673 965
414 185
641 899
751 772
952 52
263 145
253 790
71 732
57 858
367 191
332 379
80 355
154 23
677 930
408 286
453 802
528 223
336 939
588 698
867 672
710 408
111 178
12 473
890 707
908 864
109 61
831 888
46 169
510 148
836 485
893 439
543 320
32 919
49 926
823 965
226 762
330 814
10 724
35 300
546 858
787 543
549 964
543 111
245 307
967 531
324 730
81 569
304 711
711 811
705 389
593 327
776 260
798 291
16 50
659 961
238 290
760 618
78 967
890 81
150 95
53 238
634 125
640 874
692 437
776 79
878 479
53 186
899 541
417 83
878 585
654 903
770 269
921 181
6 60
216 278
885 579
711 575
194 550
936 750
775 326
177 777
857 523
273 48
9 9
73 854
467 743
734 965
331 672
596 780
549 720
511 921
775 38
153 145
335 555
907 183
504 25
814 895
405 48
451 556
755 320
593 917
310 500
589 163
386 324
274 100
983 790
543 489
800 374
678 506
653 297
134 892
79 144
886 470
493 823
472 539
835 147
750 971
935 918
796 662
71 164
714 929
154 527
761 250
74 682
209 28
394 318
422 674
809 741
281 820
861 611
940 444
725 324
305 616
39 994
635 244
829 545
28 341
874 667
55 574
652 435
347 858
780 922
505 809
956 38
575 766
553 195
518 572
832 90
178 788
83 399
178 931
312 95
837 488
202 483
945 99
708 697
801 225
942 986
78 931
917 358
454 406
654 96
705 178
917 700
276 758
103 51
281 335
743 604
193 260
911 448
920 587
674 847
809 317
694 3
414 590
721 535
168 918
551 724
345 698
398 902
681 66
667 977
766 93
698 241
567 38
294 26
527 229
645 485
768 979
76 575
181 310
498 271
608 973
353 104
213 851
906 796
972 268
67 13
192 341
200 676
79 957
799 179
78 288
101 77
76 125
485 33
630 111
80 879
222 388
814 427
330 593
948 842
735 912
956 428
544 911
123 356
997 400
989 444
792 729
440 253
381 373
782 290
141 607
571 587
274 188
940 283
104 39
119 285
261 412
945 804
271 676
568 105
384 13
950 141
133 424
435 377
152 120
262 67
156 92
970 465
15 606
168 861
6 432
942 232
221 906
125 516
121 482
536 159
380 703
816 795
188 74
912 478
942 640
743 267
430 450
157 481
672 13
312 523
69 31
727 836
849 391
380 139
830 670
25 760
700 917
74 785
641 667
82 687
292 423
301 680
891 267
648 388
266 278
522 413
930 285
670 706
182 310
869 42
965 824
825 564
668 437
338 146
166 688
691 549
120 993
777 381
381 381
374 245
331 333
779 1000
874 26
738 790
505 581
620 499
847 300
708 808
173 561
425 535
748 20
89 38
480 906
621 890
353 139
392 279
112 961
544 642
285 270
789 584
514 930
333 744
117 272
907 457
202 612
886 815
808 910
609 363
723 193
159 458
570 302
445 40
917 526
765 945
457 901
26 373
29 504
374 219
456 563
498 521
762 995
296 465
349 424
365 264
746 648
376 790
348 912
567 707
755 254
897 324
825 918
411 812
376 367
34 97
402 559
677 979
716 31
935 518
339 480
190 135
409 660
489 242
845 747
463 847
290 115
24 377
396 632
289 521
526 951
477 918
397 595
807 921
108 61
142 199
432 75
926 83
589 242
301 948
999 202
499 200
883 746
8 385
214 168
187 759
602 667
9 178
455 123
641 560
130 296
916 420
638 531
881 311
545 776
358 789
83 973
522 942
77 646
907 444
260 405
541 792
858 503
94 354
321 929
867 856
610 871
790 634
431 999
443 591
354 383
612 774
137 99
665 763
525 218
323 295
549 691
992 72
185 845
256 924
398 87
548 348
562 280
563 909
561 549
386 123
640 453
642 849
562 677
339 695
683 830
487 293
266 495
291 134
437 204
239 346
831 183
837 529
150 714
822 259
133 483
225 179
879 425
76 201
389 456
422 316
122 127
568 439
562 317
945 578
193 433
867 348
898 828
493 106
181 406
397 370
82 592
662 316
39 65
613 873
783 671
411 312
269 531
651 212
536 487
391 329
824 550
328 414
703 189
673 804
241 799
596 567
507 879
781 248
539 17
108 146
369 678
569 162
422 128
922 745
622 459
877 987
483 195
175 712
259 457
385 809
306 975
173 51
736 893
295 337
823 470
209 889
262 866
543 466
376 519
3 233
267 48
904 684
55 402
668 112
262 356
26 297
56 863
548 169
710 819
496 270
359 85
866 547
552 384
565 922
6 420
824 581
296 570
109 519
287 548
514 850
128 71
892 348
125 451
991 696
842 563
194 938
104 51
194 157
741 418
325 59
101 801
525 814
204 178
84 584
109 539
202 978
365 674
554 395
59 721
737 842
347 54
981 901
38 145
923 490
715 34
453 97
445 965
293 115
967 848
444 314
448 436
43 912
874 693
532 125
567 734
430 629
397 846
57 511
243 429
62 611
512 418
383 547
520 541
687 310
764 196
688 871
652 544
631 197
789 156
426 837
295 296
972 602
82 376
439 327
724 320
620 872
819 332
41 607
101 770
749 24
616 238
963 451
188 618
660 190
342 329
265 822
286 515
39 360
490 265
542 303
693 787
448 445
532 790
441 245
248 570
444 13
819 861
967 527
57 480
786 752
849 93
379 635
124 265
441 900
474 202
515 737
260 835
648 791
739 9
610 275
733 714
232 394
826 801
407 113
924 147
197 628
831 388
753 845
268 96
914 220
254 658
978 279
843 828
616 430
642 472
268 151
138 808
635 858
387 365
758 905
274 790
302 500
298 613
869 362
45 709
543 567
478 534
367 750
129 805
928 549
258 23
236 238
269 587
145 310
902 163
682 283
374 982
536 458
385 852
741 576
90 781
783 130
974 51
72 921
618 405
703 956
793 289
274 369
585 131
603 675
427 400
32 296
222 968
554 881
347 342
174 66
727 392
889 722
364 497
801 65
37 584
506 635
793 435
127 971
143 722
903 497
881 376
197 650
159 418
889 782
342 170
388 393
833 734
741 385
33 201
995 488
891 472
403 310
849 269
150 265
894 131
961 12
105 5
148 183
514 269
836 906
194 374
426 74
878 375
267 15
139 859
789 38
690 716
320 533
435 791
498 814
119 745
22 603
465 835
388 848
17 239
377 257
788 30
284 44
554 518
157 123
416 757
891 243
322 519
864 625
929 643
536 525
9 901
167 718
339 576
825 471
585 931
280 492
746 769
723 587
126 155
950 856
724 461
261 177
862 860
492 238
995 549
652 25
144 311
421 392
295 140
945 531
539 276
314 642
511 516
214 62
338 307
396 346
273 837
854 770
5 565
650 86
609 219
206 444
361 318
398 903
882 921
240 987
133 189
488 431
681 582
421 376
748 278
46 131
821 856
5 695
751 975
549 334
656 569
813 475
125 292
858 197
428 528
588 360
362 607
122 191
70 721
343 425
248 207
350 548
147 666
164 400
710 162
357 758
680 959
680 444
146 73
924 64
640 506
321 316
265 156
659 863
693 833
739 223
514 666
668 522
493 286
997 369
545 825
268 330
48 539
234 279
978 939
37 64
495 610
381 82
81 915
476 233
863 206
551 35
738 337
589 648
475 90
920 641
42 926
409 718
177 487
103 143
343 817
246 498
999 393
686 716
166 952
350 128
858 215
428 367
609 611
728 343
915 470
483 581
497 766
538 670
63 92
59 439
899 521
56 560
921 697
43 41
86 292
104 804
18 132
327 640
277 144
406 346
903 186
833 780
854 985
716 597
642 118
266 90
287 272
239 62
171 16
59 10
929 489
896 298
923 802
115 950
292 591
220 966
361 86
492 34
284 369
707 658
935 576
270 508
682 8
813 173
509 65
624 992
28 900
54 80
90 103
729 417
392 657
271 557
135 417
107 1
236 49
333 258
169 918
335 285
48 171
939 702
138 849
982 813
22 708
703 428
861 128
854 803
415 33
28 746
460 211
584 721
552 793
679 309
506 537
53 974
814 16
476 376
487 985
135 574
893 482
915 617
700 130
203 912
251 646
522 434
160 48
332 373
964 835
989 379
349 247
153 254
860 515
1 833
125 533
875 466
698 88
743 132
635 80
784 171
63 857
680 68
173 11
311 701
297 674
804 526
257 389
187 219
676 266
804 384
94 383
279 58
380 366
141 921
830 426
427 825
957 381
642 271
378 920
654 89
380 373
817 784
924 39
750 860
682 360
13 679
602 726
791 358
370 587
321 958
861 788
599 651
411 545
495 499
939 598
576 73
669 785
170 546
684 682
379 377
69 334
86 231
364 429
271 435
858 84
893 700
956 983
666 589
142 503
978 342
533 666
591 726
651 304
814 194
778 22
841 912
883 585
389 634
607 373
600 581
20 182
61 692
30 534
248 75
6 313
198 545
346 749
538 347
482 443
378 708
527 336
260 763
318 640
481 530
845 173
451 819
493 630
135 78
440 312
182 289
556 538
673 135
272 246
303 476
3 106
215 959
135 746
356 200
791 948
610 762
476 284
963 609
15 569
83 196
708 802
628 464
346 792
317 643
9 8
781 607
893 738
369 624
216 375
865 53
182 385
438 387
221 180
200 99
867 615
804 442
839 36
892 218
847 933
208 358
921 186
499 992
345 850
544 541
862 512
409 712
143 691
78 935
455 604
585 283
893 390
123 260
844 355
474 310
679 876
557 821
254 326
351 140
15 464
827 510
557 471
838 756
474 956
77 207
547 59
218 47
923 998
839 826
179 727
811 184
840 521
715 146
718 217
816 439
718 926
412 531
41 22
161 184
557 242
829 962
507 44
248 42
378 164
650 540
638 336
724 284
477 166
407 793
990 16
777 364
772 821
929 628
47 956
344 62
517 382
231 461
850 917
142 734
704 536
315 661
648 367
937 482
676 378
44 518
623 570
987 801
819 997
28 944
235 847
292 907
879 487
528 474
337 725
784 791
613 479
943 656
479 795
676 435
193 358
397 314
276 678
144 700
827 340
737 754
423 14
653 809
367 552
396 903
961 832
190 117
57 682
242 76
204 371
176 303
311 783
924 44
838 461
105 560
730 839
885 797
638 473
843 35
226 134
2 443
871 262
982 393
591 808
490 396
863 270
792 163
590 381
693 397
766 732
378 575
727 871
970 52
531 956
764 640
664 937
956 936
232 681
289 889
437 871
66 120
754 39
827 841
287 701
696 175
193 485
172 658
553 316
949 103
196 640
110 761
359 845
50 15
953 586
938 398
58 649
244 66
104 753
397 630
540 376
247 753
819 763
325 172
229 735
857 500
518 431
318 240
283 88
233 983
778 429
660 317
288 44
263 617
693 666
130 274
610 612
990 365
265 277
763 671
281 266
241 611
636 933
226 475
698 281
660 976
28 904
816 577
243 596
4 618
476 712
851 83
96 600
23 423
177 417
507 690
718 936
272 799
925 410
890 626
381 326
149 498
242 153
439 481
567 1
779 404
189 632
850 281
312 759
835 403
214 633
407 509
127 674
235 461
229 312
802 322
392 193
904 296
461 218
471 327
512 703
325 468
81 822
197 651
506 876
443 673
944 703
614 256
64 844
562 96
715 719
822 231
224 332
420 569
420 486
58 540
551 943
282 285
892 257
287 816
521 408
517 791
858 470
26 942
1000 453
452 49
910 530
638 75
547 454
912 104
175 84
788 583
416 136
993 292
879 938
322 713
564 219
563 79
252 188
469 72
419 286
202 736
829 620
631 231
450 248
709 746
325 282
388 368
304 195
797 105
934 746
551 669
235 237
178 258
431 802
610 798
976 888
879 492
887 205
788 625
706 623
481 392
708 492
353 137
152 204
493 998
763 779
428 649
231 122
326 560
504 697
288 274
353 338
366 336
404 289
697 995
842 302
53 85
707 184
254 336
867 811
709 9
195 402
315 753
335 278
563 975
183 983
237 641
934 336
6 943
58 248
758 458
853 849
401 500
429 785
569 553
52 538
528 429
905 65
60 271
189 878
903 293
99 234
749 716
81 129
343 898
278 230
675 383
511 83
933 250
73 450
109 546
47 68
160 911
826 649
550 164
798 903
250 319
762 912
905 793
342 193
757 902
779 701
643 190
601 654
396 200
902 354
920 682
781 864
640 466
598 307
400 729
307 485
381 658
844 203
485 854
65 396
510 384
817 156
695 868
309 912
203 781
733 141
846 531
608 373
347 748
212 713
239 7
384 452
101 816
82 275
54 224
714 788
239 336
333 891
711 461
596 152
12 466
563 350
359 281
676 702
211 710
488 432
838 543
357 424
305 777
65 419
474 197
695 313
427 17
938 136
120 350
140 549
600 854
890 861
14 574
489 771
620 58
579 133
682 673
66 733
813 12
136 345
134 34
592 204
870 933
66 357
26 182
817 792
293 279
155 5
617 955
217 62
811 659
963 871
651 377
876 300
32 502
125 31
638 410
755 144
673 888
383 267
923 350
554 999
646 20
761 180
880 589
862 911
887 537
189 484
764 17
219 157
685 120
124 211
323 621
294 113
431 828
383 552
204 672
269 11
428 111
544 453
733 568
681 378
898 120
370 858
636 381
356 730
110 416
833 4
364 93
56 456
618 533
924 877
799 782
737 908
167 439
955 866
816 492
443 580
899 664
936 639
706 732
972 317
163 681
350 668
439 751
723 876
25 525
463 617
312 118
343 277
595 169
895 742
310 478
680 996
302 451
297 474
959 830
978 179
653 878
11 790
336 977
179 374
865 204
790 743
25 813
784 50
100 796
105 946
179 41
900 824
749 270
663 568
694 958
219 554
846 836
709 548
450 484
126 108
980 18
899 837
704 105
760 408
277 445
901 522
164 345
952 786
261 44
693 964
252 381
336 342
387 931
515 998
94 89
728 431
183 932
741 688
535 781
545 545
956 408
612 915
874 965
811 436
28 827
292 860
671 203
899 997
942 593
708 634
540 327
445 691
837 198
646 850
802 622
602 276
389 453
851 379
481 967
534 326
594 215
424 287
666 3
191 124
97 436
275 727
671 674
113 212
696 418
864 744
163 246
213 440
121 703
680 585
245 633
492 641
14 337
135 637
367 371
612 207
679 809
606 687
805 949
735 457
666 936
208 371
584 816
80 126
246 714
490 339
934 871
706 654
229 357
239 928
670 410
944 37
672 294
602 841
939 59
113 970
577 158
624 719
799 778
884 855
147 377
320 59
271 834
19 838
755 573
825 453
528 409
960 799
312 195
870 408
274 409
194 404
979 360
370 848
739 381
171 52
94 991
960 454
412 865
443 920
584 639
162 17
672 134
551 253
660 404
325 275
301 790
976 758
406 93
569 1
79 467
954 513
853 679
443 841
806 559
822 763
162 799
171 913
933 7
778 290
713 435
756 830
395 894
547 177
387 533
297 849
626 683
938 407
544 58
731 875
736 611
494 766
870 273
95 942
196 92
266 430
93 996
600 230
698 718
357 119
915 889
207 681
305 271
258 527
255 847
821 677
940 390
883 806
100 124
260 290
256 28
567 472
238 652
590 164
842 836
553 992
302 622
166 448
952 853
475 135
587 568
30 905
238 161
169 848
71 498
166 860
957 216
790 586
49 639
630 321
38 325
129 509
230 138
759 566
191 2
238 674
434 597
375 246
451 649
424 974
894 343
366 509
648 56
661 875
808 152
604 187
444 665
122 118
602 263
251 808
993 14
561 767
279 557
598 148
117 391
983 569
513 171
761 852
171 722
438 781
81 657
714 872
657 934
467 475
837 255
680 114
275 755
502 262
11 797
106 185
167 746
360 70
170 109
382 289
251 729
76 756
987 641
60 144
443 444
50 800
117 591
110 896
314 895
956 103
589 131
420 973
309 228
511 806
172 626
265 313
42 22
242 608
938 146
324 404
881 450
103 935
856 749
466 702
297 729
37 790
946 631
359 292
649 519
906 666
268 301
79 232
164 664
529 268
210 30
967 988
417 717
354 323
298 221
307 584
834 354
421 916
901 655
948 242
798 533
871 347
445 128
520 669
771 288
607 656
136 917
203 404
841 581
249 612
770 975
79 958
475 358
52 367
445 395
952 669
351 347
442 136
50 503
736 949
106 936
13 418
814 604
103 564
491 293
615 740
712 969
503 698
680 56
712 114
41 839
123 718
486 731
247 930
930 10
117 839
835 276
584 691
172 826
2 714
59 186
344 631
137 414
127 779
785 493
908 67
699 244
286 532
793 678
631 775
563 875
5 755
838 904
50 286
210 99
262 326
520 976
241 426
53 893
151 882
967 680
814 448
376 528
568 778
53 94
774 702
63 943
785 966
379 593
169 447
102 169
940 324
931 866
34 512
554 9
773 856
212 567
892 65
61 343
71 470
884 442
993 131
742 562
14 719
123 135
982 281
374 93
284 362
576 68
807 323
265 248
403 80
61 81
444 508
201 226
752 964
926 687
287 108
294 141
20 370
622 344
649 638
525 945
382 33
53 499
336 614
991 96
145 549
535 628
484 241
35 758
849 504
323 593
105 245
433 803
787 198
496 837
5 725
162 310
788 799
855 29
789 396
334 276
622 635
624 743
558 199
456 47
486 111
619 447
154 166
694 280
875 208
338 286
100 95
395 626
359 790
853 936
13 951
117 478
273 483
313 603
434 844
705 660
217 172
518 517
946 467
316 668
83 386
760 924
644 133
254 690
300 130
252 405
993 941
488 718
841 307
674 388
729 409
432 17
678 744
216 784
739 245
19 495
4 274
663 834
346 362
581 473
681 255
603 819
292 447
926 579
354 271
818 700
896 955
887 851
558 497
94 834
140 558
495 77
451 831
791 834
104 262
236 843
872 239
471 157
866 605
634 407
165 437
900 825
100 133
166 494
275 592
999 284
873 284
806 271
222 165
879 929
46 765
373 471
303 349
960 227
314 617
456 223
49 590
625 145
154 633
43 247
829 87
924 702
572 483
295 89
642 289
95 831
455 778
295 296
774 741
412 654
180 20
736 964
259 718
575 942
673 115
368 79
519 941
897 233
346 943
103 820
376 402
950 415
906 495
666 676
967 350
642 936
48 452
524 247
516 411
192 780
321 162
689 324
892 740
712 648
348 420
355 328
86 954
968 211
109 769
74 115
249 353
691 505
645 195
975 913
28 533
812 364
406 972
456 998
521 946
102 8
51 301
233 911
239 865
561 238
616 690
222 145
806 156
311 38
590 825
608 9
291 563
918 328
443 139
782 782
937 167
153 145
7 545
531 325
601 11
143 381
499 21
361 296
927 359
192 118
362 646
445 961
966 2
811 386
169 632
913 891
231 711
473 346
390 699
708 102
58 172
256 882
820 888
795 633
562 651
219 307
321 895
567 49
56 907
232 856
160 816
320 314
23 993
962 532
288 888
119 963
333 725
601 415
930 94
809 93
633 870
339 552
269 568
452 265
68 949
186 352
547 985
200 137
490 873
696 799
131 179
686 177
250 928
622 923
618 98
904 310
565 97
916 783
287 301
435 791
802 44
862 416
77 492
623 590
130 944
955 286
377 624
613 213
446 828
895 822
715 233
221 605
560 513
404 847
887 955
332 702
725 929
761 106
183 966
650 790
582 503
276 45
324 409
272 279
527 460
339 883
300 627
79 575
653 121
199 785
57 984
33 548
295 669
866 491
510 432
132 509
409 360
614 337
822 803
552 270
349 176
338 971
32 579
717 508
38 722
789 919
225 908
944 692
804 752
880 621
346 350
354 126
391 846
806 556
601 639
32 746
916 986
402 232
873 410
38 547
513 996
192 101
496 26
723 767
87 280
397 992
285 551
543 644
14 641
85 478
155 172
675 552
87 459
457 409
907 863
808 868
424 933
112 482
647 142
26 509
30 302
782 330
863 135
985 330
989 69
469 657
349 529
997 612
418 316
642 519
709 254
500 16
526 286
330 764
328 160
317 512
8 313
668 268
143 128
274 937
505 311
396 920
728 241
667 752
400 743
878 852
575 335
263 190
864 359
136 275
8 381
327 217
119 75
620 740
436 360
517 884
435 16
427 418
212 353
393 199
371 838
911 495
345 176
586 492
402 434
223 534
466 376
929 120
593 66
859 935
176 260
740 199
428 754
503 97
322 869
245 474
373 455
155 1000
5 209
950 789
942 794
954 16
786 406
375 507
411 756
777 321
580 268
601 546
381 581
15 715
441 900
675 867
643 95
623 525
920 581
2 836
151 879
395 317
557 402
981 823
654 213
229 876
624 327
627 760
857 624
375 57
144 455
687 417
618 318
77 225
629 723
990 431
280 491
158 951
421 900
984 674
178 581
383 93
903 764
63 954
539 660
883 385
793 632
987 431
950 375
169 968
972 497
795 851
835 197
983 561
485 776
697 444
721 104
910 126
642 750
748 310
499 92
815 921
532 892
447 820
808 483
33 752
776 334
834 753
554 342
223 85
373 439
900 84
973 970
121 797
897 931
917 941
553 704
364 196
68 755
703 291
595 919
984 615
87 320
116 52
115 126
838 605
729 531
538 500
725 134
579 898
339 796
824 631
120 887
611 214
171 256
535 294
800 428
273 695
880 160
236 302
529 655
598 17
115 745
755 381
539 489
423 388
247 979
500 441
609 716
616 402
179 645
939 998
560 136
297 283
834 988
410 701
253 329
958 675
557 163
779 856
611 520
789 172
815 384
91 418
699 80
67 145
636 125
596 642
854 618
847 800
255 820
747 5
900 618
556 68
770 974
528 307
329 871
27 398
882 610
972 604
832 7
659 106
61 79
206 388
343 625
546 18
730 872
331 153
4 141
929 654
244 257
817 49
964 608
738 787
891 885
148 397
572 699
712 65
202 317
346 301
767 453
76 123
361 822
786 938
774 809
273 553
692 961
746 220
182 408
35 532
24 882
686 147
107 564
964 762
650 872
598 776
156 462
839 362
159 470
116 574
745 190
765 279
410 772
142 745
251 213
22 310
577 978
75 112
714 269
909 171
100 330
293 415
550 283
441 347
16 447
553 802
494 465
228 317
961 500
352 367
890 247
434 856
549 149
793 401
521 548
526 688
316 843
969 158
377 928
436 598
310 526
863 767
505 283
454 806
255 553
623 209
556 255
51 388
750 326
855 665
140 454
209 392
639 134
878 319
1000 835
558 44
1 513
503 976
399 50
328 592
23 3
250 155
354 291
107 975
931 335
610 684
153 83
855 617
355 595
39 627
814 759
477 806
263 724
993 347
702 281
731 762
210 454
193 924
963 956
783 736
117 701
757 808
818 560
155 69
385 857
652 808
820 402
621 713
726 39
611 830
290 761
158 346
653 541
619 810
604 447
732 137
915 978
788 956
534 559
123 478
378 6
769 516
51 744
97 590
288 122
542 555
48 86
707 530
622 211
976 371
215 340
986 932
45 164
306 487
693 105
808 175
771 949
699 304
789 428
413 529
642 994
698 678
374 268
988 379
443 918
673 326
425 545
782 747
297 837
957 936
633 74
334 89
761 944
241 379
217 196
568 868
243 687
695 895
407 5
961 790
586 450
615 421
486 118
615 380
725 335
8 235
733 507
685 343
852 131
818 168
258 94
210 949
605 481
430 780
677 990
344 209
656 353
280 363
668 28
712 170
683 149
580 970
350 611
373 752
7 643
558 44
7 455
105 182
355 228
403 957
179 709
887 828
712 878
534 824
40 475
302 899
730 244
943 896
165 688
956 431
308 107
830 779
26 457
861 668
700 897
704 731
612 493
31 432
203 861
424 398
234 42
413 547
653 456
103 18
140 804
876 128
506 519
102 90
776 752
903 627
351 979
776 631
786 503
795 731
433 679
746 219
427 667
379 658
874 904
589 596
477 752
739 419
138 283
964 302
561 626
567 222
883 488
432 463
868 258
4 597
639 104
130 646
590 334
407 435
653 113
485 759
882 93
73 663
652 563
1 875
877 165
15 365
334 62
323 678
456 851
365 4
179 104
427 275
953 958
178 424
904 858
658 879
721 771
804 521
452 562
54 79
600 781
423 532
593 667
818 321
386 15
636 613
846 71
748 871
716 207
371 735
394 210
50 560
27 428
504 674
940 55
989 625
69 108
721 353
678 999
34 211
761 544
175 709
404 638
641 260
104 693
661 379
496 456
46 807
670 685
624 983
350 234
934 288
752 235
982 660
368 823
673 112
615 122
781 669
548 774
547 409
408 719
932 680
637 552
79 215
472 435
139 869
121 369
633 683
786 663
1 756
383 434
197 706
289 824
276 236
590 643
1000 897
45 60
118 570
536 889
843 729
279 150
101 740
191 23
855 390
853 838
161 928
648 216
581 63
785 525
442 231
290 491
390 761
488 392
770 958
491 133
453 69
501 92
448 301
248 589
931 556
632 23
20 246
257 450
48 914
44 2
729 578
253 553
545 367
533 488
868 472
427 463
797 218
397 738
679 782
565 673
330 614
102 373
435 201
410 291
400 802
878 74
407 169
930 525
59 69
187 81
446 304
604 111
67 433
547 541
449 734
783 113
366 14
916 749
883 681
131 250
443 968
604 460
316 270
543 289
833 78
786 445
615 614
718 571
488 321
397 258
788 75
76 689
190 22
930 807
840 539
248 954
973 920
781 307
490 385
579 423
627 947
227 311
859 430
594 590
928 528
426 228
205 305
734 673
751 725
551 435
802 11
500 975
758 893
37 285
572 599
872 368
928 796
368 252
774 826
748 360
868 80
340 182
923 487
628 826
566 360
317 845
62 531
842 67
430 87
250 591
245 503
421 167
648 652
528 819
834 290
797 459
897 136
479 121
101 766
725 286
690 474
208 549
881 733
149 169
731 498
709 564
109 304
317 488
537 707
137 827
423 744
819 605
302 75
991 199
879 887
534 816
167 888
986 50
540 152
555 181
135 830
767 572
963 641
506 143
244 454
436 799
413 639
25 372
870 173
528 394
16 241
445 56
465 202
703 757
210 592
134 651
615 257
35 311
936 208
206 494
17 520
130 619
559 596
191 671
513 988
885 156
322 740
808 1
671 45
150 398
509 914
323 671
488 731
298 777
20 654
34 721
641 961
150 706
257 60
367 129
20 950
570 813
960 634
60 418
194 355
429 245
672 18
826 575
493 860
193 167
355 516
560 5
471 359
534 864
218 731
463 373
337 451
89 417
643 787
939 265
309 348
774 374
682 85
16 81
123 329
447 201
105 321
701 416
400 910
721 931
572 866
868 669
693 992
959 863
522 191
512 998
115 933
763 147
877 980
526 355
251 509
498 422
103 574
391 963
767 257
71 940
802 236
225 104
966 739
671 547
174 827
658 1
192 472
836 657
318 614
324 130
986 383
133 481
590 807
906 548
119 874
364 372
669 860
191 283
91 16
900 233
731 879
265 372
907 328
327 446
648 126
313 714
264 48
103 850
563 784
485 753
525 175
740 717
258 716
978 476
643 792
638 544
933 473
565 325
582 985
462 941
569 428
960 848
309 696
366 174
17 727
634 773
720 448
308 805
304 929
221 342
409 993
97 857
125 590
792 631
296 104
285 801
924 814
263 674
221 170
323 806
430 697
480 921
745 575
151 140
634 847
400 662
414 728
463 328
411 398
413 843
274 648
429 309
993 861
720 52
302 851
107 669
549 636
569 720
669 568
916 881
458 828
431 680
706 51
647 373
710 587
485 452
255 848
736 470
64 782
196 361
910 10
926 471
521 236
79 404
962 83
106 91
878 837
741 224
178 49
594 594
879 358
281 788
660 470
317 959
221 370
994 168
134 580
85 166
442 776
51 646
57 688
386 896
737 670
488 811
271 641
193 61
512 330
393 318
287 857
796 846
472 193
621 101
857 851
362 278
583 866
127 2
697 514
404 129
57 80
187 449
602 584
186 826
189 481
870 343
586 445
824 309
999 391
510 206
853 607
845 850
751 155
13 31
581 722
652 883
856 908
322 365
796 801
76 189
738 490
518 202
66 97
782 138
85 248
996 445
77 937
198 828
706 194
975 877
46 225
500 749
386 641
146 45
57 395
33 816
645 442
114 186
621 886
573 317
691 986
891 848
824 909
950 354
207 685
561 636
748 298
916 176
766 813
205 433
813 990
89 441
354 538
696 627
484 685
525 863
439 764
124 760
855 754
274 192
576 522
47 871
272 194
23 357
337 474
914 992
931 795
560 554
461 109
403 304
947 859
968 754
186 106
806 261
14 304
389 610
716 80
941 21
373 837
790 298
649 191
615 755
766 560
175 420
64 585
899 980
386 452
102 454
905 7
867 624
964 122
162 256
371 455
373 306
461 577
961 881
896 454
626 396
1 332
492 649
796 922
580 128
921 975
810 193
506 928
342 306
130 515
901 464
747 468
504 682
95 705
697 870
742 904
213 485
486 85
802 637
652 959
898 809
540 497
19 425
589 677
924 692
224 863
517 483
868 748
452 517
867 94
704 565
829 86
97 906
720 211
715 854
286 261
586 165
153 673
841 77
617 827
848 525
369 458
770 824
225 148
686 433
179 602
91 942
838 67
950 807
121 509
324 834
98 527
343 444
301 890
267 977
845 975
721 347
718 552
103 430
254 480
540 946
340 448
377 505
787 525
779 51
841 954
49 329
780 14
579 708
309 924
333 473
344 473
443 932
156 453
189 146
380 95
231 527
901 504
956 176
838 827
511 861
482 37
715 135
645 995
840 286
410 103
534 336
369 879
49 39
611 870
795 295
784 376
418 794
419 112
825 52
549 824
743 360
238 837
581 670
255 207
671 752
387 403
312 409
965 259
244 559
827 162
52 49
921 655
593 34
575 949
330 77
50 281
381 178
287 179
445 774
967 548
628 215
746 219
345 27
181 931
748 407
938 52
667 346
622 289
939 271
298 40
616 681
804 865
622 746
511 11
543 994
727 867
443 906
196 94
654 659
523 381
375 511
581 246
688 831
490 787
515 513
820 680
167 684
489 973
637 561
355 637
607 211
710 961
177 520
995 842
567 220
251 708
191 749
633 574
150 814
821 129
97 561
816 951
1 705
957 886
453 709
919 410
463 282
561 663
908 378
913 566
78 739
679 322
952 628
614 999
80 929
345 484
655 442
288 594
72 273
524 577
264 122
812 294
285 476
224 855
239 797
865 674
55 862
872 566
502 360
453 399
762 585
955 996
329 138
488 297
44 152
851 488
238 730
413 680
647 769
222 66
505 368
321 726
361 421
655 944
288 587
48 203
5 878
631 503
146 141
555 975
334 544
846 93
460 106
843 69
618 20
653 201
629 752
248 607
494 936
570 664
338 958
864 724
668 32
271 107
587 782
831 568
19 648
338 408
297 627
913 267
395 584
944 30
923 597
89 468
696 369
329 657
748 404
618 560
81 979
996 763
175 573
998 412
344 830
874 375
590 767
798 839
328 814
817 951
266 659
665 214
585 59
803 175
549 280
489 895
264 212
809 56
174 52
695 172
816 629
156 409
995 225
224 391
523 597
182 300
497 806
335 845
370 276
677 367
239 169
896 871
546 379
910 740
840 372
497 401
797 764
968 364
524 436
485 254
265 303
539 742
714 124
849 338
524 896
762 666
746 783
891 780
119 334
460 474
977 779
898 129
331 781
297 823
198 424
90 162
789 981
180 859
819 779
200 770
877 620
300 997
717 225
97 39
243 984
282 580
249 873
452 518
286 36
56 782
827 799
344 520
460 369
260 683
160 621
741 334
473 628
756 824
453 288
811 510
687 78
824 743
503 752
34 64
439 243
287 129
711 603
821 757
400 545
522 812
765 550
903 967
157 251
588 459
456 344
131 136
550 872
789 264
319 720
633 568
706 714
783 548
855 837
833 243
227 409
719 543
983 843
984 985
206 478
360 136
376 697
629 373
224 606
62 291
197 587
194 93
356 888
936 794
432 40
610 216
321 752
839 273
420 113
845 5
939 792
737 303
865 623
328 978
632 509
570 540
412 632
393 575
592 87
810 23
380 998
429 835
728 484
535 624
908 286
991 867
703 37
455 216
92 288
544 87
496 509
501 426
582 468
383 930
753 69
35 384
836 852
140 65
910 267
420 886
43 565
191 161
13 904
801 492
613 161
269 854
632 460
568 530
594 367
100 309
279 294
334 346
912 461
527 96
343 964
972 471
252 433
585 659
336 303
302 572
140 485
140 546
429 244
766 784
599 267
567 592
401 371
289 339
379 75
963 526
618 134
570 311
618 825
122 550
220 877
694 820
964 796
378 304
478 660
319 383
683 467
426 336
423 316
705 439
469 140
671 977
660 347
129 607
364 75
305 646
107 194
284 571
61 849
521 403
985 906
167 11
490 868
969 221
154 810
701 767
910 103
639 423
221 513
413 555
553 180
567 664
599 428
48 295
907 29
706 759
721 86
125 969
12 77
605 275
602 690
922 783
493 433
929 298
499 948
482 135
855 811
659 902
570 156
547 770
606 558
656 427
528 347
373 791
968 462
940 556
405 182
220 247
670 107
418 692
53 525
1 451
44 817
433 938
970 575
322 18
472 51
734 801
567 369
428 890
652 915
614 148
469 516
41 91
343 830
137 385
876 323
386 520
770 946
797 316
225 204
7 790
343 238
938 365
654 409
11 132
582 211
539 464
991 782
260 437
617 705
908 604
70 686
653 759
756 923
355 813
576 546
391 497
263 440
979 56
334 418
239 893
305 618
34 927
580 888
68 882
861 413
613 873
176 650
225 613
952 640
115 191
566 596
106 887
978 768
71 847
648 513
429 921
474 678
472 506
494 300
669 200
544 359
198 900
205 511
487 18
82 624
551 675
172 760
544 755
239 217
692 190
635 961
235 614
344 511
256 336
175 552
208 912
239 771
533 984
630 169
626 639
118 559
809 2
918 157
191 679
101 507
313 682
40 989
191 90
46 961
186 523
559 422
935 802
102 678
643 211
623 676
108 609
672 168
895 70
747 967
488 15
589 235
676 829
96 794
63 610
451 809
529 323
497 594
806 979
749 16
823 625
818 768
483 276
983 347
34 489
479 700
518 285
486 236
824 201
821 861
719 393
296 176
541 331
699 807
681 500
461 941
490 314
289 233
316 328
495 801
763 908
874 119
659 391
457 477
117 65
194 884
171 677
641 428
805 357
970 978
321 963
34 325
951 407
823 549
53 382
839 802
879 564
493 249
87 227
510 231
818 363
355 506
688 607
798 96
877 669
594 198
153 884
737 392
688 452
808 766
962 76
157 913
319 290
680 535
358 944
514 438
380 278
430 291
650 406
529 62
796 20
320 136
722 864
813 603
504 60
666 662
462 330
280 456
359 638
26 175
238 692
35 952
175 270
793 174
380 808
191 185
672 405
946 291
820 294
112 429
547 570
160 934
510 929
268 206
896 351
311 924
967 766
938 342
69 844
721 662
260 85
28 449
722 678
819 330
677 562
891 409
575 862
8 129
238 42
420 756
519 590
86 618
74 106
762 732
404 157
439 718
286 956
565 874
560 731
256 846
623 981
835 307
810 968
764 909
612 652
661 315
748 838
418 4
15 819
691 802
730 227
428 568
396 885
2 351
570 32
728 682
725 173
533 745
433 311
374 620
308 543
110 268
348 271
962 20
577 947
794 321
621 43
409 760
504 392
211 323
734 375
996 692
723 413
865 763
446 124
359 985
735 177
541 183
443 501
361 586
977 359
632 118
282 341
101 137
787 201
974 224
520 969
31 699
649 818
343 678
69 131
896 895
470 481
813 734
852 278
112 783
578 424
643 378
918 951
661 509
133 673
522 819
783 321
179 309
671 630
972 716
433 949
863 375
832 751
500 857
668 133
56 52
521 144
493 72
563 568
565 956
788 243
802 985
734 858
465 763
889 155
383 396
681 25
721 966
604 945
77 925
198 148
940 830
421 956
231 164
886 635
281 39
22 332
189 635
786 941
709 135
256 285
111 277
994 11
21 699
135 273
106 195
447 11
40 795
814 41
823 585
862 36
602 104
73 148
257 688
364 263
219 792
757 376
7 28
487 996
722 862
945 849
326 201
521 581
991 741
799 632
700 611
796 374
348 175
344 508
223 869
491 611
54 60
913 92
563 507
531 350
641 590
836 131
619 298
908 487
207 949
979 349
669 592
919 799
337 585
413 711
862 36
816 555
488 778
176 897
243 328
40 711
940 689
474 961
804 691
112 244
209 756
834 954
792 107
885 111
911 100
429 688
976 629
715 151
315 93
887 393
405 489
822 863
252 551
403 965
505 851
601 644
763 512
545 495
123 717
287 783
515 667
810 280
750 185
329 415
269 93
664 236
328 174
704 161
315 830
124 324
185 711
208 173
377 763
308 632
368 478
571 106
264 334
644 208
539 220
939 616
407 133
801 629
269 20
143 120
184 244
369 221
429 341
992 23
356 277
895 406
558 728
529 506
741 925
110 511
275 680
602 52
846 773
919 531
901 590
871 200
264 139
758 607
444 524
849 643
30 571
33 823
890 481
612 585
649 917
370 786
884 86
933 53
822 812
812 995
86 568
231 445
853 25
427 552
569 550
714 813
767 329
528 88
117 383
309 177
206 338
929 296
869 134
377 735
78 771
658 408
176 802
881 793
194 319
615 667
302 747
578 149
362 350
266 720
189 138
936 350
679 304
358 871
484 456
560 110
213 424
492 360
833 521
15 799
812 380
521 37
220 23
659 64
18 286
535 699
793 562
737 729
470 460
947 75
891 615
608 103
452 243
579 578
860 608
345 520
623 850
588 166
937 338
701 560
164 54
72 776
922 76
368 609
863 637
730 762
355 515
117 444
327 438
376 797
654 619
831 262
120 884
564 253
239 855
544 698
187 736
298 482
310 384
905 44
831 438
627 39
966 832
696 972
818 509
383 356
541 887
860 900
109 424
48 278
944 635
108 318
450 362
195 633
882 75
734 251
224 419
612 856
576 750
159 270
965 380
33 798
732 224
954 646
191 61
665 439
986 764
217 576
461 280
427 727
109 369
959 694
215 212
878 179
462 906
986 64
155 710
248 313
488 4
414 974
621 255
439 55
647 146
838 368
422 441
436 946
43 930
667 69
51 579
637 162
805 198
40 39
108 87
477 899
661 480
296 722
721 341
570 153
771 496
522 751
734 581
140 39
806 757
882 430
488 865
601 41
442 101
717 378
414 347
444 575
377 961
847 312
578 658
60 500
869 152
289 248
563 138
415 187
845 925
162 156
69 797
627 858
32 39
36 651
888 646
676 349
607 612
18 556
728 307
965 407
861 774
540 216
942 765
291 745
801 229
432 569
306 306
235 737
306 378
472 198
576 38
174 668
319 682
840 800
705 414
457 633
530 70
411 980
876 408
34 882
598 762
237 675
374 755
990 951
279 835
172 484
717 737
241 66
62 775
186 714
50 713
927 252
690 70
434 193
152 865
855 552
978 947
91 228
256 143
75 720
161 575
309 360
966 842
754 686
234 106
852 751
886 495
923 573
353 883
144 505
901 118
635 89
136 276
447 130
619 763
260 47
184 581
760 679
734 14
898 915
192 358
787 980
298 730
284 809
76 490
531 153
425 102
336 230
865 94
680 751
378 329
559 481
832 85
657 945
519 831
31 571
815 358
123 904
276 132
996 542
407 51
451 419
176 875
624 556
17 734
789 772
980 960
236 254
235 846
984 90
401 454
59 76
991 263
327 36
328 921
484 121
631 460
541 936
876 150
693 108
53 340
516 911
134 602
201 648
14 172
804 111
321 501
416 356
454 768
654 789
697 24
318 611
496 686
903 781
365 328
236 43
173 242
670 239
314 786
183 139
171 743
444 225
706 232
525 713
65 86
290 381
968 66
432 265
295 834
968 105
566 94
426 415
274 789
623 505
638 174
874 699
854 507
7 896
537 65
501 107
613 60
746 334
180 789
723 994
364 501
634 449
779 457
872 167
5 23
721 446
462 421
116 627
948 199
366 153
497 860
196 272
31 552
675 301
222 613
634 886
554 330
392 729
107 521
143 857
499 534
582 745
510 199
79 425
204 242
720 993
789 130
103 179
105 727
706 607
542 232
180 20
768 766
625 723
171 875
743 379
15 535
756 731
202 232
411 200
982 4
90 179
88 778
866 100
963 428
647 474
669 468
203 930
204 973
393 845
545 516
456 579
578 691
449 294
100 516
204 847
897 317
142 858
38 233
633 278
232 439
347 885
710 668
81 614
912 199
502 819
610 957
408 652
990 800
814 279
734 338
969 522
367 124
715 98
520 636
740 468
668 532
296 820
105 810
780 183
799 979
539 808
25 879
837 868
655 85
664 446
552 58
760 234
166 153
32 311
876 707
684 878
702 889
105 232
271 483
825 579
613 695
748 359
76 720
610 255
749 169
672 130
755 455
830 750
29 208
720 125
152 859
8 631
187 964
353 733
410 712
641 177
833 238
118 533
891 700
66 608
817 618
79 683
999 395
239 521
676 683
194 288
622 201
86 128
20 600
941 480
372 277
72 237
477 141
336 920
265 699
88 407
487 281
629 976
839 943
264 987
501 685
114 247
565 249
103 880
473 486
261 580
954 976
529 751
84 65
546 100
680 108
638 224
560 815
154 466
20 177
43 940
145 717
715 638
671 794
442 831
666 26
915 154
738 910
109 269
896 962
482 932
129 407
113 530
587 940
48 149
579 390
565 982
822 621
822 346
602 823
926 808
277 444
181 339
218 988
154 476
335 49
114 44
764 721
850 882
666 473
937 822
964 240
510 813
81 130
803 519
254 732
554 15
1000 534
417 828
153 180
260 568
592 847
969 761
997 198
623 107
481 468
476 525
470 227
7 626
233 872
755 538
594 530
753 13
455 826
220 989
900 561
404 490
474 496
261 405
478 135
665 177
248 320
677 900
1000 36
292 733
229 687
607 450
374 89
476 546
47 343
6 170
35 871
753 671
772 708
830 566
927 11
893 711
187 338
737 891
202 358
914 189
562 681
569 798
845 86
303 74
603 620
217 134
835 212
207 320
597 405
582 933
717 835
514 65
91 400
879 904
929 974
235 322
143 497
724 965
583 745
250 450
383 338
369 527
388 267
782 368
617 701
704 814
761 25
294 669
515 848
8 680
855 350
4 313
615 655
681 520
842 581
128 431
675 547
285 448
383 548
988 273
449 818
440 711
895 646
610 715
42 281
237 412
23 694
249 936
74 947
18 144
671 271
400 591
859 32
346 980
184 971
400 427
768 84
411 725
964 924
359 614
358 997
546 231
668 547
500 111
57 916
441 641
507 696
36 435
856 333
627 289
712 323
200 880
300 150
855 567
411 842
253 791
519 588
915 82
408 29
895 893
724 923
248 164
540 703
636 987
636 612
180 123
472 667
54 378
57 625
329 406
126 902
690 683
506 416
289 443
388 111
385 635
305 938
529 975
438 79
194 831
190 258
112 432
262 268
775 340
304 819
950 85
745 130
511 599
333 775
855 664
590 891
553 811
776 526
855 516
430 865
34 516
337 934
332 783
689 624
500 289
206 101
39 73
607 368
96 447
821 982
784 605
468 883
159 406
694 18
961 176
616 90
445 582
858 402
474 484
548 610
211 981
705 917
132 921
377 726
490 597
422 123
639 194
289 44
837 115
506 667
164 935
252 190
21 398
516 587
968 10
278 65
185 658
204 972
585 487
421 45
985 266
942 157
560 80
36 26
778 307
85 874
439 971
500 521
500 465
532 949
803 556
740 481
613 308
581 629
264 545
302 289
645 151
132 949
299 618
748 241
6 634
93 751
856 247
466 731
306 976
642 992
901 625
854 720
629 769
531 626
806 543
966 347
705 491
311 58
747 348
238 25
370 364
787 983
514 909
118 736
115 985
326 75
281 879
116 948
754 699
123 558
152 496
814 272
63 755
450 663
12 20
792 414
