1000 2583402
10000
308 166
550 166
213 640
405 87
535 122
609 548
433 482
36 852
88 186
945 666
547 970
980 670
938 613
313 907
864 475
463 854
759 291
622 765
576 864
682 582
401 769
19 596
934 909
787 149
664 994
232 406
122 746
47 97
855 360
976 586
569 381
955 782
865 292
623 570
649 975
186 525
553 846
462 323
488 466
949 57
989 332
616 926
805 832
402 837
877 498
21 839
410 45
823 87
6 568
236 578
466 753
792 988
96 94
507 883
79 747
473 239
903 936
975 873
204 827
701 114
288 207
957 813
282 924
865 434
664 900
663 58
377 204
896 966
643 329
222 839
373 195
483 960
570 508
512 947
663 118
690 561
48 167
233 982
337 621
610 269
933 5
3 297
314 517
793 253
207 967
643 104
370 407
106 494
611 479
724 801
606 799
443 843
138 103
114 670
660 470
89 760
18 92
538 80
199 76
403 634
524 591
477 910
701 881
134 31
186 245
581 561
534 851
170 604
351 124
468 386
444 399
666 380
573 41
937 845
498 892
580 543
585 342
967 34
687 734
197 761
499 500
93 985
914 676
846 521
971 926
979 869
295 43
67 891
209 707
170 902
584 250
973 785
793 509
115 692
24 152
550 22
343 291
93 791
86 885
654 450
567 5
559 306
545 297
708 175
679 951
263 215
510 150
689 748
282 389
131 282
750 846
378 67
586 548
490 875
594 221
446 870
794 819
97 950
901 686
51 641
626 45
807 479
995 151
809 90
133 825
365 139
97 272
293 564
188 765
10 970
349 737
572 821
708 19
260 779
187 778
533 195
640 537
458 149
121 790
82 818
559 683
241 700
781 525
690 283
644 416
998 457
712 719
239 775
805 84
678 536
709 24
547 75
293 862
213 625
161 882
981 921
691 424
208 789
154 786
826 775
906 67
193 116
628 970
880 797
554 31
946 259
923 820
339 103
781 510
714 774
282 886
524 8
435 682
382 463
868 284
581 594
952 17
735 667
185 433
860 30
17 110
799 550
457 522
556 971
850 15
420 1
618 976
54 519
160 839
568 856
433 600
828 294
680 588
237 860
260 209
784 172
852 827
355 72
212 529
293 914
206 340
19 816
74 540
671 601
273 813
387 489
108 538
754 740
765 362
739 899
643 53
431 324
353 408
763 35
974 858
109 741
169 345
103 304
236 441
908 222
599 370
256 119
191 320
29 117
665 586
290 766
10 667
529 980
49 342
177 811
150 930
12 210
216 999
904 824
918 80
273 381
499 256
596 575
251 811
174 48
546 446
290 268
484 78
906 864
59 339
197 930
112 104
613 486
740 214
577 887
446 919
621 637
771 472
707 640
930 266
525 769
46 571
636 808
216 979
258 599
644 556
829 408
248 688
753 677
109 168
822 718
83 104
691 54
303 468
56 116
289 431
992 287
115 891
948 251
137 480
756 760
440 882
125 860
461 750
58 360
308 698
840 460
473 63
945 457
47 799
590 147
69 707
566 480
79 565
920 792
698 96
187 680
657 652
14 580
799 561
451 333
438 554
413 284
952 739
185 453
904 352
594 180
725 584
745 717
917 801
736 217
539 138
199 219
945 295
740 339
275 363
273 133
289 465
561 430
103 166
954 420
913 364
948 399
682 606
920 769
985 413
132 367
834 402
144 219
164 721
541 919
58 481
544 719
890 809
882 353
114 384
68 608
345 184
643 57
712 331
860 920
62 419
942 443
548 499
337 6
926 390
571 936
113 537
109 538
865 931
553 779
510 424
505 4
442 928
473 49
624 424
239 777
326 485
14 665
472 937
290 806
957 994
48 966
347 389
358 827
977 72
712 652
172 423
380 968
234 919
946 829
439 799
580 860
161 786
202 696
513 292
70 971
788 989
875 474
675 338
373 413
264 868
431 335
374 578
946 797
60 587
104 211
945 561
30 518
853 422
929 20
464 534
183 549
903 859
799 796
943 713
679 661
497 547
327 773
866 511
148 956
137 89
689 582
306 72
478 207
645 896
553 110
576 718
511 922
469 887
506 141
875 267
302 518
69 764
157 462
96 840
938 931
136 360
902 984
889 716
908 102
82 139
502 784
907 655
786 209
962 840
402 894
219 750
194 39
899 770
967 546
999 824
744 34
283 663
709 435
46 540
461 464
476 655
981 61
60 786
628 955
701 698
479 948
560 632
318 894
247 115
469 116
786 565
188 885
229 153
580 490
610 108
521 448
804 37
456 79
45 775
895 792
101 818
254 942
775 906
940 754
459 795
338 475
18 887
683 517
705 693
552 494
134 536
444 604
480 824
551 445
701 325
885 438
745 719
774 956
50 281
484 636
893 276
434 919
957 892
163 464
467 94
381 841
633 440
777 266
428 963
247 915
120 96
150 400
197 94
733 354
905 34
348 861
924 565
479 764
14 443
235 436
265 842
666 235
244 890
187 883
529 176
41 612
218 901
597 482
342 356
100 213
635 180
515 591
897 392
404 953
640 819
818 354
772 933
579 647
95 596
570 491
934 427
572 815
37 987
40 882
820 424
998 846
87 733
195 23
399 880
725 241
9 527
843 784
27 271
618 778
498 240
753 186
516 720
913 699
601 572
817 343
283 311
158 811
228 504
155 481
340 121
814 131
430 129
140 929
727 1
710 172
701 471
39 716
405 605
765 887
164 854
519 258
835 246
179 282
481 573
417 532
167 702
684 247
229 623
848 6
353 518
852 380
776 649
900 11
957 707
300 634
979 705
301 66
913 86
165 300
795 137
827 282
623 955
850 278
207 202
769 362
38 974
422 798
354 966
895 811
392 878
1000 592
582 76
125 803
86 115
601 805
763 309
259 868
125 871
694 490
783 738
188 784
630 702
263 33
729 917
3 977
817 816
333 790
888 501
785 106
151 489
682 296
197 262
218 711
709 227
367 221
156 911
380 276
847 665
829 622
676 345
714 862
208 72
810 786
39 715
951 732
587 919
239 812
355 929
667 320
668 17
897 84
767 424
404 762
76 642
600 18
927 388
688 759
267 379
108 640
913 413
676 295
138 927
443 325
664 244
798 912
580 363
227 707
878 271
215 76
287 605
152 669
317 948
703 621
406 171
808 725
479 912
979 18
918 253
370 698
940 385
844 481
444 538
599 724
870 408
275 640
471 201
35 514
339 868
230 186
532 482
130 809
13 312
6 829
759 852
807 407
590 720
579 916
674 569
794 462
446 839
19 315
585 830
204 127
905 255
391 861
94 260
419 497
232 697
779 306
758 968
516 387
630 169
582 412
840 538
850 106
533 693
999 695
850 595
952 609
31 951
68 351
446 780
654 130
901 434
165 210
885 915
526 590
419 862
954 673
289 718
948 74
856 241
57 891
504 154
27 705
285 904
158 712
531 439
907 643
172 577
925 955
194 749
106 724
488 728
399 424
244 155
544 261
344 435
558 978
371 237
17 368
153 789
448 189
555 542
312 667
691 875
485 526
616 333
947 117
485 805
561 125
64 600
822 525
473 805
605 151
373 495
176 599
790 86
245 596
667 876
937 397
738 633
450 98
760 436
157 851
914 851
197 277
970 65
62 747
946 589
460 173
908 457
280 691
71 280
367 399
113 881
381 272
909 850
373 599
3 740
349 961
670 724
545 869
540 100
889 756
315 4
798 29
371 203
175 372
595 915
432 959
723 734
768 600
883 554
63 661
1000 699
382 930
71 240
47 895
847 339
603 417
781 765
316 949
339 205
910 625
350 914
513 264
831 99
352 36
228 430
382 369
408 927
328 554
642 30
471 316
292 104
755 791
881 28
942 457
338 220
345 222
843 153
619 369
117 20
106 410
602 419
346 470
141 557
90 697
671 304
241 359
146 200
334 712
992 228
863 835
394 430
917 539
490 199
660 758
912 934
575 849
509 730
196 141
9 502
129 376
182 889
255 788
167 162
258 746
179 422
275 807
528 97
505 561
589 197
269 334
436 819
710 55
545 621
971 863
687 951
133 33
334 904
249 758
112 379
369 759
796 969
990 583
570 230
537 580
526 326
652 878
350 147
967 693
814 59
586 429
85 452
977 53
570 953
646 274
527 318
419 161
423 719
427 809
253 838
632 189
1000 367
65 114
60 341
922 711
918 677
398 742
448 820
558 775
435 694
411 953
148 427
258 283
220 401
262 81
367 121
434 294
316 22
510 673
916 81
856 966
128 728
658 8
992 414
929 670
464 173
866 52
692 805
566 893
423 81
139 136
514 399
995 908
572 388
22 614
206 335
480 610
125 513
122 123
431 563
643 720
634 985
873 35
770 510
495 34
277 564
371 347
855 338
512 539
136 120
947 935
826 573
344 387
798 862
1000 459
557 495
247 464
382 171
866 884
458 594
935 566
724 986
430 393
278 682
965 414
746 459
781 576
718 926
618 468
932 305
27 771
849 277
981 115
751 985
184 326
161 277
867 574
635 904
62 1000
334 171
584 66
367 125
234 678
631 955
806 682
833 971
85 505
664 970
537 963
836 870
315 472
110 724
824 629
141 727
966 711
640 949
989 945
807 144
71 982
503 908
438 995
69 809
880 326
775 237
752 958
456 922
743 920
7 735
182 171
582 472
281 31
621 739
552 394
793 559
530 761
178 497
19 635
294 238
922 424
860 111
601 565
632 324
201 863
3 609
615 949
376 995
904 232
344 767
381 18
3 6
918 875
639 132
356 380
568 42
974 640
300 244
963 959
475 425
431 627
362 851
553 892
697 102
51 414
612 936
512 216
57 95
880 101
649 654
5 580
159 765
276 213
825 260
192 878
181 750
570 175
264 1
264 23
938 977
631 319
335 689
920 101
882 690
212 969
923 325
337 619
525 536
52 509
691 846
574 663
903 377
768 904
95 7
628 313
931 641
516 985
806 266
274 746
23 739
566 191
76 848
43 741
345 60
739 305
402 132
559 36
449 855
183 861
133 620
905 372
822 303
808 403
844 515
869 484
480 829
735 623
950 680
90 316
417 499
309 841
835 696
363 876
490 355
142 477
171 735
708 734
160 638
63 88
740 885
249 636
349 225
550 541
462 988
239 646
976 918
36 590
368 483
277 749
410 663
413 823
446 938
943 172
367 644
791 710
771 768
593 16
903 871
817 386
373 949
799 153
34 659
276 543
223 612
33 750
924 311
754 107
971 49
455 134
726 260
622 868
867 362
525 419
178 627
410 58
428 108
121 505
726 785
862 495
2 125
257 673
934 61
33 501
15 252
344 984
999 769
425 777
625 26
651 450
901 257
587 295
702 743
267 829
949 437
429 942
38 322
388 540
441 904
432 221
365 509
31 912
857 601
648 172
581 182
460 973
819 682
775 235
426 518
211 422
575 119
592 141
45 297
645 356
788 552
990 976
279 896
661 13
674 936
945 171
437 162
516 763
671 724
947 281
281 309
872 549
934 952
246 691
683 182
153 865
428 88
828 493
307 786
311 920
352 665
438 13
449 781
26 211
754 550
46 631
567 845
703 430
346 934
74 640
172 148
280 86
92 774
80 119
766 123
585 410
955 195
257 251
635 580
337 13
730 632
721 182
436 482
848 324
924 492
795 186
915 100
846 749
769 464
380 256
360 724
521 713
376 327
602 850
383 720
108 304
427 766
702 119
532 193
957 855
841 568
89 842
171 541
307 11
189 335
977 800
617 363
73 237
576 529
30 582
953 587
944 833
935 160
281 658
529 374
348 705
419 634
587 145
262 484
512 375
956 873
891 841
417 715
696 645
321 87
182 134
758 503
939 867
719 231
664 823
500 428
241 37
169 172
938 951
327 331
224 234
393 223
460 580
436 352
740 974
849 708
580 472
637 362
734 308
767 410
576 695
158 450
510 188
987 679
460 335
445 368
722 712
105 474
579 155
618 54
377 248
134 361
639 41
297 57
97 68
154 755
396 605
545 972
334 347
26 197
38 72
410 615
548 293
904 398
333 643
8 954
473 282
568 108
987 502
122 466
436 274
431 598
392 806
479 679
680 651
412 409
68 770
385 934
725 106
123 439
663 926
649 909
295 910
946 397
711 184
944 793
108 671
209 36
283 619
765 32
675 776
664 468
730 505
843 228
142 950
216 181
551 993
270 393
820 306
796 203
302 201
706 114
922 968
9 746
702 322
346 852
167 282
476 506
560 90
279 968
563 945
892 546
117 208
823 772
836 715
480 586
336 101
751 7
902 901
641 401
369 337
548 94
564 757
311 577
746 994
929 829
35 278
740 567
897 472
828 472
553 686
410 940
696 763
755 512
407 394
245 190
861 543
584 144
35 604
672 595
469 114
59 570
88 23
357 939
152 157
67 646
403 646
135 79
38 869
5 261
371 210
440 479
641 928
376 108
338 570
535 479
460 154
305 10
407 514
623 414
544 328
284 871
538 657
164 263
691 391
222 207
755 525
194 112
703 437
934 399
920 785
386 920
30 212
493 863
28 108
34 740
321 377
520 915
182 165
717 964
829 876
544 979
530 825
706 458
757 37
131 310
713 208
667 345
348 308
446 486
376 631
917 449
714 690
429 535
438 819
760 878
443 243
579 335
720 864
582 553
897 789
616 238
497 892
9 513
320 833
923 394
788 185
915 36
271 735
84 252
519 186
386 805
823 311
588 885
411 299
613 626
537 435
826 17
462 140
968 391
562 439
961 223
209 113
86 693
492 705
817 329
289 394
262 701
746 364
20 314
744 796
851 905
716 853
333 732
838 220
445 954
114 718
796 604
728 951
355 397
40 158
399 132
434 126
3 581
358 376
790 887
681 587
507 38
856 165
694 878
831 772
823 548
656 219
478 209
635 485
183 564
147 765
162 552
980 601
662 533
793 224
983 503
305 513
655 154
370 719
569 424
614 545
479 300
570 178
902 323
277 17
606 975
435 671
375 298
681 303
434 398
331 651
15 709
357 197
637 102
212 77
10 317
513 234
719 542
276 944
634 728
868 981
793 390
906 567
347 488
995 473
801 540
233 367
913 318
505 589
277 486
773 529
70 783
576 700
565 949
694 466
741 771
576 278
941 651
227 268
958 623
724 21
55 229
300 365
606 415
923 174
445 88
320 666
143 633
929 148
292 467
352 754
879 84
57 309
624 234
259 88
756 959
433 905
876 852
104 952
962 284
536 492
642 752
199 893
804 353
471 329
393 296
806 383
466 284
645 813
264 138
182 75
358 620
326 631
491 851
985 451
581 203
849 239
596 515
84 568
724 364
71 180
467 103
64 474
233 361
908 317
163 778
507 249
28 647
793 743
86 908
409 249
451 175
777 460
967 251
527 247
989 905
187 659
211 622
391 58
554 164
60 534
49 221
693 442
504 679
542 735
38 979
164 645
728 761
696 543
126 889
629 234
683 747
508 277
172 341
376 108
638 71
117 479
948 571
159 648
324 388
98 655
206 21
368 660
532 450
542 352
634 321
632 425
412 868
192 579
222 61
314 336
980 953
937 658
294 857
844 559
308 469
273 82
367 733
683 372
849 382
253 107
4 503
583 180
179 485
153 50
628 435
361 703
938 344
346 380
125 993
188 492
434 251
798 214
989 210
966 373
517 948
266 809
842 609
185 975
710 424
940 33
874 985
43 545
19 138
272 210
437 905
288 58
865 245
415 267
196 150
125 590
910 84
610 60
327 606
149 738
922 464
80 236
842 247
491 200
564 964
999 933
938 483
597 831
46 492
779 532
901 255
852 619
701 778
182 201
928 352
364 941
10 587
81 929
948 29
845 609
453 96
128 691
625 449
760 626
608 440
434 128
268 106
199 916
841 950
737 18
548 933
603 225
567 319
29 668
51 149
75 871
495 705
820 814
926 308
53 737
421 962
712 944
970 377
345 524
807 562
64 567
866 155
982 885
11 45
348 430
340 496
464 241
924 90
843 617
127 420
893 549
529 976
191 522
378 948
377 900
94 973
592 857
568 145
147 931
697 777
588 506
563 379
443 946
355 689
952 290
642 694
718 742
480 126
362 693
456 114
581 729
630 476
453 915
362 703
426 155
337 759
563 534
7 318
97 364
726 236
725 633
661 503
696 231
501 74
263 777
275 869
715 335
483 88
23 952
888 325
313 136
165 238
91 879
295 740
254 307
839 716
590 762
765 677
138 814
533 523
169 105
472 543
48 369
857 853
532 175
774 483
471 197
813 152
564 698
534 347
733 834
431 401
726 731
622 679
944 675
655 63
681 39
748 244
253 733
818 884
727 293
806 813
301 280
977 256
119 573
834 17
431 828
67 123
595 646
312 360
706 456
806 363
112 36
308 980
538 641
385 968
726 941
504 526
210 841
154 988
65 800
513 229
832 279
177 977
144 445
275 707
995 596
705 191
144 957
831 226
637 259
927 978
560 692
211 710
76 209
317 407
55 946
547 825
88 5
897 786
809 414
805 948
34 304
208 999
625 189
196 987
334 908
929 451
626 427
771 899
235 970
954 222
467 731
907 895
915 82
84 361
30 989
979 408
249 263
171 158
405 336
592 434
145 500
868 342
491 173
614 346
916 335
405 173
847 492
483 659
89 697
35 377
703 225
83 911
604 870
408 113
185 306
407 423
526 106
575 302
723 897
376 163
67 469
910 192
470 890
267 468
167 206
879 540
150 214
837 224
336 437
847 449
776 979
170 366
122 74
879 48
345 214
946 779
924 320
33 71
554 893
312 312
678 761
423 548
806 785
617 89
16 307
440 888
219 209
541 463
141 651
614 927
6 298
708 907
803 216
507 405
56 819
337 348
928 83
548 282
30 982
635 316
410 307
857 578
567 351
832 921
196 339
712 897
176 954
375 71
803 340
605 162
700 298
4 23
997 873
213 728
899 22
353 958
741 995
452 822
784 331
667 580
334 3
946 394
930 743
888 468
412 404
493 883
585 145
714 351
614 412
697 616
753 341
981 813
844 316
220 347
775 321
898 843
34 864
720 766
316 414
124 234
285 788
799 741
973 666
404 718
604 376
220 129
408 343
39 507
625 717
837 547
903 557
311 145
110 575
660 382
811 589
840 350
420 840
235 978
199 701
548 579
534 641
367 923
688 785
375 500
113 294
556 128
95 332
419 21
146 128
109 209
81 656
376 562
393 269
567 585
316 990
175 469
387 356
138 239
894 813
900 114
596 89
480 966
848 163
882 189
385 192
654 505
970 681
773 984
468 815
44 714
695 965
598 473
737 691
805 769
315 394
688 328
549 807
21 338
642 12
949 275
584 196
448 282
262 304
657 424
4 829
539 264
99 780
475 570
642 34
185 341
571 479
378 303
351 22
41 878
713 333
891 979
949 638
598 169
109 160
665 556
687 940
764 556
901 49
927 659
551 425
626 804
257 580
255 824
693 854
94 21
907 585
938 754
107 273
876 278
557 721
559 659
948 368
489 605
367 836
153 631
593 462
291 728
512 621
362 418
79 243
988 37
161 865
161 647
439 666
898 838
90 688
819 746
322 169
424 73
148 111
309 776
270 88
610 160
271 967
741 281
383 679
631 731
599 126
136 533
114 225
238 584
571 958
146 110
98 978
710 531
549 987
314 81
855 609
936 972
634 781
750 999
974 444
798 872
774 592
207 839
556 189
130 405
800 82
197 802
411 196
983 13
959 713
837 577
221 154
387 522
646 672
261 980
614 694
236 124
198 796
965 532
103 838
51 234
406 495
904 526
671 491
382 80
17 152
245 554
511 413
663 599
881 610
593 959
205 799
742 799
720 97
265 918
161 906
226 745
285 955
761 471
766 238
634 614
442 906
818 821
425 683
41 874
42 300
327 623
996 570
606 243
610 411
774 841
474 919
233 313
462 903
936 294
632 601
636 424
857 194
529 966
115 247
391 524
958 548
270 385
664 296
794 580
673 169
688 255
902 258
134 366
575 851
5 172
836 666
12 603
279 781
441 659
652 3
69 537
630 355
882 473
408 339
245 449
624 230
837 474
246 935
574 980
581 713
531 272
139 125
38 576
702 980
573 531
57 659
638 268
449 161
726 567
306 256
753 704
420 269
499 264
334 664
799 401
667 637
41 64
852 348
560 512
68 1000
998 496
285 61
332 170
742 198
795 704
374 40
351 554
292 863
290 475
246 606
15 917
371 258
82 848
338 487
591 738
683 200
822 351
634 174
967 21
215 911
742 382
898 921
708 272
278 390
449 480
473 578
313 312
679 550
396 566
302 805
738 647
674 219
456 831
41 173
35 13
531 399
832 290
266 350
564 651
877 214
686 253
330 224
281 31
409 330
927 856
574 258
790 997
701 771
774 652
378 344
669 194
2 285
652 448
495 845
29 3
314 338
175 194
737 990
692 535
667 890
275 324
243 59
494 597
549 267
50 706
614 769
982 309
21 315
65 52
641 687
153 103
839 420
525 811
376 296
114 45
682 227
956 147
908 294
29 19
347 931
24 326
261 377
997 780
205 487
842 276
500 69
605 565
670 245
179 801
17 293
798 195
841 120
170 480
456 893
388 123
223 357
413 4
702 284
336 580
69 450
188 825
879 899
970 750
149 446
989 100
903 15
870 948
620 642
137 409
87 703
634 814
24 945
31 114
175 836
111 681
826 777
716 992
271 977
457 782
166 720
889 599
722 64
421 205
105 266
602 72
176 306
772 745
507 816
777 501
49 584
790 273
169 960
458 71
525 220
646 117
670 642
452 191
589 411
801 748
875 683
780 431
267 838
381 391
472 165
363 319
64 869
444 687
506 540
864 214
100 516
636 19
368 597
255 597
680 80
177 462
244 25
785 386
790 490
379 103
665 943
521 944
330 379
293 616
520 700
557 930
259 706
318 891
278 964
153 125
736 62
997 352
798 198
733 279
675 568
951 538
677 629
101 132
30 837
328 744
709 484
383 804
949 686
719 987
735 88
434 762
959 326
914 157
690 682
261 750
783 631
772 896
211 258
500 69
118 946
122 290
926 105
836 159
899 729
199 145
831 830
149 173
26 907
248 912
202 479
178 187
927 651
385 656
705 317
465 500
880 499
703 686
896 471
526 492
906 760
201 808
918 28
128 533
916 786
285 977
111 537
945 107
112 350
876 231
231 589
18 18
256 597
84 970
512 497
986 999
267 863
433 479
638 424
589 414
445 883
96 25
866 446
556 878
768 40
943 240
994 390
909 211
560 494
265 829
213 522
311 247
8 131
713 371
25 375
823 718
170 402
841 882
258 835
993 117
290 702
61 557
513 924
839 951
453 380
784 774
590 528
946 225
596 779
398 881
150 359
639 95
104 507
561 655
667 874
20 687
254 805
891 394
399 397
974 605
595 427
868 292
596 661
643 301
203 652
484 897
195 622
449 217
37 827
554 393
527 549
669 445
227 983
900 674
189 575
339 543
566 841
587 804
826 526
919 488
49 318
918 575
277 83
194 202
653 955
289 319
915 22
127 290
950 230
870 254
992 480
196 309
746 847
72 567
58 707
278 914
627 99
550 231
233 624
403 164
846 379
954 354
615 549
444 707
473 370
54 263
629 766
257 671
765 227
605 477
193 299
46 885
931 958
240 811
872 185
970 782
722 678
391 384
87 164
314 163
913 690
555 294
501 185
741 151
956 514
479 882
657 832
593 975
344 677
963 291
284 927
973 128
758 577
837 644
262 976
391 199
784 857
696 110
833 396
279 982
250 873
276 673
271 340
191 732
547 916
510 777
861 334
238 973
713 749
781 713
597 378
497 762
547 422
501 497
525 858
513 490
818 996
877 287
958 162
731 636
688 615
24 784
780 866
704 902
443 291
141 434
300 393
107 486
816 315
688 508
872 777
547 691
261 252
702 874
108 579
725 746
243 748
658 44
253 940
186 950
28 291
748 531
237 142
171 66
37 140
261 118
172 84
513 612
654 527
36 624
346 164
132 819
653 639
406 747
993 610
811 529
950 303
167 863
247 787
296 412
841 927
739 318
220 851
727 258
196 378
835 538
447 227
347 932
637 954
504 463
508 642
402 36
716 828
269 800
427 578
735 101
331 96
568 451
318 115
109 41
815 512
769 671
862 706
281 451
518 166
939 145
307 149
451 13
819 281
167 743
429 328
623 316
877 956
800 226
653 691
467 374
512 193
228 559
645 797
629 358
729 864
554 385
486 212
501 563
568 267
411 496
199 65
318 730
313 24
33 245
497 413
724 721
856 7
796 667
683 146
309 168
269 263
401 596
946 873
5 174
214 706
990 478
382 965
595 941
955 515
812 88
955 47
246 840
914 191
993 416
25 247
690 402
815 821
524 21
695 516
323 288
985 968
548 539
652 994
904 833
518 562
301 961
11 450
856 588
878 92
771 209
980 361
205 766
360 188
748 611
712 391
357 872
243 208
899 625
3 617
844 527
322 43
344 121
67 370
112 823
205 287
60 996
873 947
455 743
252 96
625 694
204 67
519 322
782 303
60 366
687 942
16 905
261 533
597 553
167 2
128 440
138 629
217 900
143 474
511 902
986 154
406 951
833 520
268 422
689 344
437 58
178 508
612 256
10 694
555 978
939 795
215 539
28 267
577 337
366 429
743 620
424 713
804 662
698 130
320 41
960 907
527 813
622 237
152 136
750 94
282 375
232 988
698 34
824 408
165 695
674 317
318 284
207 511
516 948
932 233
331 564
883 695
262 760
39 751
298 213
952 738
234 152
619 968
614 909
778 994
148 303
451 966
806 275
397 511
656 358
386 744
365 761
679 765
897 184
438 812
420 975
398 169
221 106
648 414
559 804
746 936
960 714
208 256
605 168
371 271
189 25
972 932
135 841
723 70
153 615
114 202
496 800
135 6
797 677
913 728
201 157
975 975
777 953
880 811
60 717
624 892
458 39
657 612
997 621
398 436
407 695
358 389
805 110
705 416
274 213
816 43
376 350
546 616
341 507
821 968
706 850
306 185
11 108
869 740
104 311
81 575
79 434
572 178
703 126
931 754
197 210
915 702
734 585
709 646
815 632
949 970
155 411
567 471
770 534
406 230
284 466
698 70
822 108
278 361
921 888
147 902
72 407
411 578
30 135
226 209
367 38
746 886
329 827
88 901
188 415
797 779
402 344
247 112
888 29
492 76
341 702
192 375
786 700
27 552
519 403
614 331
134 146
134 372
637 817
829 758
83 261
346 352
398 199
940 411
36 95
816 831
14 249
195 748
408 990
472 275
35 437
18 118
262 370
729 787
679 486
581 723
598 722
501 758
17 145
92 305
484 446
78 633
458 7
172 851
162 553
678 62
252 484
807 792
66 83
881 991
722 302
440 731
71 76
524 757
939 267
561 846
693 968
564 461
424 142
615 50
549 560
737 328
563 89
333 572
13 229
816 247
969 879
867 237
134 791
794 568
800 336
614 878
712 146
17 727
701 571
485 636
52 105
818 785
912 664
840 563
607 701
196 631
683 212
820 797
983 770
148 711
897 547
961 435
249 580
151 888
642 86
155 216
950 856
852 625
734 665
296 756
998 497
101 255
982 474
95 798
133 735
100 582
26 45
882 412
745 583
380 609
122 244
885 307
707 126
291 250
292 483
22 848
415 442
203 739
333 749
994 25
410 931
287 334
168 161
678 736
811 765
94 675
346 224
291 51
794 484
699 933
112 543
931 541
101 984
931 544
469 617
860 513
566 985
822 99
648 677
726 940
641 875
293 33
974 930
722 797
639 203
877 120
920 509
817 883
225 823
284 726
555 202
217 585
282 344
97 68
69 206
542 505
768 959
751 40
25 9
626 942
622 346
966 35
844 392
437 852
666 597
670 27
852 112
433 670
176 215
164 140
249 644
200 316
397 194
533 745
51 833
610 83
55 654
343 536
180 134
809 123
516 505
551 163
31 972
886 358
353 957
259 422
875 565
889 84
876 538
635 413
337 11
940 107
113 806
503 87
842 235
14 820
388 240
837 940
206 63
875 664
987 663
105 686
25 10
286 942
630 934
949 299
701 191
734 332
66 382
470 978
652 149
158 484
396 571
749 225
916 441
897 757
691 124
408 842
761 367
288 381
538 698
805 279
620 301
935 785
510 42
401 512
804 97
450 465
474 660
869 629
664 778
541 509
589 356
394 284
454 564
712 616
753 211
582 524
553 765
572 370
412 207
197 541
272 799
569 237
228 3
142 640
291 141
783 776
804 945
784 931
870 979
186 852
965 552
717 551
827 739
594 535
362 448
764 645
835 150
107 87
912 249
174 359
660 635
890 82
935 451
685 208
180 567
976 934
684 375
997 286
186 738
535 338
611 467
651 534
122 159
31 167
874 608
449 390
452 675
586 873
637 554
487 515
344 576
790 503
390 974
744 862
931 996
1 568
509 630
126 982
176 573
379 712
385 752
420 175
514 273
536 560
957 450
899 24
638 326
945 317
473 641
362 269
887 225
440 549
242 278
227 135
164 129
595 627
827 236
989 422
453 770
299 749
826 513
321 632
263 98
338 64
240 555
687 922
557 228
849 368
612 101
502 514
684 844
403 636
701 81
579 376
893 565
361 786
327 46
51 160
203 558
514 597
759 46
966 442
151 15
446 540
454 694
282 644
260 349
266 106
632 838
689 404
441 267
654 813
481 341
838 766
635 213
399 734
419 262
988 42
15 775
999 705
127 351
987 575
147 322
817 552
416 958
958 753
608 611
110 700
162 493
559 438
325 387
4 636
211 26
827 220
584 239
164 513
301 591
965 532
911 709
690 812
442 478
514 764
293 622
650 986
747 367
515 363
243 927
960 596
949 837
843 81
37 734
828 300
592 399
511 745
834 681
594 801
232 704
52 895
581 577
682 227
19 945
14 232
901 495
424 802
525 124
644 433
648 752
241 463
766 837
419 790
247 656
32 67
519 563
362 726
876 633
469 597
47 796
264 608
335 280
703 985
935 514
967 526
103 309
186 970
18 251
793 736
121 360
612 514
271 73
348 495
43 793
832 907
296 472
979 404
815 29
211 797
99 332
279 135
27 591
939 973
880 442
497 719
477 553
84 409
578 734
107 727
230 158
562 75
354 881
921 819
441 29
380 865
257 156
304 159
176 317
549 178
133 608
956 917
726 580
8 65
108 406
263 554
904 388
212 642
936 586
55 558
159 531
896 904
424 236
887 312
519 714
862 453
441 241
316 759
319 528
707 638
799 179
77 740
345 546
399 112
480 699
441 32
838 505
925 6
36 578
661 504
953 369
812 802
126 185
535 151
66 96
5 222
827 828
979 330
337 219
670 712
969 255
998 371
216 573
246 995
38 978
960 792
412 72
886 368
45 714
332 625
268 799
66 502
78 874
24 841
66 576
702 978
267 159
570 129
851 785
587 395
835 723
862 415
941 257
465 523
542 180
989 4
814 213
213 373
202 317
499 895
995 33
922 786
943 743
335 579
150 302
266 347
319 10
669 756
896 957
664 521
113 92
813 353
388 75
343 285
935 658
259 116
883 644
116 980
994 963
239 51
801 191
138 126
534 558
99 189
884 185
604 80
76 820
115 47
799 175
915 381
305 954
416 77
428 712
327 542
285 383
35 928
508 920
186 636
567 874
1000 95
329 438
947 787
100 380
595 448
12 999
198 576
984 435
543 452
56 765
37 500
408 520
777 480
72 110
596 465
863 650
654 597
775 23
601 771
77 51
157 67
463 821
480 759
154 402
845 917
598 762
630 746
838 804
815 502
614 195
310 635
764 224
536 752
548 35
777 421
344 219
652 757
778 757
36 835
482 922
329 405
166 110
983 549
639 999
287 548
456 135
798 221
187 556
898 30
598 953
117 406
158 826
65 952
683 44
360 892
195 604
387 955
727 572
731 399
113 718
994 470
285 304
365 515
464 15
234 907
918 328
367 283
783 967
119 969
108 58
682 529
70 445
770 545
549 51
318 82
911 364
686 683
365 816
729 384
961 112
216 801
152 724
159 446
929 701
381 69
122 581
703 653
867 238
512 164
913 900
275 741
944 33
724 768
136 632
188 372
347 946
958 236
569 491
713 706
966 124
748 203
466 495
661 447
482 598
633 800
652 447
201 925
658 143
425 14
292 682
69 330
536 807
397 410
189 746
912 936
210 486
891 99
686 291
366 966
295 392
752 398
72 393
753 837
914 806
652 150
83 251
680 330
198 78
375 682
255 973
176 937
919 71
970 650
738 475
457 918
114 169
977 789
742 58
975 329
755 532
186 770
561 419
39 505
476 675
121 563
81 506
628 216
102 324
625 845
232 183
445 640
77 976
976 613
374 534
534 502
485 159
541 22
800 506
773 544
841 478
11 812
280 355
375 252
28 845
697 403
17 813
288 873
216 920
80 75
309 8
923 302
252 54
69 873
57 431
483 874
34 22
849 44
823 613
689 181
761 345
262 905
548 671
187 508
810 530
570 592
149 633
204 369
564 704
509 983
32 181
987 822
801 864
649 660
322 88
71 992
606 574
419 181
547 514
629 627
536 716
315 443
98 286
532 486
240 303
722 477
552 563
583 360
304 193
240 847
943 346
458 50
517 336
600 381
796 201
800 610
248 439
603 263
844 685
785 387
7 418
431 397
631 474
146 147
802 223
955 745
620 250
584 309
946 889
711 241
54 800
371 575
163 196
750 372
640 175
356 985
1000 341
7 966
797 122
893 751
645 212
666 581
273 775
570 574
70 998
554 539
276 617
913 72
831 276
138 807
228 291
344 200
271 560
706 620
436 540
564 440
908 686
174 390
990 59
176 109
846 330
845 215
105 868
353 492
55 462
62 942
176 422
417 722
376 254
245 59
430 787
777 144
951 906
153 604
436 33
621 339
54 121
465 460
192 749
58 964
981 878
432 485
651 391
564 861
466 187
352 178
209 518
965 801
541 152
219 676
794 219
996 425
493 794
380 163
245 392
161 29
310 994
503 439
92 678
891 975
495 610
887 931
709 663
891 440
961 63
625 453
466 635
642 872
767 414
539 995
846 903
752 320
44 954
495 895
163 420
556 493
178 967
987 543
573 680
369 288
228 921
914 867
301 322
759 600
169 868
772 640
452 197
147 754
399 151
357 430
863 10
675 112
827 987
740 150
601 616
423 75
519 568
344 305
226 590
552 629
588 188
428 571
327 813
899 180
167 388
617 244
891 217
323 490
322 664
28 818
182 51
203 155
808 421
37 431
310 708
563 433
493 745
566 690
232 749
303 60
801 520
960 983
789 715
359 460
517 493
824 739
391 689
535 254
73 651
212 901
76 101
604 621
731 20
538 277
209 754
644 654
245 247
711 475
694 610
586 998
412 660
577 166
936 540
338 317
880 386
418 137
75 2
489 349
229 183
407 283
641 751
826 904
319 747
292 59
954 733
389 535
117 279
861 371
896 583
564 57
473 8
874 273
150 6
205 108
186 18
879 913
560 881
978 677
123 174
222 926
378 251
783 904
29 966
407 72
189 322
420 534
35 748
802 362
725 960
26 277
117 689
939 506
414 396
868 158
680 204
617 995
964 252
435 843
219 7
61 629
137 578
781 943
951 769
956 580
551 877
538 602
58 628
477 335
206 454
718 688
599 886
652 616
753 743
266 630
73 823
761 651
743 253
775 364
337 204
166 640
698 949
265 583
442 945
405 200
971 216
395 155
457 624
41 537
8 971
786 221
951 681
972 841
154 423
144 32
177 304
472 296
920 100
299 357
511 119
246 84
532 369
331 808
178 183
937 125
411 523
306 643
153 962
2 288
369 765
851 803
173 618
749 583
271 136
367 36
130 338
700 187
197 255
550 126
978 174
64 845
77 152
216 393
141 764
296 292
691 8
235 115
708 667
6 881
351 878
104 422
353 474
61 465
719 730
143 982
305 24
752 780
714 876
590 48
107 536
437 553
384 301
712 50
83 780
408 817
913 388
838 314
611 532
564 900
956 670
388 490
214 578
133 9
110 806
169 823
928 7
988 713
772 827
548 267
591 836
202 847
102 586
275 725
320 910
451 467
641 204
554 240
821 311
113 474
481 625
66 825
6 225
929 689
814 669
603 545
943 649
835 768
1 226
175 841
931 331
700 417
383 449
999 484
424 943
940 190
191 287
845 869
347 518
541 470
92 26
823 741
894 115
529 971
419 60
424 843
820 665
61 224
564 901
568 288
190 162
163 485
22 464
925 255
848 351
339 688
67 986
536 438
272 187
143 10
211 399
918 331
610 455
509 306
478 751
764 354
258 616
240 187
114 828
607 536
530 26
286 223
402 273
359 547
752 362
991 906
969 827
509 264
410 697
769 148
10 254
806 142
258 545
643 219
381 213
371 949
102 343
825 941
110 333
277 696
244 620
868 295
842 193
847 381
571 133
133 707
768 934
595 390
133 136
765 585
243 106
17 144
558 774
757 465
571 686
177 522
205 473
696 408
70 968
976 899
703 158
380 654
758 850
560 845
993 29
447 955
522 952
890 147
819 950
669 949
661 10
21 753
454 931
345 809
142 967
36 929
809 657
784 822
85 323
528 286
404 14
537 646
46 851
671 790
431 9
358 888
267 282
785 459
339 797
767 241
937 825
475 933
390 149
107 884
584 862
544 642
611 604
259 795
906 543
668 292
523 461
50 504
607 509
787 395
786 22
583 868
896 922
525 928
352 316
146 106
309 238
465 116
990 559
588 479
728 335
51 505
524 770
733 107
994 316
597 556
892 684
312 963
45 252
73 333
711 633
636 694
95 932
994 264
701 197
780 633
289 266
142 644
109 873
549 368
808 496
162 365
231 426
510 366
753 887
133 514
145 300
446 346
230 357
59 407
32 479
664 370
630 514
679 339
419 291
417 842
956 777
57 865
26 528
559 528
694 706
65 180
214 438
479 676
385 917
220 202
887 91
825 106
297 461
621 43
371 590
549 54
834 233
781 987
656 503
867 61
639 577
469 70
866 727
729 990
470 130
794 292
625 630
650 907
560 67
548 684
161 217
501 750
433 196
203 234
598 477
353 58
486 16
160 836
146 653
402 559
452 863
759 101
550 360
470 156
102 294
234 164
325 870
432 234
723 115
684 529
893 42
124 617
706 767
28 401
881 630
767 965
378 488
329 503
289 183
45 753
81 74
752 130
803 260
649 657
438 694
766 487
570 503
835 234
962 840
86 535
619 959
631 24
45 239
948 452
19 155
639 360
372 335
857 519
477 615
685 99
865 730
132 646
258 663
115 549
78 619
70 705
167 562
718 835
782 727
207 326
490 267
659 44
59 724
793 58
599 130
459 551
578 143
140 320
749 263
254 925
980 278
826 452
409 806
675 310
997 161
965 512
624 238
409 23
165 279
227 610
696 160
147 389
108 363
246 606
906 855
484 772
368 861
619 590
15 190
580 388
164 720
390 755
100 734
121 192
346 726
767 436
656 600
261 911
345 91
356 964
64 56
603 520
141 470
594 131
920 286
643 762
245 971
748 845
424 50
719 153
665 736
748 681
143 735
101 48
330 884
110 587
570 372
156 960
884 430
861 188
320 34
449 344
927 78
266 593
459 625
128 148
661 30
223 941
664 330
328 758
740 391
18 139
312 330
793 922
166 286
195 834
557 187
837 603
688 975
297 281
579 712
880 663
760 540
425 790
951 108
598 486
611 245
491 895
275 951
478 758
920 965
994 552
973 69
851 50
478 133
926 355
544 996
712 763
997 829
79 483
243 837
953 825
621 665
840 150
24 412
878 864
867 457
881 728
864 280
871 962
540 346
191 685
586 740
616 671
940 471
742 465
142 82
674 772
486 42
513 859
316 708
821 858
437 303
755 786
524 218
404 495
103 71
427 381
417 672
476 809
127 155
80 53
15 300
189 87
199 704
312 980
180 253
761 616
742 901
961 618
58 49
194 323
742 581
758 122
867 554
838 265
145 974
7 577
77 435
440 952
30 807
335 255
657 447
78 111
317 16
748 344
218 409
125 294
722 323
774 947
313 182
960 864
990 998
612 381
952 216
581 62
1 273
61 966
269 338
371 841
671 80
609 743
713 464
575 946
599 487
680 956
207 156
901 107
289 50
476 396
605 921
199 345
100 452
913 251
232 656
764 726
440 427
598 464
512 940
784 635
429 281
418 180
162 526
759 88
731 842
625 238
363 985
231 965
460 658
598 312
633 508
255 40
959 367
151 613
807 28
862 449
859 367
77 758
839 552
778 994
169 298
323 679
309 741
659 535
683 397
406 471
267 283
490 112
231 208
471 450
750 317
231 408
836 442
372 514
163 192
444 36
557 869
906 948
679 832
302 234
501 489
823 821
700 22
341 509
844 541
725 639
834 358
309 772
798 797
890 949
496 229
185 966
453 855
724 976
592 14
815 315
438 514
543 40
855 300
611 165
410 865
305 441
896 195
541 312
688 367
897 379
83 155
301 638
274 982
847 625
277 69
930 631
326 425
74 134
984 886
410 170
401 654
487 762
929 914
222 878
907 752
216 737
19 597
903 315
195 949
249 225
528 697
359 396
269 430
86 147
971 635
774 432
623 490
763 4
766 457
600 994
556 9
819 575
129 824
258 983
841 178
900 351
933 439
889 335
552 845
768 621
484 517
856 575
700 161
486 111
230 133
838 11
533 461
31 255
868 403
79 517
747 420
121 178
599 409
996 329
6 647
761 253
213 850
539 18
1000 665
796 395
648 880
939 208
495 902
332 862
713 407
465 896
282 794
8 924
561 103
525 685
564 443
417 563
663 274
838 710
295 336
539 191
348 170
849 219
742 194
201 119
594 220
169 840
732 636
716 750
814 790
529 650
472 745
404 302
588 952
282 880
883 754
871 181
578 52
123 149
374 6
624 221
906 52
441 664
893 26
37 820
968 181
226 414
483 66
705 979
195 743
541 730
636 566
172 461
980 110
102 659
380 518
379 866
246 902
314 297
124 103
132 736
797 558
690 419
323 283
474 925
124 343
547 147
399 524
35 408
845 299
716 615
59 322
775 803
764 541
412 766
802 389
899 105
870 646
973 78
676 294
238 816
569 304
895 175
490 307
291 471
819 972
947 538
373 170
692 871
671 117
568 472
829 583
348 169
995 203
500 360
656 391
436 299
386 608
473 26
862 455
31 4
771 548
114 240
3 259
9 536
268 261
207 906
207 291
259 28
141 701
990 858
825 328
233 107
720 614
876 326
762 443
704 451
973 110
367 484
65 345
372 426
730 354
607 84
730 844
80 350
382 291
469 361
771 113
720 650
378 101
586 958
784 530
840 127
580 352
681 73
233 522
718 984
575 126
847 577
719 481
635 148
291 531
529 15
718 902
61 87
644 773
891 759
774 788
732 650
684 351
339 982
640 855
132 325
60 385
3 642
438 592
729 496
990 602
841 392
418 14
265 578
375 151
824 758
837 162
946 796
370 917
745 744
483 827
123 466
300 834
114 873
239 993
124 130
771 988
228 891
346 281
257 405
559 46
146 144
255 809
789 940
908 372
166 439
185 474
463 124
292 726
206 385
55 367
281 750
535 975
532 943
850 642
679 564
466 788
14 690
5 65
41 716
363 666
517 669
396 742
42 270
952 524
847 888
526 16
54 97
494 239
8 998
486 400
77 732
728 364
26 125
248 467
974 514
574 798
797 901
438 800
482 287
397 111
38 475
730 596
774 176
289 792
797 711
67 365
159 111
831 413
354 730
961 36
293 246
124 540
305 942
478 983
414 281
819 295
626 878
68 446
510 754
819 813
314 282
7 273
34 632
975 550
776 639
449 550
378 373
848 812
740 245
873 276
93 385
577 148
919 477
426 218
41 26
764 159
700 510
185 302
549 797
901 564
879 997
638 26
661 113
834 838
406 924
194 453
966 471
15 210
822 461
544 169
443 973
786 1
793 152
718 788
111 393
384 257
210 565
408 749
73 940
47 151
488 233
570 187
269 759
946 233
667 55
567 435
700 81
600 178
275 753
949 460
684 413
611 966
241 774
121 538
279 987
603 106
724 93
286 875
256 496
115 241
690 706
150 429
457 282
995 501
576 865
67 58
746 185
599 154
958 396
456 316
468 737
890 341
926 935
700 704
310 134
772 599
351 125
322 386
801 384
305 475
472 835
534 325
7 21
584 315
81 952
241 150
743 100
868 560
151 544
446 385
112 963
335 424
133 25
20 94
199 585
307 380
42 801
850 796
519 724
109 491
538 231
965 675
255 68
495 956
832 3
205 694
71 277
481 598
821 964
142 873
716 496
11 474
300 248
740 438
476 548
699 842
136 489
341 178
348 246
444 731
556 538
214 529
174 316
95 389
566 986
555 569
892 881
719 867
53 76
84 362
641 445
933 963
553 584
276 722
393 513
446 715
708 721
31 695
694 714
911 808
297 88
852 514
287 493
282 775
83 136
709 17
587 957
405 63
321 376
373 580
8 932
333 969
505 312
127 226
486 642
151 381
267 596
809 463
587 701
231 25
531 780
185 165
567 451
475 62
248 260
957 27
772 117
852 868
975 388
226 681
872 111
969 949
906 451
485 315
207 606
780 934
448 657
410 495
78 900
718 604
849 315
763 651
624 513
979 407
349 548
95 128
524 7
552 886
107 609
154 949
639 275
2 393
799 31
766 955
424 152
259 655
743 681
500 494
258 909
316 916
828 240
592 300
357 885
589 294
150 480
729 856
464 432
809 333
556 827
981 44
778 78
157 244
659 237
897 272
376 459
478 645
172 991
427 353
273 719
260 773
228 70
595 657
15 721
889 600
655 319
175 945
926 432
685 720
639 156
870 122
502 449
916 413
991 992
327 588
925 967
84 277
877 316
898 136
46 618
644 467
165 269
560 651
627 575
500 773
952 667
10 568
1000 620
688 263
783 36
914 496
531 607
29 113
855 935
539 356
62 67
287 68
539 698
408 12
877 850
548 45
94 843
119 203
814 658
637 360
369 676
747 822
459 356
455 269
168 253
797 232
607 560
921 826
182 885
860 685
808 757
302 912
798 467
975 733
531 228
516 443
527 685
160 504
60 166
979 704
12 314
608 125
451 565
763 62
445 774
107 200
861 837
201 167
261 773
167 541
372 479
80 181
722 939
381 277
484 262
602 544
896 5
650 815
32 769
31 970
945 857
229 766
829 181
507 987
395 770
256 2
642 752
573 742
405 736
609 588
916 524
484 141
921 923
636 299
505 541
984 209
182 414
611 731
134 75
582 520
414 534
612 161
43 598
678 699
822 367
235 850
299 601
448 371
950 219
958 572
636 966
136 176
571 309
767 452
660 264
771 835
779 508
267 249
734 938
867 164
474 438
891 416
164 393
501 932
834 214
965 212
930 618
664 517
75 38
731 716
141 278
943 649
176 528
73 82
348 950
848 318
313 908
852 666
129 355
604 12
226 215
657 635
762 978
409 331
706 259
655 870
389 593
779 865
532 415
561 964
636 956
383 812
973 780
195 907
612 329
683 752
801 893
110 147
10 373
909 803
539 917
704 246
432 802
842 342
693 433
406 918
712 701
619 581
62 984
204 964
478 377
559 498
845 807
602 213
163 981
593 853
814 200
797 127
339 697
912 237
873 242
976 170
131 643
262 751
905 504
125 100
444 85
933 385
288 730
385 339
330 38
905 268
712 558
963 366
767 314
981 247
324 137
585 45
867 514
375 649
896 716
595 142
71 942
659 59
839 781
744 385
915 248
702 440
279 539
161 296
661 552
730 333
839 807
811 977
626 678
969 432
167 641
993 138
615 763
896 286
598 972
540 754
212 738
342 388
448 829
501 212
911 740
654 735
880 977
200 883
677 359
976 582
945 582
401 952
198 160
374 570
376 117
915 49
661 362
217 647
763 921
901 282
940 931
70 788
558 776
339 15
572 336
357 594
313 475
329 320
544 94
468 568
357 428
208 461
854 270
727 60
830 574
289 308
163 909
797 552
464 571
466 409
672 472
585 988
813 108
824 23
415 992
119 742
224 554
820 665
96 106
706 12
583 693
764 951
211 965
153 941
446 326
141 632
110 957
636 845
844 166
204 238
898 80
666 426
907 380
418 648
206 465
537 984
318 830
567 48
673 582
901 478
115 893
470 739
468 662
326 699
588 198
192 664
639 192
876 757
721 959
193 652
981 785
528 539
663 188
263 609
283 280
953 958
560 586
233 300
772 109
947 712
262 60
362 368
639 745
421 212
244 265
686 510
82 263
771 150
836 467
835 830
22 873
457 983
754 981
719 180
548 640
878 665
109 496
342 845
290 290
431 934
688 958
216 289
941 455
418 103
109 218
690 646
270 304
270 161
406 776
611 275
353 636
609 353
208 348
515 681
996 701
907 719
468 260
785 864
542 102
264 638
702 48
278 608
386 94
61 303
25 197
252 667
403 224
381 930
870 11
920 875
574 489
6 558
976 625
570 383
430 36
529 785
78 117
84 202
775 557
868 484
510 292
407 18
57 807
962 73
944 997
329 687
679 679
35 404
689 626
144 117
340 403
863 12
767 112
708 235
773 317
280 296
700 758
72 111
804 741
831 959
735 957
67 377
671 108
621 465
650 333
715 463
344 903
388 340
826 377
74 821
357 829
634 928
138 293
613 381
812 771
50 320
906 994
449 752
919 196
415 48
323 580
369 55
64 299
66 901
63 655
173 321
470 215
764 306
955 446
979 947
806 705
359 309
897 949
312 968
890 549
739 588
186 860
239 682
971 913
657 690
713 455
956 895
385 937
674 611
258 91
601 688
984 268
877 260
865 417
220 479
362 162
96 114
432 917
992 191
508 731
923 30
912 872
136 240
931 628
50 937
345 284
490 226
526 456
916 496
840 276
307 369
253 468
877 617
3 381
99 235
103 27
101 698
540 368
504 719
716 522
789 835
184 733
629 717
397 612
484 220
938 900
393 256
702 392
671 390
684 350
769 410
268 275
971 741
526 525
515 764
703 487
737 689
721 205
558 554
754 395
331 898
624 377
642 552
99 717
678 315
903 916
808 744
394 45
691 536
153 640
970 988
640 444
416 538
938 306
130 585
653 107
112 426
485 485
947 224
330 509
274 47
195 855
633 936
621 613
422 386
477 943
927 657
555 398
247 191
88 619
24 260
249 582
673 884
729 642
373 284
462 133
703 611
717 401
85 773
772 350
58 327
861 697
180 193
127 963
500 996
994 38
808 291
562 669
902 856
836 414
156 443
590 205
255 157
488 847
162 590
438 706
372 128
2 724
629 664
883 384
561 91
397 648
364 556
872 933
212 139
46 894
688 865
118 736
199 154
303 377
132 77
630 247
536 311
706 364
233 716
820 848
909 983
232 414
345 48
852 152
724 257
185 955
939 891
85 337
382 431
334 665
262 435
289 572
390 821
855 366
233 110
591 595
837 11
319 184
152 420
300 552
552 156
430 937
297 887
465 33
932 302
330 672
15 981
647 889
542 64
273 163
764 501
813 443
511 263
261 467
527 508
22 923
20 961
207 823
90 130
23 400
572 610
493 61
835 670
469 563
670 186
367 319
334 164
93 21
543 944
922 869
510 901
192 362
400 708
558 412
123 245
866 64
363 329
33 826
505 710
208 177
611 333
504 278
146 296
518 283
383 971
538 111
653 797
425 993
1 426
490 695
908 29
563 434
485 485
580 459
603 995
210 420
349 142
634 846
790 804
150 419
655 788
646 48
601 964
504 85
740 646
840 804
791 262
747 135
117 264
13 735
859 292
170 718
718 262
62 832
277 511
592 58
113 151
313 873
272 218
342 979
436 894
836 912
296 713
499 461
722 890
614 991
591 356
46 268
588 893
280 924
585 572
862 635
628 24
198 761
86 859
540 50
905 759
603 904
625 54
863 910
14 9
691 743
461 573
655 431
348 3
637 183
478 890
387 863
280 245
691 333
381 958
424 180
772 980
943 929
74 200
404 406
758 688
30 206
742 563
861 686
511 834
881 491
551 796
106 91
169 475
530 69
738 127
229 237
650 606
685 970
877 556
970 543
320 174
60 804
99 182
914 879
308 617
890 463
775 104
243 124
255 894
958 934
886 574
948 2
727 191
659 111
762 408
540 866
470 37
740 228
797 187
548 815
17 10
55 702
740 945
551 921
354 424
226 521
273 418
656 475
317 20
212 888
874 905
721 574
251 505
206 315
725 222
454 967
163 925
308 550
994 294
504 13
839 413
876 38
929 705
817 173
564 665
449 51
360 548
856 976
919 791
928 129
986 13
275 155
66 760
217 488
707 523
741 429
145 393
229 538
793 908
242 809
889 740
544 41
526 687
204 303
173 560
884 672
2 598
734 46
545 388
731 593
469 927
920 605
659 168
132 466
314 428
802 267
343 40
825 704
668 530
60 48
279 33
332 944
518 427
209 272
71 916
648 572
373 79
438 271
373 632
728 835
359 672
903 191
572 557
406 746
69 459
331 842
660 257
451 748
427 186
656 979
78 30
570 288
130 702
50 319
883 987
254 594
956 269
894 81
220 819
175 517
201 601
580 338
466 960
909 733
789 730
663 230
420 216
231 974
534 971
613 849
39 222
23 979
224 724
193 314
217 320
158 505
192 374
174 369
655 583
761 236
828 12
839 444
191 470
615 681
963 237
356 552
50 699
569 874
690 368
987 459
907 282
415 284
418 583
545 528
842 874
512 429
164 526
41 344
747 664
545 930
130 83
142 265
970 981
808 408
185 149
889 762
891 986
741 337
449 621
811 574
30 193
560 749
469 376
992 152
943 363
905 187
992 854
459 705
280 474
373 381
386 263
64 537
743 784
276 809
116 666
131 529
302 254
407 850
448 311
478 953
635 701
607 338
890 431
165 165
928 32
62 696
465 466
180 298
267 800
707 511
792 28
133 647
745 287
288 648
816 1000
671 184
720 621
667 185
959 899
107 769
119 134
749 793
413 131
46 896
259 72
824 439
40 948
552 109
883 730
8 14
574 712
714 127
393 681
999 153
915 925
354 581
695 419
190 927
287 928
665 87
814 143
433 179
508 277
146 873
547 44
621 710
737 588
296 974
125 450
821 372
159 640
977 113
777 429
777 697
695 677
727 784
939 494
25 695
425 128
919 717
860 554
647 275
639 725
276 986
683 554
342 212
106 925
764 493
615 118
150 850
567 949
182 878
444 436
213 732
697 776
408 302
931 257
126 350
201 475
201 510
94 163
437 957
174 866
363 757
412 451
401 614
151 74
339 320
963 54
886 723
397 529
275 402
780 286
307 876
125 128
146 512
700 931
216 652
513 525
395 62
685 164
967 862
317 483
230 992
422 979
894 296
90 378
846 896
983 267
969 781
347 176
327 439
502 289
992 369
713 393
877 495
930 680
988 745
699 927
873 191
453 172
836 779
524 487
970 337
606 115
187 294
621 576
354 175
905 596
345 960
675 41
977 279
3 768
923 502
246 349
863 914
243 481
860 984
431 516
601 31
600 794
824 419
773 753
142 262
592 965
965 887
442 95
919 770
452 880
853 937
915 408
140 774
222 979
564 430
584 167
170 713
84 977
348 786
907 194
226 775
988 23
864 549
771 1
567 480
93 532
363 570
134 939
895 313
42 634
418 151
869 41
194 806
219 180
139 475
435 887
293 858
912 860
445 588
421 570
441 783
40 844
72 33
395 354
96 328
89 971
27 31
24 94
458 312
692 943
513 755
230 271
303 240
611 881
449 290
144 559
602 296
368 753
398 642
992 421
217 550
933 78
837 284
785 921
411 709
935 239
370 235
286 507
460 552
949 632
922 950
897 932
352 615
535 801
306 345
68 549
899 464
958 838
650 459
809 474
684 485
252 932
940 656
207 137
904 618
625 397
870 962
167 236
185 715
682 35
662 340
486 77
355 79
442 755
106 156
711 112
947 537
165 852
456 511
907 467
807 179
663 524
535 362
857 392
728 453
609 169
103 985
62 183
350 368
947 732
91 682
578 231
15 635
203 360
461 575
805 930
900 965
794 619
188 595
383 773
836 554
118 728
165 832
549 240
700 226
782 516
440 982
8 619
811 362
355 384
80 634
488 293
260 193
241 587
444 412
646 916
17 738
846 536
524 485
610 234
902 611
829 267
596 813
363 444
997 84
599 172
864 182
239 722
652 878
702 824
541 699
501 660
278 848
424 508
676 246
508 926
477 283
116 372
890 629
446 688
16 120
579 100
609 922
506 955
905 909
648 429
439 281
205 209
894 121
831 406
635 364
333 576
961 361
832 854
503 771
746 580
809 944
780 427
450 994
210 83
984 858
172 950
410 773
888 746
354 587
969 861
16 915
436 35
261 278
573 645
365 400
914 604
93 422
99 634
578 142
676 553
826 889
147 722
544 974
815 128
92 614
181 537
743 41
35 460
130 973
478 213
605 243
681 369
302 317
21 359
548 142
783 107
662 401
228 617
636 276
892 554
895 160
721 483
174 509
326 739
55 349
181 533
93 355
478 840
326 733
427 471
850 875
214 928
446 597
552 719
224 834
981 974
397 427
567 797
751 79
422 898
229 354
813 455
396 593
918 324
607 426
314 424
433 797
77 200
46 827
879 557
87 352
964 161
219 587
861 28
907 581
113 903
359 134
382 890
346 492
460 181
638 998
195 41
463 133
821 670
421 144
335 348
898 80
873 415
894 159
473 515
96 425
428 480
520 361
280 786
483 96
118 165
718 969
446 730
876 816
649 881
66 652
601 12
969 193
639 485
850 235
554 990
432 279
289 746
926 734
830 300
899 988
746 252
21 659
780 730
311 67
573 651
725 669
468 243
851 131
247 976
382 12
252 90
999 669
44 134
144 173
147 249
723 422
843 180
916 479
455 155
147 537
791 58
676 795
487 675
801 198
472 372
252 121
910 567
443 446
39 137
946 323
235 831
587 579
554 544
438 701
446 204
132 221
650 403
750 726
546 93
711 789
813 525
340 99
462 931
695 605
353 236
692 633
904 442
397 226
922 531
420 975
14 953
216 430
63 75
492 621
207 375
697 243
853 463
537 730
205 912
19 107
587 945
257 525
693 754
693 476
78 191
311 527
723 312
381 845
211 640
672 556
355 688
182 447
925 755
884 140
513 982
286 453
163 776
234 968
948 319
439 71
371 265
366 842
847 99
138 179
773 619
365 400
289 282
845 997
678 140
973 986
25 863
654 358
203 620
395 425
722 259
333 318
734 654
646 315
557 163
622 859
892 171
308 821
295 227
105 668
976 264
111 724
418 955
878 580
195 843
770 7
884 749
18 632
771 164
651 938
519 959
618 296
456 874
882 501
215 425
535 113
634 129
872 742
353 101
907 989
585 615
133 772
104 224
880 444
164 988
687 784
876 598
371 815
479 674
915 198
794 726
171 834
993 66
862 24
201 136
892 763
227 913
783 753
255 921
126 591
323 480
228 617
656 471
585 796
756 513
642 290
599 79
197 479
675 710
504 985
564 693
468 97
525 637
231 534
272 19
363 628
886 730
774 710
578 118
974 581
215 349
642 751
301 592
422 350
640 334
117 470
614 954
377 674
47 528
411 572
685 341
462 996
77 992
225 490
390 521
170 462
937 700
853 253
393 880
154 560
794 486
77 131
888 205
877 4
419 351
300 110
793 613
961 918
764 418
828 188
41 172
344 23
419 234
304 59
22 316
783 37
887 328
489 358
950 959
855 500
690 125
54 235
700 422
857 58
727 674
876 847
434 875
781 293
609 870
403 524
377 531
863 329
145 934
773 730
971 640
255 793
576 66
808 46
497 806
319 221
536 646
960 796
765 696
438 54
69 852
815 857
192 11
803 279
112 429
933 599
186 138
822 785
895 741
454 263
863 303
464 265
77 654
55 587
551 109
934 495
36 636
436 344
59 635
465 808
730 698
924 91
739 201
597 413
86 964
360 262
306 12
383 528
7 306
197 403
134 292
373 793
836 658
600 553
865 6
820 274
77 67
570 897
286 868
990 405
450 407
230 879
132 305
449 60
764 884
672 472
854 292
763 401
255 5
107 794
341 628
841 507
537 645
694 914
474 130
136 892
177 437
375 251
81 717
900 874
119 28
232 199
322 151
543 299
351 561
940 406
919 777
425 219
151 468
212 283
404 713
524 139
190 197
383 355
614 402
856 623
262 91
12 681
446 118
49 269
727 955
230 130
68 621
564 115
561 542
71 858
367 98
415 176
970 78
847 385
386 262
807 963
474 956
575 322
980 941
851 807
343 668
476 77
464 465
324 875
959 288
563 593
569 874
487 506
720 188
744 282
378 923
207 52
282 367
426 123
50 961
925 444
695 215
122 397
881 187
179 948
418 387
237 217
41 315
548 683
79 528
741 621
394 188
135 74
354 810
676 150
104 865
419 864
388 852
169 633
357 676
108 235
705 45
547 111
403 983
699 742
571 41
1000 381
889 734
879 810
550 336
483 192
130 159
572 338
302 146
561 188
6 104
426 507
861 152
543 682
939 848
123 82
979 221
891 951
140 195
240 861
849 344
572 219
299 737
744 834
615 660
150 393
187 365
848 584
405 929
395 944
531 4
647 834
850 195
347 405
231 407
224 212
822 720
684 570
819 368
10 562
123 870
395 924
372 598
693 343
167 443
906 369
640 794
698 302
314 295
85 904
811 160
96 165
322 814
169 151
793 496
241 579
315 726
719 370
82 553
632 899
809 855
672 965
816 621
552 181
176 391
463 535
724 347
885 360
855 287
253 122
199 832
409 339
715 495
678 941
51 329
506 742
868 279
41 958
810 470
521 573
251 278
882 969
179 287
368 120
67 763
997 260
155 832
57 310
511 375
322 425
832 292
923 689
8 154
951 958
266 928
707 794
572 81
643 247
648 514
537 405
477 230
462 509
988 56
375 899
307 232
25 731
478 451
143 412
583 537
116 802
332 558
941 919
75 901
511 354
763 778
799 48
286 303
952 472
578 82
263 489
127 817
316 449
839 280
637 177
647 691
286 926
968 696
30 141
126 197
561 284
735 477
444 271
738 27
212 673
457 331
387 382
776 813
448 35
789 389
288 21
21 883
216 846
430 222
265 871
39 510
75 720
231 814
163 597
273 749
424 280
39 627
743 440
611 890
601 424
334 235
190 293
473 432
954 1000
350 82
305 288
51 621
312 742
343 537
989 190
728 133
886 579
385 753
342 891
105 215
167 937
258 547
601 939
956 769
906 607
988 823
189 408
373 105
169 675
875 520
771 889
372 614
372 179
62 477
349 200
458 887
250 910
459 235
302 934
694 874
962 780
131 8
286 402
315 744
163 629
362 816
762 220
492 373
304 587
43 243
119 271
767 971
150 45
115 677
199 156
554 77
846 823
383 36
900 735
80 398
684 872
428 568
861 170
887 719
662 500
962 596
758 890
770 648
693 611
760 743
56 996
909 501
194 712
439 836
253 387
202 729
266 711
573 589
885 547
707 303
863 432
207 680
961 944
545 823
611 497
973 356
404 225
214 76
196 800
379 4
814 629
183 554
666 96
968 429
644 375
908 827
52 28
63 85
939 343
4 200
530 98
808 133
630 144
742 857
182 260
209 344
827 424
392 871
685 470
621 829
457 123
261 209
398 63
252 419
427 318
407 429
419 334
171 266
622 593
822 41
591 402
619 158
137 463
595 767
90 824
362 962
457 868
972 375
363 256
24 726
56 874
294 29
652 761
416 563
999 840
687 359
468 876
418 598
283 172
649 570
824 567
846 776
132 574
540 384
983 241
561 712
791 40
166 181
616 99
980 920
695 141
646 891
570 165
539 805
577 870
542 887
286 817
159 623
385 955
587 681
787 810
273 70
663 355
637 939
575 922
915 819
796 895
792 68
87 495
76 26
729 983
110 329
489 52
40 250
318 650
350 315
990 837
64 281
869 495
789 990
181 48
447 35
616 756
305 580
43 212
210 89
755 199
648 920
95 807
556 902
139 855
914 660
155 575
932 812
994 6
781 386
58 370
951 753
517 585
569 627
769 205
621 382
605 912
646 344
266 782
878 936
156 155
771 284
295 123
490 496
225 225
18 364
936 63
968 919
149 520
69 444
12 354
16 405
951 28
921 754
766 819
68 634
622 252
413 486
696 759
929 175
573 666
439 308
126 251
407 802
73 976
661 867
545 309
901 630
766 744
879 200
254 202
453 633
480 512
562 415
966 159
929 98
123 417
632 45
314 310
599 842
919 146
275 713
341 574
366 442
889 277
572 682
105 408
286 572
722 970
86 90
816 880
758 768
375 651
996 911
574 591
868 946
863 923
474 542
89 172
873 309
114 345
431 931
407 489
958 662
776 591
673 483
389 528
729 289
948 42
71 93
640 46
951 455
899 751
719 653
786 824
875 901
458 600
216 135
507 334
216 14
982 932
954 2
536 910
839 74
833 289
951 806
520 68
567 810
5 112
236 624
21 272
257 872
315 89
287 851
313 610
31 850
806 761
725 309
114 560
839 781
918 736
18 563
86 588
598 150
886 376
195 317
103 9
345 243
90 207
469 19
434 405
259 725
592 316
56 439
976 542
364 293
984 174
639 945
54 341
640 566
3 656
312 189
594 512
206 396
517 468
78 447
691 629
493 866
566 307
496 904
371 605
753 874
822 142
404 969
109 607
506 225
166 836
943 546
318 502
776 648
247 103
395 842
655 796
308 287
412 679
40 809
426 428
371 141
319 441
815 742
229 179
321 97
282 76
645 165
654 640
178 945
517 882
914 21
634 570
831 624
165 296
128 852
503 911
147 191
319 258
335 513
543 731
643 345
291 849
685 480
167 105
209 810
632 2
289 5
418 316
286 399
906 154
134 580
556 732
555 303
121 580
406 957
14 824
502 541
730 354
804 668
226 77
890 920
940 965
758 715
915 227
839 421
541 721
963 770
991 310
711 559
110 528
155 868
555 738
57 866
363 967
988 144
618 473
843 569
843 234
575 815
94 437
742 127
381 461
797 87
990 253
311 145
963 959
884 318
813 479
551 961
23 546
413 682
157 683
371 901
526 756
128 350
337 732
929 683
643 200
780 41
489 324
853 772
341 607
159 742
148 675
983 284
654 518
530 587
649 872
703 794
563 392
21 558
621 828
249 992
47 538
662 144
697 989
522 620
330 724
132 230
477 278
87 108
679 971
327 980
21 776
878 266
876 270
722 346
240 790
223 798
593 647
599 553
27 549
111 824
88 63
650 442
391 976
132 218
150 979
646 395
340 296
872 445
660 922
134 129
74 829
698 288
648 274
665 678
219 88
77 557
440 558
310 122
989 958
939 611
111 108
239 795
153 78
502 246
188 319
349 39
992 30
743 922
670 340
714 978
363 189
323 594
630 337
970 555
279 682
983 809
861 670
436 164
279 671
272 787
277 142
690 856
217 23
820 869
624 950
650 409
517 433
675 194
211 788
120 134
253 567
438 159
311 419
385 138
203 280
204 892
150 795
435 13
536 210
760 663
464 851
971 156
493 279
684 833
582 212
96 807
842 617
15 233
56 667
433 579
47 536
602 852
321 724
826 979
685 159
124 25
390 11
365 205
252 350
181 28
484 736
51 180
759 233
462 70
580 446
806 659
63 437
615 30
105 824
160 2
316 709
913 71
716 531
40 674
898 203
298 765
366 15
870 561
84 242
206 552
53 15
710 940
187 743
464 904
491 82
683 468
737 965
28 853
636 757
853 416
57 46
211 330
764 677
318 698
788 556
373 212
597 14
909 201
905 619
545 817
226 448
306 57
956 100
483 516
79 457
343 361
198 967
916 94
621 734
276 819
448 637
694 163
372 797
859 108
603 403
47 125
609 85
368 882
468 478
869 462
630 744
226 202
311 650
979 59
510 866
7 819
755 135
697 352
892 248
811 478
494 670
744 402
372 498
684 359
913 742
174 250
917 567
336 939
749 600
312 515
437 774
966 78
483 689
515 676
184 110
605 815
839 127
625 376
15 891
294 687
737 851
579 137
886 365
200 460
694 497
344 141
200 135
849 458
871 804
865 317
632 678
444 950
436 202
695 551
117 538
857 535
508 687
219 642
805 867
584 170
896 4
556 787
295 635
700 578
380 186
117 911
726 781
403 763
124 290
156 178
898 857
898 187
719 34
254 818
870 958
494 116
202 150
348 356
456 826
14 759
403 585
263 775
646 639
962 390
999 865
981 435
530 737
938 410
76 593
74 208
104 672
173 321
611 663
119 738
307 270
475 845
126 349
545 173
907 745
815 214
876 797
587 791
556 89
773 596
612 770
649 842
689 779
623 672
843 528
191 971
764 676
148 555
476 515
992 144
930 515
561 369
382 961
937 20
680 914
378 178
774 345
419 311
805 17
195 146
273 723
44 201
833 77
752 173
434 526
242 511
229 284
731 452
977 793
311 355
699 177
602 78
836 802
631 534
154 851
596 5
332 938
299 961
215 311
571 202
845 199
341 915
297 314
135 953
786 240
707 679
724 609
475 758
38 48
673 575
760 160
702 291
589 179
140 893
310 148
944 634
12 141
764 696
305 548
549 628
813 36
731 134
304 413
150 382
12 481
332 769
475 587
854 454
516 298
380 166
921 971
584 736
958 995
665 806
517 482
204 245
529 548
555 347
312 583
807 869
785 771
321 145
129 727
226 511
233 517
768 504
569 87
625 310
990 988
895 335
752 321
928 219
321 942
267 294
87 732
761 791
606 327
789 212
72 330
679 135
272 908
773 358
165 571
463 358
224 311
27 745
253 812
81 494
695 853
286 63
96 825
848 614
512 591
74 821
124 4
952 788
958 523
134 85
214 590
942 420
144 356
972 592
462 914
757 502
867 147
419 418
121 701
618 406
239 60
336 722
512 518
715 135
531 595
897 735
567 140
473 852
922 324
124 424
386 416
870 510
502 778
765 490
101 322
194 281
146 193
807 153
824 556
571 975
64 286
955 7
432 537
139 392
186 48
146 214
476 565
514 287
74 614
303 702
320 65
274 865
593 832
224 915
878 832
829 767
489 796
539 93
116 42
70 712
444 134
973 750
34 338
32 463
984 986
201 994
457 434
247 46
889 616
693 760
775 536
975 382
75 590
220 440
297 997
762 420
629 496
290 964
183 17
15 853
413 82
320 450
459 350
216 681
717 175
394 589
493 107
544 533
264 690
474 825
179 373
666 826
544 275
175 596
926 646
7 968
296 103
976 286
847 986
634 1
40 166
836 934
810 760
989 14
964 861
206 489
857 102
826 711
368 694
188 293
186 43
365 362
43 27
683 504
387 90
643 96
312 542
406 569
641 825
686 174
500 596
24 591
117 269
144 215
667 599
587 90
746 541
453 888
268 672
905 231
419 418
873 449
1 664
332 172
468 509
607 379
996 112
841 245
798 305
615 306
904 887
726 656
581 16
424 539
791 785
933 964
979 140
39 911
74 875
512 565
28 52
657 61
181 413
49 572
582 742
592 951
736 722
219 209
721 895
726 528
271 755
348 127
830 141
216 611
189 133
627 758
5 698
221 66
826 330
432 46
704 828
177 730
192 725
227 246
856 839
572 304
260 482
98 393
958 763
5 405
955 1
158 955
323 461
848 478
890 201
799 373
592 57
916 945
565 950
555 861
157 745
591 473
225 105
124 732
877 835
695 57
444 631
12 1
48 667
463 198
784 232
59 876
717 959
727 598
750 913
911 496
247 962
362 370
140 386
866 803
955 104
997 41
607 574
433 540
135 867
433 325
642 216
892 501
327 535
298 741
462 929
28 93
544 72
388 640
6 646
562 44
833 496
674 619
156 454
725 819
509 187
266 378
115 490
480 654
879 253
934 43
54 713
938 629
554 126
961 503
991 272
127 680
546 333
481 67
445 837
106 30
925 983
93 418
831 522
920 938
34 364
695 181
612 471
4 217
197 571
746 829
37 909
904 111
881 62
63 33
243 501
974 296
684 55
832 138
421 614
695 666
460 953
837 906
458 853
303 251
68 373
10 645
120 906
709 691
802 990
158 273
638 36
744 509
326 876
338 850
457 150
748 989
57 279
423 586
693 480
128 845
471 5
656 599
777 679
907 525
298 143
807 294
733 439
879 674
26 785
268 282
872 718
662 404
506 427
747 79
461 490
160 567
471 114
442 377
596 224
786 806
8 475
598 538
610 167
884 611
3 821
907 911
45 969
166 410
443 66
481 475
518 241
311 972
764 597
519 752
44 760
473 849
18 857
895 129
418 15
670 832
282 615
37 733
189 881
576 827
719 455
868 911
322 412
673 318
255 414
28 912
820 109
843 966
223 624
319 926
635 64
341 261
794 670
167 979
499 670
849 434
101 743
223 423
938 557
872 157
383 519
690 329
577 511
657 352
567 795
607 751
973 974
578 153
907 131
924 693
88 747
995 350
542 203
486 562
290 261
882 854
829 483
847 941
885 101
809 997
653 200
384 533
934 141
563 844
985 367
195 266
171 739
873 306
502 597
696 124
478 622
266 21
358 506
643 309
730 885
227 484
123 888
1 676
682 226
708 612
106 974
916 800
429 49
258 60
939 22
520 830
109 648
280 852
25 999
404 239
644 192
997 531
742 646
36 617
952 776
481 62
627 436
182 153
75 777
269 173
741 947
187 701
346 821
637 494
792 237
865 460
502 696
128 684
259 429
981 778
360 2
654 999
773 354
328 288
535 137
717 561
119 268
854 62
125 207
895 266
285 579
714 85
457 824
540 549
426 920
944 429
831 369
975 477
370 678
225 538
388 719
830 701
911 278
997 822
994 490
746 618
825 574
36 819
784 492
946 385
69 494
694 227
581 773
590 69
757 548
650 648
14 922
239 908
478 214
818 627
336 266
118 889
795 772
944 125
433 74
420 891
1000 467
774 723
419 367
903 561
679 481
142 392
255 723
672 871
792 642
599 668
494 851
49 947
114 508
832 36
903 430
96 272
479 609
548 169
864 94
735 338
333 321
584 251
321 586
238 932
587 783
743 905
774 921
966 351
709 240
976 359
242 271
312 207
277 7
262 159
680 648
63 298
253 404
535 93
945 791
761 671
624 96
857 526
101 860
370 846
22 179
676 805
340 638
128 63
615 66
930 613
847 809
520 848
173 832
717 873
985 99
580 350
382 724
224 607
984 974
642 495
684 314
333 317
917 732
969 437
177 730
470 444
960 335
128 21
265 575
229 680
707 138
67 141
385 254
137 235
761 609
113 272
352 296
995 178
503 255
942 924
571 986
416 434
769 744
627 507
767 103
503 589
40 858
368 509
437 241
259 468
816 609
322 54
932 864
893 247
125 498
237 617
37 765
464 221
254 3
486 887
591 86
917 163
921 549
641 774
88 238
279 245
744 979
266 804
754 109
224 271
618 119
569 226
261 673
961 702
712 236
440 861
262 178
225 405
379 100
32 797
962 741
499 433
231 334
721 330
622 535
697 615
534 267
822 824
50 707
476 218
664 681
775 129
141 625
606 121
541 294
178 173
630 127
902 147
818 693
396 985
107 78
45 134
617 60
368 191
519 564
779 768
864 641
51 370
428 402
263 888
27 908
834 593
400 321
440 768
280 550
701 696
715 655
877 446
889 239
661 153
518 983
466 55
160 260
479 457
9 424
391 966
772 137
28 229
208 156
209 600
744 370
303 383
994 863
229 480
121 882
55 105
706 192
247 593
395 844
873 576
925 914
84 494
167 933
706 548
618 255
345 468
156 302
966 881
158 459
702 695
19 242
734 234
134 463
993 990
315 729
286 674
268 735
104 320
445 823
301 882
50 654
866 978
443 157
772 51
177 295
794 203
212 910
775 828
485 582
576 385
856 673
824 806
68 943
914 627
138 801
122 845
6 968
197 876
681 517
845 770
963 506
723 286
217 326
919 203
842 791
227 778
635 904
122 562
770 977
603 843
289 244
380 811
585 102
227 100
144 616
655 391
829 194
770 43
572 373
989 936
706 910
457 923
312 373
578 383
579 114
67 308
833 517
287 773
415 297
285 170
307 417
942 817
317 244
56 602
113 385
281 32
486 676
373 188
86 81
571 208
211 822
875 732
317 174
143 623
264 265
352 333
1000 599
328 771
637 841
75 228
953 617
475 963
348 967
374 875
679 740
554 374
769 627
666 541
925 811
530 38
473 17
1000 555
906 206
961 504
232 18
961 565
414 441
200 433
428 291
767 754
626 619
279 222
247 29
65 858
91 992
445 926
884 913
529 406
641 839
874 768
79 686
631 185
363 302
963 83
769 125
263 893
980 699
749 754
196 256
113 818
650 108
918 630
921 306
251 766
920 324
901 56
311 818
401 507
287 970
654 624
535 716
876 835
676 123
308 974
983 963
846 573
217 443
325 607
712 972
263 486
857 963
511 189
560 961
9 669
999 844
511 555
204 531
305 359
554 776
668 45
692 780
290 360
100 899
483 620
313 982
988 16
596 736
978 677
869 379
52 292
564 127
480 355
295 535
388 107
131 588
336 236
573 338
382 284
998 818
899 798
952 179
716 455
223 352
677 751
938 2
176 5
803 453
156 702
855 507
107 764
469 255
630 522
694 900
776 409
411 42
265 418
835 394
581 218
49 385
464 843
168 287
40 351
848 809
532 54
941 252
683 442
205 920
142 523
821 451
498 207
248 149
295 811
176 138
2 15
664 438
586 781
679 631
60 597
239 809
618 882
869 841
725 974
549 756
789 669
331 114
939 852
659 745
236 451
813 46
684 455
721 820
403 800
568 610
948 344
981 117
926 358
166 606
201 597
450 91
702 560
758 916
707 33
800 357
889 297
130 621
241 616
471 19
736 950
49 704
497 48
267 398
559 271
725 936
251 162
76 358
833 570
185 819
555 809
260 24
486 17
625 509
483 454
509 788
542 793
345 341
922 312
765 896
379 213
607 806
779 437
893 727
987 212
946 310
26 259
820 81
478 856
391 358
847 585
899 878
986 273
118 371
167 41
688 3
926 773
645 14
736 670
477 929
896 513
71 252
564 834
744 647
533 533
916 484
44 520
888 919
298 159
711 805
354 800
398 825
7 440
400 534
448 984
178 223
138 231
360 850
17 21
279 647
6 413
991 203
559 410
410 637
996 457
204 20
738 321
921 373
867 753
792 488
765 450
630 739
468 628
305 773
886 186
175 989
339 754
789 934
520 184
847 644
823 254
905 218
423 553
905 712
810 890
112 339
149 118
415 634
763 32
641 155
448 902
167 362
101 118
332 697
249 84
63 105
320 933
915 568
347 433
892 285
795 447
112 776
752 935
594 852
513 170
336 87
362 804
543 226
348 55
555 795
61 62
1 792
716 853
311 381
684 230
144 455
676 891
547 3
394 315
119 510
139 719
62 577
378 608
48 363
872 86
37 342
337 620
349 843
101 206
982 533
170 52
972 808
48 489
148 255
969 638
994 585
915 389
176 87
546 542
830 928
323 836
868 22
472 690
356 109
707 857
220 235
158 840
976 567
474 927
884 27
557 388
899 974
450 823
781 34
764 574
960 442
187 422
890 763
919 470
399 138
244 173
914 645
307 909
284 311
443 587
603 256
167 460
119 508
183 183
429 599
881 700
251 329
714 284
693 744
137 9
413 518
106 528
769 443
795 661
297 424
274 928
327 70
627 739
614 280
371 240
837 8
759 784
152 75
594 221
665 917
620 902
130 810
570 648
425 166
475 40
399 231
27 72
270 510
904 558
220 667
380 760
83 919
208 269
588 854
69 926
38 757
900 22
306 184
41 957
676 695
159 386
624 266
48 643
642 806
725 959
111 919
36 745
428 42
657 729
604 421
670 673
869 953
172 642
243 543
340 207
911 956
355 877
973 510
635 837
921 976
403 408
46 710
825 630
571 669
82 250
981 519
260 239
346 957
291 440
223 466
176 28
51 773
496 195
214 967
350 567
479 483
8 852
958 656
831 752
842 578
164 160
966 165
790 995
230 82
813 224
348 9
972 218
777 549
420 836
889 247
885 182
347 428
57 5
271 737
833 33
517 174
129 156
908 593
449 734
105 91
450 538
350 343
934 752
952 935
460 217
468 86
684 782
683 68
652 266
640 438
995 365
59 577
347 316
651 807
270 786
883 78
363 726
819 806
722 132
418 60
724 450
663 413
351 599
135 705
774 274
979 475
544 257
245 938
251 731
146 919
188 798
65 110
612 566
847 903
511 451
428 326
868 645
507 495
745 488
359 327
793 984
363 520
87 571
160 975
854 659
895 364
115 829
390 81
460 710
489 160
863 299
918 888
931 746
73 596
573 903
386 690
950 487
837 329
522 551
436 593
973 906
79 150
80 497
347 409
141 615
387 681
231 222
384 445
898 646
356 636
501 175
340 575
126 392
113 639
887 859
951 999
475 358
226 516
909 820
998 621
767 947
985 501
561 156
401 870
398 725
988 839
12 639
427 156
319 662
207 484
188 600
908 262
424 216
988 694
934 537
249 909
845 191
644 450
894 726
341 535
968 659
925 560
623 50
480 959
141 184
256 402
385 254
700 221
872 460
53 83
957 897
380 214
728 305
535 556
336 459
373 983
183 138
985 712
29 734
765 804
153 419
988 308
491 465
908 755
479 530
616 379
739 383
877 794
314 449
275 165
299 443
604 132
424 606
865 95
117 667
571 926
114 474
367 703
196 789
523 967
101 570
734 174
152 500
144 237
53 56
808 241
229 598
231 566
449 26
396 417
77 414
327 385
925 472
549 187
899 803
728 653
101 580
518 73
595 558
601 359
674 726
742 545
226 182
144 495
290 50
288 308
734 357
515 393
235 19
440 507
42 832
375 264
647 636
872 595
362 210
380 828
884 135
854 176
56 186
571 643
846 120
177 248
933 206
132 71
336 20
496 199
619 630
659 720
119 746
115 435
362 552
186 887
347 885
845 787
892 445
938 334
505 162
534 780
735 779
914 412
458 826
361 168
298 769
471 651
20 897
647 757
45 516
24 246
220 53
276 127
390 728
91 365
988 688
797 441
863 403
309 343
815 813
853 143
175 890
727 277
909 204
262 507
875 124
622 490
37 77
991 380
679 55
182 9
695 745
341 521
902 256
794 976
868 835
686 526
922 788
234 617
142 849
374 200
480 463
723 698
37 1000
950 215
803 832
42 328
75 790
564 642
672 57
606 918
493 156
625 89
390 140
819 706
334 103
570 854
562 22
237 800
11 228
490 321
78 993
6 10
741 234
591 733
473 738
446 537
941 980
214 391
137 203
49 484
696 911
608 340
228 385
103 717
522 810
355 836
349 802
140 267
699 12
904 523
817 764
689 713
935 517
629 706
387 46
836 416
803 199
281 461
8 918
742 358
673 946
776 290
602 466
694 462
221 180
115 49
966 561
420 72
108 648
806 427
854 699
177 1000
630 807
832 106
706 370
643 696
903 555
797 478
658 556
120 659
843 236
868 632
307 435
662 125
925 955
43 959
619 729
999 904
879 497
989 504
850 73
350 442
21 329
370 611
558 319
607 151
946 19
379 55
355 101
869 723
743 509
449 751
988 755
708 463
686 858
892 145
784 413
130 697
775 698
543 921
210 682
188 791
824 233
164 734
698 576
799 611
212 948
116 35
987 304
565 639
968 472
89 366
92 643
658 650
530 554
628 272
426 657
869 566
459 828
798 806
265 249
714 259
875 44
972 959
292 496
275 945
183 890
815 506
242 468
265 578
188 806
92 569
60 50
870 836
652 531
186 800
839 232
675 721
679 945
276 529
124 850
855 629
139 879
234 514
789 228
329 911
952 916
938 795
339 295
788 103
765 508
871 589
162 26
801 308
867 396
139 699
424 274
270 512
419 677
813 827
736 92
623 251
297 477
360 620
681 355
299 298
510 295
16 553
910 52
302 217
549 955
398 213
198 592
52 927
931 568
813 734
869 191
280 394
285 652
766 539
713 287
304 975
260 800
717 49
759 699
693 274
818 788
59 199
739 544
154 337
911 23
131 20
500 33
173 224
731 699
136 805
738 574
666 45
311 203
30 409
839 592
674 673
904 4
32 76
505 234
459 413
551 585
610 971
792 598
894 555
56 917
542 648
702 677
523 734
611 657
280 910
565 210
44 384
423 172
856 176
21 677
541 225
294 845
465 204
452 517
66 355
475 404
641 684
551 31
807 818
624 557
105 790
171 146
515 526
867 620
903 511
646 62
649 290
922 276
251 720
325 10
791 241
943 953
121 576
641 303
155 342
784 565
970 882
99 700
510 910
575 964
266 3
548 724
598 664
191 799
763 301
692 308
918 996
105 654
57 100
34 268
704 571
715 415
60 350
809 34
618 939
336 127
837 387
937 710
145 787
171 298
966 456
660 994
651 199
732 68
912 703
154 609
922 773
861 380
37 125
559 689
302 787
225 366
237 950
817 469
913 127
475 456
547 48
224 703
85 384
619 84
125 60
401 281
823 620
682 545
295 880
477 891
723 959
572 159
30 994
245 23
436 915
861 380
698 525
281 920
287 943
335 844
352 719
227 745
659 497
638 857
621 549
882 154
593 146
883 420
706 295
15 559
596 594
794 713
380 88
658 729
349 907
752 409
60 709
531 231
226 44
243 268
985 240
897 131
665 223
615 809
330 943
413 770
591 643
22 763
623 590
557 475
449 562
262 978
860 897
7 27
116 369
175 924
241 481
240 840
637 181
872 12
588 683
281 257
92 655
88 761
214 802
600 673
94 755
789 907
318 184
561 504
103 535
392 529
69 379
829 691
699 903
973 587
29 907
847 575
538 937
126 848
186 549
148 621
453 446
957 777
435 900
243 34
502 892
690 630
734 489
999 30
867 261
8 828
300 80
806 249
516 853
929 505
447 286
104 423
523 31
133 134
487 819
894 321
720 571
835 140
328 159
752 149
600 674
918 38
5 720
372 312
25 577
864 726
900 764
813 868
247 64
270 113
608 205
416 636
734 502
279 853
775 271
892 852
794 800
981 855
87 199
524 573
386 943
611 284
179 398
314 415
56 765
106 712
878 978
254 979
868 746
879 334
524 57
36 202
859 781
547 98
472 396
584 844
377 831
844 927
147 740
771 630
865 108
574 876
922 394
299 636
700 98
382 976
627 432
204 129
425 771
683 348
880 530
963 789
881 978
35 707
682 784
570 650
256 746
823 543
251 779
19 13
748 957
850 216
364 987
656 153
235 702
930 538
952 821
951 401
831 271
464 976
510 892
693 48
888 322
582 309
14 729
897 669
793 518
222 230
318 630
515 598
865 753
28 45
250 972
399 224
659 26
467 118
736 963
482 599
263 685
495 389
182 30
424 43
981 112
18 112
793 683
567 144
864 256
784 563
282 476
542 466
293 423
216 48
881 941
432 340
884 566
155 813
616 709
480 931
723 226
664 633
675 749
335 311
904 184
239 711
635 78
474 8
955 628
644 771
259 483
425 406
318 956
319 558
757 774
635 820
280 481
803 220
896 403
185 967
263 953
6 305
872 817
766 888
429 423
151 571
612 300
290 808
298 408
379 463
26 407
281 353
717 183
954 647
410 310
377 329
975 835
673 343
686 895
620 147
75 716
510 673
711 857
184 613
466 941
63 850
618 201
855 610
839 536
402 942
297 132
785 323
445 873
361 767
5 422
352 925
161 64
615 278
293 975
565 401
873 238
511 574
848 849
928 468
779 134
478 78
892 979
538 116
626 286
912 238
477 404
920 422
755 623
736 468
20 788
733 195
159 53
986 948
375 794
882 303
975 811
340 910
112 490
972 620
289 273
504 621
352 267
741 274
934 114
684 655
314 156
650 918
148 107
316 153
890 428
774 305
703 693
9 108
434 446
133 503
372 268
538 961
555 706
463 679
121 662
149 675
970 201
862 718
43 445
376 398
551 829
467 365
695 650
789 826
492 807
411 857
45 361
791 514
39 712
921 209
428 91
419 107
876 713
968 274
142 161
63 442
273 204
3 794
956 163
211 945
224 371
292 507
559 747
22 256
442 982
818 669
133 316
149 268
350 402
940 322
276 95
914 52
86 969
916 215
556 777
25 802
752 63
30 785
836 355
68 806
279 151
10 79
896 848
437 525
530 976
982 266
799 220
651 582
213 797
856 119
197 846
892 60
693 439
754 872
377 509
267 471
50 265
549 180
570 76
542 605
877 154
513 987
131 854
429 475
684 168
911 156
655 60
853 662
70 686
986 801
51 762
239 305
974 767
358 669
875 858
696 206
791 200
402 744
895 834
589 370
899 904
644 491
370 32
921 778
797 362
992 896
123 879
807 986
336 763
724 535
96 839
275 222
133 482
571 779
485 148
627 170
48 86
695 61
270 267
92 89
462 836
963 299
50 929
391 993
786 521
713 152
67 549
870 418
348 403
193 201
244 474
293 49
857 797
938 213
675 496
833 226
593 76
488 951
507 272
570 355
66 196
384 34
651 803
648 462
802 486
648 107
47 656
504 307
679 377
918 797
277 270
34 786
685 11
680 321
683 748
136 912
227 457
326 918
26 323
923 26
36 463
432 134
776 407
941 783
293 349
837 704
883 803
578 872
474 482
492 860
83 372
122 468
337 126
785 22
663 752
846 403
180 506
584 525
474 954
607 564
656 345
133 913
729 14
153 58
570 581
158 539
284 526
271 507
332 672
72 863
136 280
163 677
80 101
940 890
253 999
14 691
714 576
171 219
242 144
869 729
605 253
899 237
280 881
80 347
47 131
639 621
325 501
829 322
972 989
627 461
314 751
3 298
225 135
691 784
350 869
80 454
258 963
407 626
639 831
562 323
938 209
741 318
926 798
119 388
611 660
512 612
113 367
519 531
535 555
827 534
660 196
386 992
505 876
813 946
167 740
823 323
508 976
386 857
406 177
400 46
825 932
8 751
866 738
681 538
328 88
705 949
881 857
164 366
504 904
179 157
760 718
987 183
248 960
521 444
406 975
273 747
342 360
261 865
968 583
784 74
558 720
924 95
969 755
925 712
387 547
990 949
325 511
686 54
789 684
772 327
548 945
97 923
54 135
952 686
982 15
726 186
28 364
139 652
938 862
124 852
892 207
850 785
17 307
98 678
925 329
212 319
331 250
601 190
882 264
408 165
8 413
364 25
690 837
782 112
175 704
765 803
972 170
316 828
39 481
259 177
177 266
994 885
247 299
287 2
283 314
755 35
807 400
910 613
759 213
797 683
462 52
350 831
269 18
373 409
656 942
330 538
66 1
513 770
935 238
835 380
354 193
33 1000
731 326
946 777
371 974
241 511
712 920
899 201
857 907
760 483
115 312
550 779
958 546
98 383
670 894
480 470
1 968
569 688
682 754
798 840
826 542
859 180
639 537
712 71
767 490
561 711
807 855
809 632
327 252
424 923
448 435
64 924
792 235
803 921
604 109
934 194
50 32
