1000 2509705
10000
311 194
872 812
410 933
567 659
656 8
5 695
696 863
342 955
931 450
603 380
530 213
233 442
114 387
243 814
183 370
777 695
371 455
682 289
18 603
963 551
215 677
884 850
389 451
634 620
939 910
718 698
766 338
29 633
816 681
941 761
88 424
608 293
715 28
293 394
583 933
718 807
19 928
642 719
950 315
958 94
177 275
466 732
213 610
143 622
988 195
126 970
58 405
248 206
164 10
430 408
912 435
928 449
261 145
435 710
758 308
435 372
334 393
863 738
681 199
383 571
86 751
705 181
36 781
175 822
209 721
363 488
676 786
840 992
670 175
394 741
911 79
492 134
966 62
321 408
603 286
284 628
389 954
194 389
119 557
251 90
941 200
497 511
552 345
486 839
999 792
969 595
54 276
938 514
948 726
536 206
96 42
535 314
284 140
864 404
457 598
731 609
800 859
786 181
697 535
569 484
149 900
325 392
932 236
529 695
896 725
245 644
453 800
300 897
612 798
489 56
177 381
562 403
756 517
725 417
202 338
872 46
273 998
70 493
630 775
56 570
342 404
256 43
917 893
237 846
335 326
358 516
869 645
418 865
404 884
324 85
372 687
194 956
664 471
446 831
397 635
914 685
945 974
341 392
738 774
527 657
551 474
69 769
934 356
478 566
228 351
421 984
734 192
275 982
800 558
208 976
721 894
359 379
927 267
866 908
365 934
143 519
196 112
126 875
844 692
140 651
352 138
607 238
458 429
867 303
140 418
295 934
114 688
239 645
376 152
816 93
737 77
866 506
209 695
616 970
229 933
451 458
139 969
729 118
466 803
972 815
467 7
916 48
938 520
361 868
59 180
302 34
751 234
345 978
569 280
24 905
296 486
861 963
869 808
784 555
82 171
672 343
52 662
681 756
805 486
46 607
387 242
946 583
982 232
450 400
366 725
552 902
915 900
457 70
591 947
85 253
256 81
422 762
435 920
389 650
674 660
693 400
499 560
395 809
376 692
94 651
88 332
722 728
619 259
563 698
911 937
735 759
84 943
38 162
355 482
480 691
142 917
836 941
824 839
233 745
134 882
475 786
532 418
955 824
767 951
363 146
32 724
945 546
295 594
83 792
835 677
316 725
77 423
425 782
699 667
242 443
986 308
714 99
540 502
831 533
444 558
595 959
737 844
709 165
776 88
496 744
193 823
886 234
905 254
984 824
83 874
244 649
839 718
43 927
79 888
487 358
197 369
992 644
290 455
950 522
736 944
79 481
462 178
298 884
956 201
606 698
606 813
729 779
114 454
925 148
797 11
105 509
268 868
110 993
584 153
49 271
933 305
278 927
867 748
519 57
703 637
614 812
972 459
811 750
543 752
424 724
692 861
380 392
507 524
984 457
540 944
94 698
792 729
312 812
513 405
254 785
230 897
835 808
688 793
283 479
543 608
450 548
401 72
334 818
630 787
627 464
453 898
331 598
46 332
225 296
907 229
16 723
550 135
389 305
393 191
729 682
800 644
30 535
339 170
865 772
798 313
123 42
236 62
108 228
930 552
733 619
325 123
658 664
545 348
252 358
704 300
691 614
735 434
32 862
886 13
793 40
339 700
440 573
762 161
202 228
412 598
792 262
837 979
918 478
548 667
757 554
140 845
323 835
152 159
143 797
54 915
968 238
259 718
925 246
997 150
946 320
317 550
851 842
657 927
231 626
739 49
705 812
428 877
793 507
535 261
632 326
863 488
981 184
41 968
422 383
871 526
77 339
62 453
701 633
742 107
225 113
213 902
483 139
30 141
537 696
816 501
444 19
235 344
416 56
792 473
536 52
208 722
451 890
766 599
793 217
955 117
48 954
609 222
159 969
790 983
546 89
53 806
683 542
520 399
756 965
413 857
981 211
508 71
627 806
601 504
847 769
585 450
11 532
624 746
490 725
574 866
305 799
118 164
369 1000
671 32
69 796
950 618
976 772
800 565
377 325
395 504
459 30
757 165
386 612
285 877
737 542
635 791
124 257
897 359
415 400
819 187
79 310
77 72
941 645
901 695
880 37
358 861
798 298
343 652
941 789
260 144
119 912
535 551
411 111
432 59
601 874
814 723
207 305
703 32
659 834
108 120
655 536
884 696
153 887
455 768
995 808
357 870
194 992
782 154
754 655
630 634
712 991
464 1000
317 217
388 392
772 541
751 296
858 287
854 934
687 851
723 392
304 688
48 975
524 19
357 183
68 936
833 300
476 543
551 61
448 245
735 661
278 26
238 402
695 632
435 424
58 971
777 94
491 649
857 240
274 752
901 727
162 55
772 394
877 723
555 967
179 212
934 257
263 532
406 644
283 418
788 835
674 932
215 643
567 608
874 669
762 101
406 405
219 996
298 438
674 644
838 424
290 939
261 224
307 407
597 365
853 186
479 438
363 418
670 934
957 109
539 800
614 977
170 337
263 866
928 697
150 114
410 831
30 218
909 663
350 817
445 722
298 296
312 599
461 167
134 382
236 619
605 913
261 433
386 202
676 947
751 552
910 739
791 604
194 749
55 636
112 725
27 54
408 654
77 405
517 535
870 611
836 388
337 937
408 439
264 739
710 665
205 228
200 316
943 673
1 443
40 239
851 606
116 686
749 718
361 872
839 349
371 140
229 78
22 929
159 804
120 443
518 951
270 928
324 239
139 59
622 966
778 756
285 251
547 950
71 909
939 276
454 924
18 713
863 113
708 218
938 12
770 418
235 73
219 308
733 352
905 17
533 944
90 816
582 793
296 732
775 205
445 133
675 189
5 799
715 636
517 75
533 926
97 277
560 908
643 236
550 952
476 604
950 90
205 274
210 918
409 565
292 605
678 748
675 496
312 274
968 88
427 278
703 384
209 438
386 556
115 149
597 253
405 118
794 707
566 910
944 670
804 314
958 291
454 774
152 811
824 972
860 846
960 29
636 538
838 708
859 954
357 420
567 114
39 1
92 873
74 581
902 89
713 536
872 412
794 339
13 322
108 194
170 858
61 147
471 115
633 754
943 125
712 490
775 555
709 628
198 733
109 944
178 430
300 748
612 415
423 915
129 858
418 4
717 976
13 659
209 164
312 113
534 810
352 801
803 70
609 908
268 855
175 933
191 55
102 738
850 134
465 313
565 385
240 667
130 549
51 602
181 990
488 731
106 829
72 992
549 238
887 903
364 46
301 820
598 110
217 496
745 369
384 357
106 888
672 25
73 130
445 719
569 175
146 186
214 784
231 608
690 739
713 235
135 939
239 348
355 732
164 256
679 913
366 867
869 524
783 525
7 495
807 219
43 947
1000 557
672 694
841 644
62 318
771 464
246 51
200 645
664 429
854 653
610 747
960 669
102 105
18 976
996 92
220 391
393 239
664 779
808 992
433 934
710 640
134 582
641 154
698 408
250 391
914 151
232 750
265 33
180 315
997 410
133 146
354 738
87 836
2 387
445 55
407 506
485 915
684 220
206 67
899 540
329 521
314 330
385 636
758 794
369 611
706 400
496 875
679 37
993 780
335 761
96 692
920 104
476 907
172 198
269 992
979 831
801 375
189 306
342 665
57 635
603 736
471 949
551 304
625 312
796 645
856 348
375 631
96 334
929 964
539 105
674 698
619 853
133 686
302 683
74 284
183 804
247 273
677 225
66 732
505 608
77 371
113 781
705 25
750 565
249 214
126 939
416 525
156 451
939 13
896 901
598 564
13 681
470 377
353 746
843 216
496 300
151 951
129 792
639 807
109 824
36 422
832 591
409 751
367 154
43 950
96 496
274 458
290 98
899 753
449 443
994 913
601 446
302 361
66 213
172 723
345 867
990 633
274 107
504 581
933 310
665 814
351 259
933 533
794 452
590 289
239 889
331 795
737 614
324 918
457 93
229 883
401 977
261 674
249 496
551 809
607 229
861 521
509 565
232 399
480 925
396 830
212 539
680 498
103 261
139 899
126 123
394 962
912 860
60 441
116 690
697 879
909 255
689 255
811 858
326 386
754 550
349 112
533 1
937 630
745 45
99 767
194 461
962 908
79 563
184 538
532 548
411 371
933 706
679 62
956 574
846 949
604 668
144 622
751 908
890 386
90 184
688 941
988 278
693 163
132 481
620 926
176 419
502 775
114 398
645 479
880 194
176 139
681 896
362 768
548 162
337 703
648 29
572 372
309 66
431 496
898 117
442 490
941 733
913 450
963 660
734 34
823 612
191 152
591 237
872 973
752 801
909 15
995 102
623 149
552 369
328 783
664 473
92 157
351 699
97 368
882 393
633 183
338 740
889 801
814 596
213 250
154 33
174 424
302 848
963 750
304 593
406 621
808 453
784 397
410 377
135 374
231 697
500 466
804 828
696 639
980 947
176 486
101 230
937 914
593 890
992 428
532 69
536 96
231 383
525 859
337 838
387 637
61 468
216 228
544 783
282 517
345 650
199 891
834 369
388 219
991 553
803 434
784 923
955 447
912 257
755 987
158 277
25 317
492 17
323 566
792 264
143 862
189 402
431 110
55 438
141 336
36 312
749 136
68 412
584 225
127 345
329 703
908 181
614 665
81 400
414 927
163 206
492 3
12 176
51 481
3 801
855 288
449 420
281 313
378 250
909 705
482 98
402 48
370 544
451 306
361 955
694 717
328 25
491 686
274 905
664 269
430 527
660 642
974 62
786 577
900 282
331 917
804 846
123 524
412 139
277 409
587 400
757 865
123 670
880 665
974 727
406 464
580 973
518 355
605 570
592 970
820 323
973 187
189 989
665 756
585 677
891 271
9 774
933 292
945 399
451 880
745 773
444 724
66 773
753 3
456 811
887 561
147 498
780 987
321 672
663 375
136 741
68 795
865 485
539 648
728 851
766 459
803 23
442 144
787 3
142 252
733 208
666 400
296 322
60 855
95 215
23 844
612 900
792 124
565 371
508 793
614 652
750 101
477 400
919 35
99 179
77 547
428 742
830 722
174 838
529 171
519 338
628 274
367 516
506 589
679 939
47 105
216 49
702 902
258 148
37 332
91 564
41 164
960 767
830 21
148 704
540 873
391 691
228 216
372 582
346 473
655 381
397 980
47 911
874 484
873 35
597 969
771 477
925 395
438 80
582 983
333 612
445 808
638 651
996 11
547 626
414 32
643 844
967 406
117 319
307 542
68 2
957 72
88 479
181 772
628 689
311 318
851 503
309 992
437 842
865 311
32 633
595 53
54 242
495 826
510 38
733 481
1000 640
570 827
979 896
148 32
143 428
165 432
592 527
776 8
985 536
287 929
148 399
188 536
29 942
52 722
482 653
207 607
727 586
487 680
985 497
688 382
387 931
626 14
762 937
836 573
239 653
372 200
237 486
147 328
852 800
509 317
557 544
802 438
961 27
325 404
983 357
540 812
932 900
935 161
975 758
799 786
939 229
291 105
85 815
417 258
337 24
562 333
682 92
819 254
633 663
366 103
592 982
501 813
715 166
25 636
749 654
731 187
48 432
98 50
273 881
66 772
610 209
682 293
823 626
764 121
715 143
485 161
982 551
246 132
585 707
804 718
378 394
871 835
942 976
966 8
726 778
804 954
707 478
770 140
560 210
59 470
515 213
485 358
236 549
810 268
233 774
369 255
205 669
23 642
611 211
502 225
909 718
278 142
671 987
675 205
588 667
57 444
100 387
304 969
200 228
469 436
530 927
244 939
659 586
968 307
836 845
799 743
953 258
193 405
244 362
990 761
636 241
624 168
301 792
601 173
431 808
374 45
197 783
609 523
742 588
23 715
851 646
617 623
45 231
756 443
552 343
151 195
752 602
808 544
131 123
669 891
980 991
713 894
573 21
804 615
312 289
880 400
629 565
870 800
993 114
14 116
51 925
157 872
962 229
452 217
800 476
199 696
235 316
621 877
980 531
469 757
449 101
986 508
153 944
798 845
793 79
693 958
691 900
338 805
358 21
448 506
246 798
260 697
813 900
479 821
338 582
64 348
209 94
841 162
79 648
399 138
646 988
779 544
336 940
944 946
951 11
997 308
225 914
962 135
812 687
915 386
898 170
848 779
270 216
254 4
574 110
76 365
903 753
284 520
390 137
26 115
820 611
401 741
150 482
211 695
708 487
194 532
413 667
92 544
348 482
537 937
694 107
68 364
547 417
786 128
246 654
490 277
576 706
946 871
949 615
461 707
140 525
381 658
573 179
776 845
740 884
766 398
307 602
431 555
137 189
891 578
508 657
196 377
389 367
628 677
717 50
326 797
739 706
242 816
523 585
261 529
125 373
578 647
923 301
681 810
860 626
496 635
467 20
102 724
208 216
776 194
421 30
164 701
589 711
898 34
196 9
810 492
769 638
403 252
648 300
804 213
903 993
916 687
139 613
397 78
872 274
524 961
461 862
315 688
943 330
269 663
630 445
742 19
750 123
327 516
384 768
370 486
26 691
225 814
532 64
870 292
520 282
84 89
534 971
425 661
709 492
42 264
880 110
457 97
534 720
196 738
6 434
414 298
315 722
641 481
871 329
436 77
481 131
30 457
18 200
573 173
965 137
168 899
494 855
914 143
41 114
106 112
673 862
484 369
657 390
988 628
616 144
549 512
798 886
980 607
703 774
207 312
22 605
270 785
589 34
684 440
564 215
297 839
687 313
887 210
890 500
458 328
199 97
270 596
709 109
428 486
986 78
703 134
233 940
938 809
199 666
224 162
441 172
783 361
474 274
394 606
683 831
895 555
226 62
526 68
129 48
508 309
962 261
561 343
351 954
193 927
918 655
38 935
599 878
821 595
92 168
458 370
995 2
279 521
293 487
852 57
384 845
798 222
141 261
818 904
895 738
645 255
123 738
791 422
607 853
19 44
542 847
212 605
690 5
588 188
786 952
656 797
83 176
760 722
714 592
176 162
266 246
527 958
487 978
312 427
626 31
276 843
440 942
887 219
911 655
278 327
918 154
575 856
392 500
16 627
305 890
85 919
150 299
503 307
148 662
632 599
918 497
128 570
321 596
369 11
201 148
1000 652
324 263
549 772
657 168
61 939
562 832
663 808
267 153
625 371
886 449
508 536
478 819
782 970
121 923
973 572
905 657
44 991
942 636
678 705
895 746
485 306
602 41
821 881
442 976
921 709
953 160
87 12
692 599
960 263
315 344
771 94
864 37
121 1
437 860
590 412
42 343
67 512
409 73
255 213
161 460
950 977
660 650
943 679
80 768
113 926
819 958
8 938
845 535
612 704
358 835
936 622
304 63
995 771
311 941
591 589
302 243
823 938
58 936
351 158
833 226
526 330
474 18
125 760
378 171
373 291
958 550
441 891
95 559
215 90
616 693
77 473
776 637
635 16
934 739
206 357
340 490
51 515
26 368
332 581
199 846
158 132
609 803
595 580
361 807
441 515
21 626
64 468
541 680
444 950
630 232
995 457
179 535
710 950
12 10
270 364
142 902
247 383
751 326
128 330
932 593
493 460
180 865
589 929
266 474
366 673
100 547
807 428
641 726
889 655
53 33
939 156
920 265
854 346
256 738
402 248
392 942
608 573
735 946
91 574
958 507
814 750
724 598
781 540
129 157
414 953
499 812
872 624
541 144
472 458
666 462
778 962
379 661
620 100
257 888
97 88
621 329
45 139
967 634
602 603
277 877
270 139
544 413
945 439
914 436
239 898
924 51
830 555
728 641
179 117
328 296
708 232
464 400
370 410
55 515
993 739
681 762
210 336
961 523
22 804
378 359
602 211
604 405
240 439
407 986
374 982
376 81
358 972
914 76
549 908
574 647
988 433
4 191
452 78
610 864
239 583
670 680
810 919
763 77
328 100
529 109
257 732
362 440
395 616
352 412
516 471
543 805
279 113
321 915
557 211
748 395
951 722
142 113
948 954
131 677
575 421
597 434
273 872
725 530
367 129
315 174
959 525
874 537
311 349
535 63
986 888
712 808
846 894
752 132
420 114
3 424
317 469
273 381
325 54
51 363
746 756
347 217
192 415
77 391
11 122
930 814
875 925
606 330
863 447
160 517
284 798
110 65
447 685
113 945
35 554
184 605
654 360
340 608
74 963
299 764
559 273
628 629
675 505
508 785
357 334
181 91
38 855
280 19
234 580
679 316
395 171
691 481
314 997
17 494
413 490
890 772
252 140
521 816
786 128
600 70
891 683
834 113
943 957
828 700
12 878
165 247
836 391
16 102
962 86
593 428
549 891
495 963
416 871
270 179
553 314
422 669
867 503
871 468
643 657
526 432
465 665
936 234
280 389
445 727
165 932
766 47
17 435
861 173
578 143
474 862
215 567
505 116
848 525
578 561
96 434
980 598
899 745
870 591
858 572
114 669
543 538
146 904
487 790
103 175
306 694
15 642
390 202
882 789
39 564
903 808
165 395
240 400
30 220
466 755
367 640
803 812
240 580
116 672
4 864
4 986
40 693
15 988
485 164
772 693
40 629
365 881
478 652
901 181
193 219
396 28
315 442
419 642
74 989
879 405
915 515
815 425
563 63
759 320
595 271
390 310
104 569
474 85
700 596
135 726
407 397
526 282
182 505
4 752
541 597
673 557
738 465
52 330
914 656
734 331
705 151
885 832
440 744
75 676
264 423
951 399
207 744
158 38
988 428
641 177
399 19
946 35
774 811
193 98
115 417
60 756
272 221
638 166
553 189
804 334
476 123
116 892
475 971
304 216
668 700
313 544
659 207
101 123
190 137
56 168
179 222
839 126
993 770
786 75
646 259
643 94
284 585
49 259
371 333
353 691
157 227
735 772
249 207
415 324
166 720
354 414
222 335
969 425
293 871
654 68
662 186
309 433
108 714
975 950
853 864
860 464
213 445
482 570
163 386
715 133
671 262
654 583
767 615
843 176
228 843
210 54
994 310
387 151
736 805
867 479
209 823
499 941
460 720
621 943
935 707
988 482
713 672
809 774
209 482
432 626
516 266
191 288
283 382
401 815
410 33
46 846
564 965
335 697
877 815
690 524
408 628
272 314
842 741
284 122
922 794
908 894
221 799
242 878
382 466
708 325
712 478
291 655
191 879
717 337
364 797
355 58
885 258
264 109
141 983
281 980
314 263
830 76
370 980
199 836
409 695
526 419
95 834
92 557
237 450
974 56
993 645
249 59
501 854
334 859
719 334
294 396
675 752
917 143
647 453
246 149
583 193
142 285
808 420
862 758
204 175
718 406
122 778
349 979
607 144
853 237
106 547
147 427
854 254
816 2
112 406
817 289
400 610
495 130
17 855
371 643
807 683
162 881
544 776
740 989
251 191
448 951
609 366
514 421
643 410
970 898
320 467
492 124
428 50
836 180
517 487
218 392
281 626
587 937
770 213
34 790
341 130
233 752
805 294
171 142
364 807
378 769
310 662
383 687
809 616
497 759
90 265
529 326
620 540
932 759
941 512
288 544
195 784
580 140
80 902
958 510
963 928
833 814
619 997
988 264
702 853
682 142
423 936
873 720
958 220
617 287
337 807
717 763
866 814
950 536
707 648
853 977
854 717
160 800
581 212
431 460
332 211
256 19
174 168
946 444
247 650
889 323
202 504
577 211
745 685
512 335
301 741
814 143
55 395
57 423
900 556
110 982
473 173
426 525
2 864
319 96
652 760
869 104
214 198
386 305
301 633
274 512
351 867
298 251
149 752
942 575
611 317
241 37
650 349
112 899
686 429
205 471
199 492
341 806
880 163
46 842
754 601
669 589
110 805
835 242
786 822
32 260
573 665
477 313
316 779
611 301
961 191
243 675
107 383
490 57
55 68
805 338
317 946
417 4
311 15
495 91
546 394
415 597
450 302
577 516
688 658
716 173
836 390
626 128
682 192
349 444
593 698
450 489
601 67
568 480
513 590
233 38
207 637
189 218
882 540
42 582
733 134
778 4
858 104
689 12
923 391
534 971
313 756
489 719
897 514
163 976
639 360
33 610
910 908
925 407
768 361
340 926
720 785
666 757
772 54
729 962
816 265
526 586
354 369
631 15
438 875
804 722
271 712
455 240
570 891
894 792
819 218
572 317
48 703
819 424
501 297
732 167
184 388
752 961
275 94
404 395
819 147
343 166
694 21
93 323
808 393
212 47
158 37
515 912
191 471
708 281
362 302
198 873
835 246
351 767
420 243
491 7
775 338
418 751
46 327
262 315
784 781
539 15
162 471
990 168
581 977
532 291
729 116
767 555
957 189
222 229
102 599
803 163
196 205
322 1
802 916
956 500
973 162
445 156
625 613
140 357
67 366
458 888
938 46
23 630
868 727
230 621
550 520
785 260
757 740
995 852
137 988
135 364
436 315
315 95
682 456
216 57
8 957
722 899
763 786
796 197
15 126
613 566
682 102
406 835
362 648
836 542
646 253
433 699
710 580
412 346
884 368
236 275
697 14
253 982
554 80
288 2
467 691
515 969
56 238
495 47
982 963
210 245
380 493
134 987
697 511
18 891
62 517
944 521
972 281
791 528
100 422
598 678
252 361
359 996
880 764
557 45
11 937
494 293
495 748
584 519
104 957
490 594
358 933
324 682
2 890
947 395
634 640
575 771
491 334
121 964
905 253
604 229
961 801
954 755
195 503
451 362
127 452
443 429
342 666
856 93
62 905
206 943
820 286
124 52
929 466
475 387
653 649
284 191
98 45
120 339
546 333
212 975
800 946
783 551
906 388
607 431
545 65
698 323
654 412
478 701
769 866
377 947
621 758
538 970
13 198
132 166
748 37
240 595
221 909
141 187
475 582
791 884
797 185
938 707
293 740
417 790
227 693
989 978
831 353
83 998
529 544
115 69
701 529
349 991
343 911
434 244
416 430
955 945
713 405
990 787
288 255
78 318
405 898
563 407
332 949
278 51
916 376
619 290
440 211
75 633
952 393
494 326
714 862
472 104
423 300
563 256
263 403
154 570
606 600
359 817
685 875
149 679
661 344
561 68
275 109
31 777
978 839
894 535
905 480
878 565
850 188
749 710
113 785
654 945
619 154
217 641
925 748
483 829
890 386
59 168
156 716
704 910
614 915
506 950
426 950
704 964
878 918
471 688
996 676
892 711
667 320
523 782
221 31
106 39
594 370
472 188
904 492
755 56
833 397
333 755
47 497
778 52
958 244
341 772
351 409
986 946
709 786
664 393
513 310
502 678
150 769
402 750
406 664
895 438
531 93
33 639
168 671
21 773
540 18
934 439
890 642
625 176
293 68
629 166
85 330
737 701
552 25
159 699
867 873
849 232
469 329
841 246
48 174
404 894
20 355
840 537
235 820
435 55
325 302
479 613
513 267
411 148
976 254
767 465
951 61
567 667
330 44
127 330
298 697
956 490
879 84
848 153
858 757
306 153
791 173
587 47
185 353
789 836
668 767
743 420
884 181
100 559
349 314
4 609
826 693
187 732
487 200
838 824
437 444
747 121
867 471
532 320
468 536
856 768
74 252
125 688
700 243
678 619
327 730
966 50
70 632
11 455
62 662
898 41
798 834
200 35
269 114
274 587
437 880
126 732
669 901
266 714
443 196
537 758
954 2
559 799
936 277
962 697
451 693
923 39
590 927
915 296
381 204
22 678
479 747
224 576
350 580
198 703
959 65
237 325
192 746
239 737
276 873
615 630
842 227
672 464
177 813
261 8
150 647
312 787
595 843
28 350
140 979
605 172
963 37
410 874
675 243
931 601
893 685
117 863
600 224
858 814
142 347
850 45
898 775
399 711
665 502
241 305
779 744
711 886
778 742
360 86
877 539
825 423
187 449
449 791
339 456
322 65
925 508
640 482
92 10
363 442
971 188
406 944
890 786
90 133
304 195
12 90
867 232
593 190
871 800
988 271
874 76
812 116
429 639
777 332
147 207
254 329
48 558
310 61
626 204
568 268
815 990
550 828
306 70
987 421
665 30
424 990
144 683
171 593
832 738
59 381
824 307
531 48
323 565
761 20
100 275
741 20
988 473
138 719
791 777
444 683
139 441
522 534
529 285
14 354
878 414
910 234
22 396
697 773
627 401
768 431
668 748
634 871
29 87
370 843
898 731
864 212
42 809
572 794
985 401
293 851
290 724
216 849
238 504
917 477
427 754
942 594
905 295
388 846
608 986
844 636
109 27
6 239
202 778
86 22
465 367
504 53
795 830
609 168
632 121
13 325
354 559
654 435
36 619
126 455
325 690
143 33
664 631
91 102
377 162
485 737
314 974
479 252
153 601
46 662
405 877
130 765
361 916
473 315
562 703
473 157
269 235
307 275
343 526
606 183
407 852
931 239
544 246
174 448
212 786
986 451
894 370
806 108
192 226
18 455
637 706
894 122
474 718
994 478
452 746
223 682
380 501
453 372
938 505
736 693
52 179
535 687
116 688
47 663
607 298
342 145
704 349
115 768
792 202
285 612
928 935
76 989
313 701
797 453
71 687
144 153
676 105
181 73
380 693
181 789
272 161
307 496
158 956
653 785
182 40
699 19
54 66
43 838
280 774
642 419
920 760
803 127
500 353
774 776
930 544
631 649
511 765
586 202
7 328
574 943
832 801
107 426
678 21
609 367
887 235
266 788
842 729
252 315
236 274
463 216
922 673
784 967
531 752
843 884
620 4
753 563
690 100
483 464
287 22
352 889
426 590
718 818
99 678
606 593
662 817
139 104
309 23
544 92
80 735
30 121
650 309
103 714
649 948
575 957
496 108
275 626
465 903
197 1
380 991
542 665
199 143
421 728
40 759
805 555
882 364
28 313
4 725
372 185
492 971
850 383
544 977
476 807
867 52
616 427
366 121
958 367
443 714
803 771
66 862
334 803
321 811
431 944
962 674
695 312
524 726
94 336
610 65
78 951
921 598
770 291
820 723
616 901
155 791
668 162
449 652
428 171
915 430
571 654
622 425
269 557
13 311
139 606
805 992
534 966
636 505
169 750
254 512
726 14
449 821
315 885
759 169
895 911
924 864
828 60
397 533
480 646
928 853
555 374
705 731
806 371
261 699
743 208
68 389
148 475
929 757
195 41
436 723
752 911
628 479
384 355
190 580
304 846
855 932
859 385
669 359
242 865
120 661
504 51
954 514
714 629
872 12
145 783
68 404
700 441
816 335
679 569
703 315
905 128
773 507
756 497
987 674
772 430
886 335
61 988
187 177
960 651
153 213
467 595
684 724
714 784
315 881
272 2
137 678
38 276
450 327
902 973
787 987
232 821
877 386
674 387
646 159
975 97
429 584
563 618
236 946
882 385
69 114
296 218
373 68
57 136
168 206
884 726
779 924
616 846
942 413
856 416
643 844
135 350
712 870
536 848
810 424
832 161
769 722
362 976
999 751
887 918
233 715
718 417
552 555
546 321
382 251
779 918
536 248
488 507
445 857
572 451
424 843
9 73
547 514
548 170
548 737
626 796
900 405
378 791
250 547
458 433
870 52
563 347
596 261
931 732
331 186
108 605
512 926
850 327
384 68
893 690
253 533
238 232
702 249
551 638
2 891
83 406
122 203
568 805
239 356
807 95
324 216
844 608
581 169
408 172
506 378
556 25
53 430
231 250
628 480
474 598
170 955
726 491
31 792
639 880
599 153
534 787
240 617
420 276
444 420
251 515
473 836
410 639
149 492
936 401
842 988
309 841
427 279
85 188
637 594
50 36
154 352
619 265
15 278
970 60
490 605
488 74
69 457
913 213
293 379
838 861
891 496
809 497
398 976
520 64
124 582
17 53
162 939
589 582
438 827
215 165
620 58
323 803
759 543
21 187
967 625
669 914
962 571
465 250
248 798
449 772
895 358
889 340
974 61
186 155
474 665
260 210
424 691
354 141
463 156
782 605
895 50
545 742
731 199
45 140
414 466
333 581
858 273
105 258
92 421
769 47
190 310
252 503
962 548
812 950
964 837
911 850
193 452
817 858
733 257
797 904
215 357
809 510
890 28
990 651
881 513
83 751
623 169
929 206
986 713
821 44
725 628
243 672
371 425
207 850
22 671
879 882
559 959
282 309
853 524
915 621
626 564
429 586
486 665
182 471
198 716
263 517
526 250
909 296
94 76
372 56
410 755
876 646
365 181
441 241
254 26
14 389
197 404
996 293
658 267
70 531
329 483
637 4
89 586
980 384
73 943
209 971
823 375
546 902
152 895
624 316
493 312
730 196
483 722
584 785
152 480
551 86
154 710
239 250
214 975
221 63
76 990
913 332
594 58
103 125
84 694
418 923
490 484
661 862
879 67
968 314
415 184
897 464
300 492
559 225
887 144
9 162
907 254
170 97
893 27
752 529
43 938
558 481
612 474
781 716
201 354
838 464
893 536
672 347
198 262
886 439
713 512
504 995
45 707
571 813
952 614
246 154
671 276
932 795
122 124
857 108
778 965
490 365
41 768
530 543
362 457
372 17
658 537
345 163
715 749
690 990
952 762
815 769
29 650
957 894
635 229
748 125
923 802
343 679
181 275
875 839
795 687
119 234
286 311
207 408
347 968
295 553
552 252
878 532
323 268
190 265
795 883
631 313
849 479
87 498
145 25
341 652
814 395
176 188
428 541
374 122
394 690
556 971
38 233
707 600
944 215
595 437
100 912
940 193
26 662
47 972
722 454
15 605
340 674
649 579
395 813
56 541
132 212
178 124
153 399
131 461
348 872
365 165
748 386
877 682
591 710
732 316
574 238
836 127
391 800
903 859
122 189
744 625
880 861
262 704
15 267
405 504
785 38
465 763
19 535
384 725
737 851
514 745
663 261
453 472
776 67
46 182
903 146
210 952
317 457
569 445
338 618
555 376
164 782
69 750
950 40
458 223
989 791
116 684
731 277
586 514
396 690
575 852
657 823
311 717
634 839
164 194
329 620
214 706
203 677
748 567
585 452
849 11
959 941
727 850
49 435
142 94
625 544
762 321
469 416
985 556
333 492
672 830
778 866
640 415
378 321
183 88
894 829
880 954
229 943
339 75
606 585
597 695
141 941
152 199
876 289
40 734
770 15
700 452
711 36
427 293
265 166
526 932
496 824
6 654
218 894
190 797
486 112
735 968
574 131
62 759
502 878
413 501
862 568
513 116
705 788
362 324
68 96
690 453
851 710
575 590
536 28
486 858
334 957
713 675
506 107
911 812
825 498
844 70
459 18
106 420
710 169
518 312
817 905
187 56
313 888
845 846
494 127
132 563
336 282
492 346
486 867
630 441
504 235
224 166
232 12
498 462
882 426
28 812
124 768
906 353
408 654
680 377
660 907
187 704
941 736
73 850
355 915
914 23
545 393
443 74
502 628
238 321
860 936
622 523
369 448
971 338
241 328
634 798
446 485
244 50
757 733
156 232
536 320
308 166
510 771
890 935
842 700
359 436
687 733
631 958
86 614
504 937
229 787
745 359
533 43
834 926
267 94
465 698
528 817
867 227
362 165
864 731
974 706
284 334
45 407
335 192
161 385
413 54
702 540
372 754
7 843
597 454
522 19
99 825
160 949
965 550
25 287
875 858
50 95
942 518
95 265
398 488
889 930
794 811
939 420
591 501
513 823
131 177
549 291
516 46
797 268
117 106
613 31
887 132
295 32
680 486
336 448
861 590
614 825
762 663
575 156
265 75
737 624
441 972
686 209
385 406
217 750
52 342
521 668
246 15
911 378
509 633
842 219
760 901
163 330
417 259
16 28
276 583
884 805
549 36
438 265
705 635
156 265
135 589
725 632
54 709
838 667
229 220
714 754
537 671
755 965
570 258
273 192
263 721
861 500
452 753
467 916
696 870
665 527
209 609
783 246
251 2
6 602
371 401
319 313
320 533
866 443
780 497
143 344
759 565
797 805
219 176
251 6
326 686
482 799
761 267
135 215
742 864
206 873
706 521
298 113
985 711
533 967
843 702
33 395
662 5
306 334
499 609
518 512
747 873
752 792
398 342
469 371
405 948
312 412
383 135
693 589
93 901
495 760
830 742
634 705
758 105
131 905
545 481
259 223
309 482
456 729
394 564
16 138
889 72
395 856
637 85
171 865
313 985
897 150
895 481
349 526
933 222
989 529
565 950
774 747
10 345
135 401
962 389
478 806
402 280
480 933
104 249
921 158
7 568
501 967
985 154
534 673
961 845
311 50
644 906
848 407
450 672
926 334
239 891
858 467
224 522
3 151
348 966
829 502
139 231
322 336
587 695
13 972
189 462
564 615
981 803
729 185
527 501
420 856
244 244
573 512
367 713
484 191
560 643
609 271
953 870
278 653
167 876
860 529
463 185
314 63
958 238
187 845
550 768
645 474
661 934
180 46
964 302
760 497
99 960
152 855
408 298
853 705
491 98
686 86
950 105
615 139
496 255
318 475
971 79
137 634
578 555
379 805
870 493
670 219
527 873
635 539
627 824
826 580
757 563
198 616
111 84
764 896
488 183
615 27
751 992
284 664
204 106
589 504
812 784
345 233
984 567
57 736
813 264
432 170
738 552
845 430
77 514
207 819
614 352
285 668
336 402
710 528
73 678
678 773
388 655
84 307
654 73
547 394
78 510
31 31
374 462
529 126
182 839
132 70
24 683
982 312
590 247
950 482
675 269
724 902
998 979
131 357
672 364
237 165
91 521
705 725
513 927
314 203
5 223
2 480
793 200
362 994
565 307
920 934
149 648
608 941
570 593
372 406
938 762
807 867
494 353
931 415
351 692
480 391
744 37
227 623
178 509
54 265
487 754
481 27
764 711
393 806
386 619
708 42
695 48
817 162
334 528
880 763
306 571
376 422
305 873
260 169
169 559
847 467
718 668
925 786
687 968
316 732
241 499
677 839
468 130
773 481
531 512
352 383
774 96
600 369
343 492
254 367
190 262
830 322
957 476
650 857
241 601
599 185
242 783
161 608
220 270
396 140
505 132
148 903
498 954
237 565
387 601
309 774
428 368
497 259
9 617
486 356
534 909
223 406
436 632
394 775
196 404
912 770
58 470
537 753
866 924
412 629
842 839
343 462
771 999
177 749
886 101
36 251
406 40
396 416
153 971
569 387
767 616
918 85
127 985
95 131
671 163
546 484
856 954
840 918
582 997
775 808
559 401
9 456
21 843
466 739
451 488
197 624
286 661
122 351
172 299
495 295
551 813
786 457
543 671
494 140
186 798
1 154
634 203
90 300
877 777
105 137
451 92
437 395
929 160
741 69
156 253
856 161
346 308
857 490
497 635
848 722
812 537
463 320
11 135
991 201
697 255
375 740
297 284
982 68
820 810
34 943
471 431
739 308
327 463
105 622
38 784
964 845
279 600
887 999
360 709
794 31
260 993
760 642
72 373
748 580
473 680
162 560
334 859
568 472
828 899
643 852
410 87
838 87
569 636
723 976
783 628
774 87
697 129
521 250
363 946
160 718
569 799
415 562
111 423
496 813
447 534
98 515
220 738
161 312
292 727
58 823
790 721
411 48
518 965
209 398
450 121
792 678
202 178
858 16
695 355
707 85
992 947
620 871
359 130
870 794
253 690
373 772
638 657
657 499
555 809
865 67
452 217
729 387
200 974
332 918
217 831
886 830
759 913
669 246
130 155
416 877
244 636
319 810
846 22
759 178
13 659
816 421
518 575
801 771
803 397
766 522
747 730
673 835
259 786
251 662
671 423
576 691
525 139
53 106
524 899
184 868
379 734
246 611
273 850
590 629
907 182
695 708
85 914
706 282
627 130
184 15
782 304
736 655
94 909
238 797
780 930
588 997
188 562
346 750
593 673
387 462
550 332
636 400
450 806
24 6
352 225
407 393
808 349
661 204
390 143
791 416
53 159
36 513
28 209
22 780
766 551
297 449
542 761
58 182
809 774
6 840
874 771
387 766
320 182
73 858
626 927
871 885
518 60
771 335
928 221
414 597
288 203
875 282
711 800
675 514
220 962
971 623
809 835
17 776
886 294
518 327
248 688
191 539
728 227
455 516
560 539
696 899
792 715
916 361
887 59
958 230
589 396
938 546
552 263
265 174
213 881
168 23
833 199
619 128
175 220
945 877
906 640
47 813
300 955
543 786
492 189
895 766
617 282
644 854
653 146
855 62
289 448
264 416
978 966
962 261
196 192
971 8
31 882
445 289
263 991
553 698
821 582
468 334
428 471
408 720
723 944
231 679
688 567
624 914
94 921
961 894
443 452
882 174
981 258
940 997
447 527
19 987
892 804
853 205
718 393
781 252
163 452
659 272
535 941
853 473
162 50
797 873
249 599
494 141
400 739
172 119
865 306
225 773
329 455
867 336
480 587
547 901
160 944
929 61
251 44
527 81
260 106
508 801
296 752
538 281
581 258
26 473
478 88
542 291
921 914
186 235
887 557
22 945
126 193
964 225
437 667
862 79
730 3
425 100
466 245
470 338
772 405
843 275
58 729
683 816
887 495
544 551
611 366
326 895
767 97
490 64
407 778
348 337
913 833
393 779
312 319
375 565
111 998
988 937
885 18
565 850
161 498
911 24
505 451
809 403
787 121
822 148
150 923
467 79
102 255
692 818
157 891
680 528
511 825
537 704
213 287
10 119
677 839
568 547
345 337
976 285
132 946
297 970
241 157
273 316
188 967
882 795
692 619
919 530
224 477
608 401
381 160
933 37
942 762
303 384
9 437
291 893
275 825
304 509
544 712
440 962
39 420
917 51
167 804
524 526
905 959
802 657
351 689
164 908
188 110
620 678
231 476
608 689
784 469
728 7
883 762
51 587
477 511
873 848
92 817
397 731
581 665
827 376
93 645
671 468
427 80
485 55
776 607
278 434
224 866
509 448
222 93
617 37
72 163
910 176
248 508
437 826
934 235
57 180
565 236
539 742
96 999
234 924
256 232
96 164
201 229
132 820
210 184
162 74
789 559
26 439
322 329
120 984
414 904
817 163
64 757
227 581
121 880
762 356
309 825
850 660
132 521
58 42
929 734
65 212
545 202
189 393
607 537
22 477
237 94
384 610
889 245
969 411
25 467
612 833
789 349
951 878
583 373
308 899
280 334
898 539
581 184
336 246
569 226
735 705
480 113
481 93
96 178
780 981
761 713
414 177
153 910
977 351
256 744
855 587
782 926
236 851
484 477
158 572
701 266
44 513
524 746
430 637
42 696
124 457
992 46
519 680
967 721
932 242
372 648
7 927
240 14
187 952
466 899
142 566
854 536
456 549
229 107
574 999
800 137
340 359
947 31
423 431
609 239
36 605
645 192
751 316
834 902
669 771
933 191
212 163
738 593
974 780
428 353
366 712
888 632
368 213
138 936
606 917
352 744
396 834
260 957
576 876
238 934
714 814
22 837
688 795
683 66
319 661
280 706
639 347
613 944
981 590
664 389
955 657
560 385
962 764
78 549
931 576
630 448
185 456
928 24
876 905
824 147
131 453
518 580
364 958
785 482
221 498
683 704
219 891
75 720
212 369
412 660
148 169
540 482
410 287
236 33
33 82
211 574
544 686
501 683
826 368
174 649
411 792
752 848
139 185
913 941
617 648
683 216
478 883
499 399
406 885
900 169
721 520
727 682
794 659
978 603
392 861
615 101
561 692
516 355
603 133
85 727
777 137
299 922
631 795
857 33
895 30
627 605
64 762
81 216
476 577
92 151
446 463
101 80
950 925
740 442
794 702
81 662
769 386
864 383
255 444
646 62
289 279
331 614
110 885
77 263
654 19
495 191
466 211
701 36
301 992
868 915
671 904
437 499
675 349
343 630
703 181
599 12
884 201
370 346
218 948
329 160
519 460
483 245
390 770
175 378
546 773
323 184
863 615
166 159
843 590
974 702
226 511
860 319
292 898
467 539
496 327
771 117
589 141
253 898
603 779
859 31
155 420
844 735
700 161
14 783
663 755
741 322
798 367
574 162
709 250
46 407
159 105
264 591
893 307
604 573
592 647
671 51
435 553
345 168
515 210
427 840
557 583
233 728
224 893
877 620
778 517
213 386
632 648
260 800
536 226
758 563
473 363
529 291
562 196
432 966
677 389
447 228
690 149
815 468
92 962
7 347
431 640
872 526
882 946
543 377
799 863
550 385
836 184
547 261
236 602
151 278
171 612
482 181
252 394
655 100
334 475
560 138
895 184
627 104
887 53
605 974
754 740
345 841
291 602
187 949
859 892
854 46
373 367
244 696
675 397
544 565
257 643
24 136
69 77
256 311
960 514
343 572
11 889
835 634
601 396
768 201
830 455
255 957
835 520
122 328
707 228
714 669
105 966
184 128
878 835
336 406
762 924
448 46
713 752
127 4
910 104
478 725
752 803
693 381
991 707
647 970
270 492
344 327
946 277
764 564
707 162
983 36
887 313
913 956
35 150
549 938
419 718
237 610
287 276
926 840
88 767
74 284
97 137
255 939
967 626
357 834
852 895
665 468
883 548
820 139
69 138
36 508
898 202
921 618
954 530
298 468
670 879
968 648
877 635
466 446
148 985
631 343
536 987
515 828
420 572
318 178
530 81
135 209
324 96
175 830
406 723
502 383
501 440
718 734
255 627
378 574
936 251
260 409
512 638
414 946
410 725
269 200
732 170
719 651
106 397
89 436
168 830
920 668
430 169
672 439
142 78
539 618
736 812
902 888
341 64
495 753
189 413
657 898
438 931
422 149
224 780
515 220
374 894
533 674
718 216
997 715
908 973
653 915
895 878
296 98
199 250
665 124
703 951
988 386
135 603
818 820
490 246
529 816
162 756
179 979
892 342
766 807
24 362
235 32
62 282
407 270
961 841
297 554
168 555
512 843
747 998
791 404
709 339
506 57
759 361
752 685
537 300
931 749
368 546
158 362
110 216
371 538
805 394
441 516
720 206
899 916
527 840
947 607
138 320
665 26
54 574
546 558
283 451
100 586
239 226
450 812
72 257
29 391
456 887
917 768
775 681
387 738
372 553
510 745
107 784
664 976
845 790
283 455
319 206
902 331
619 100
415 516
469 893
781 68
884 229
624 870
779 162
889 56
628 698
830 942
320 532
425 801
743 182
771 52
83 48
604 418
719 694
281 907
872 788
49 608
821 946
773 771
421 559
362 257
257 835
738 1
317 582
157 994
159 24
582 782
667 966
885 510
434 872
833 869
430 595
502 678
195 93
711 785
556 795
684 350
208 81
616 898
7 117
305 67
4 324
828 253
336 718
132 286
173 995
156 664
127 651
93 518
754 101
432 940
253 479
580 491
829 967
710 721
275 184
857 376
359 660
781 523
280 744
786 594
5 255
494 766
977 94
189 429
242 66
930 326
377 896
323 273
664 461
372 731
252 297
351 788
119 259
828 361
885 745
755 85
258 395
333 146
731 570
486 328
407 992
445 496
334 596
322 297
605 253
939 73
179 127
653 83
441 387
553 134
725 731
719 285
322 479
248 27
442 626
828 257
244 186
661 254
557 983
828 832
10 578
437 232
677 245
633 521
574 497
958 613
825 233
723 76
264 715
80 106
145 863
574 181
385 979
921 347
319 700
136 900
681 399
979 314
651 132
748 727
991 43
674 422
587 518
158 733
388 546
636 223
82 628
648 692
381 841
11 463
195 662
72 907
748 80
657 631
855 295
88 350
73 359
447 651
220 298
819 153
925 47
351 486
930 369
32 878
253 329
938 176
602 549
869 982
47 39
158 220
327 173
247 236
990 239
106 281
155 6
841 209
322 159
14 804
265 792
673 776
264 452
76 312
688 469
18 903
367 704
687 422
43 403
639 484
342 380
3 289
301 765
184 966
608 151
896 954
105 458
550 17
876 581
714 397
447 531
828 780
254 429
189 111
41 482
4 233
990 986
754 406
327 256
740 652
360 424
192 346
499 527
598 402
546 718
889 812
905 513
362 562
995 985
820 81
545 135
683 732
246 8
356 69
723 944
43 785
516 204
734 648
293 212
196 185
442 950
598 817
21 283
626 52
65 475
117 960
297 876
995 385
869 172
437 595
85 265
176 945
66 706
191 509
227 141
307 746
978 45
674 404
46 74
337 220
333 125
302 560
447 978
786 662
565 485
715 222
674 465
930 700
197 160
37 57
434 829
6 519
573 400
230 293
512 126
784 991
834 497
90 980
122 704
404 7
370 385
866 577
234 74
37 266
300 332
910 296
511 555
638 978
5 289
479 588
260 368
311 663
915 974
606 560
386 158
409 359
755 430
354 762
938 129
273 964
256 672
910 283
874 793
74 671
76 281
875 720
195 405
194 65
491 706
413 167
307 230
584 928
273 539
355 182
885 62
593 441
319 37
455 796
874 838
300 27
862 475
658 728
954 240
622 991
917 580
751 854
49 10
330 530
769 868
995 553
197 3
340 723
565 11
276 71
247 867
471 164
482 332
146 653
718 492
389 730
922 349
146 453
686 375
449 865
225 156
337 167
301 754
944 313
81 394
837 181
817 830
48 821
585 266
680 848
855 714
489 897
538 830
35 349
87 467
482 387
582 378
118 245
394 486
375 849
842 411
208 13
617 634
999 316
272 329
446 613
448 741
691 443
691 282
161 853
592 534
392 669
452 444
614 315
325 311
22 718
775 769
342 915
37 198
749 163
142 44
634 894
61 580
113 260
865 316
182 625
894 649
409 937
968 876
705 206
778 87
5 29
93 323
151 601
702 405
394 836
237 735
426 98
401 198
976 764
967 670
397 17
520 726
483 948
761 229
560 957
198 957
699 170
671 492
401 547
840 238
493 266
229 44
774 840
667 758
179 746
945 991
931 650
424 85
826 70
15 307
366 427
959 639
967 266
290 95
897 547
211 154
773 173
351 345
798 727
885 553
306 982
835 594
341 828
851 32
493 995
992 64
617 537
707 136
382 994
246 862
974 400
741 727
421 32
374 385
625 560
724 583
134 722
363 883
932 197
3 902
712 504
299 148
301 390
552 571
378 958
520 366
679 857
830 74
995 703
694 578
864 786
819 601
643 838
905 932
407 513
61 805
136 13
211 811
79 322
919 793
385 967
672 221
163 820
781 506
308 915
384 182
331 25
479 383
960 114
784 297
195 994
189 948
433 533
540 792
819 412
789 989
903 161
974 379
26 530
524 227
844 519
536 449
352 697
990 924
54 856
622 753
604 861
118 977
303 847
455 988
595 995
80 85
34 674
610 764
552 927
130 428
517 737
99 319
75 204
945 751
428 260
300 179
485 578
309 156
986 668
852 368
280 616
654 843
383 874
383 190
73 317
672 641
643 606
562 186
643 21
841 678
563 466
781 776
275 3
502 952
996 70
483 769
684 675
914 420
326 474
83 782
89 871
312 193
662 734
233 13
809 14
863 624
404 515
901 669
633 190
406 578
323 171
286 255
30 705
160 266
673 12
852 745
398 463
243 411
402 315
670 734
545 750
492 632
357 510
240 153
83 227
857 984
716 524
69 670
789 156
659 510
476 32
883 481
381 197
814 781
100 207
763 551
407 723
907 728
973 671
744 762
349 335
978 252
584 179
250 721
163 908
575 875
850 85
928 311
371 366
716 499
208 694
850 932
952 357
469 960
779 601
526 242
954 10
664 530
244 52
683 276
254 558
483 711
56 537
286 35
174 565
345 549
867 243
628 934
115 647
632 521
737 883
24 831
156 192
881 815
947 947
398 281
166 970
390 599
371 564
191 523
256 672
91 590
859 284
550 588
839 355
39 554
745 267
190 14
646 847
158 368
872 282
548 371
985 914
436 962
428 799
718 333
318 421
767 81
362 998
78 91
390 401
751 285
809 583
388 683
947 50
487 325
667 583
153 371
25 489
556 705
449 960
843 349
221 691
618 921
101 611
871 688
667 800
776 983
873 557
925 510
844 413
249 958
864 240
483 923
202 700
664 591
555 84
634 625
89 390
823 959
318 177
109 546
214 539
358 786
823 542
759 677
85 773
726 804
363 730
907 538
169 987
94 8
396 347
279 199
605 231
790 991
449 206
519 99
249 439
306 377
429 81
669 369
286 88
917 561
363 474
247 495
377 907
409 951
66 165
632 705
887 883
266 558
638 538
483 468
596 913
272 449
973 559
878 662
447 422
81 362
427 821
292 727
647 933
160 364
85 963
571 659
382 134
338 130
92 722
26 821
963 3
307 571
8 106
970 255
515 877
18 569
769 988
603 9
402 925
863 957
199 129
87 867
605 285
798 399
256 1000
100 638
772 941
352 31
732 227
153 705
329 187
138 830
243 255
46 904
715 488
947 180
84 222
84 596
827 134
752 108
8 478
278 337
613 871
190 4
278 30
271 608
958 239
581 635
10 915
144 164
913 65
496 810
416 270
127 530
958 793
923 306
823 461
821 815
350 322
408 240
892 387
528 562
465 940
809 430
635 708
128 843
82 515
171 857
107 182
37 87
581 1000
467 653
636 97
759 130
872 314
445 872
776 229
644 277
807 314
127 33
697 536
953 798
898 235
171 350
2 353
8 493
218 196
798 753
301 983
156 75
702 368
549 824
112 317
350 292
907 759
520 899
372 243
808 427
144 37
335 450
102 40
919 651
613 414
895 513
58 937
886 699
361 605
938 171
399 622
57 888
796 498
682 349
503 970
298 621
2 636
650 600
442 523
106 794
696 557
636 139
459 204
255 783
88 52
772 456
441 407
102 542
775 742
231 431
38 514
614 966
149 773
181 19
921 481
435 650
752 654
991 108
696 861
789 873
274 889
423 494
334 629
860 219
702 504
600 473
834 272
404 582
982 129
798 228
25 649
955 607
731 173
158 355
64 752
762 472
882 45
936 522
58 530
162 81
866 570
139 323
188 348
622 867
236 986
365 344
696 863
562 528
483 127
577 686
324 272
204 407
304 55
444 341
506 262
10 671
510 666
756 24
470 10
185 927
90 455
704 703
642 159
920 541
626 222
161 665
315 404
622 305
240 595
456 589
537 680
914 851
741 152
468 12
951 253
439 512
205 412
238 244
349 257
791 622
593 931
171 816
43 403
640 319
870 256
700 3
84 876
546 399
473 317
702 999
474 680
232 815
777 625
869 902
856 995
515 699
874 85
780 349
367 209
645 519
190 51
617 313
852 810
714 858
736 704
433 719
421 787
466 986
160 241
857 500
187 622
873 461
433 354
555 845
860 14
788 704
284 921
529 476
373 622
100 674
562 933
196 297
486 285
817 330
51 27
76 723
232 239
949 133
903 189
224 350
21 364
20 303
989 452
648 610
304 543
205 296
649 256
136 276
648 412
841 803
198 921
967 431
752 551
152 784
854 462
546 9
735 399
970 9
240 649
810 437
28 987
899 375
857 321
779 891
528 219
193 207
298 241
195 286
987 261
76 774
360 849
41 21
800 273
150 340
64 761
334 637
103 131
20 998
332 381
205 659
680 906
861 941
455 670
171 770
699 92
533 715
401 78
435 795
924 8
937 975
37 972
536 426
944 593
522 967
141 480
971 202
26 249
924 98
697 117
286 657
3 712
341 271
14 23
122 682
456 809
765 998
42 359
545 967
515 67
213 813
738 434
722 163
886 324
841 331
881 444
597 509
852 830
434 183
817 709
42 989
402 146
751 58
116 255
514 624
998 92
151 769
925 63
880 692
943 88
35 956
615 876
843 624
102 861
512 409
763 840
211 843
573 340
513 124
819 863
420 248
689 101
170 309
6 140
739 856
98 438
783 280
601 124
86 296
162 6
154 207
974 844
724 692
11 263
315 2
260 513
871 965
295 704
98 751
451 536
564 905
412 195
764 951
38 250
564 609
531 932
946 671
787 961
92 642
71 12
300 482
767 568
723 267
191 500
117 834
210 751
604 171
907 699
997 874
865 79
355 101
678 921
397 648
614 398
756 431
857 870
271 102
511 132
154 644
705 451
767 376
245 312
949 392
456 685
730 938
189 12
587 454
704 341
960 555
894 861
566 596
82 775
717 885
915 739
824 540
796 351
923 849
873 355
344 664
315 891
801 536
982 82
749 718
461 351
499 251
415 420
921 117
326 157
745 536
588 514
862 467
632 466
734 422
385 515
138 340
583 258
147 520
895 469
321 533
824 48
79 35
913 693
967 850
229 211
958 166
78 548
147 87
207 834
296 183
266 966
832 115
159 523
531 679
315 52
838 309
541 256
311 684
293 620
962 978
91 805
474 505
571 216
784 761
217 424
987 835
106 839
919 813
351 691
438 253
274 661
559 396
38 965
40 92
571 516
67 238
991 252
764 120
200 289
868 10
816 708
900 290
621 180
96 591
343 993
274 724
381 257
123 991
357 810
508 852
389 423
154 387
260 233
691 923
624 649
93 183
441 112
422 99
440 689
706 981
958 786
230 628
323 212
273 357
586 198
390 892
675 10
238 223
269 905
81 401
166 651
484 36
575 562
493 350
667 302
954 256
50 775
372 615
558 533
321 782
652 28
43 691
856 278
965 139
415 25
869 523
188 427
43 633
242 366
82 907
208 780
467 688
578 174
662 535
802 884
868 864
316 208
326 194
165 841
782 894
322 354
943 29
833 865
551 198
724 320
500 835
109 266
937 144
760 509
411 48
415 179
666 233
20 582
991 510
158 502
342 293
942 333
862 124
955 815
257 880
262 981
974 558
828 75
148 322
387 778
189 940
689 385
479 519
658 253
864 907
188 671
960 393
736 562
18 258
83 904
713 163
257 615
515 113
724 543
676 721
122 7
719 955
607 389
153 575
916 627
831 511
250 978
87 152
914 616
930 386
575 55
877 577
310 857
102 222
634 320
16 626
404 160
887 588
426 790
989 625
497 970
370 756
19 939
595 906
590 472
707 800
627 361
459 706
920 821
713 305
450 673
495 365
521 587
785 92
45 392
767 705
862 12
602 632
470 235
117 884
840 915
33 395
387 849
892 843
573 748
380 69
374 206
806 542
569 701
507 741
962 479
827 749
817 800
264 752
457 826
267 45
923 60
554 239
529 886
299 836
47 292
541 84
474 247
923 491
997 329
826 664
656 888
924 316
180 731
210 821
192 185
313 867
100 426
897 884
149 356
645 535
944 540
875 926
992 252
143 862
88 871
536 535
195 135
638 399
132 896
164 446
170 677
524 890
183 789
841 126
286 910
536 112
726 46
525 183
311 872
197 332
625 183
691 339
977 44
502 709
875 963
595 561
921 709
929 347
536 153
864 851
360 3
779 336
585 643
83 8
470 407
138 833
65 994
540 206
153 55
498 520
137 887
889 581
11 771
315 585
313 774
624 252
273 818
688 389
765 584
879 993
46 572
996 245
1000 285
396 672
465 414
895 794
723 118
972 927
196 761
170 81
304 210
344 140
254 216
27 994
791 871
231 968
750 437
188 34
299 526
328 825
26 853
932 526
218 391
913 289
665 172
745 279
579 914
546 29
623 998
121 228
797 8
71 234
145 930
182 413
184 699
669 673
778 805
763 510
916 391
95 446
38 613
652 76
570 653
168 650
755 403
792 807
837 719
269 887
405 901
223 566
206 564
900 503
455 712
595 682
182 269
300 496
477 941
250 233
187 283
726 567
928 479
73 266
528 571
239 464
67 232
576 542
576 933
779 175
921 422
726 246
862 472
998 413
514 397
191 26
322 671
290 521
885 594
943 535
684 874
484 406
766 619
911 847
740 79
749 694
503 315
601 916
816 555
879 582
758 342
820 1
55 423
265 229
951 140
578 133
849 711
419 788
3 752
771 733
315 639
939 739
305 511
547 185
580 683
860 376
696 686
269 310
462 721
240 505
125 243
938 994
234 937
742 814
745 817
508 31
874 206
835 58
135 926
678 388
438 511
80 923
843 841
281 20
790 868
985 892
491 370
14 27
201 924
455 52
669 822
933 687
83 131
675 827
626 884
712 755
246 202
237 650
210 432
566 965
491 388
793 182
500 718
649 539
693 589
138 849
543 78
136 630
836 404
133 696
775 735
73 444
104 547
272 278
868 431
271 225
604 674
455 248
86 706
657 701
622 37
716 823
735 27
158 626
869 864
567 162
950 70
46 674
34 180
109 817
296 215
767 571
572 922
2 893
115 305
658 711
993 832
232 427
68 482
293 901
356 666
151 805
319 673
107 239
305 477
296 536
824 258
135 795
371 315
715 835
788 72
248 747
972 353
291 382
369 724
9 740
501 356
780 28
599 298
396 835
137 347
861 220
840 584
793 943
859 452
737 369
572 388
416 666
107 313
766 500
785 658
536 521
452 993
626 103
106 255
256 586
87 719
426 843
445 531
498 295
741 498
333 630
730 813
18 987
942 230
305 153
359 318
797 770
540 472
763 470
949 594
111 932
937 234
42 192
778 843
93 817
775 147
785 12
27 19
96 225
307 634
318 274
119 983
875 925
292 767
751 543
590 515
993 652
300 673
449 683
142 811
95 566
855 57
439 378
991 269
226 311
901 678
703 133
437 460
719 241
335 786
38 620
950 563
249 5
254 163
860 182
779 140
713 176
539 987
926 696
639 902
284 685
274 373
271 404
453 812
609 713
166 665
414 355
131 591
38 446
197 459
362 823
323 621
974 84
731 804
136 399
54 684
950 218
326 232
39 310
235 886
47 969
926 444
688 242
606 459
17 398
516 829
767 943
434 719
786 196
808 858
465 289
476 746
563 707
314 803
749 468
113 452
912 648
202 822
689 310
133 426
300 719
592 23
73 889
52 249
605 750
454 209
128 126
205 841
934 952
584 162
63 514
850 776
344 718
541 875
689 898
572 804
767 825
803 130
274 54
41 803
727 62
309 995
420 265
981 558
861 584
13 916
652 491
944 104
660 968
217 947
362 840
868 938
104 502
4 67
462 150
386 494
999 764
846 300
758 407
891 1000
975 351
792 757
139 355
955 334
735 648
352 962
328 637
227 837
96 853
484 321
481 547
68 789
967 544
652 802
494 514
549 144
17 507
313 601
916 382
148 695
253 435
249 137
293 978
391 765
513 658
334 827
616 18
484 431
432 890
294 917
72 295
840 527
817 662
233 379
530 731
468 86
290 917
687 3
883 54
783 225
985 391
854 679
190 278
161 957
642 802
927 245
773 575
221 114
625 158
666 879
787 323
40 611
351 915
936 719
617 384
753 286
916 95
96 723
372 488
784 783
197 830
182 703
79 905
184 459
208 459
922 506
918 487
385 12
242 930
430 761
606 632
852 828
46 179
790 901
414 815
618 936
150 18
730 897
551 663
270 982
487 400
607 303
75 645
46 355
956 880
161 662
296 771
998 30
120 98
212 868
761 133
723 109
119 80
87 983
555 661
162 28
642 986
845 325
991 688
530 279
259 857
946 697
756 925
4 157
800 828
558 348
389 37
936 947
738 71
239 570
643 644
32 675
218 283
529 146
473 423
394 151
69 900
260 970
778 480
141 916
549 3
4 609
75 316
558 96
205 415
574 547
181 378
267 401
877 688
440 778
404 350
690 303
710 822
603 1000
340 734
838 369
302 127
683 98
218 662
831 892
530 450
790 743
357 88
792 427
631 440
360 920
845 164
117 406
287 750
274 657
383 836
406 203
863 123
36 412
364 617
247 814
589 959
38 965
521 207
779 215
354 356
861 7
673 707
242 539
232 337
601 689
398 916
382 932
623 660
327 893
558 688
468 491
716 509
753 786
962 655
359 699
54 161
91 870
959 933
850 111
599 415
579 620
237 292
169 136
147 964
812 278
938 14
793 300
288 322
652 391
586 317
542 321
22 148
249 513
542 715
860 519
295 768
369 802
631 832
33 180
539 497
375 881
182 588
919 463
196 525
123 678
84 800
312 256
634 685
730 730
645 385
679 300
549 19
766 934
993 122
582 678
398 527
363 699
662 543
249 327
25 807
478 354
567 413
346 688
151 404
408 381
422 400
103 281
457 787
781 808
404 234
626 491
426 621
451 909
585 394
32 990
274 590
22 302
746 8
874 669
300 910
868 178
563 318
620 689
379 671
787 12
799 597
835 474
396 128
857 384
844 71
939 199
955 663
732 483
594 962
430 829
635 815
810 402
40 616
230 445
735 149
589 530
768 947
834 44
882 129
957 75
92 460
794 497
859 493
928 698
908 478
246 632
486 398
678 521
336 937
476 464
85 117
686 407
390 175
123 192
905 537
628 931
405 671
57 600
637 343
744 876
777 486
45 915
300 774
207 258
273 328
113 602
260 803
250 890
712 271
204 44
76 671
103 911
409 418
27 724
369 129
815 952
735 338
285 379
637 408
351 470
84 565
132 784
557 641
203 704
81 878
181 41
948 70
306 393
806 919
656 685
973 818
188 628
98 137
85 182
649 919
165 728
497 758
703 97
380 712
461 681
575 267
730 241
665 265
248 519
699 666
109 426
28 663
117 219
312 835
112 81
182 365
773 263
996 41
547 941
436 151
218 329
408 179
388 203
960 796
753 884
355 36
139 453
97 571
595 265
349 327
471 171
304 977
665 192
44 959
371 416
149 358
990 917
600 333
564 267
70 821
198 129
402 783
752 158
724 843
427 827
122 848
721 818
275 869
665 595
362 370
925 847
226 883
612 884
448 694
747 631
656 263
548 487
743 816
542 444
53 228
835 612
293 291
544 858
549 155
786 97
543 207
299 240
955 671
35 371
460 646
36 593
848 591
381 401
393 416
133 494
332 433
234 430
516 801
439 694
101 233
406 93
199 773
5 146
373 919
110 789
371 772
555 34
598 179
319 849
671 302
379 534
806 410
687 911
564 748
502 261
262 298
991 543
296 804
242 108
937 765
243 273
956 220
539 215
132 959
393 996
523 755
682 82
201 80
712 184
163 951
591 543
480 688
42 141
162 376
165 901
365 512
983 980
437 10
70 342
155 602
809 925
17 321
877 325
759 69
492 33
905 340
140 322
910 108
853 379
261 321
465 983
603 141
126 54
205 740
504 68
916 714
250 931
9 570
476 136
760 770
72 601
245 798
648 819
396 478
518 350
369 160
186 918
963 994
723 484
943 152
306 594
975 762
658 504
943 687
43 739
588 826
137 324
111 15
619 446
327 232
535 469
65 549
749 495
108 54
699 981
399 44
133 723
339 393
911 836
183 423
782 622
454 616
979 977
504 292
433 6
452 818
804 281
134 897
418 629
766 255
340 639
972 118
248 134
848 849
22 619
991 276
863 772
473 933
887 113
735 220
464 348
23 250
663 896
190 12
22 858
827 645
682 895
288 50
739 400
969 597
515 855
797 247
901 753
115 283
385 756
326 239
238 713
63 722
812 995
590 306
457 290
521 348
712 53
100 348
399 368
55 822
366 169
424 391
887 484
928 393
456 493
853 691
496 189
30 537
905 394
213 31
363 536
282 824
463 733
867 991
151 43
3 124
162 125
904 337
227 842
198 680
709 469
687 757
685 991
173 228
828 122
781 307
674 114
162 481
631 530
584 68
16 241
778 679
864 324
886 262
380 389
872 798
518 896
93 616
145 487
611 983
757 144
375 419
824 165
120 205
360 408
878 193
408 495
646 778
118 779
788 68
445 650
409 478
633 972
334 109
484 813
343 736
593 867
66 59
566 722
538 621
346 282
146 523
256 689
941 43
63 486
561 238
266 424
424 283
352 590
339 874
854 888
458 216
560 420
735 417
272 944
431 711
810 593
177 618
349 340
762 772
542 509
589 462
183 396
821 457
515 806
796 177
539 818
412 451
907 687
988 450
852 612
347 927
584 511
152 911
395 572
491 294
480 161
379 751
607 946
289 892
930 980
468 241
466 526
739 627
352 70
243 177
362 696
432 412
116 397
530 483
46 578
8 33
198 733
83 564
212 24
546 756
404 838
207 653
557 972
572 995
414 5
847 951
893 976
696 801
332 675
155 799
977 682
150 505
181 2
163 335
74 690
51 998
594 592
167 230
905 611
776 621
972 27
465 937
244 952
968 958
124 776
787 250
153 336
343 426
399 714
690 353
999 722
422 275
153 784
91 863
878 379
185 359
363 913
695 519
935 831
855 113
616 887
440 329
322 885
988 973
800 597
487 280
967 424
247 344
783 406
913 888
724 255
855 543
670 780
134 381
288 801
130 590
708 405
194 915
546 160
309 582
546 589
465 544
591 383
935 73
296 561
106 859
220 888
567 970
536 73
824 989
299 129
166 527
412 10
606 466
709 497
665 101
95 4
49 724
149 412
344 45
245 665
48 699
750 935
212 611
186 771
991 531
854 809
718 672
690 245
821 229
134 746
773 39
968 49
537 901
803 15
188 41
868 954
381 12
277 993
665 822
613 181
783 100
582 777
772 12
76 987
905 866
46 41
429 8
202 807
987 676
743 415
807 941
578 217
134 673
830 983
372 705
164 900
906 845
198 289
302 760
247 682
225 525
624 569
399 602
702 970
871 244
315 789
501 164
449 349
542 520
700 219
563 834
783 167
995 24
523 170
918 213
295 27
563 250
881 313
488 213
151 811
243 395
140 742
206 445
834 953
85 17
843 765
336 392
93 230
75 347
279 701
990 948
661 426
324 892
423 991
935 719
570 794
113 397
675 379
690 243
591 232
829 590
916 74
728 934
365 431
968 860
393 597
861 223
919 575
836 227
945 384
6 270
307 243
340 486
111 955
804 753
467 669
164 854
186 569
753 344
22 860
369 103
541 123
207 326
375 498
528 987
849 520
902 156
68 686
171 456
603 908
932 407
548 96
949 44
742 360
267 765
859 271
141 186
143 479
484 824
271 853
687 807
657 601
641 638
448 785
1 186
949 510
599 587
183 89
787 67
747 302
144 626
90 742
281 687
429 346
944 403
516 27
611 824
379 908
11 499
382 971
190 276
467 655
973 843
913 287
938 864
199 126
87 45
660 259
547 25
134 980
979 32
558 404
314 735
829 890
32 960
480 355
349 342
200 999
189 741
432 75
907 529
349 926
720 754
57 26
610 973
946 337
794 20
308 143
308 824
489 521
334 46
321 418
562 91
297 20
926 626
133 482
250 199
60 576
251 114
229 195
33 9
370 728
473 544
701 480
79 414
139 84
987 448
84 816
905 589
756 555
961 643
437 64
811 94
280 447
935 15
301 305
187 607
444 413
531 609
190 952
154 36
441 728
54 399
380 348
683 686
645 494
309 899
761 744
9 286
416 501
744 280
11 564
96 873
912 393
818 833
697 520
494 877
948 118
572 284
878 652
861 649
134 760
372 585
298 806
273 505
82 57
96 82
10 80
547 102
531 655
470 709
699 704
399 521
65 627
809 965
203 198
882 179
562 587
994 928
305 150
332 308
756 534
605 405
991 255
644 867
929 128
622 116
69 4
599 835
748 285
879 556
70 900
103 382
262 648
405 622
311 456
11 267
66 763
877 149
618 366
62 517
385 152
860 947
590 329
279 659
932 149
754 505
988 47
917 818
768 778
163 6
690 172
348 360
191 664
303 435
362 737
411 519
710 689
491 410
698 805
381 335
586 518
76 156
334 371
539 381
828 492
551 314
88 953
535 280
663 331
841 691
645 853
918 134
242 639
576 318
659 699
38 970
467 962
110 665
819 116
607 387
212 60
871 260
8 507
353 551
469 414
185 201
557 979
702 886
493 277
762 636
555 899
579 281
136 180
365 814
764 688
56 550
93 883
190 977
346 867
994 313
175 311
549 622
779 964
171 974
848 153
242 7
144 328
535 909
374 668
318 408
690 165
508 160
507 833
777 556
354 893
347 782
723 606
577 289
375 699
691 943
681 798
596 753
958 970
856 955
601 310
426 487
722 414
889 760
24 482
201 971
852 548
900 669
147 22
511 646
909 58
766 394
57 676
352 502
579 990
350 727
260 278
970 384
30 74
892 49
851 515
525 266
35 392
646 239
762 683
978 265
963 539
266 233
627 274
609 858
347 441
282 680
996 646
164 797
499 6
85 64
131 439
981 764
769 79
315 612
147 579
358 252
518 640
912 517
76 63
404 929
75 877
375 513
186 735
492 461
862 338
972 926
570 788
697 453
724 223
981 873
876 16
710 739
61 291
770 265
367 693
448 847
763 443
96 182
732 862
582 271
448 225
570 122
325 385
593 944
242 282
676 380
122 934
743 195
309 49
327 232
122 116
31 295
922 663
880 644
58 511
672 268
223 43
846 806
633 366
420 612
835 428
112 355
454 703
1 583
106 932
604 529
76 900
59 929
677 831
823 969
463 337
498 627
86 70
757 985
534 439
296 392
270 88
831 323
160 32
236 163
836 10
174 258
220 271
182 224
262 632
858 992
630 359
976 337
949 710
446 282
535 470
927 367
194 758
105 997
176 613
469 422
248 750
862 313
872 262
724 585
396 48
395 2
488 304
751 770
633 289
648 820
732 451
191 494
361 864
465 591
255 238
854 516
602 138
786 645
539 287
464 111
367 529
328 298
835 315
571 812
909 86
183 702
867 615
8 251
217 389
602 62
597 955
553 81
387 972
818 62
948 750
809 626
182 971
358 199
470 315
366 510
895 857
274 500
316 544
53 687
337 416
604 37
55 697
764 727
455 245
349 947
835 677
739 749
7 545
212 683
490 485
190 118
90 838
653 190
494 998
263 145
708 698
941 426
522 771
378 305
165 147
577 153
651 89
21 851
191 746
739 412
967 447
12 707
358 30
843 583
502 799
460 550
648 305
515 364
31 229
476 716
625 916
720 778
561 341
635 778
618 516
205 80
852 71
638 569
143 613
116 184
696 55
886 715
403 714
800 152
24 916
659 580
880 125
419 423
238 24
949 22
296 861
802 740
201 418
172 11
487 853
282 286
546 148
418 580
346 577
910 197
574 228
365 523
411 859
864 986
751 614
23 929
994 468
408 706
318 375
68 675
150 598
924 511
339 368
352 55
758 97
579 712
843 962
55 754
535 715
653 227
468 202
691 199
942 195
537 751
594 340
753 185
33 628
79 163
622 413
181 493
124 758
942 494
23 759
388 733
611 804
94 246
766 888
627 269
969 912
893 639
457 773
474 224
379 37
928 796
79 264
419 313
121 729
88 358
82 349
400 245
380 625
84 273
608 868
231 916
12 766
954 982
904 333
172 410
780 174
593 297
843 565
658 550
249 350
568 991
46 786
182 313
143 427
717 775
55 26
716 584
481 636
767 907
22 283
239 70
830 608
336 347
379 918
215 413
259 260
868 95
161 60
939 994
925 604
652 592
78 291
866 925
735 594
427 775
199 62
569 705
504 574
807 456
665 834
175 122
557 447
755 406
746 352
163 23
287 837
109 973
835 467
293 809
938 774
966 433
430 871
264 566
320 405
438 318
442 673
542 568
821 230
715 105
832 829
618 953
318 400
364 97
80 174
996 489
58 466
788 756
491 216
830 952
36 496
40 784
526 173
9 492
285 558
14 415
607 893
511 105
236 233
536 422
920 447
137 742
205 602
667 224
732 552
481 802
639 320
646 11
336 312
230 300
377 574
722 388
849 983
610 421
567 56
563 893
822 629
100 813
643 941
377 165
966 792
892 903
956 918
738 970
472 886
696 310
115 846
660 873
231 575
805 193
290 862
308 295
764 765
113 540
277 272
804 795
743 863
865 507
598 74
198 941
900 42
344 644
11 745
365 893
208 803
711 515
627 461
49 844
294 864
453 335
364 144
923 326
741 885
400 963
498 604
30 546
142 943
489 853
738 115
238 710
372 891
528 992
377 521
78 31
184 568
654 555
895 540
816 554
50 317
822 203
160 257
740 49
219 386
607 909
501 932
331 676
413 595
755 119
982 214
449 524
66 133
636 614
864 484
778 218
802 105
854 462
147 163
880 196
473 421
65 584
597 4
765 712
229 546
789 211
894 384
37 352
480 515
304 209
990 652
219 329
461 215
121 901
141 378
942 639
76 1000
3 379
721 649
250 135
835 754
667 71
920 546
902 35
728 621
944 217
799 792
802 448
136 118
873 639
773 631
7 321
107 136
520 138
82 402
910 281
169 27
871 457
191 459
271 218
711 490
420 69
277 226
588 951
439 269
822 69
169 807
79 246
136 272
300 171
443 145
160 182
524 446
617 940
729 248
662 86
350 89
215 739
39 216
873 640
690 791
957 307
377 998
572 621
996 225
913 880
465 487
502 127
400 53
886 387
65 19
444 96
146 785
828 598
339 126
27 290
108 392
113 896
670 593
973 61
202 384
751 89
801 533
744 57
320 367
506 65
329 336
309 192
335 456
145 385
99 73
590 586
648 169
724 317
770 675
818 604
1 61
48 244
715 799
493 195
839 374
341 899
876 325
68 285
306 79
542 206
570 787
655 46
493 593
232 777
166 608
224 63
963 263
956 805
680 202
837 334
491 274
795 511
867 104
391 415
60 945
50 434
653 221
40 436
969 306
558 780
671 368
336 837
881 222
902 145
793 650
828 696
269 455
814 933
301 519
3 465
123 163
230 925
401 390
287 215
578 653
92 440
470 627
266 160
263 568
750 87
466 997
204 964
222 901
939 910
980 182
14 432
876 608
65 269
654 950
815 841
479 681
822 491
409 280
338 671
571 127
974 170
19 545
786 855
65 488
756 758
306 726
555 724
936 471
25 664
762 185
815 610
286 945
104 674
720 827
612 113
598 918
660 560
54 865
198 453
922 49
900 687
568 906
289 542
464 368
950 849
477 621
33 760
623 577
324 968
247 721
363 989
120 460
435 228
16 475
962 274
710 760
961 75
208 900
982 902
898 303
166 99
214 754
499 483
475 8
239 20
416 479
611 373
50 388
240 641
771 327
987 178
330 947
282 641
545 524
205 825
192 843
861 543
449 348
949 529
390 446
51 501
607 36
491 120
240 924
453 995
981 236
555 389
66 637
903 83
28 588
499 382
77 103
173 825
134 817
234 571
197 196
48 786
547 68
673 441
692 434
132 761
659 940
166 119
171 299
417 394
884 797
302 236
727 19
689 471
792 138
230 517
562 217
652 69
856 348
180 762
623 54
808 954
330 760
69 331
814 515
239 756
420 935
331 464
478 934
165 851
312 126
665 439
558 991
567 2
346 156
578 290
850 407
251 780
351 893
481 527
634 298
804 990
176 142
841 221
640 788
83 352
485 355
825 803
605 347
543 920
151 998
395 104
966 848
623 425
625 169
761 312
731 42
69 490
121 825
39 644
808 31
560 696
380 755
89 253
713 355
795 459
35 851
677 432
642 412
613 268
459 447
496 413
779 733
235 904
710 664
861 634
887 110
155 24
294 331
466 300
964 432
899 589
735 596
325 790
858 952
838 709
821 821
158 248
928 669
231 163
705 501
128 486
6 680
838 519
484 855
741 449
48 991
706 657
864 861
213 180
872 789
653 311
826 387
486 178
256 113
615 184
915 30
588 460
540 623
101 292
66 835
59 481
996 988
80 911
529 717
371 79
896 308
445 372
836 385
822 882
243 950
349 836
875 174
47 55
704 805
934 305
610 559
581 373
646 545
730 531
797 39
346 117
684 970
729 744
367 585
889 770
155 843
486 838
513 313
392 948
370 928
175 566
759 761
394 367
721 229
457 15
508 536
979 15
593 159
660 390
180 630
434 157
643 958
756 277
543 126
689 191
97 8
123 896
557 677
374 650
623 737
589 396
173 801
567 354
334 939
604 524
552 175
673 19
859 497
619 725
42 18
852 628
647 195
143 965
507 181
658 57
695 852
516 628
74 865
977 357
698 65
883 41
63 450
351 310
343 345
93 399
53 459
326 679
906 48
484 360
155 979
653 980
880 425
25 76
202 107
154 287
110 849
230 169
54 390
39 55
895 3
325 285
681 104
812 421
549 404
514 219
119 757
715 172
142 946
799 497
52 444
982 762
914 516
25 704
392 793
179 432
926 734
114 706
5 347
352 35
482 853
623 987
887 222
1 175
239 170
833 677
656 412
893 423
836 258
365 517
608 600
184 583
461 331
932 349
259 35
783 840
399 199
914 935
639 840
8 276
219 237
601 864
117 358
200 364
895 45
797 149
976 139
448 454
365 312
233 995
332 331
771 976
789 168
345 143
671 258
535 667
380 572
627 178
356 528
422 191
504 12
730 617
621 160
815 546
212 734
70 874
353 33
610 28
484 369
255 502
625 289
61 142
763 951
330 608
646 249
304 957
654 937
694 541
628 773
200 537
208 435
181 906
241 790
711 868
336 283
302 302
518 945
596 838
261 217
258 529
465 73
533 693
445 867
435 235
109 823
67 273
964 476
225 592
154 788
915 826
673 191
817 72
93 446
627 804
504 693
787 403
887 962
529 161
857 392
419 427
621 536
212 853
547 595
27 470
68 528
326 591
349 99
390 183
670 620
774 116
248 466
61 17
374 967
845 424
109 530
375 850
787 509
70 370
279 343
66 888
392 452
926 115
397 380
149 260
729 312
870 861
928 958
469 193
123 201
473 375
557 881
490 186
233 254
240 356
590 595
488 905
727 391
629 796
952 814
695 535
735 794
60 987
937 279
911 871
854 441
804 763
716 198
80 140
216 904
782 836
550 844
976 976
522 994
510 604
376 681
564 285
55 857
178 282
969 574
288 662
734 520
259 325
723 566
811 328
469 979
983 51
946 321
163 219
696 950
365 288
412 396
967 916
112 673
403 380
662 577
341 987
151 111
74 347
823 351
148 2
889 249
19 326
190 810
726 877
738 635
68 609
271 205
322 461
243 478
254 830
796 606
649 24
738 547
42 428
577 120
540 467
145 360
528 935
917 640
90 821
969 769
831 160
976 130
275 555
999 733
482 492
859 226
693 848
434 867
854 414
786 983
285 827
127 913
709 316
860 844
188 734
96 825
916 15
40 840
222 104
926 764
425 488
196 128
351 103
785 699
628 996
756 483
597 508
538 641
680 107
662 134
792 129
187 162
766 673
71 608
37 427
262 627
639 951
743 240
515 84
759 703
642 232
847 870
430 261
708 698
344 924
29 342
400 223
469 519
349 880
472 364
918 841
318 25
374 813
997 692
312 217
388 507
246 760
841 685
798 442
831 674
848 499
960 823
477 633
986 158
574 397
84 854
679 497
449 24
823 743
888 164
724 465
130 660
955 779
203 409
552 877
433 101
782 367
602 11
874 552
289 143
728 278
17 329
595 972
801 789
576 942
810 366
26 658
780 97
195 601
625 315
627 646
776 45
223 989
665 763
20 290
58 25
649 597
851 873
208 360
290 76
448 509
470 145
815 123
695 615
690 788
75 545
573 311
217 727
797 509
604 908
863 243
630 668
906 551
806 579
580 676
801 432
795 429
41 560
767 99
501 420
230 435
591 921
378 254
761 464
939 260
925 479
930 201
513 761
647 913
159 917
135 438
817 480
753 872
658 25
138 407
707 19
703 231
966 421
122 371
640 439
375 479
261 314
157 130
950 996
918 776
821 268
239 656
838 559
540 948
716 395
773 874
209 943
453 838
35 368
674 601
726 727
429 932
855 113
379 265
828 459
809 731
96 102
582 820
562 797
835 279
26 544
891 758
883 642
292 718
914 400
523 494
738 120
708 868
3 873
220 136
784 830
961 774
837 116
965 368
670 762
152 2
222 875
323 63
874 454
238 143
847 250
100 19
840 658
624 726
785 349
715 613
560 55
550 418
808 619
982 116
226 42
946 646
631 262
763 421
483 673
782 953
926 118
204 99
76 389
163 793
420 361
42 347
249 996
274 829
822 73
237 506
552 621
512 428
269 539
721 713
920 941
212 487
688 173
853 576
443 406
819 763
127 539
553 188
479 727
38 64
322 11
176 253
934 409
750 351
634 929
826 764
902 202
654 343
656 839
704 454
397 942
801 552
641 548
269 834
801 882
861 853
879 235
473 322
177 412
506 780
182 609
701 650
952 408
330 983
482 727
405 172
329 854
829 568
922 344
233 692
498 160
822 195
967 717
720 660
240 896
920 928
614 312
234 12
158 417
793 314
503 455
595 464
431 10
883 494
825 496
699 806
393 988
553 300
346 438
54 609
848 354
134 59
954 333
317 28
846 515
157 243
338 759
379 230
441 97
778 999
31 682
500 792
473 607
942 296
222 273
854 370
211 208
197 394
771 521
468 713
991 206
140 663
557 626
724 444
154 469
104 167
618 684
940 867
606 527
896 739
237 609
218 58
338 259
588 853
274 958
312 790
969 564
610 347
511 118
435 932
451 7
728 91
703 714
81 399
933 115
680 577
443 895
137 645
917 206
172 543
813 46
390 377
190 812
297 843
393 816
312 857
471 763
624 788
615 760
431 895
177 574
296 58
482 192
538 369
749 55
581 707
908 358
549 670
447 100
494 267
821 426
942 900
163 661
926 725
27 702
926 99
254 441
734 177
432 91
937 810
30 428
859 348
218 103
946 62
330 962
515 317
429 406
466 916
765 554
561 188
106 346
973 382
971 47
454 369
265 226
758 548
261 50
717 259
913 920
482 897
947 719
363 631
856 92
781 461
398 907
908 745
751 296
993 357
669 569
891 31
150 302
801 909
180 882
703 934
905 299
794 345
323 182
14 427
926 544
199 813
397 382
868 155
368 783
507 398
664 735
29 309
837 731
743 364
190 345
256 776
776 98
923 74
196 417
368 333
369 771
342 511
61 176
240 572
402 440
830 773
267 96
630 329
485 673
810 130
120 992
473 600
94 265
248 914
688 501
434 918
778 645
29 129
291 622
776 236
116 711
231 124
629 422
471 83
676 155
688 252
631 894
44 319
162 4
17 167
682 424
57 345
979 814
981 896
640 537
313 322
896 452
287 778
42 781
14 956
355 238
900 402
127 381
969 468
86 246
454 822
894 404
610 270
583 764
189 307
248 682
60 456
159 34
548 906
205 257
897 490
454 709
609 607
733 179
745 641
859 183
618 801
851 648
991 193
285 846
816 773
605 42
403 358
242 914
998 351
439 777
317 154
918 493
475 20
941 126
901 329
508 641
786 996
79 783
793 527
34 824
11 366
887 384
39 135
435 139
974 718
514 728
446 148
286 349
727 647
448 275
786 436
17 266
60 915
223 122
931 468
750 183
827 772
468 508
254 90
504 49
372 318
772 313
336 654
334 170
983 436
346 409
493 838
135 477
933 883
213 630
710 945
309 204
700 25
1000 979
800 349
770 315
208 707
629 886
984 836
936 961
495 19
767 820
572 687
521 971
307 679
304 236
581 764
510 295
12 300
276 572
346 190
189 612
927 848
604 103
5 687
211 265
637 940
671 290
675 645
521 774
971 89
181 750
829 785
458 288
832 908
1000 239
476 160
556 554
160 786
655 591
837 269
812 441
387 198
922 933
221 409
516 1000
976 446
914 795
506 931
329 748
792 727
774 519
661 686
65 386
853 196
635 800
433 600
278 628
805 187
95 207
316 246
405 121
762 167
373 376
375 802
644 111
444 511
425 884
80 635
386 260
222 935
499 61
909 991
61 360
498 258
580 124
842 697
329 471
96 803
789 115
890 274
107 953
848 319
785 619
457 179
195 145
743 251
113 272
488 92
858 404
215 774
202 414
758 185
908 722
320 799
233 219
970 286
972 699
275 533
383 753
830 654
16 611
117 550
866 799
761 135
185 644
610 540
93 229
788 426
980 107
259 273
770 697
187 240
505 809
678 171
848 137
830 800
799 226
528 149
145 574
109 767
865 867
108 352
381 516
488 276
510 108
147 211
664 685
168 440
323 785
95 615
721 817
114 872
588 225
811 103
609 977
245 510
180 626
394 253
116 94
198 380
346 961
338 134
416 711
757 710
103 767
949 831
58 162
937 96
443 393
18 125
459 438
368 868
323 690
536 214
459 980
762 308
564 133
88 760
563 117
479 682
149 231
123 332
150 458
556 133
355 30
30 340
678 618
65 692
362 602
380 396
605 611
553 523
540 594
325 390
566 736
829 930
692 558
60 261
447 603
81 726
689 281
947 132
27 751
893 598
483 594
631 447
607 655
130 551
266 389
173 192
926 809
417 333
282 932
384 172
530 467
288 651
975 274
405 540
43 84
76 319
284 849
418 538
388 941
583 56
232 455
774 737
5 766
330 41
800 286
70 537
51 475
427 475
941 503
295 729
629 862
208 148
497 27
713 837
133 940
760 375
339 861
443 75
121 231
504 846
123 506
839 908
327 887
713 445
222 97
856 678
496 358
217 228
111 467
433 482
486 903
537 991
83 785
149 336
873 447
816 812
612 224
246 531
304 929
390 389
150 613
68 622
556 781
218 592
786 287
3 751
151 880
356 721
40 59
718 375
57 761
560 369
10 227
956 289
120 427
777 448
399 885
108 990
60 200
962 473
9 502
193 963
311 526
685 946
392 768
549 941
755 482
428 895
713 439
794 660
56 171
110 985
699 922
451 827
529 169
38 16
25 310
103 993
853 606
403 195
421 688
51 871
619 620
327 683
470 162
44 920
780 388
357 253
580 690
730 916
172 702
489 399
430 233
813 760
202 655
388 364
755 409
736 670
652 698
951 71
609 684
791 611
444 938
658 519
591 577
651 248
279 281
401 919
8 703
697 269
888 156
464 78
444 762
443 594
983 314
709 415
195 407
912 390
338 445
526 219
88 675
511 979
927 596
514 645
604 508
772 485
954 346
828 282
806 438
796 948
179 470
805 768
13 18
161 310
598 137
949 570
942 437
584 40
439 729
699 603
347 80
980 888
756 749
127 151
172 158
742 152
268 438
570 189
790 573
856 241
15 829
774 482
189 685
902 488
993 982
824 622
424 227
800 261
717 721
279 596
104 58
259 111
818 419
690 264
15 8
351 905
899 89
221 578
441 945
745 320
279 781
590 597
730 807
574 231
167 370
791 852
244 131
852 657
604 236
623 702
546 643
496 750
85 896
414 421
27 757
646 840
140 425
304 880
809 969
583 863
759 22
945 732
235 704
316 291
695 960
912 364
143 707
759 668
928 489
258 697
336 784
297 556
933 991
621 918
998 391
550 480
25 435
470 223
515 553
349 363
823 899
907 700
526 716
130 267
420 541
80 423
746 665
753 993
982 120
927 355
473 595
254 84
730 81
230 195
193 446
610 478
348 343
199 818
499 19
711 641
645 114
825 774
241 472
52 357
116 544
23 932
30 417
326 920
855 763
761 125
712 665
977 945
710 364
874 334
603 92
978 425
367 629
509 230
971 115
974 264
75 845
477 449
827 954
312 523
427 273
258 39
399 742
727 152
402 173
503 100
777 589
452 511
885 823
789 52
147 433
824 480
521 411
574 8
11 349
650 24
754 309
747 249
207 918
179 2
596 973
413 215
810 586
155 891
494 532
449 213
69 788
113 11
259 842
54 816
972 524
691 972
653 387
79 85
543 331
643 808
229 266
222 856
809 310
651 433
376 522
396 881
338 420
343 793
98 288
110 450
884 988
276 380
136 880
547 144
472 579
574 716
921 130
804 979
720 543
157 854
348 544
493 842
663 949
620 840
904 13
954 861
517 883
819 930
71 312
125 599
221 398
783 439
542 960
75 235
428 241
852 725
719 668
18 959
243 48
291 780
852 537
202 153
624 495
771 571
184 832
142 960
612 727
994 637
196 801
919 865
791 113
907 625
214 710
995 903
419 859
171 511
711 566
675 692
331 964
915 35
622 451
196 406
551 241
659 437
795 806
143 657
482 280
921 312
990 406
524 384
525 583
962 569
813 60
390 823
910 797
816 243
742 622
464 425
72 267
249 167
498 326
451 230
300 468
360 512
213 231
232 307
446 927
956 217
703 465
629 663
817 366
837 567
468 511
309 198
254 49
296 142
615 457
46 34
227 543
509 13
577 655
17 631
428 641
288 596
684 158
1 626
40 538
184 164
947 8
987 496
105 783
767 893
311 816
722 715
428 217
763 549
208 245
803 133
562 417
179 679
494 174
680 460
455 594
14 755
540 603
144 953
802 523
483 33
449 875
839 972
649 285
97 478
491 141
379 617
451 224
282 96
533 463
55 346
178 301
951 486
341 28
759 96
810 276
213 941
43 547
902 852
426 574
78 976
267 421
766 978
84 726
577 630
991 659
459 802
705 442
811 589
485 797
289 582
558 833
128 658
758 240
479 488
43 630
608 333
259 988
392 317
301 141
82 568
728 943
352 243
643 806
701 431
267 385
677 622
341 158
222 121
109 554
761 336
229 784
143 194
941 796
999 987
428 533
265 105
48 3
865 718
230 110
590 996
21 274
903 741
346 16
737 880
14 870
517 500
341 467
484 428
171 123
859 901
743 970
168 77
246 780
771 787
624 54
148 200
707 763
52 648
285 308
482 979
100 656
206 255
849 979
442 142
479 373
640 213
926 396
873 58
272 511
280 922
496 240
329 979
72 824
644 219
911 666
416 523
587 959
362 234
471 493
746 425
589 360
784 227
187 855
153 995
54 548
549 555
112 673
525 683
361 310
388 88
275 637
982 400
501 980
897 110
342 587
428 59
399 249
72 792
62 633
654 727
801 671
807 528
227 47
934 278
81 417
233 459
735 460
921 183
266 420
273 886
558 646
167 413
829 238
372 449
877 122
652 375
969 646
361 361
337 384
811 85
894 942
430 211
4 282
964 364
85 722
589 18
577 808
988 193
754 401
814 995
127 58
80 250
984 746
414 288
590 393
83 969
573 669
314 491
208 200
655 465
423 762
421 17
220 214
345 147
59 415
151 998
442 767
584 949
33 423
290 397
231 582
804 430
393 356
688 610
537 781
325 218
582 551
576 201
54 567
402 319
399 307
403 359
689 467
516 456
204 625
920 138
438 213
97 847
533 447
408 608
926 917
210 62
827 464
332 701
291 909
522 769
955 110
215 117
335 907
178 143
730 502
581 294
33 87
53 609
242 994
166 462
567 254
355 813
630 829
872 60
556 646
706 819
680 509
531 297
969 275
215 888
44 104
266 41
467 686
601 279
578 744
654 669
283 698
669 28
385 27
933 924
427 225
258 33
628 958
343 140
625 54
551 747
955 978
307 289
970 687
968 103
577 506
343 419
618 431
122 474
110 116
185 867
279 221
725 726
681 225
378 481
661 468
970 107
81 659
173 549
992 388
983 578
421 989
269 225
496 475
925 362
968 153
301 412
89 448
887 762
788 225
787 595
525 738
707 588
121 98
943 928
825 722
709 526
115 672
343 601
84 581
601 600
731 221
131 448
271 63
767 880
635 126
705 737
501 311
221 965
221 360
581 920
299 805
430 429
795 693
770 497
67 7
479 111
528 327
327 206
800 928
329 724
484 120
46 990
557 927
199 73
139 505
306 308
319 294
207 85
943 951
808 727
637 696
570 161
147 41
633 813
83 120
161 857
923 925
904 16
548 243
99 191
979 108
626 960
