1000 2517670
10000
168 477
7 51
664 167
797 724
690 298
76 69
312 939
46 117
887 173
838 101
878 514
547 805
518 833
973 53
406 796
294 919
683 183
474 672
759 498
449 665
424 351
80 966
144 450
251 633
721 751
127 896
797 834
947 296
769 16
365 658
966 784
386 355
207 624
874 753
704 510
720 31
412 215
646 862
94 779
633 259
908 461
389 236
538 683
312 919
994 612
269 641
672 807
567 524
981 113
114 906
878 503
754 760
823 393
726 129
163 895
682 504
767 900
286 667
924 902
971 455
544 715
769 49
1 894
705 501
364 974
238 896
207 226
621 967
629 709
587 827
999 296
268 779
943 212
763 478
427 901
98 272
699 437
717 690
198 786
697 931
231 962
563 577
374 793
824 244
419 489
220 560
111 49
592 648
343 363
86 141
820 697
351 186
225 152
605 52
746 997
12 420
175 737
873 61
178 610
77 991
890 253
136 1
742 246
683 426
706 717
165 610
510 445
224 289
932 345
457 400
669 381
392 494
824 367
600 753
510 410
256 620
380 908
562 991
841 668
434 200
915 739
751 429
77 528
652 46
820 397
30 410
803 197
22 434
469 800
158 16
5 839
4 585
163 829
994 462
122 505
497 341
822 809
156 201
976 27
497 813
420 807
886 589
574 965
464 844
705 433
280 244
69 635
407 36
14 419
695 254
196 132
975 157
72 663
269 449
784 298
902 386
816 509
926 87
705 425
433 991
497 677
53 62
736 665
93 194
407 550
166 94
708 778
514 192
781 10
884 692
664 3
126 801
864 827
421 337
330 744
992 387
680 728
631 597
825 803
384 538
479 569
738 368
149 575
5 482
155 722
219 89
438 258
206 899
566 131
53 516
856 978
661 112
123 916
853 398
963 141
600 852
601 379
495 457
44 843
491 405
328 266
815 269
164 662
161 73
984 810
739 905
241 79
143 551
211 230
273 119
496 517
423 4
371 177
689 442
182 765
944 310
409 413
429 521
1000 43
88 611
398 130
272 856
619 944
397 401
945 161
199 566
815 688
589 636
863 286
567 756
45 301
289 802
863 990
847 371
696 760
885 910
548 184
610 552
146 841
14 562
393 723
865 655
632 901
486 188
142 730
715 226
640 719
13 661
661 452
930 79
573 4
910 144
155 496
740 978
362 26
899 741
829 376
202 696
441 505
905 189
581 248
17 213
33 808
797 645
354 934
491 632
42 711
501 138
392 216
916 944
761 523
243 786
625 84
260 663
357 584
473 687
37 282
92 187
343 452
423 33
796 695
371 40
249 729
963 355
576 126
211 102
64 13
431 671
504 923
804 189
911 603
579 286
605 546
668 92
134 491
65 237
934 471
925 585
677 372
425 859
494 304
144 351
742 174
929 967
198 365
528 953
505 482
814 10
28 517
645 460
996 971
943 116
282 294
316 526
256 562
962 352
259 729
64 201
498 718
995 384
936 246
977 585
308 356
223 753
798 657
255 575
515 565
602 520
270 934
545 878
898 282
717 677
302 882
891 68
297 631
295 5
998 917
53 167
630 45
207 525
393 625
613 166
175 879
748 792
389 190
533 519
368 692
923 963
325 802
629 751
299 794
791 333
612 608
133 491
335 179
573 341
816 838
841 706
641 81
533 410
961 824
27 724
412 611
515 958
384 998
209 328
923 73
689 718
834 466
3 476
545 293
735 129
122 668
884 843
219 649
655 764
479 876
963 574
202 881
615 369
962 195
600 284
84 593
736 39
197 720
793 672
130 757
426 779
68 556
633 791
376 467
860 632
845 645
285 398
881 81
718 445
103 503
439 309
790 887
826 280
989 694
499 703
832 884
417 128
502 983
723 97
475 276
121 786
296 676
411 436
500 731
594 881
486 218
457 412
135 849
497 166
612 827
878 935
519 131
218 710
464 327
325 445
149 670
837 236
347 259
272 388
43 702
837 456
970 696
3 961
472 573
477 310
721 981
87 316
730 750
793 199
433 257
828 504
872 710
77 254
760 164
316 764
649 688
376 649
831 911
725 149
980 679
69 448
896 182
48 492
725 569
517 762
129 513
898 998
431 558
2 430
736 355
761 805
733 712
218 439
371 223
970 846
19 730
750 40
947 531
35 931
303 224
911 360
338 609
577 259
257 760
221 145
339 829
384 182
195 953
127 730
220 551
205 992
799 573
179 158
646 37
594 481
368 129
652 837
18 134
706 521
518 803
315 934
792 440
619 563
722 365
586 789
240 821
637 589
40 35
991 644
317 849
310 21
620 323
971 246
921 46
229 192
356 539
262 426
401 996
890 362
678 265
487 623
681 232
527 730
13 976
703 733
815 686
374 829
367 673
431 449
646 995
107 455
686 270
285 54
45 221
992 692
808 379
142 435
284 966
219 272
191 367
698 98
518 734
357 358
998 970
588 73
881 927
737 721
316 897
493 743
523 72
307 90
625 627
129 298
681 54
406 895
527 922
562 322
682 724
321 401
492 17
26 98
958 378
434 448
986 98
602 597
107 402
936 380
183 239
216 863
929 643
823 648
225 845
270 318
233 541
233 497
726 315
818 334
191 855
733 145
910 421
712 708
870 425
834 872
649 421
986 496
593 451
627 241
633 314
890 894
931 327
783 790
684 575
356 405
854 921
202 199
422 27
801 691
234 628
386 781
411 33
808 182
793 834
577 929
971 589
579 19
857 863
340 837
364 970
675 82
426 803
321 891
151 621
710 86
837 197
237 914
179 879
149 442
390 411
338 16
244 559
395 460
920 574
390 185
266 510
865 309
528 979
140 688
666 887
393 882
587 802
954 301
256 768
976 691
613 70
228 465
419 593
519 975
665 305
914 821
930 418
750 129
441 355
15 764
709 423
948 255
883 587
619 608
661 742
973 625
738 828
493 828
992 258
3 111
228 18
755 528
225 722
874 662
178 462
299 580
580 150
551 761
268 672
744 986
36 111
869 830
59 842
551 366
603 501
448 591
509 800
663 450
489 286
631 655
484 357
507 620
621 184
822 767
300 740
446 125
913 252
925 35
738 687
832 464
351 959
682 37
952 710
198 676
743 193
62 964
46 935
972 888
49 450
865 169
585 639
601 757
253 513
867 447
699 851
847 303
215 141
201 1
335 676
563 573
881 810
782 923
647 988
751 78
939 937
727 970
954 554
464 884
678 522
834 393
691 634
283 823
465 659
596 218
666 851
761 137
800 3
105 462
466 412
693 704
366 925
315 188
311 261
686 455
142 721
642 960
727 83
757 897
182 908
144 567
66 931
251 478
462 75
723 550
735 55
9 159
467 578
279 536
828 673
537 851
508 917
256 830
685 64
493 280
850 607
563 52
915 454
577 378
805 652
752 846
821 147
517 820
257 356
193 260
992 654
384 177
444 327
217 151
329 992
905 157
632 615
47 154
389 471
305 856
264 42
100 761
319 828
887 860
719 145
291 999
643 521
13 970
629 49
411 680
534 462
726 492
112 614
653 772
574 891
272 361
759 984
852 811
16 860
859 23
46 254
3 232
926 550
863 137
834 199
201 877
82 565
761 701
703 592
243 620
759 529
739 976
574 89
627 763
642 632
623 805
842 775
107 624
354 368
950 335
882 905
72 351
519 937
347 958
991 763
876 687
387 877
815 456
604 747
697 741
882 965
761 590
269 7
785 164
963 519
142 116
712 216
358 466
382 988
96 879
304 841
155 156
23 479
930 313
930 802
106 792
375 591
600 352
90 927
344 535
870 293
981 231
661 640
186 694
864 210
777 287
267 336
327 252
109 502
301 746
555 31
867 432
462 26
168 281
524 253
720 88
214 585
540 598
234 498
701 938
629 182
28 474
117 430
494 268
101 529
106 721
91 62
180 758
6 745
58 420
985 427
262 100
13 911
259 459
6 925
122 752
797 797
932 56
173 872
777 254
236 451
226 448
442 816
91 738
259 627
1000 854
549 133
746 456
747 775
745 907
531 820
841 399
511 347
522 355
682 99
524 456
609 141
655 572
858 105
528 234
634 768
987 482
443 649
575 475
283 580
820 889
46 427
819 608
717 17
704 893
78 532
259 585
780 166
689 837
68 359
999 295
79 409
475 838
952 673
879 674
483 377
555 708
569 150
717 144
487 260
797 684
76 828
390 161
695 893
105 483
978 716
362 701
681 1
655 123
613 957
558 31
252 230
837 737
258 296
782 866
738 372
563 105
457 252
953 994
308 630
121 415
665 116
701 914
40 725
847 367
612 82
428 213
374 766
330 390
779 301
902 796
377 976
401 892
655 138
575 128
320 504
425 257
304 402
468 868
139 299
294 530
648 795
344 330
302 47
400 533
866 879
587 880
688 854
249 635
968 484
649 587
845 309
604 389
823 674
22 561
135 240
184 604
767 184
466 238
230 388
239 801
224 16
38 49
479 508
548 271
622 551
917 470
198 554
479 888
112 147
323 796
76 887
303 774
931 412
777 104
585 380
387 956
568 440
119 237
87 794
133 513
905 816
526 111
564 461
535 837
930 210
712 669
461 932
173 360
364 246
762 780
211 270
400 201
388 612
238 513
867 911
155 90
538 779
369 913
476 544
31 139
94 553
314 719
561 672
369 970
988 193
810 970
105 759
498 3
778 293
348 957
239 631
549 738
46 716
581 630
586 634
816 498
358 567
792 730
231 138
610 679
371 195
33 428
269 11
734 135
234 997
215 286
232 252
237 998
670 819
514 330
33 569
479 390
617 211
746 540
332 67
728 202
788 704
945 748
83 720
10 58
848 675
762 389
273 344
700 674
559 854
875 108
487 822
906 179
1000 631
831 439
387 814
854 236
147 633
929 844
422 37
413 419
914 352
46 917
113 532
754 786
206 772
786 58
806 428
312 135
307 832
945 535
971 960
212 206
490 915
442 934
949 757
143 616
631 764
304 553
945 648
131 528
424 54
291 528
755 393
265 260
750 603
345 16
240 17
979 948
897 686
632 465
457 147
910 1
603 184
163 381
980 725
509 476
171 959
667 158
626 336
175 295
955 632
673 796
195 928
580 206
564 46
825 773
219 325
546 255
570 617
701 356
429 809
996 214
969 870
38 205
94 788
35 693
938 260
326 260
49 360
911 524
129 262
400 170
67 637
979 691
876 865
394 859
838 238
905 37
777 194
68 715
845 252
972 858
769 108
610 242
961 412
629 585
833 154
675 441
302 706
194 1000
957 333
589 328
267 912
567 510
947 738
465 501
177 380
190 462
295 147
896 738
273 366
701 777
439 949
374 541
675 893
564 739
50 465
585 236
393 186
616 94
601 414
821 734
250 350
338 498
343 127
22 581
694 138
850 236
22 258
604 90
17 769
210 710
275 508
546 118
578 171
491 666
714 418
454 809
658 277
450 334
562 334
351 801
18 39
265 374
266 684
929 613
451 839
758 641
271 381
680 703
834 360
191 416
949 722
408 760
162 627
317 558
354 149
428 545
613 476
354 243
413 498
587 973
444 790
599 479
461 177
1000 721
972 417
961 657
169 432
704 43
563 505
256 349
431 787
279 391
895 105
625 830
106 510
982 662
39 865
264 29
230 553
365 516
3 129
234 700
74 391
811 616
600 28
510 154
733 320
197 299
993 314
661 417
3 957
662 784
682 806
719 876
674 301
632 728
368 487
839 94
377 277
494 711
353 92
652 854
211 580
781 978
776 523
33 481
886 474
643 553
185 911
378 305
853 18
891 121
549 953
435 491
469 974
64 80
971 360
615 601
834 179
498 593
409 747
329 718
974 571
357 897
171 178
388 428
623 698
514 71
860 233
360 198
56 753
978 62
171 810
21 13
631 108
152 150
454 932
814 153
810 390
363 307
566 252
958 262
214 198
801 464
32 904
879 840
419 994
551 670
632 849
677 381
778 413
704 35
227 895
922 169
46 679
236 743
858 155
357 377
519 507
834 25
959 94
130 659
467 760
423 366
388 366
325 974
80 836
321 467
698 635
744 2
873 170
853 520
188 504
955 182
885 930
202 566
725 814
946 347
752 381
662 903
346 644
301 139
89 43
865 44
813 192
994 965
1 221
551 381
527 133
454 759
459 852
911 136
436 453
415 94
13 279
195 11
228 932
653 772
581 610
590 899
788 980
837 752
281 245
244 673
458 543
382 994
96 800
151 258
381 442
726 414
468 600
762 44
339 688
350 891
221 637
551 682
663 368
743 547
902 539
928 472
557 487
821 193
427 885
387 607
45 705
36 980
184 471
731 181
990 564
411 968
94 20
850 90
733 657
293 848
244 115
829 209
424 35
631 925
596 480
646 828
992 123
355 166
260 951
741 799
44 981
254 577
669 240
911 13
541 639
945 277
152 237
15 677
906 788
105 117
53 35
950 500
438 214
523 394
707 564
650 571
600 535
621 641
842 922
537 952
409 245
507 241
517 25
264 348
903 895
847 815
512 158
727 518
556 883
738 83
920 913
955 639
170 904
207 248
280 522
781 458
98 851
231 802
315 332
467 600
923 323
781 244
233 859
317 355
885 573
178 210
770 775
804 440
635 156
838 223
101 912
609 39
933 176
755 122
271 543
656 110
938 745
754 488
620 379
403 480
574 926
309 173
234 195
740 293
219 632
819 743
261 166
786 823
256 660
649 516
178 79
917 513
797 185
146 212
850 207
17 780
367 136
890 441
268 598
37 74
502 589
994 954
363 281
384 910
945 696
66 590
1000 519
324 83
426 463
568 800
996 581
676 544
697 541
783 774
82 171
218 8
865 586
608 322
215 863
456 597
408 563
284 642
774 78
217 504
912 202
576 471
232 883
495 267
351 28
632 35
176 80
272 849
900 822
171 523
70 844
818 981
440 190
421 132
54 722
343 295
620 307
406 347
846 858
727 66
639 783
43 765
31 241
438 314
488 154
181 537
683 861
251 933
122 632
167 869
389 372
308 55
249 8
619 765
888 254
880 882
825 860
743 358
200 137
88 631
49 201
338 927
422 587
482 991
169 800
821 325
61 966
150 552
148 565
853 391
63 928
773 603
311 459
629 479
768 870
988 695
327 842
61 367
679 218
417 842
335 908
227 108
77 839
257 673
916 11
680 225
379 675
151 622
325 240
250 841
461 350
839 536
114 316
84 741
819 596
396 364
568 866
407 799
621 713
664 918
58 926
918 436
66 852
483 67
709 336
71 161
398 16
775 939
59 305
358 243
297 562
279 889
626 937
337 283
717 492
218 836
947 774
370 869
857 566
10 715
829 310
670 25
550 45
717 66
626 466
981 926
593 729
418 769
164 779
342 181
551 91
623 437
307 601
957 727
327 412
91 587
89 29
674 545
701 29
852 739
28 843
45 771
139 814
150 821
122 169
250 875
53 518
949 733
177 858
903 788
919 207
572 633
113 689
600 410
124 853
779 585
326 51
890 552
815 185
678 981
973 199
196 555
5 430
446 192
891 305
310 677
785 734
331 150
817 445
845 161
325 792
514 728
165 713
588 546
450 109
316 947
128 814
833 361
430 983
411 812
385 683
625 632
821 220
948 292
309 473
575 699
205 1000
703 497
612 176
333 225
29 893
357 27
875 337
997 580
368 812
178 317
977 948
23 792
51 61
506 429
680 392
298 856
693 343
135 803
432 219
809 114
436 530
23 840
924 470
6 405
124 897
908 423
621 308
966 347
11 267
985 542
139 536
369 54
468 154
12 548
994 685
905 699
208 999
948 96
110 116
774 172
729 899
347 496
587 485
245 329
984 198
201 530
136 816
651 853
358 873
127 905
533 981
115 80
80 122
371 475
197 899
549 39
210 682
137 9
928 102
913 52
370 578
379 768
503 77
950 603
878 475
391 216
64 321
223 556
761 263
186 684
374 422
641 100
738 879
896 488
284 366
56 28
669 781
185 519
836 659
943 916
627 853
214 73
492 358
304 989
165 422
503 465
984 963
142 298
607 737
630 464
251 42
11 128
465 105
312 913
172 86
838 730
569 447
558 459
527 387
889 118
312 850
463 145
363 893
741 278
750 289
214 776
781 770
75 1
303 962
245 246
757 655
468 627
131 6
798 811
502 609
975 855
49 481
39 705
991 475
467 180
248 559
101 73
398 507
178 710
705 965
758 252
495 650
867 414
998 618
549 281
355 427
811 170
251 372
213 726
481 673
246 278
169 169
870 98
967 227
209 686
353 585
647 187
178 422
531 768
459 633
205 208
678 736
870 511
483 322
475 91
481 135
108 182
90 633
393 196
409 801
477 590
407 269
129 321
299 176
478 589
34 814
338 900
169 498
561 784
941 203
727 111
54 946
919 643
436 807
632 573
493 927
504 978
959 553
586 221
423 257
790 846
634 13
915 413
235 349
146 412
610 392
359 318
832 145
654 70
62 370
964 706
207 402
166 554
475 23
140 287
266 970
102 309
345 209
925 828
387 396
664 172
696 917
778 820
524 538
685 880
523 504
909 232
810 681
260 17
364 565
860 995
92 851
840 809
568 243
751 481
966 176
329 3
622 127
211 333
18 889
834 146
231 605
17 745
616 591
347 595
44 986
493 939
619 681
951 987
215 790
468 664
172 906
614 353
678 594
749 505
486 154
592 313
819 486
215 391
166 949
341 999
318 621
893 71
813 731
559 147
439 752
415 699
666 444
774 479
740 543
10 832
974 957
55 490
983 847
940 365
86 250
732 550
109 1
393 536
136 289
455 677
822 128
236 574
927 452
920 958
707 342
749 980
564 396
496 152
900 855
894 546
171 432
712 280
709 739
800 870
775 504
572 734
463 718
817 750
961 358
603 323
993 93
192 389
108 484
784 836
916 336
335 896
767 975
164 875
43 119
604 136
26 340
631 157
366 291
335 473
22 606
654 128
657 516
129 69
62 835
164 53
564 178
93 802
235 498
984 813
333 458
779 851
656 797
968 68
735 344
665 907
266 735
682 97
701 14
698 684
503 797
350 778
785 117
425 803
1 23
75 916
599 829
957 23
588 109
654 586
838 898
727 549
439 537
816 229
205 629
643 770
425 105
977 775
350 791
826 871
268 445
519 359
278 498
530 93
914 609
704 545
810 415
81 251
417 585
568 347
3 576
677 43
191 430
267 209
232 860
680 333
934 213
626 122
316 126
810 548
494 581
183 981
467 943
521 613
798 59
546 426
273 382
760 920
378 815
840 103
300 583
415 448
555 348
208 173
732 141
130 663
143 770
608 719
487 485
894 528
91 734
935 7
670 21
55 832
75 418
745 93
906 141
841 514
819 444
90 487
504 384
99 892
66 26
989 720
529 27
825 5
1 732
663 712
57 656
584 427
979 791
127 667
265 498
718 838
146 856
493 659
101 277
311 622
432 67
123 571
61 913
598 83
899 527
851 419
923 786
177 558
602 869
974 697
912 680
222 182
679 985
369 562
345 184
192 123
14 194
741 126
214 528
912 97
1000 756
966 207
562 587
352 228
621 128
867 93
944 808
120 319
131 48
582 313
56 852
643 676
320 873
237 997
767 528
258 118
710 773
69 957
705 419
137 532
6 843
754 569
916 903
514 893
18 596
770 747
993 505
890 491
522 56
811 670
747 517
572 243
143 290
440 468
890 138
894 313
384 900
103 481
548 419
363 263
572 212
30 988
126 81
66 173
7 519
693 518
259 487
467 382
231 361
241 573
315 82
514 967
106 586
181 133
357 467
102 254
121 778
788 205
278 558
651 72
821 473
448 902
411 98
158 713
513 56
24 957
750 464
97 864
846 869
782 392
582 871
364 708
913 84
432 438
38 134
989 853
241 90
852 812
143 312
9 705
627 45
940 353
980 715
879 914
926 494
374 527
368 32
509 536
60 441
548 363
544 762
964 896
384 300
525 365
498 33
342 927
711 147
582 780
265 30
237 260
258 276
628 567
292 562
951 621
918 755
22 411
577 22
105 2
188 559
171 698
657 322
718 149
4 277
957 51
949 283
879 939
344 202
743 34
890 64
337 917
888 842
185 339
482 35
3 319
163 133
31 464
911 143
24 376
704 34
11 944
651 369
436 84
554 525
491 832
852 102
119 425
2 804
898 243
214 643
98 612
231 390
682 507
641 967
106 732
922 690
332 158
777 326
276 596
126 830
309 589
907 928
512 461
766 766
913 547
497 505
617 720
951 16
96 946
791 206
806 908
338 567
302 275
333 838
401 115
58 83
503 361
493 623
164 295
995 817
904 883
407 820
156 311
101 797
741 304
275 364
468 771
961 706
965 241
561 194
970 270
59 248
265 183
161 7
732 470
7 172
30 558
657 574
72 12
702 59
540 417
150 645
506 204
355 812
694 914
802 490
948 449
731 778
747 67
335 36
713 958
84 155
217 397
318 349
978 420
866 521
1000 672
331 174
560 856
609 544
881 276
631 186
55 437
27 525
483 159
654 758
929 36
990 895
483 685
10 892
414 559
590 339
31 643
110 239
640 800
370 55
762 667
651 728
98 865
346 509
541 176
424 400
356 970
980 159
774 46
678 885
152 785
588 983
425 861
897 744
777 449
164 866
391 860
15 885
656 569
505 194
881 471
362 402
573 273
921 923
523 272
445 89
353 635
878 247
580 418
544 948
416 194
465 101
928 114
632 943
517 608
56 338
810 244
419 332
650 656
685 578
408 283
575 413
99 82
970 145
520 63
244 254
228 394
779 394
364 809
322 974
534 119
25 420
314 766
740 196
24 795
332 793
670 405
451 430
935 768
47 584
284 750
237 940
77 878
784 389
193 998
883 270
174 962
648 736
486 499
908 982
775 359
476 867
14 329
179 319
723 366
613 117
394 662
482 170
826 387
337 742
268 649
961 43
501 826
897 531
170 172
473 305
618 586
751 639
626 323
657 308
746 970
767 891
627 683
847 684
548 46
185 497
450 839
755 605
354 940
285 162
304 766
674 105
768 486
221 98
770 699
606 434
64 859
819 429
566 537
250 589
791 174
567 804
4 351
449 43
520 940
792 645
556 246
141 497
180 659
189 67
573 794
221 427
905 31
379 316
508 630
534 947
95 661
49 452
380 80
101 293
14 82
779 569
190 609
538 49
143 62
634 476
455 489
239 966
709 662
77 170
189 984
984 113
120 910
794 971
560 244
625 506
500 107
357 509
950 673
837 592
985 619
233 972
40 47
931 421
355 96
770 345
68 499
487 915
411 484
823 540
867 897
308 223
230 158
517 578
612 42
800 966
196 675
441 176
451 125
376 155
628 133
11 833
919 645
118 142
603 372
563 247
576 564
422 400
192 158
672 253
592 963
620 66
355 680
227 366
949 954
386 107
312 631
16 465
200 58
407 852
206 372
919 484
286 764
451 677
411 603
912 761
64 119
937 847
514 544
380 500
123 283
675 885
213 986
981 357
273 811
305 659
658 594
850 894
598 247
329 143
476 37
757 855
420 835
12 574
668 316
364 284
780 293
248 979
744 495
531 925
702 479
256 334
620 117
592 405
515 996
563 913
664 897
127 601
326 404
87 283
541 963
576 587
104 73
438 704
935 363
167 57
190 136
648 445
367 761
402 289
330 992
97 704
711 492
380 428
112 371
637 849
436 345
564 962
457 374
689 399
260 222
211 670
70 625
743 202
767 952
95 429
734 221
2 63
987 329
149 15
802 848
900 200
86 774
941 247
605 552
649 615
545 156
667 565
785 694
554 944
838 659
521 108
347 617
974 370
347 821
694 75
721 676
498 114
981 67
660 319
330 754
760 971
84 516
207 166
305 399
367 931
535 187
33 205
397 255
109 273
251 198
870 756
398 719
179 364
310 510
686 388
436 734
780 209
155 345
505 295
72 126
640 277
509 810
832 414
593 701
63 489
601 275
49 879
192 337
833 972
817 237
692 187
776 400
408 145
242 385
969 202
118 26
647 996
677 77
819 753
328 347
399 231
708 785
852 527
234 984
99 297
741 204
202 183
216 606
32 632
596 664
896 783
752 674
288 704
59 331
492 686
665 179
621 961
905 809
523 140
664 353
795 851
238 731
773 567
155 152
211 480
808 911
109 946
53 273
875 278
240 657
216 346
853 403
936 245
305 809
374 655
315 615
337 61
699 394
457 694
275 411
508 970
209 971
668 536
642 660
598 359
577 61
822 738
833 201
389 853
722 176
719 996
368 147
889 328
606 772
708 987
272 43
251 916
794 861
46 818
483 378
562 670
510 479
722 2
670 765
961 284
754 369
181 754
257 370
133 685
750 872
802 228
290 995
701 915
793 339
632 710
119 794
248 382
101 12
350 597
726 466
553 339
6 354
294 893
419 588
802 895
488 378
903 188
510 580
239 174
756 644
90 42
874 125
890 634
199 37
464 671
35 672
987 111
140 163
600 807
321 399
849 470
882 550
829 789
315 622
329 491
841 717
535 108
768 643
934 553
687 848
960 97
753 866
508 634
226 164
56 241
323 846
372 248
346 920
673 239
764 781
486 497
234 941
702 772
371 82
637 463
206 604
369 327
815 933
574 859
352 952
972 718
603 869
286 866
333 650
791 226
968 474
69 827
466 712
377 655
319 549
774 320
681 405
981 849
875 851
52 230
715 733
849 992
254 250
990 995
369 618
469 967
500 518
796 674
691 323
439 8
736 396
650 511
9 156
224 531
906 858
742 455
599 140
810 570
736 10
621 314
978 577
794 853
488 160
936 261
709 742
594 334
562 375
495 361
737 854
572 223
252 382
941 347
410 977
854 957
733 202
753 725
512 570
811 220
325 769
953 541
127 129
435 465
988 800
57 990
197 765
256 11
299 688
339 619
30 68
786 32
222 599
417 991
424 630
482 733
491 420
348 440
775 871
548 809
834 984
592 880
382 12
484 774
522 360
969 80
858 665
87 124
240 610
715 453
85 406
589 463
915 806
816 86
860 48
422 351
782 669
272 549
107 243
484 693
882 148
323 978
955 873
104 504
947 609
810 527
75 136
548 750
249 938
234 473
953 593
12 855
1 666
812 239
253 554
218 770
760 960
966 511
813 762
810 357
885 134
566 198
717 750
229 504
563 269
529 661
304 524
894 6
344 715
104 684
914 695
705 418
68 430
718 57
261 612
986 673
514 988
158 4
726 970
22 245
519 143
643 330
117 558
206 517
79 375
207 340
656 886
21 163
117 604
149 831
407 881
281 76
701 364
386 351
735 178
830 181
756 940
90 704
35 343
770 783
972 590
757 226
428 582
68 430
935 410
572 166
538 774
855 180
507 307
169 948
306 73
245 994
739 448
12 248
779 658
288 218
233 994
752 289
112 60
732 817
707 762
421 40
503 499
895 257
574 826
374 789
247 522
660 93
198 818
620 310
532 990
153 482
354 216
964 18
276 902
464 88
97 987
640 594
852 142
158 666
910 706
45 795
107 127
709 731
775 539
423 362
773 141
227 735
975 824
851 73
681 40
897 317
200 469
10 631
429 469
806 928
852 264
92 428
185 448
764 352
203 602
639 123
479 762
638 988
426 790
313 329
202 364
35 341
643 434
245 508
438 901
159 561
175 158
539 300
2 275
63 604
262 963
658 750
146 724
485 510
727 169
680 440
696 939
153 927
688 45
486 605
329 79
439 767
951 406
19 419
525 549
463 614
668 568
125 861
348 28
712 453
322 391
553 414
84 477
880 236
311 730
745 607
370 859
680 348
49 685
519 13
739 213
778 600
929 21
443 707
178 159
112 614
265 89
284 995
671 848
483 371
725 308
79 930
940 696
827 10
341 504
10 798
217 756
554 451
581 432
684 892
610 641
313 73
778 935
842 45
973 463
811 803
554 371
679 306
432 790
609 937
223 554
483 294
362 361
632 43
204 729
77 193
480 223
879 139
369 227
132 344
478 804
328 286
116 392
353 532
29 496
143 255
643 934
127 108
285 388
82 70
819 647
656 682
260 221
281 373
797 427
654 525
262 565
783 899
248 415
502 734
347 515
740 369
339 24
537 506
257 791
138 496
573 64
280 344
461 796
442 529
90 752
567 284
511 800
311 803
122 784
89 570
378 663
456 147
755 827
752 141
678 105
972 16
405 259
546 674
581 577
856 534
814 665
167 252
386 503
276 336
138 615
568 218
589 510
127 125
305 813
618 650
614 34
468 796
826 626
914 752
165 974
375 588
520 121
332 558
511 122
555 365
118 887
933 141
273 704
192 933
813 481
790 27
756 580
243 355
190 420
787 298
981 247
325 79
398 596
776 837
666 448
245 361
148 438
706 509
976 952
583 136
875 28
139 779
299 180
280 798
380 50
654 162
239 133
362 777
218 193
664 389
279 278
682 803
984 847
247 856
610 907
47 755
511 913
646 715
251 59
9 65
165 912
799 825
67 324
964 187
640 617
62 124
767 2
480 187
534 88
57 524
955 730
53 255
949 220
775 781
977 401
172 426
753 172
349 981
468 884
214 135
742 634
904 533
17 293
544 607
265 754
53 646
354 40
695 959
550 620
85 198
377 456
343 906
136 510
904 152
315 554
442 342
444 272
319 157
758 232
27 400
268 891
8 357
184 362
913 287
908 776
564 770
377 688
233 623
148 490
581 712
327 644
191 354
224 620
830 882
89 775
1 994
346 976
110 112
854 757
639 438
268 116
214 363
580 507
661 897
834 483
633 835
82 83
143 387
714 885
258 673
840 400
400 753
627 151
800 267
149 810
177 856
499 358
66 770
579 522
607 312
497 26
754 801
887 334
520 719
165 917
461 995
310 448
795 264
925 636
54 675
69 177
437 771
404 389
494 175
456 224
764 199
932 175
204 858
394 102
262 995
774 365
181 393
438 610
676 71
762 646
433 313
595 352
185 118
721 427
88 138
335 962
974 93
881 318
832 651
165 207
524 490
369 906
926 585
785 473
120 838
506 233
969 58
812 416
707 701
76 813
240 307
237 28
75 754
242 294
616 427
667 822
976 955
421 16
786 251
553 769
457 554
851 479
839 643
727 599
811 857
451 833
238 626
202 592
689 596
766 787
47 181
673 412
965 153
857 245
759 666
837 345
3 305
904 981
800 380
526 277
463 604
503 2
315 977
868 994
94 376
690 639
150 894
595 464
494 503
611 27
424 724
451 665
249 529
357 404
493 357
264 979
298 37
719 149
417 886
379 983
320 497
683 867
983 977
935 418
616 141
189 844
372 952
796 583
718 622
697 77
344 318
904 629
615 402
559 456
282 203
452 692
780 39
248 317
419 589
695 55
512 751
185 730
849 507
364 771
870 649
722 119
451 509
975 976
4 101
481 205
465 410
711 753
820 938
964 397
838 906
139 967
463 122
336 176
577 774
93 987
686 326
804 210
374 676
976 365
270 306
257 903
429 609
358 776
711 16
784 257
224 506
203 448
138 106
93 306
414 389
437 938
643 943
645 253
868 442
164 850
310 482
273 362
461 29
424 423
230 96
806 683
847 3
500 663
268 294
688 251
984 666
877 289
806 657
281 375
41 747
763 396
313 657
367 95
602 852
365 177
807 62
399 672
556 322
952 427
20 19
18 634
46 455
415 29
15 990
421 578
911 45
718 949
826 878
902 192
415 182
296 752
682 740
653 816
375 591
333 969
576 60
430 67
907 665
761 416
141 193
882 452
946 242
754 534
999 294
707 632
949 318
123 565
942 652
854 175
260 674
842 551
875 589
528 316
584 602
99 460
374 882
35 625
338 173
462 17
226 852
979 342
149 857
108 43
340 499
947 92
566 212
746 804
529 678
919 657
889 941
852 979
914 197
338 388
325 186
169 150
330 133
953 762
461 229
212 293
874 275
108 495
590 973
251 878
282 939
731 538
910 727
779 919
540 526
234 533
458 80
770 803
146 856
287 563
295 325
186 175
22 189
316 49
670 745
83 567
977 104
969 519
610 241
872 210
707 644
609 579
62 294
376 735
705 142
984 635
18 569
676 654
311 804
997 828
36 257
209 841
894 413
355 119
78 956
891 572
574 982
371 104
255 205
488 510
445 105
689 586
657 252
108 888
582 814
691 93
654 956
79 208
253 110
730 146
328 918
980 139
383 130
673 170
904 597
55 913
783 388
573 62
336 553
782 158
752 191
824 41
62 697
802 166
493 499
341 238
507 744
719 277
732 778
11 578
36 161
715 487
4 735
908 746
225 905
818 974
745 881
855 848
701 656
647 427
226 640
843 712
100 696
435 740
843 294
562 404
576 429
505 402
892 792
194 135
901 609
725 880
700 423
801 557
628 463
573 318
405 433
43 862
362 128
767 544
423 124
730 725
715 566
447 215
1 311
176 399
369 820
733 813
781 126
952 162
315 633
868 9
188 999
614 868
220 45
850 156
161 841
467 382
551 801
16 548
480 655
72 569
922 672
772 324
254 790
660 821
890 367
29 555
626 819
969 765
21 84
942 817
110 309
291 673
996 990
398 273
952 76
777 877
521 243
706 359
711 488
49 446
191 255
409 456
466 991
678 983
90 988
774 303
435 566
876 652
464 102
901 885
517 23
576 116
877 596
418 234
439 651
717 481
273 382
957 66
758 337
529 150
839 963
650 707
280 627
919 483
386 444
47 739
790 91
856 428
437 442
333 672
264 128
819 325
610 41
762 6
792 537
141 533
207 566
440 68
458 57
566 512
364 849
593 425
885 604
738 305
925 767
719 193
590 724
263 304
264 904
675 578
761 216
799 225
395 829
753 700
755 363
662 269
524 787
237 935
256 122
123 535
111 511
949 507
310 688
346 705
355 472
307 405
406 644
405 158
291 402
979 389
575 857
783 567
578 892
500 746
812 362
668 581
630 168
868 321
569 381
216 264
223 357
601 310
621 68
572 503
622 199
55 432
510 961
951 825
525 824
19 986
107 92
983 67
281 995
774 82
223 373
513 58
397 475
722 971
507 83
465 84
223 50
485 985
450 724
765 334
360 181
60 790
513 479
292 517
42 42
850 448
413 454
868 962
378 448
101 495
194 853
242 620
592 210
256 570
678 368
342 890
15 151
534 617
130 134
373 102
425 742
624 701
683 676
225 672
835 888
467 134
661 88
68 796
548 9
633 229
935 592
470 957
966 659
398 916
945 210
479 317
794 570
903 641
166 982
603 282
364 872
945 800
272 797
54 680
800 910
683 713
492 879
453 679
750 931
69 530
625 1000
54 686
354 29
917 451
530 848
818 991
432 760
806 338
768 359
698 309
732 808
998 231
785 226
654 9
289 688
426 851
361 551
203 371
458 913
341 348
468 271
58 80
459 248
654 323
931 957
960 481
690 60
604 328
953 997
756 28
946 704
119 872
184 445
278 777
987 380
265 229
381 357
583 430
511 188
293 818
97 335
830 829
7 317
658 885
216 116
867 627
275 993
365 920
671 966
429 993
311 478
779 449
425 691
871 601
362 444
142 878
639 312
813 324
49 46
474 339
748 897
763 626
144 670
7 181
393 267
541 31
40 422
273 680
692 629
778 452
63 831
248 301
26 841
592 840
839 424
251 376
12 29
826 779
802 332
33 851
777 668
263 987
912 250
485 712
834 815
6 167
925 278
544 404
362 333
174 31
941 996
90 852
745 381
472 238
297 652
954 636
985 62
481 754
784 669
192 381
126 141
347 408
369 442
317 946
221 96
61 526
108 996
711 552
320 528
876 814
222 826
538 757
192 233
752 184
790 483
972 175
286 691
574 550
757 516
906 24
928 515
689 456
881 978
583 712
97 398
347 608
997 967
44 319
41 672
271 720
590 436
124 645
571 276
774 401
781 465
138 160
934 249
670 741
544 497
413 986
563 999
107 432
451 977
452 223
392 14
432 514
426 604
767 802
134 929
178 619
784 938
847 751
496 815
140 164
403 469
60 394
156 496
620 470
323 38
215 853
26 890
864 709
118 872
512 143
214 506
383 541
874 111
641 960
451 33
619 145
393 126
182 421
983 29
659 828
874 653
403 233
462 576
104 144
659 5
24 102
675 810
961 579
450 541
638 792
284 276
396 841
256 682
556 923
696 8
923 588
574 708
414 408
232 220
712 89
114 504
780 487
129 834
415 779
31 732
293 648
640 901
889 578
398 934
269 74
553 944
453 457
891 778
427 315
594 705
925 114
443 118
734 503
474 85
217 556
274 121
760 580
362 617
81 306
87 104
435 69
585 364
272 44
877 874
574 853
286 105
926 567
611 587
849 942
45 250
606 663
52 512
728 201
20 430
798 151
417 668
149 44
10 622
258 535
822 693
866 186
36 914
57 407
883 937
720 595
10 857
102 695
965 109
990 149
362 313
257 766
459 904
391 983
92 597
722 876
250 173
306 280
577 309
242 445
735 264
700 896
723 409
919 931
506 453
725 855
879 393
120 530
53 848
9 95
526 376
349 375
163 189
166 342
145 952
650 401
132 617
838 267
442 844
547 552
402 755
133 610
72 115
119 894
567 612
442 742
814 586
972 13
509 605
444 804
769 733
586 251
664 613
610 866
148 829
779 872
454 71
389 295
53 828
654 66
221 659
25 486
793 963
126 639
166 877
174 841
901 967
461 970
718 938
921 113
696 354
770 449
996 677
416 328
993 236
772 217
683 705
629 510
134 626
619 325
845 663
901 59
213 334
476 910
924 324
712 281
902 121
840 760
799 339
902 22
932 201
475 916
893 159
297 46
829 683
414 709
174 819
857 146
760 373
570 479
876 771
112 787
102 637
554 603
11 268
430 554
603 223
98 693
214 682
740 18
931 507
481 820
284 109
650 850
225 962
974 619
189 577
557 930
964 578
251 590
181 674
371 60
556 505
403 731
148 544
579 176
329 889
848 697
87 974
575 823
871 116
752 826
16 660
919 356
898 568
789 479
543 504
568 77
981 844
19 984
79 826
404 468
680 866
477 309
942 469
779 708
632 847
690 367
818 731
19 824
492 164
960 529
897 681
157 700
841 266
516 949
856 816
95 65
488 691
582 560
120 651
954 688
739 353
951 304
103 804
418 815
42 895
687 241
987 932
683 241
849 238
813 756
500 309
650 768
160 340
635 622
238 846
687 264
105 879
931 966
273 982
528 651
162 97
84 362
27 333
587 540
373 835
787 931
882 457
267 211
706 856
515 819
646 844
111 462
525 359
537 561
683 602
801 825
248 989
356 676
321 707
966 43
543 832
688 689
94 474
842 943
731 336
98 562
515 698
931 339
563 686
680 924
875 485
272 972
662 72
332 690
463 963
435 651
182 8
316 935
911 920
866 56
43 982
605 173
364 538
880 988
458 397
848 695
444 757
86 415
599 348
693 806
172 320
208 266
912 285
214 579
123 615
980 630
151 582
316 875
785 314
728 250
331 296
637 672
867 269
146 743
621 312
8 601
385 757
417 812
514 16
569 573
555 804
956 623
561 620
908 444
734 81
88 753
408 590
67 953
640 249
164 654
936 288
853 492
339 538
300 962
375 972
72 124
635 812
370 732
569 482
641 743
878 887
778 383
620 535
223 531
839 934
500 939
497 258
301 837
338 311
154 545
304 991
849 165
696 437
45 177
412 319
179 991
540 51
217 153
462 581
958 459
166 54
222 2
489 379
550 863
32 609
625 501
462 652
220 745
282 236
973 930
447 928
975 47
8 459
165 426
767 352
794 285
504 35
874 317
828 19
385 288
102 525
855 379
461 303
162 322
263 965
16 355
772 669
718 207
245 302
158 121
542 372
246 554
983 465
738 848
830 300
584 533
398 913
740 680
935 311
739 112
233 123
392 866
586 596
295 250
249 576
249 326
652 389
263 452
941 557
398 446
751 139
629 350
30 242
710 993
327 566
379 281
389 156
61 339
477 982
776 157
83 227
75 231
897 779
367 118
539 884
109 277
879 853
561 663
806 835
627 8
514 392
404 835
195 190
673 274
274 351
444 204
794 998
519 124
865 654
775 285
642 706
237 218
644 283
779 49
477 482
194 948
947 626
252 877
490 781
403 612
824 941
5 288
755 796
458 105
202 203
994 587
869 826
727 465
331 847
724 41
565 98
220 166
578 951
56 155
449 130
36 520
371 536
558 224
124 392
540 957
402 639
428 878
892 84
238 57
515 833
530 10
106 42
651 780
328 589
406 249
323 461
473 403
359 41
892 839
924 468
676 521
459 99
143 976
61 632
34 39
719 108
926 96
209 224
424 19
624 526
824 785
834 568
677 660
961 256
669 808
97 105
359 702
870 722
453 518
850 146
848 900
940 161
545 900
383 1
813 572
122 746
6 733
720 436
417 411
31 252
629 278
30 700
5 538
277 296
870 528
996 218
319 440
287 546
6 331
84 180
750 87
314 222
85 912
719 604
586 876
951 723
254 225
567 380
709 430
709 350
467 99
846 139
399 809
693 302
441 853
328 907
729 435
223 997
304 259
24 677
795 158
753 163
75 589
601 443
126 698
199 913
540 71
732 832
755 176
300 168
948 678
807 619
260 942
673 848
172 739
444 618
525 634
242 947
19 519
590 480
84 634
724 564
591 90
187 684
741 172
992 120
416 613
663 699
517 459
247 713
353 596
408 99
949 900
136 731
196 730
521 58
798 552
559 133
639 334
52 59
590 998
774 20
555 764
517 283
802 59
643 594
70 498
436 314
426 925
676 662
572 556
657 652
611 498
552 158
468 175
495 631
888 326
491 85
404 407
379 269
436 340
869 292
558 137
314 261
636 74
107 914
203 632
711 377
11 180
18 992
82 630
248 910
692 596
249 404
363 883
381 538
282 199
37 771
950 821
363 979
595 249
793 865
490 159
573 723
394 24
792 212
467 625
75 773
961 439
291 356
214 326
116 985
813 68
834 715
868 136
283 314
128 421
894 914
523 713
330 623
16 130
451 96
483 714
442 108
613 145
829 750
541 129
460 620
354 124
611 475
231 686
501 188
188 539
398 397
341 739
704 896
162 324
124 484
831 75
724 93
708 880
31 905
780 62
199 103
543 944
464 34
545 553
614 707
339 693
604 289
440 315
123 682
991 830
980 310
610 680
183 987
303 581
360 869
332 3
501 582
298 948
981 729
691 769
895 394
607 570
343 902
953 536
659 372
301 326
861 870
787 269
534 526
351 466
38 480
169 736
857 631
804 379
975 721
521 906
147 918
217 693
252 410
490 968
9 584
621 922
170 821
8 648
777 556
373 138
124 853
510 98
559 873
279 829
8 770
82 585
814 900
147 221
446 443
650 238
922 423
621 831
835 569
370 29
297 357
228 656
128 337
1000 42
164 318
380 447
745 51
811 240
381 400
485 409
482 617
108 995
330 317
387 487
454 721
623 183
207 65
18 882
254 365
733 503
442 439
956 321
243 319
900 297
561 74
512 92
278 894
666 305
829 213
491 408
1000 13
112 669
717 256
887 997
768 410
448 134
656 690
931 481
699 473
36 910
413 320
574 263
656 895
455 588
787 348
45 256
903 48
961 973
534 562
616 529
660 151
287 157
151 845
378 939
747 125
346 69
74 357
558 307
560 569
866 480
971 794
310 453
191 977
360 263
180 38
394 530
861 330
480 63
320 786
434 252
533 812
733 583
347 162
397 523
259 702
880 34
650 676
861 997
547 992
789 466
858 725
538 991
895 543
763 179
679 612
255 49
211 241
18 908
535 346
374 166
567 874
931 831
441 186
558 265
19 91
61 142
628 734
590 425
576 643
461 528
371 273
819 286
471 611
426 813
181 465
3 351
6 397
299 42
894 200
734 627
308 948
652 539
556 688
903 778
910 603
97 191
795 614
204 721
86 119
887 992
781 672
544 862
499 47
518 458
723 661
803 583
511 640
402 198
460 512
648 128
692 152
224 492
30 192
166 203
745 446
57 440
72 72
397 111
459 131
177 851
515 550
823 536
253 752
147 313
876 524
344 874
573 528
214 959
795 251
654 379
358 289
423 672
738 851
147 39
829 700
889 53
817 464
243 827
797 908
304 655
510 839
500 380
612 498
23 136
885 463
281 310
307 342
588 302
970 738
644 60
838 425
675 450
497 784
153 435
505 549
161 828
324 586
511 475
928 318
851 980
163 482
971 959
427 789
688 432
808 898
642 140
75 792
609 378
438 54
707 205
821 390
205 860
502 484
719 928
595 987
233 510
553 779
197 843
42 665
901 15
532 948
253 610
296 824
538 886
537 310
898 840
938 239
927 58
583 524
812 663
417 479
969 663
184 1000
28 543
689 704
861 307
499 978
955 249
745 683
110 607
654 450
762 992
483 914
591 180
413 620
896 387
937 372
298 758
433 452
608 380
832 458
760 804
133 215
37 228
467 977
891 743
870 329
737 914
615 786
1 30
818 907
486 828
241 286
567 713
38 234
955 604
196 773
258 30
544 91
663 189
41 317
4 512
138 842
731 251
186 747
668 771
62 705
6 384
532 457
479 774
767 984
499 228
271 300
397 816
709 516
709 818
63 550
703 142
303 494
721 126
582 569
357 97
210 274
984 168
624 42
447 203
12 603
739 78
985 988
932 382
699 680
318 209
629 918
284 548
77 387
276 511
569 671
30 615
375 529
652 924
680 89
443 508
114 656
774 183
704 633
268 174
199 667
698 382
227 795
65 852
225 697
463 720
271 496
505 365
21 974
966 893
100 538
512 939
152 45
947 433
567 100
757 199
702 716
519 670
40 455
832 181
452 637
815 304
669 114
899 534
758 117
59 808
239 368
849 364
447 187
404 344
944 535
778 626
293 33
720 22
697 972
657 223
540 121
14 555
434 994
984 710
206 178
465 628
3 128
516 563
116 686
889 829
547 247
194 864
17 67
450 978
291 300
880 216
62 523
58 845
706 149
956 816
932 856
54 398
441 956
929 689
769 470
585 130
678 796
869 512
432 874
187 317
342 18
655 766
999 944
668 23
420 824
371 248
633 390
712 821
880 141
929 483
940 475
358 999
258 113
799 686
23 296
468 390
552 92
250 970
515 989
79 574
124 15
155 451
942 851
485 557
754 809
103 127
466 273
679 117
742 774
267 441
108 668
784 500
526 448
773 742
847 33
93 142
274 325
202 727
726 628
278 322
870 621
961 487
548 747
811 335
152 511
272 383
556 920
191 410
730 473
446 487
40 976
372 736
185 516
405 719
205 158
695 859
782 689
893 264
943 847
384 716
636 163
726 925
595 30
730 81
233 724
744 770
984 459
898 287
212 694
730 226
46 896
528 644
83 175
143 530
399 817
36 66
739 820
476 68
392 155
740 128
909 147
537 548
579 316
249 131
737 349
280 701
960 545
757 657
534 743
232 108
735 637
269 921
579 16
146 273
530 430
898 509
871 687
218 337
922 934
887 25
278 314
299 381
353 369
759 993
150 873
84 671
44 866
372 96
978 284
604 101
745 405
835 80
164 555
134 414
490 824
378 675
839 102
546 236
199 651
698 795
792 502
419 796
745 193
395 832
696 660
776 199
262 34
106 248
122 759
932 993
182 808
412 171
402 588
537 81
503 362
991 710
52 319
971 724
142 706
840 234
131 53
222 340
519 900
838 745
365 734
131 411
12 350
135 933
348 335
733 951
475 285
365 68
275 7
102 224
938 490
776 372
622 566
886 410
77 821
148 477
43 774
955 110
721 260
335 784
302 851
172 102
72 420
738 552
148 877
579 497
991 59
967 374
937 830
986 923
640 79
708 328
838 798
86 577
301 252
236 328
347 6
184 888
712 476
540 172
438 761
833 368
21 528
827 448
821 199
143 367
878 409
192 770
518 810
246 585
659 748
934 860
74 399
788 382
149 170
291 152
290 299
210 816
24 655
498 561
880 686
273 871
418 187
363 819
402 213
389 20
754 624
373 393
927 448
46 750
910 981
968 945
359 306
224 185
290 818
577 29
961 600
335 869
709 393
844 579
918 385
177 838
492 154
682 50
223 247
433 44
202 646
900 501
905 308
575 76
466 809
649 933
368 915
811 195
836 149
325 611
505 15
286 517
588 215
107 929
476 198
754 205
36 266
120 24
288 912
35 412
592 386
2 160
943 935
542 401
263 277
557 681
92 770
827 994
745 618
526 777
629 118
710 747
416 521
67 123
724 213
256 379
521 597
522 345
266 445
713 800
28 706
472 470
415 652
94 195
355 262
460 601
872 463
88 657
430 715
937 640
449 975
699 274
352 847
557 823
104 382
896 242
282 445
893 601
352 780
382 25
738 710
432 369
925 726
166 302
798 742
848 765
203 110
3 80
119 899
765 752
986 830
758 154
403 494
924 221
331 299
845 739
890 425
958 452
840 374
679 652
609 413
379 366
488 743
469 416
265 168
234 310
958 107
615 752
526 887
106 697
960 181
827 279
991 584
892 138
256 304
97 839
677 34
190 252
114 905
689 283
60 162
781 539
738 767
162 250
272 763
154 953
481 336
657 35
810 978
408 351
636 912
250 63
887 536
947 512
465 596
759 541
727 600
472 270
253 900
662 111
482 386
646 606
593 70
793 39
909 617
346 54
942 464
329 498
89 979
853 304
194 762
195 364
846 792
205 891
130 526
364 358
413 737
323 30
556 59
183 494
925 638
257 192
942 446
461 64
237 835
676 337
939 457
844 142
295 811
741 820
365 558
728 725
990 296
814 215
466 553
694 957
476 541
739 44
139 297
474 349
957 102
540 582
110 301
389 930
133 839
376 834
428 310
906 459
308 216
202 180
478 801
312 175
625 573
681 671
188 746
45 282
485 42
881 771
444 240
680 336
864 936
111 402
921 500
712 780
729 153
343 909
424 119
108 55
789 980
733 275
748 862
843 390
603 965
733 554
802 365
58 866
157 42
815 961
909 441
455 566
655 153
428 526
102 628
625 624
78 333
121 200
570 211
488 334
425 347
685 921
643 276
24 580
156 623
907 244
402 524
383 757
172 48
613 686
910 797
54 102
201 977
988 656
387 882
902 199
330 993
630 344
761 701
927 692
280 347
216 304
766 584
242 304
95 669
640 368
656 147
273 727
587 418
272 731
753 662
781 963
924 980
115 654
887 490
498 323
571 229
729 424
189 905
561 81
867 629
624 138
686 441
197 282
700 636
47 344
275 571
313 336
521 729
160 407
749 434
874 68
402 155
387 103
530 228
681 568
773 219
597 417
371 287
763 369
399 799
268 835
713 495
635 402
65 350
824 215
44 820
849 912
637 122
258 102
375 722
400 245
491 383
651 628
513 300
955 458
179 571
74 437
769 509
609 425
405 475
542 246
155 348
888 616
186 385
872 597
850 176
759 848
274 109
783 466
85 22
98 665
185 88
889 922
845 905
1000 893
757 154
140 532
575 504
991 505
327 365
767 68
244 479
385 550
769 633
117 241
868 449
433 630
806 480
907 476
929 421
384 678
652 511
593 527
52 636
293 425
842 961
126 98
6 168
555 423
851 700
61 802
532 896
397 933
476 390
240 879
518 579
348 411
818 924
228 930
969 837
734 128
749 8
86 571
746 873
652 613
635 816
328 398
480 210
362 814
717 886
490 297
629 445
1 584
548 692
464 959
760 638
630 291
243 676
491 396
796 100
16 746
105 474
909 28
307 167
315 855
160 780
547 742
241 695
977 866
956 534
812 424
87 516
960 150
670 326
804 840
851 901
241 830
311 601
751 104
420 950
957 43
859 473
888 498
985 104
2 439
707 996
629 650
710 953
654 726
273 206
461 300
204 777
209 860
774 974
348 978
776 760
662 842
962 721
686 881
680 74
169 542
706 932
702 978
475 571
742 775
45 977
983 496
647 620
972 731
261 745
379 238
429 176
902 632
634 735
897 584
553 820
371 75
451 192
996 137
838 955
255 915
762 198
47 778
101 225
474 444
285 73
531 968
608 477
87 372
267 533
843 520
893 941
658 824
936 412
21 155
623 474
186 743
251 537
500 971
640 105
969 799
694 993
386 485
542 687
982 87
239 875
658 387
506 36
335 611
538 40
790 337
737 19
962 995
410 100
43 894
504 447
96 411
482 559
945 457
424 34
937 783
427 961
3 678
369 334
902 229
319 35
289 14
690 418
928 334
115 642
354 826
427 554
216 946
578 40
873 929
986 79
572 269
278 994
359 451
781 189
460 319
385 943
564 282
184 841
973 181
319 322
173 803
546 231
516 333
659 619
31 904
156 993
47 965
909 798
199 892
665 643
423 886
653 373
981 34
149 360
545 19
409 173
750 996
759 899
443 962
232 451
514 188
749 746
397 293
389 551
720 545
493 470
697 472
637 121
450 842
92 612
77 837
590 97
538 277
932 615
807 977
585 420
395 223
680 887
318 300
212 843
720 520
230 262
846 838
264 311
934 73
19 709
598 727
83 870
391 438
197 855
627 20
927 875
254 128
6 966
505 805
33 336
74 873
861 175
325 556
148 770
628 332
760 303
702 781
626 299
549 147
972 417
137 380
174 994
676 50
587 50
751 301
413 334
680 574
638 636
912 964
586 640
549 182
665 811
461 948
831 932
575 552
971 245
925 316
882 847
88 779
622 529
489 81
994 600
616 872
446 233
959 178
273 957
35 609
813 516
900 818
384 535
95 747
176 137
914 424
222 589
900 456
15 478
86 78
146 825
36 55
577 25
954 425
468 523
71 416
676 66
801 103
181 749
526 873
331 475
264 150
855 366
585 219
745 582
4 646
459 490
853 467
766 682
911 357
557 403
24 790
887 72
46 607
866 343
374 193
202 863
713 786
982 700
312 629
931 270
754 130
543 548
488 567
928 529
635 929
886 429
121 719
523 335
889 13
232 857
696 863
984 191
461 491
310 852
751 207
998 635
896 618
798 587
716 561
441 232
179 556
971 425
801 902
387 465
731 150
138 487
994 835
847 534
635 186
246 111
944 405
157 783
299 841
194 744
226 751
103 977
823 507
258 158
906 624
284 250
327 241
651 68
850 435
442 935
164 134
939 834
740 850
415 749
43 1000
176 751
122 13
121 199
860 201
156 745
148 938
992 325
536 168
941 807
241 530
555 88
341 294
670 117
270 233
276 9
690 575
129 145
442 783
846 495
760 292
394 811
372 868
10 789
171 636
913 787
618 742
695 502
739 421
125 339
391 149
381 177
420 404
723 407
918 181
508 529
756 495
453 50
108 263
552 339
385 301
453 166
171 500
688 595
54 743
832 627
367 855
951 641
867 77
632 597
671 650
303 852
520 305
36 77
103 871
281 632
487 164
924 24
715 711
676 185
987 189
582 701
356 243
764 69
921 615
922 677
142 26
992 878
417 842
696 424
433 998
807 785
141 125
52 20
827 82
812 445
26 285
393 491
637 638
371 992
10 248
607 212
316 317
533 426
5 337
253 752
862 175
782 462
33 477
629 725
7 416
266 819
19 854
145 873
220 654
606 293
512 477
28 503
489 792
855 534
246 907
139 58
531 450
596 469
22 669
689 36
315 166
163 1
495 121
684 776
411 222
986 796
740 977
203 69
156 629
982 791
334 528
121 979
394 189
623 184
869 148
924 615
527 431
201 682
689 667
777 523
930 990
986 892
427 22
81 577
475 44
323 682
243 902
247 107
167 410
964 647
660 900
109 441
22 538
939 672
190 221
273 742
817 815
133 807
209 57
593 23
666 376
197 660
435 826
371 668
917 448
84 743
814 180
840 499
94 726
361 451
889 805
261 745
869 827
421 814
498 664
114 739
157 448
286 227
813 83
427 996
306 900
511 140
945 394
789 615
98 717
180 16
88 181
247 2
549 439
450 727
792 707
312 325
324 364
315 888
47 372
900 460
157 691
107 294
598 465
596 832
485 10
570 547
330 358
433 585
107 742
765 959
243 915
709 722
711 739
188 417
832 630
381 674
577 626
670 987
454 355
477 631
839 219
395 646
406 297
661 743
12 631
994 166
444 169
269 596
524 25
49 879
143 743
244 399
382 858
725 685
858 887
772 673
990 146
322 297
948 794
245 925
261 170
882 415
112 521
195 136
126 363
173 772
170 26
99 429
822 94
176 882
329 406
493 263
729 986
24 83
899 400
209 181
570 626
98 665
847 748
17 286
888 8
127 879
996 516
574 835
846 29
210 348
911 666
635 479
446 756
374 587
257 973
7 537
707 244
365 299
959 589
775 721
511 489
665 832
755 567
20 145
276 305
566 823
570 93
309 631
437 237
760 997
805 273
557 55
338 4
976 881
769 520
521 632
265 98
973 758
753 739
719 938
504 917
292 376
418 919
381 136
345 979
984 995
562 381
828 920
783 100
2 729
816 822
840 402
847 724
793 560
545 435
296 136
128 580
379 68
297 72
643 749
935 169
968 81
742 189
854 253
114 866
406 114
716 617
309 679
460 962
108 813
101 584
289 978
769 673
2 675
971 160
188 908
858 354
750 366
842 418
119 139
801 145
317 145
583 491
972 54
318 164
429 22
960 652
176 426
707 862
171 554
624 516
811 641
85 624
242 731
603 930
356 550
747 708
804 447
674 913
571 886
523 678
444 30
298 959
529 529
833 515
261 267
581 79
165 437
124 781
54 58
637 36
130 378
3 59
32 884
563 725
196 836
661 551
890 838
855 736
882 188
356 761
769 110
958 378
982 194
212 472
349 831
3 506
328 76
294 610
654 780
184 643
529 885
310 61
229 354
832 731
984 527
457 508
530 943
752 208
400 573
403 818
198 153
765 855
866 194
223 274
629 854
664 337
959 64
765 878
826 666
350 438
681 388
910 925
487 76
449 449
810 139
344 254
108 419
469 119
447 600
621 366
847 641
932 17
530 207
871 368
477 711
54 133
321 152
574 555
211 822
388 2
565 861
723 180
318 98
87 939
579 775
91 352
327 419
586 348
858 537
603 884
210 783
683 958
223 485
163 219
917 219
554 281
510 482
170 240
291 737
176 634
382 72
947 314
602 769
538 728
668 303
459 627
598 998
746 94
877 880
112 996
790 761
448 40
191 625
643 839
565 160
848 122
636 566
37 409
943 959
327 797
980 811
480 344
527 950
699 644
182 468
83 626
923 402
579 31
117 201
30 970
224 775
256 531
128 866
946 7
329 218
172 209
255 880
935 42
696 97
717 936
786 164
615 876
912 870
786 233
415 89
764 451
929 55
239 860
331 982
609 276
764 8
804 535
55 337
65 470
216 941
103 552
120 771
947 562
46 685
279 592
982 326
460 934
667 795
369 363
569 14
248 375
601 399
209 529
957 751
438 560
799 775
187 911
798 223
217 644
207 560
132 558
665 942
571 505
446 526
672 896
393 950
713 868
199 496
377 700
384 958
43 978
552 865
578 651
236 885
816 595
844 756
141 186
91 393
826 710
373 433
367 696
304 671
784 399
407 463
276 179
944 404
946 83
699 946
932 610
210 73
235 326
757 669
109 17
873 794
71 513
601 160
132 33
603 224
728 457
545 796
798 533
190 305
735 851
576 265
522 279
988 193
250 804
758 625
409 734
562 145
559 769
222 272
544 557
989 980
764 304
468 253
775 90
292 191
689 279
939 233
893 285
50 60
138 868
994 657
786 216
983 460
265 676
458 780
290 260
336 745
52 874
712 9
873 389
45 968
818 878
868 207
125 94
414 778
823 399
525 736
94 201
868 70
715 223
477 565
480 543
53 55
8 456
521 688
588 611
374 360
54 688
987 298
827 964
548 450
554 430
318 548
617 953
773 13
197 290
615 771
7 885
846 747
386 419
236 942
941 565
580 350
819 636
489 101
784 296
834 635
821 48
140 624
193 826
694 215
357 198
558 705
940 839
548 672
205 110
450 2
886 33
573 232
290 621
570 124
697 836
775 27
144 128
850 745
533 254
321 600
406 461
12 903
958 324
985 638
145 216
85 442
714 948
972 940
262 383
401 883
689 79
132 902
338 807
763 90
543 987
283 250
727 934
7 843
45 533
10 956
536 284
872 277
446 174
400 186
799 441
531 278
273 528
257 898
141 854
311 362
653 637
813 801
679 455
284 668
868 290
371 81
516 251
163 741
677 289
832 734
790 526
764 949
918 685
447 540
905 948
147 372
207 326
601 59
271 586
249 108
685 521
692 82
940 662
989 969
542 269
867 390
286 523
838 42
328 327
624 83
223 687
135 265
839 648
9 383
832 723
904 828
160 32
65 234
626 467
151 966
508 92
190 354
915 207
3 206
476 784
523 327
667 407
46 262
18 707
42 585
186 235
878 436
373 139
805 106
849 628
583 808
92 949
411 967
523 945
351 554
881 176
367 277
764 413
34 289
619 29
509 145
780 795
788 769
400 179
254 242
77 842
569 869
859 453
634 467
13 665
982 258
757 58
901 411
504 510
855 920
307 920
984 584
367 243
604 801
902 403
710 27
783 288
853 495
451 308
145 42
360 313
335 126
254 315
27 838
744 759
24 756
469 859
304 250
338 225
384 40
562 693
668 78
120 699
648 314
900 278
666 537
817 705
560 429
328 883
895 890
446 356
996 776
425 864
110 497
211 631
304 970
798 359
424 366
94 796
419 905
653 208
129 154
612 850
358 673
561 417
831 1000
135 439
196 17
109 326
371 487
754 923
247 929
824 973
99 930
689 198
78 82
568 518
87 963
217 555
267 843
547 792
206 890
657 767
944 962
598 124
974 674
5 829
58 534
338 212
384 674
98 147
492 849
366 790
123 887
255 235
84 562
619 726
419 304
700 918
448 787
987 78
230 118
817 993
606 351
899 739
77 473
201 477
510 394
473 106
968 631
948 851
50 352
240 270
223 570
245 975
897 272
487 396
135 776
26 792
81 578
397 940
149 679
320 261
756 511
502 441
210 53
184 973
448 739
283 829
996 551
452 241
107 92
69 942
261 74
971 228
789 852
934 622
716 258
990 299
799 625
542 165
660 129
539 439
144 148
919 257
328 70
633 662
639 153
424 237
528 374
346 391
778 830
357 176
556 531
246 332
848 456
669 153
847 791
69 216
561 684
433 814
515 187
151 824
634 790
474 766
247 180
619 62
811 773
942 177
343 232
711 730
196 563
806 478
801 406
247 384
696 949
279 767
433 189
504 423
453 308
136 614
165 348
347 836
931 197
18 281
812 211
921 762
18 901
899 908
96 743
638 928
726 235
731 152
311 932
485 350
875 603
904 864
498 991
246 590
456 953
859 44
835 652
874 130
112 667
741 752
487 780
218 108
23 317
992 991
436 793
693 361
622 619
842 766
40 98
523 140
183 15
354 194
405 110
115 569
312 821
109 55
428 308
370 433
777 158
624 384
901 788
785 651
595 629
282 912
562 335
34 157
569 337
882 44
331 745
465 522
72 618
493 157
360 475
473 491
731 309
67 129
43 824
728 715
841 877
755 285
350 231
219 320
70 462
833 868
286 489
353 600
971 125
415 375
469 211
407 949
879 256
649 957
146 716
918 638
388 225
130 246
502 912
686 932
273 431
868 195
811 867
652 730
150 963
617 96
520 759
753 733
398 697
64 952
52 799
657 425
508 806
270 767
482 658
433 739
525 462
340 903
631 680
739 990
893 663
178 551
543 989
262 47
423 53
817 621
97 634
427 442
71 892
971 417
511 490
757 154
302 339
927 380
862 745
721 543
835 508
377 824
735 449
761 165
718 356
299 915
609 135
158 254
570 407
204 839
717 663
421 672
428 652
185 727
535 352
104 825
338 388
85 115
637 395
947 473
345 519
717 436
690 909
595 366
401 51
995 244
47 961
105 966
754 184
270 499
682 824
540 857
305 660
243 282
132 397
11 120
387 171
755 266
184 515
133 58
620 90
696 856
926 225
674 974
77 103
196 463
190 996
408 806
248 346
664 938
295 139
78 566
821 875
840 80
217 860
543 493
500 425
540 163
540 498
381 608
143 404
909 434
822 550
796 732
669 324
178 232
972 193
522 293
522 721
659 246
965 934
23 949
525 896
582 80
48 304
801 919
499 138
603 963
698 648
745 142
503 856
254 169
203 526
953 116
926 492
777 623
423 62
575 815
556 81
608 301
736 723
617 934
147 848
914 318
705 685
667 396
370 95
641 10
332 912
591 74
492 447
560 376
278 62
308 376
680 701
462 651
495 763
484 344
883 689
402 481
372 959
104 117
431 863
131 957
431 701
84 935
969 97
913 589
637 470
195 230
958 178
290 327
493 297
581 193
941 573
205 714
208 810
105 535
499 387
109 768
616 319
452 197
620 39
90 655
816 873
389 597
163 945
375 713
392 506
350 525
508 790
762 934
627 415
493 270
626 756
772 428
779 988
210 10
704 205
797 334
687 565
700 809
870 655
567 217
597 839
318 97
355 871
633 991
664 587
357 528
806 491
788 822
807 516
420 715
946 648
525 227
646 979
758 142
707 842
31 368
402 161
648 418
32 280
776 859
369 398
325 489
735 621
699 491
653 857
114 901
482 19
793 73
590 296
217 400
449 345
172 54
971 5
66 65
634 577
993 819
575 173
452 81
664 353
595 301
754 129
158 243
78 599
287 809
955 570
35 422
464 222
780 145
168 510
538 379
88 150
278 835
897 255
390 748
494 797
354 119
131 191
141 160
237 574
358 839
41 508
667 156
471 164
943 959
998 672
424 503
80 148
453 434
175 61
850 668
759 459
441 726
964 90
711 786
109 977
138 482
12 626
2 534
206 594
64 42
686 583
27 196
510 762
800 681
260 192
819 228
107 464
71 117
68 683
974 775
980 471
165 288
848 804
127 580
84 594
821 119
301 375
835 539
185 978
582 997
22 821
133 962
413 298
164 102
590 256
498 503
210 988
404 807
562 641
134 778
512 179
123 627
706 140
384 835
374 824
525 543
320 157
7 160
712 587
449 121
539 225
758 323
521 914
214 623
680 380
655 370
696 403
729 778
349 350
66 58
129 78
465 403
779 707
556 498
563 644
229 298
700 271
438 655
111 964
7 674
331 935
441 277
185 302
182 726
380 132
487 808
627 975
195 426
212 72
765 958
178 877
92 185
92 540
943 551
388 356
482 838
474 900
846 826
26 488
785 497
992 329
702 173
955 369
699 332
91 29
904 593
357 989
663 162
834 734
455 988
94 775
413 742
587 194
368 500
494 397
353 104
336 926
432 199
684 796
165 299
208 63
849 857
144 608
487 418
453 530
378 230
293 344
521 405
54 283
815 421
893 77
258 650
32 839
968 211
509 350
516 58
793 533
417 308
207 301
356 92
685 954
706 118
912 568
772 464
904 411
106 120
613 5
730 677
305 825
348 499
572 228
912 388
48 519
915 256
249 288
747 312
124 330
465 588
573 651
361 480
442 908
431 407
242 370
464 822
680 627
732 398
898 812
966 796
746 129
952 980
671 857
503 2
65 169
785 633
833 688
87 645
454 557
274 244
812 272
831 209
292 690
240 499
151 463
597 121
839 516
242 375
31 432
491 273
197 320
462 271
418 513
408 992
255 216
883 610
828 283
202 546
196 465
450 94
834 391
455 391
727 380
808 985
705 874
952 832
27 846
167 489
38 187
467 272
162 745
142 865
644 169
589 463
46 695
52 189
332 659
536 750
463 750
973 935
479 447
877 44
732 631
619 663
366 564
965 791
308 587
409 689
183 771
788 577
348 400
723 487
14 367
42 416
719 812
687 244
223 479
460 802
448 482
731 922
432 828
457 4
520 3
105 64
425 404
300 748
893 988
72 300
882 959
574 445
681 138
81 247
511 815
22 808
721 386
121 738
92 648
881 741
770 238
811 464
4 534
225 839
708 642
108 100
334 546
121 839
845 980
98 170
531 472
773 689
231 367
132 39
503 693
413 594
881 234
240 472
606 715
12 38
975 779
287 895
462 412
613 914
579 491
623 720
400 194
841 899
203 760
48 447
685 227
677 968
828 430
597 746
646 431
506 243
979 484
801 253
725 233
298 475
129 788
596 878
554 159
805 126
662 225
188 950
10 74
480 726
457 928
795 531
392 410
540 545
768 622
919 729
276 637
91 222
785 21
789 436
185 572
328 914
560 775
273 972
559 401
424 981
819 25
479 256
719 841
989 512
632 332
329 7
17 608
192 53
683 622
502 62
147 442
185 549
241 457
884 706
743 648
863 434
502 560
608 137
331 671
835 909
362 352
583 936
571 998
711 697
402 678
410 627
671 178
990 35
977 754
480 134
488 515
640 629
627 436
962 99
223 55
580 528
381 487
485 311
536 229
497 153
80 492
516 990
670 22
579 494
224 445
669 6
388 559
371 538
200 925
520 753
964 653
113 408
179 821
582 460
370 353
957 31
482 637
808 868
736 476
742 344
39 242
936 134
273 613
121 926
40 417
981 664
983 810
960 135
925 936
481 409
740 606
448 392
771 32
430 930
645 429
976 211
905 860
230 854
129 347
211 376
414 691
554 935
480 852
243 756
552 400
644 223
252 869
760 208
566 917
331 92
497 839
605 724
168 98
480 747
516 793
45 328
722 826
214 50
615 120
872 511
336 476
922 225
149 368
301 480
181 694
534 244
966 373
539 610
760 871
585 832
241 772
806 778
729 578
993 230
619 672
791 802
552 954
30 542
194 411
359 273
708 864
195 404
979 77
799 571
840 262
451 399
616 227
601 369
998 240
809 796
971 549
582 528
132 618
87 515
142 603
887 830
927 404
525 224
87 582
716 820
152 130
703 759
599 792
461 13
680 459
620 789
658 785
806 995
942 32
618 766
295 5
903 698
830 781
863 89
197 167
415 470
586 10
265 600
446 675
480 66
90 132
779 734
821 489
552 35
403 265
966 138
146 247
339 639
139 618
634 177
604 843
592 782
249 375
554 275
539 648
880 490
889 574
267 275
393 221
312 518
587 623
752 222
674 446
918 666
538 914
559 829
290 697
727 409
692 8
349 950
791 886
59 506
558 499
391 824
521 89
441 820
8 713
99 754
742 795
138 74
419 555
995 126
417 739
818 268
210 506
466 473
71 455
32 774
762 41
768 649
164 300
692 480
301 195
497 740
818 521
228 169
504 860
686 364
205 98
973 387
431 832
316 474
622 236
813 454
164 801
412 522
240 709
698 663
149 982
809 159
390 529
164 109
801 799
114 882
61 435
691 93
237 398
429 331
299 108
726 690
859 353
602 420
882 955
223 34
11 229
960 742
673 622
935 708
988 868
707 280
877 982
246 634
925 990
801 887
853 975
120 380
650 119
329 50
834 531
525 643
16 201
994 642
521 147
787 631
977 954
309 131
825 52
299 549
311 852
137 193
655 580
559 363
562 685
860 218
389 356
419 194
347 96
707 527
229 790
250 879
256 571
76 429
806 331
660 238
545 291
166 761
398 693
553 338
301 452
846 71
199 223
758 549
318 920
945 839
466 224
11 982
307 829
401 188
958 729
479 372
583 964
678 600
112 846
730 687
723 166
840 243
833 207
644 214
398 538
661 202
119 250
85 923
718 816
468 146
215 38
182 245
107 46
396 17
55 17
155 170
934 214
861 813
474 672
645 313
954 195
990 862
418 89
250 732
551 360
244 149
736 694
157 931
326 967
734 48
590 95
488 546
915 121
533 493
386 968
744 842
279 898
818 674
993 761
875 85
866 78
12 424
458 972
721 924
83 439
646 184
176 995
587 198
524 649
619 942
545 688
826 457
773 698
881 534
634 351
976 410
554 627
126 893
327 441
6 811
863 143
459 814
926 575
353 925
794 405
448 408
872 78
881 239
766 829
418 611
807 925
15 35
100 366
683 885
622 296
551 132
952 656
373 472
437 51
112 598
659 428
437 120
783 391
829 420
285 902
341 953
252 931
220 62
801 220
842 881
398 924
674 985
173 838
571 634
86 402
30 50
189 540
492 872
386 601
341 851
371 36
852 541
622 710
71 355
579 95
134 189
432 84
425 199
635 123
70 858
111 102
708 363
557 162
192 370
397 685
155 52
742 825
543 596
785 526
177 435
987 221
225 665
828 475
827 508
163 185
450 215
370 933
928 872
963 654
157 46
235 813
688 609
887 282
861 542
727 651
458 789
995 297
370 747
461 235
154 955
834 951
486 985
623 353
811 550
895 16
676 524
28 15
809 393
616 126
498 307
706 649
127 827
41 207
695 223
875 40
451 246
531 253
223 694
853 18
529 563
640 519
838 261
520 897
7 51
522 269
546 440
484 526
243 264
323 460
855 887
720 233
53 602
869 777
301 398
139 980
729 258
709 799
377 422
343 816
734 70
567 952
805 842
764 588
297 770
784 588
211 299
346 595
672 801
202 273
397 361
761 403
667 411
451 857
112 425
772 420
246 950
250 930
93 915
845 12
890 48
232 964
644 984
365 384
408 424
217 96
272 311
563 355
543 651
851 707
480 994
81 673
409 760
543 331
681 149
225 268
134 470
976 609
417 54
221 41
977 924
564 695
351 189
189 651
46 127
924 557
840 233
260 413
22 72
526 784
482 736
247 671
257 387
900 928
99 68
715 65
412 672
865 391
679 988
15 583
101 45
162 165
521 624
532 224
303 41
959 309
231 678
584 584
181 574
27 243
831 215
477 432
897 886
971 160
905 83
884 646
202 276
624 476
350 507
276 920
799 838
805 845
381 226
817 550
254 412
517 841
333 739
45 791
639 292
333 235
986 189
938 108
51 483
509 619
72 670
176 314
547 121
763 488
851 178
808 644
603 503
489 736
244 721
977 225
921 331
28 21
530 109
210 693
38 160
200 301
354 699
414 43
950 107
516 322
1 775
216 445
391 302
284 662
510 604
512 85
645 1
715 792
285 897
150 951
538 831
891 636
22 259
3 926
165 200
527 150
655 630
187 312
988 325
156 183
295 365
852 151
222 81
265 372
538 622
631 513
264 160
70 766
776 400
660 548
4 263
829 858
855 174
80 439
858 52
619 531
472 45
393 375
315 908
350 630
92 979
202 902
364 765
96 396
878 412
284 698
112 492
881 11
528 756
906 465
453 802
279 880
664 631
677 359
574 173
662 647
730 452
961 773
784 398
854 84
216 129
653 925
796 234
679 63
511 207
649 55
854 509
881 110
277 900
628 174
688 923
393 471
724 159
233 841
881 209
307 487
675 792
215 905
808 95
107 785
552 33
243 232
813 657
452 795
967 717
115 315
299 458
942 750
653 88
807 642
862 660
759 188
203 755
991 397
385 688
392 404
411 432
446 846
651 471
773 715
757 937
911 451
369 297
778 412
178 277
908 83
963 176
486 424
897 750
253 401
829 573
88 87
949 25
545 724
271 517
136 189
396 413
863 727
36 548
564 248
788 634
381 768
21 281
559 336
885 827
858 772
819 362
770 366
924 788
523 49
859 732
617 224
57 196
991 71
589 271
831 977
411 109
616 482
934 769
701 963
756 343
765 116
590 895
671 898
151 304
731 92
98 40
855 161
392 368
553 256
595 435
573 17
469 256
970 306
719 527
157 877
984 30
697 940
895 998
371 358
16 412
936 993
651 170
664 897
431 13
121 501
491 617
495 909
563 638
825 837
375 73
41 670
853 281
754 466
609 355
649 800
567 36
382 817
910 745
176 221
709 302
848 829
170 951
644 491
51 308
465 973
294 629
249 940
403 120
758 808
203 534
528 950
2 41
520 677
410 727
223 284
339 645
151 62
381 749
189 376
117 264
279 27
52 994
51 842
121 776
405 579
371 869
544 585
435 327
889 486
855 349
892 90
942 714
266 908
305 137
761 354
464 207
50 787
939 897
632 399
405 224
616 310
786 95
254 252
866 811
253 777
88 733
532 528
334 526
766 394
513 225
389 648
199 686
223 651
768 873
696 130
192 823
116 883
991 859
612 963
68 163
180 571
652 301
574 937
383 66
213 336
200 504
328 644
531 856
53 192
776 616
247 74
20 260
695 482
495 940
816 477
25 581
754 793
403 944
115 300
689 635
157 676
730 325
561 724
284 420
137 830
268 251
500 816
673 569
472 181
252 383
277 494
909 762
291 338
480 26
332 658
328 862
995 762
828 984
57 464
995 301
737 939
394 95
538 438
426 823
844 1000
601 821
47 810
703 49
940 324
956 813
315 612
754 953
370 242
288 33
985 431
700 655
818 60
477 783
968 247
805 115
450 571
928 788
619 724
538 427
599 562
295 887
100 278
21 184
7 142
493 211
733 379
62 152
624 814
911 765
76 9
738 275
919 763
683 858
902 839
854 359
657 949
919 869
133 72
490 850
574 842
825 513
635 773
147 366
531 590
112 960
806 58
594 101
608 338
511 19
260 382
470 991
8 145
2 765
98 730
761 308
601 287
622 804
930 308
336 907
881 998
648 633
812 375
82 574
106 178
197 398
393 920
313 56
987 312
858 340
198 654
251 944
675 450
539 352
1000 217
410 114
472 759
338 472
706 564
786 363
53 831
677 551
828 613
56 460
190 44
313 810
932 784
675 493
979 33
549 530
428 574
812 502
170 14
84 664
961 58
320 371
840 937
167 538
183 355
577 301
567 390
989 680
35 845
986 387
167 866
494 78
626 642
400 301
5 623
144 302
229 972
991 458
911 122
606 506
466 999
389 72
285 932
951 473
17 302
737 488
151 50
54 408
116 247
940 605
286 548
892 248
946 996
275 966
734 602
182 512
123 503
413 160
873 362
806 558
488 392
935 698
633 587
237 127
570 482
613 561
594 135
14 498
487 174
649 713
606 626
680 314
128 504
420 906
487 810
776 529
794 582
898 746
277 393
377 696
208 421
14 603
651 12
598 713
735 901
321 773
553 232
572 265
513 38
613 408
84 303
159 346
862 348
519 908
942 389
634 618
686 660
963 158
345 631
35 239
294 88
136 59
617 640
529 680
648 645
510 297
46 692
542 924
485 833
411 270
298 85
284 313
89 25
627 433
174 492
43 589
29 462
783 860
965 538
40 864
261 682
200 425
949 436
947 663
910 803
805 642
345 735
251 919
33 313
431 505
695 726
924 393
565 169
698 166
304 19
816 512
626 351
233 40
845 212
356 975
511 507
416 520
910 184
546 88
733 993
294 476
24 210
51 285
913 14
254 361
301 12
137 208
360 916
648 740
314 772
8 463
76 725
754 905
958 910
693 884
15 238
684 4
435 958
514 2
868 514
168 899
175 328
758 57
222 681
180 387
91 281
395 206
262 110
854 292
133 39
53 138
991 304
636 190
283 454
275 284
932 842
485 651
496 731
787 988
435 933
717 194
707 881
538 757
808 639
501 365
342 345
586 674
240 669
780 356
778 396
1 249
763 160
129 107
603 919
519 502
3 442
332 245
788 892
911 585
945 637
854 238
309 206
231 9
978 925
540 146
678 458
508 618
309 825
760 927
949 525
234 60
114 340
536 464
995 221
429 875
767 2
857 188
703 558
850 321
573 353
423 794
527 822
349 924
527 827
608 388
825 448
92 574
672 568
440 73
8 506
489 975
554 598
246 256
344 846
71 738
765 288
659 794
825 254
688 78
725 148
755 230
539 947
739 590
322 579
540 955
717 874
720 991
110 171
467 678
649 5
708 672
260 977
89 364
146 244
555 678
651 502
821 732
102 983
193 73
287 118
305 384
994 277
660 202
122 157
66 279
662 408
326 244
59 156
6 720
691 611
357 620
295 375
717 361
65 666
165 142
656 953
478 566
349 960
161 961
273 833
536 89
784 355
172 280
266 113
500 899
971 625
538 329
633 632
552 950
210 826
506 760
602 34
25 879
946 839
315 746
115 311
240 223
737 123
909 182
438 784
980 290
212 733
236 259
247 168
679 935
72 97
80 964
3 122
364 741
355 505
730 167
789 228
961 196
151 535
760 130
99 931
293 920
69 305
889 719
855 899
586 232
354 56
125 718
801 536
647 72
612 512
273 525
615 932
854 237
664 914
86 505
723 686
989 830
560 726
298 611
695 87
178 946
693 653
322 684
910 949
870 329
225 650
660 80
834 26
177 101
985 487
433 941
362 539
421 412
890 170
96 619
537 363
934 553
871 266
610 743
751 322
841 672
476 566
200 443
151 8
332 872
495 807
172 535
338 196
27 376
531 511
81 148
918 857
973 380
711 837
705 515
228 650
460 771
366 57
285 754
925 474
416 278
230 245
304 573
88 729
952 135
879 211
804 446
715 777
308 567
978 492
888 151
709 179
846 149
494 73
205 793
766 938
987 511
603 897
785 243
896 868
248 461
336 741
650 8
453 167
844 480
173 936
618 247
608 457
438 442
286 233
626 546
130 201
146 172
312 358
720 693
99 215
454 31
40 27
414 741
196 971
59 479
250 909
1 924
13 660
309 263
384 35
408 467
627 904
883 508
16 324
43 682
372 41
159 751
296 622
961 822
278 805
32 849
189 308
193 738
609 800
416 108
246 706
509 464
129 720
697 699
122 916
787 37
386 245
588 481
675 544
476 35
702 670
695 965
321 43
94 479
907 747
510 445
332 201
225 51
126 86
555 780
961 21
307 335
705 38
305 817
428 604
189 23
284 350
17 125
880 891
417 962
129 214
621 978
557 861
194 433
922 198
645 193
351 826
228 549
783 574
366 655
507 612
332 943
345 871
286 960
781 294
730 639
439 267
455 229
592 103
160 195
462 336
542 345
506 97
733 224
874 800
901 935
160 446
858 866
941 850
591 448
140 55
477 643
587 277
794 759
167 903
172 115
743 554
228 939
862 374
86 363
435 779
427 294
924 578
720 320
763 537
259 162
35 919
435 377
80 821
646 375
331 575
8 620
367 220
525 476
403 83
736 390
15 208
557 790
133 230
261 743
290 7
661 170
719 592
592 948
648 775
577 494
878 572
581 673
997 631
196 454
77 432
558 607
414 954
394 478
839 641
700 596
322 760
858 690
245 679
114 175
530 615
218 591
420 902
502 338
925 602
241 443
356 123
554 787
153 1000
792 722
699 110
240 157
226 281
983 311
226 90
352 380
635 503
202 988
644 638
505 163
951 886
274 777
455 931
738 26
343 736
352 207
246 616
715 512
454 67
257 545
446 415
689 346
422 328
654 662
390 224
143 25
302 835
721 279
83 971
424 121
35 198
426 209
922 257
294 402
621 491
108 504
254 643
25 951
62 219
854 559
558 990
664 655
430 387
813 986
366 614
182 310
246 65
894 345
159 132
287 887
18 460
760 733
384 768
195 887
481 638
172 687
949 889
726 699
407 89
649 914
171 134
545 875
619 416
785 463
498 678
550 217
876 478
619 352
944 616
326 632
853 819
655 443
3 706
278 175
899 139
778 524
761 836
918 759
307 146
373 758
293 469
918 354
781 829
544 580
36 355
242 853
203 837
546 178
371 679
554 140
928 792
330 214
73 688
625 752
584 14
445 440
477 19
162 349
404 516
831 925
775 657
280 755
30 45
719 126
764 100
793 259
273 553
230 484
313 700
857 185
733 879
916 344
543 304
793 683
861 426
320 580
179 845
684 75
555 112
299 998
705 829
504 79
76 298
46 484
103 570
497 520
530 31
765 482
965 786
290 236
874 193
494 86
89 634
698 615
860 475
341 240
312 880
103 938
520 524
812 545
282 200
915 370
942 533
106 743
573 186
516 483
795 221
459 436
214 7
982 720
613 281
261 955
89 79
800 640
64 167
340 936
795 683
383 763
838 115
523 41
123 516
5 631
876 815
556 820
504 924
950 469
815 706
943 772
196 95
80 248
915 519
892 379
323 729
694 921
137 845
63 166
39 777
921 498
806 93
20 718
419 514
94 262
59 234
387 241
914 793
274 620
515 224
584 13
831 99
124 747
471 842
216 456
174 573
959 870
794 869
816 457
727 317
678 44
725 68
831 279
377 154
460 951
627 332
902 22
189 928
557 347
368 873
574 924
203 560
414 574
334 271
12 207
340 847
483 803
189 541
134 827
898 300
221 990
222 777
567 214
420 657
784 700
955 154
285 535
113 155
56 380
867 333
361 215
410 386
320 995
250 887
118 214
51 415
195 942
61 622
926 981
828 40
806 449
215 299
704 769
892 150
119 542
838 372
543 811
72 224
635 473
573 321
392 566
6 937
626 147
236 890
482 245
102 427
148 298
208 808
179 473
63 491
576 755
509 927
686 833
529 268
198 352
812 767
543 950
920 147
930 707
182 720
319 183
413 864
600 895
417 839
116 199
606 731
459 871
147 419
449 796
34 897
929 847
882 858
912 380
806 812
96 968
242 661
957 976
948 600
371 152
655 716
533 230
44 731
61 937
975 646
100 118
362 518
821 793
705 402
553 134
480 403
405 366
566 186
352 462
930 911
354 826
404 100
966 464
134 545
143 864
275 917
245 849
135 774
305 42
538 308
288 811
409 140
284 35
912 27
872 51
281 417
433 674
928 626
129 884
198 550
695 188
553 529
448 497
864 424
306 77
71 719
272 141
115 739
504 811
730 933
927 55
38 738
923 98
21 298
54 464
612 162
663 376
166 918
641 212
495 369
994 276
334 555
461 26
920 318
691 64
490 700
980 853
421 524
637 44
278 934
671 468
625 660
678 345
203 940
161 229
335 666
220 79
483 338
74 892
82 289
731 787
503 795
923 875
106 45
787 787
44 890
271 468
276 107
276 343
370 722
855 750
95 484
693 104
174 583
503 237
279 733
804 389
651 809
772 643
622 135
154 478
182 131
56 579
624 289
133 522
886 644
35 979
226 58
379 886
298 52
149 217
577 852
568 886
986 895
273 463
712 861
590 540
445 871
995 687
875 239
816 743
717 34
696 402
395 923
831 806
501 246
471 583
722 933
593 988
443 39
221 126
283 426
210 674
365 91
368 104
930 538
13 840
740 590
165 595
4 739
666 485
971 245
145 619
802 775
513 636
226 13
482 666
275 900
402 770
919 703
687 467
639 449
933 812
675 487
405 64
915 763
531 494
813 369
610 647
668 445
941 263
56 343
798 541
159 316
818 649
807 167
669 357
994 549
700 843
711 786
981 261
477 898
113 865
129 145
88 409
812 34
378 687
125 423
857 271
291 430
756 695
58 688
242 711
856 477
15 908
768 289
837 967
948 892
939 888
832 980
363 115
755 204
346 577
741 4
187 968
817 204
286 558
473 635
57 110
998 821
898 52
435 212
869 477
718 240
584 692
671 94
183 332
954 267
437 539
94 691
498 178
956 480
709 76
316 7
247 182
135 226
298 129
466 882
189 30
900 422
267 146
844 864
935 406
206 292
777 92
63 774
109 910
739 19
466 424
109 680
484 109
806 912
564 21
100 281
378 787
615 838
79 629
545 813
634 333
588 791
684 944
536 498
203 8
833 556
419 820
131 371
684 422
749 839
386 564
452 947
379 480
174 804
167 684
33 753
529 562
334 938
464 333
627 777
975 314
389 900
713 63
73 46
153 121
170 544
629 37
348 625
963 551
264 292
307 376
966 277
6 203
854 881
680 519
130 465
872 739
808 607
320 999
97 245
340 519
83 172
478 7
146 191
765 437
94 89
366 250
734 589
604 807
568 168
745 339
443 573
457 387
328 281
373 765
868 757
29 695
527 577
974 681
517 432
153 380
651 540
145 131
586 342
573 831
364 604
11 590
84 991
208 956
4 265
909 8
874 913
97 735
251 199
4 934
770 845
819 832
228 571
69 408
952 168
354 879
748 675
757 584
994 31
874 317
1 395
207 344
47 189
65 187
752 497
528 468
59 931
118 755
62 63
145 152
975 441
611 512
719 301
175 773
608 482
683 665
579 676
636 615
55 551
633 612
275 487
978 772
633 528
831 906
168 720
777 972
47 547
468 893
347 284
614 764
511 971
880 445
200 707
476 611
215 712
115 191
421 199
902 246
992 740
418 932
655 444
322 802
205 91
335 13
93 391
59 652
89 147
585 689
998 424
391 727
702 672
993 234
453 111
500 942
502 710
275 385
511 638
273 498
407 794
783 702
195 428
142 723
779 807
436 653
545 274
132 368
441 96
459 366
264 473
756 571
532 290
109 598
62 957
246 9
761 448
679 573
547 426
387 482
84 562
564 529
176 433
986 58
872 982
751 382
205 617
799 684
44 247
797 798
269 955
91 582
199 602
504 277
208 948
265 958
895 818
91 741
574 374
722 874
195 780
489 261
592 381
296 857
930 674
203 6
20 621
896 99
648 761
791 347
454 156
999 510
452 410
628 514
97 644
915 837
437 647
664 1
306 106
248 945
986 913
964 604
168 997
763 973
463 75
913 87
276 332
279 474
269 180
156 279
216 232
462 855
309 979
413 932
536 377
575 659
524 292
471 509
157 811
681 172
228 856
570 931
302 729
142 290
854 687
443 398
949 512
325 627
184 268
458 254
827 773
637 319
920 892
447 196
38 298
219 312
206 795
898 301
374 883
186 897
437 315
41 33
546 456
338 191
180 839
437 949
194 158
293 87
648 37
768 476
179 138
169 226
479 451
823 443
294 882
690 837
224 406
367 942
842 89
570 839
826 424
278 141
971 370
252 123
448 814
110 646
679 815
83 762
857 158
785 742
413 57
643 995
927 176
211 713
612 12
315 324
339 361
353 551
568 289
872 293
217 352
895 80
620 699
243 304
338 495
521 880
569 277
825 994
956 257
9 691
668 235
679 996
439 30
619 672
520 663
285 637
101 540
597 690
930 734
945 473
506 720
290 758
617 405
682 391
605 289
813 904
204 75
871 867
433 504
458 625
656 514
446 950
521 712
299 56
997 992
118 450
597 526
378 890
419 337
299 170
590 749
348 333
624 887
152 765
26 481
426 886
844 641
431 485
470 577
247 279
315 758
910 33
456 272
907 17
152 590
186 509
843 119
911 946
601 803
792 362
677 579
125 214
746 486
285 21
451 821
476 819
642 531
14 749
348 208
843 410
93 950
757 229
570 809
560 71
186 705
289 138
775 934
467 774
785 724
631 579
10 57
3 173
503 183
682 809
449 933
11 211
229 737
404 896
279 820
670 707
219 452
910 686
846 677
351 869
376 673
721 490
541 896
68 876
145 685
138 68
897 177
200 636
693 841
932 3
594 805
570 405
560 341
495 754
549 931
139 108
57 38
246 850
597 791
567 198
602 461
343 205
833 959
558 143
767 289
123 364
227 452
516 203
467 826
675 182
685 276
445 136
773 996
708 335
114 574
471 6
463 510
47 607
163 326
571 749
194 446
956 931
366 747
803 353
714 863
564 160
883 725
324 451
36 72
484 820
101 960
893 865
253 471
156 589
858 129
503 366
81 69
927 551
44 774
971 596
183 335
21 808
69 50
379 347
273 923
885 980
494 709
268 544
562 73
551 332
431 568
356 782
173 508
514 933
480 550
187 835
159 678
128 22
779 929
174 797
168 413
541 939
558 764
770 199
926 412
46 50
511 649
197 273
776 47
113 756
496 585
953 563
