1000 509497
10000
27 1770
26 584
22 1755
91 385
59 259
45 1166
49 814
64 1915
38 1863
1 890
93 1415
25 1673
8 1610
33 1958
98 737
49 365
14 1670
24 745
33 1570
76 1990
14 936
15 1935
7 623
44 1950
25 1010
32 490
18 726
3 1819
100 1935
62 1958
1 351
28 1809
36 917
58 208
86 610
79 301
89 782
3 210
7 1236
23 1814
28 100
31 1096
98 1511
61 213
95 852
71 456
46 1701
5 1195
42 75
57 1170
53 979
42 1618
13 178
70 1221
65 500
18 1715
18 1924
3 323
65 440
23 202
52 483
58 1425
10 210
21 126
83 445
70 556
84 880
94 1086
78 984
39 412
65 1075
76 1730
100 1638
96 981
55 610
46 450
33 997
40 1848
15 1994
41 122
26 120
83 1159
55 1938
73 1745
11 226
28 212
64 1862
28 756
52 1042
35 1936
68 916
6 1744
18 1570
1 565
64 1048
31 1364
47 1174
43 887
35 1148
29 1019
10 665
92 817
28 1524
32 949
45 464
46 1025
47 1681
25 1910
15 213
55 1742
60 153
62 1888
76 347
10 1597
67 945
11 271
63 764
53 1624
92 1497
80 1708
62 1095
14 668
91 982
77 5
9 957
81 1582
77 913
76 1423
89 240
68 251
11 1933
79 397
6 451
50 674
8 1578
75 467
98 1587
92 1877
47 516
45 1655
90 621
70 460
4 932
80 1918
25 1054
94 571
65 777
43 1907
52 547
41 413
97 1160
69 935
68 1074
61 178
55 661
95 971
10 1766
31 1535
54 1890
63 1765
10 835
49 715
70 369
5 143
79 673
50 1145
66 1680
79 18
16 1709
91 404
75 725
27 1674
27 1497
2 1047
64 1609
66 256
25 846
32 1488
80 1668
34 1793
75 449
21 393
13 384
50 101
42 275
71 633
22 370
24 1207
90 492
72 889
44 1742
33 577
83 110
8 1614
77 2000
38 76
49 352
15 1895
14 836
37 1923
37 651
62 830
6 1802
9 195
58 1926
12 1231
48 605
36 679
25 275
28 1524
94 449
93 966
78 732
98 775
43 953
46 1343
73 1268
3 1435
96 1540
96 78
25 1592
94 65
89 560
49 687
49 110
51 1960
72 976
30 194
1 522
97 60
63 850
100 1427
76 1163
50 309
92 1748
52 1711
32 962
72 1911
74 1339
40 1564
50 916
24 495
18 963
68 927
16 54
6 1686
60 61
36 532
66 838
81 257
40 1615
76 1050
1 562
6 1242
98 69
65 161
78 853
36 1923
10 854
13 1786
15 1358
33 942
14 118
41 1057
41 1845
73 1572
40 1932
9 1889
87 1287
37 1780
88 1165
55 978
54 1690
33 1323
99 1904
27 1961
46 1825
44 44
14 1554
48 1048
66 1881
23 1788
7 494
61 1093
90 1318
25 704
87 695
11 789
76 1117
20 705
35 1908
30 571
49 387
22 571
91 149
3 476
51 1519
61 1189
63 600
58 1668
5 1026
28 846
6 1179
31 435
1 788
48 1013
44 972
74 1035
14 486
34 1730
1 70
24 1413
12 1990
30 945
6 580
41 108
59 1361
55 507
9 1197
79 1102
81 275
67 355
76 923
99 1283
57 652
98 199
49 386
61 682
10 40
37 1208
52 672
16 769
27 1689
69 1939
4 27
49 426
66 1175
30 715
54 1158
17 385
34 1744
42 321
74 393
26 1671
95 162
62 466
68 1462
10 1916
87 470
88 358
87 1620
19 1793
84 1574
47 1747
1 81
2 295
92 802
30 1872
33 1130
35 1513
62 1910
56 1966
37 671
93 208
41 310
12 1604
2 246
81 235
34 1234
24 687
22 1710
38 1184
89 1588
86 1398
40 1816
88 393
49 616
99 1769
49 1743
11 291
30 1976
72 1948
84 1787
91 1458
11 1453
92 320
34 809
7 1360
50 1912
16 56
26 1982
31 664
70 1221
19 478
31 976
3 1457
83 487
25 286
100 256
66 694
84 370
54 913
86 333
18 481
13 1259
43 417
66 1005
77 652
35 1993
10 788
66 871
56 483
19 1066
48 67
1 84
29 1297
31 1344
87 2000
80 1225
44 418
13 1192
37 447
22 1913
10 560
69 1647
43 87
17 643
41 296
32 153
94 786
77 156
22 212
36 1859
86 228
100 557
36 932
51 470
66 1132
34 1195
50 1137
16 228
6 1927
63 651
94 1524
95 1420
45 913
88 165
81 536
57 982
32 830
85 569
84 604
41 1898
33 915
86 1103
99 1828
11 1896
64 486
91 1962
55 1942
74 671
7 1652
64 925
17 1174
19 346
74 374
65 1953
63 87
76 1195
87 1829
48 1567
15 1892
33 1067
63 1367
48 1708
25 190
73 1309
47 1255
40 777
82 1963
33 297
62 1456
58 674
99 1449
11 868
99 503
3 414
35 378
57 678
2 607
92 466
8 1200
97 1393
49 521
49 111
25 1684
59 506
76 1893
23 3
21 311
70 1432
4 966
72 1313
4 1233
26 1453
11 957
9 482
40 725
59 596
22 354
9 1550
72 1374
54 1028
25 538
45 403
36 1116
46 1455
91 1697
73 1129
63 163
99 1114
61 56
96 732
23 338
73 950
36 646
13 1263
95 1768
90 71
17 845
10 1768
85 1006
75 1672
45 162
46 439
37 144
89 1741
5 1765
27 572
50 836
99 1738
77 1788
81 801
77 605
76 347
9 950
74 1683
39 1573
52 1143
91 1393
45 965
70 560
92 1013
86 1930
85 8
4 1900
77 1974
16 1077
53 1204
84 1831
90 1579
73 1520
6 1869
96 1229
16 1872
87 1127
4 666
13 1853
94 518
53 264
24 761
26 1496
82 43
10 1651
74 384
20 1202
55 1340
30 131
14 1129
98 1052
58 859
43 1775
73 729
84 435
22 32
69 1796
40 195
36 286
21 219
47 860
44 783
78 1675
100 1207
99 1438
66 1765
66 411
62 391
12 1348
20 46
47 1550
63 1124
80 222
91 873
32 1294
94 1447
58 419
80 1957
59 782
66 1121
90 1678
61 527
98 1076
60 1975
58 1776
35 1036
70 472
61 202
49 784
50 300
92 531
73 560
25 790
89 777
30 941
99 293
100 902
84 1206
68 1442
10 1635
57 690
29 281
60 1694
59 1008
76 406
62 1185
1 1533
48 1986
11 815
30 307
48 22
28 239
4 317
38 612
51 110
83 176
63 1833
12 580
96 1216
93 1872
66 1164
27 97
12 1382
44 369
76 458
72 1905
28 1965
22 867
11 750
65 1630
61 1398
20 409
15 1666
80 296
10 664
12 441
22 1941
22 1815
47 163
48 806
71 1504
80 1611
36 603
30 36
26 1751
28 1574
11 804
92 1782
70 1263
87 1081
2 262
93 554
91 1272
52 1421
12 541
100 1734
34 1675
77 163
58 1624
59 1766
69 1241
86 1493
29 1794
31 1678
51 1062
99 1978
32 685
86 1402
85 1568
5 389
76 1817
12 1893
35 948
79 1170
26 551
97 1405
38 629
12 1686
72 818
62 1979
95 1763
48 1040
71 1836
83 1192
37 419
17 1978
9 1145
43 1585
61 1098
25 1826
57 1765
55 890
37 1614
74 406
10 1132
18 1394
58 99
7 286
34 1938
92 578
60 975
93 763
42 1946
38 1084
88 726
60 4
53 1728
90 327
17 641
37 716
66 470
92 588
10 1957
26 1942
68 1419
33 1866
94 488
71 1975
17 1276
60 951
48 399
83 762
72 125
100 182
84 1779
49 210
70 1463
84 1294
56 1363
85 955
7 924
94 373
12 520
74 1214
73 1753
44 503
84 816
15 439
36 24
60 1396
49 1636
66 1185
6 1080
48 1989
54 115
88 362
20 1617
72 615
44 461
1 1135
73 996
76 1728
70 1375
62 1920
7 513
25 439
26 422
21 1038
86 219
7 1299
59 29
95 1130
86 665
40 1789
55 117
77 390
23 100
87 363
53 1614
81 1129
60 1364
1 645
64 1716
84 578
15 1692
30 1067
28 186
54 1533
66 242
37 1586
43 1391
90 1378
64 1664
7 1664
92 288
86 138
14 1026
87 704
9 1136
56 100
79 1703
74 1630
56 1278
80 336
72 1189
47 685
37 1427
66 1849
17 1901
10 235
85 1306
74 1159
58 1206
29 1591
69 1271
41 588
10 112
51 93
54 1055
42 82
96 1509
39 557
84 1054
38 1568
28 1215
48 768
34 1432
54 1383
70 1574
34 1002
3 545
21 1106
56 527
52 372
34 1178
31 98
46 1666
33 868
60 485
97 640
11 1366
48 124
44 669
81 556
3 11
47 214
92 605
22 207
50 1335
64 278
4 1732
52 1726
64 187
92 1011
14 1558
14 375
4 1005
29 799
82 1057
37 141
32 1200
61 627
66 1111
40 625
81 1920
58 348
73 1232
60 1647
3 1134
100 1120
78 1180
100 1525
1 1899
92 581
16 190
14 920
55 1461
20 1445
99 1413
60 1282
4 1461
8 1338
56 1731
54 621
62 1720
80 1166
20 1132
81 1856
61 77
64 1539
51 1270
89 1212
98 746
16 1955
58 1830
28 447
19 1704
67 1417
45 1813
55 999
11 456
43 861
85 600
76 344
95 1141
19 1492
41 1654
60 659
97 601
13 807
79 1982
5 1211
74 540
93 1851
77 21
79 1369
58 1772
88 1060
26 204
39 1971
7 312
70 1743
22 1555
22 742
50 636
81 1192
47 1853
35 766
41 1528
50 232
83 303
18 1568
91 1033
48 1792
50 1670
12 1386
57 1722
89 326
44 1770
95 1311
44 1336
9 314
6 1319
22 588
78 1643
95 1082
15 1634
4 271
35 814
62 1707
61 1125
70 525
4 1146
80 1745
23 697
30 1975
89 954
79 1337
82 974
69 687
97 760
75 1015
54 773
83 1827
82 606
44 900
77 953
83 887
3 1828
90 1990
40 876
64 1619
28 1120
27 1014
1 517
52 375
3 156
74 153
39 867
47 138
6 1986
44 1659
8 644
78 911
81 1324
7 758
89 584
17 957
10 842
100 1989
90 588
11 108
41 292
25 1896
2 11
56 628
47 397
22 1681
25 1670
92 32
93 704
20 569
32 986
57 286
48 371
14 25
51 817
21 299
47 1959
26 64
65 1112
31 1309
59 1947
70 5
5 1007
39 1699
39 514
99 60
26 1160
72 1559
46 1859
11 647
34 819
81 1608
21 636
94 1132
19 1006
32 1323
75 950
74 1075
18 1214
89 491
28 946
42 1179
24 1644
27 90
35 1477
35 857
49 1913
92 84
28 1131
55 536
23 766
46 945
58 815
20 151
82 1826
45 452
18 4
67 907
12 1711
66 599
8 1558
43 1445
5 1776
32 1915
92 962
54 1471
3 1655
70 1148
39 456
56 1479
36 1236
52 1660
69 1549
59 616
72 174
55 145
94 1275
46 68
82 1559
46 501
72 1556
43 604
48 314
72 499
27 353
49 544
23 137
11 756
42 556
15 1041
22 697
5 179
80 830
38 606
74 1738
44 1605
34 1305
41 1959
24 858
74 1109
39 1696
64 264
76 1644
57 1436
23 240
90 635
6 1065
31 1445
35 993
49 1106
42 1973
49 521
26 1446
48 57
30 654
81 717
60 1948
44 1306
40 1917
30 686
49 214
78 1613
44 1774
85 961
26 253
32 1479
75 1508
5 1227
44 1294
94 202
72 1471
38 1206
24 1433
21 1288
35 276
31 1481
21 782
36 147
66 1399
100 560
79 1771
72 1437
67 1583
42 1917
67 1942
16 673
33 1862
43 1284
17 768
28 916
60 1304
41 190
88 908
86 841
6 1120
28 1037
40 1941
85 524
26 1343
47 50
29 648
45 557
73 857
69 1044
37 1465
43 1286
98 991
63 1686
7 1990
29 1192
95 395
99 322
100 1296
20 1895
34 477
76 220
94 1466
68 1455
72 826
56 357
87 487
41 677
10 1495
7 437
100 1599
89 367
46 548
66 75
94 1521
1 960
46 141
39 757
1 652
44 730
15 1199
54 1112
29 663
81 1340
85 1225
98 1661
52 642
49 1169
95 1989
26 1501
95 1685
58 729
47 702
69 1381
26 930
44 1297
63 368
85 1627
66 417
70 253
5 1080
72 1997
70 1793
95 1517
64 1819
57 673
53 1991
44 580
1 454
16 1704
22 1067
93 1863
71 335
60 1887
12 606
73 1668
95 902
42 1956
71 1965
42 1854
9 1210
1 1658
15 236
61 388
34 299
58 1465
56 175
11 647
77 794
20 566
9 1087
40 234
28 750
94 1165
16 1040
18 1792
61 1901
100 941
27 1142
42 1002
64 51
73 808
55 592
60 1846
37 1303
74 466
86 843
1 1398
99 1340
17 221
45 143
64 577
92 776
75 18
69 1097
43 1672
29 1128
63 569
88 15
36 1362
98 94
55 107
20 770
93 651
51 259
33 1010
64 1387
9 112
85 1595
9 366
41 957
54 498
37 1314
35 733
41 42
77 1821
89 159
11 1776
89 1392
87 124
11 783
15 265
69 703
63 679
99 1505
22 1484
7 1146
46 1177
66 1788
65 1836
44 659
69 108
22 418
91 19
45 1706
69 1832
36 1481
16 782
60 798
82 1002
36 1244
16 1628
98 531
17 1220
43 142
59 1176
19 233
8 997
95 49
50 660
8 736
20 218
15 1725
82 1780
39 734
11 641
34 535
43 1343
91 236
64 957
20 278
87 171
85 1059
33 177
19 825
37 74
55 81
82 594
73 673
56 1960
56 1111
17 197
72 1864
40 125
33 964
99 1613
11 1296
72 1608
84 1619
76 1943
89 1099
79 1094
6 1587
98 493
56 1203
68 547
92 1794
19 1822
83 285
78 1230
80 514
77 1787
50 688
29 1723
64 699
54 1255
86 1290
3 899
24 1384
34 663
5 1174
27 995
53 1120
63 1035
59 976
58 1775
42 748
15 1039
56 1735
63 1792
66 823
60 41
9 872
95 1403
24 1843
47 1649
38 1806
37 265
84 1384
29 945
99 1229
73 1332
91 691
78 856
56 195
89 508
16 1477
2 991
50 846
36 1191
45 1104
45 1642
33 1821
81 1625
38 1108
94 1118
45 207
6 856
83 1724
72 341
72 891
42 1074
31 482
77 1891
39 185
38 207
6 1797
56 1269
45 337
28 756
82 46
34 1267
48 949
9 668
63 1325
91 941
77 9
94 726
96 702
8 1317
39 1082
72 1551
76 756
93 529
15 1621
77 57
36 1
38 1499
80 1495
68 1887
47 539
30 1878
96 776
64 1481
46 1979
1 1255
6 490
9 1580
30 1820
78 1140
28 1913
69 378
49 1707
32 376
49 773
64 1317
47 1860
8 1497
76 1774
18 1843
53 729
50 1935
2 130
92 1283
23 239
74 1399
85 652
59 510
77 967
49 1826
55 171
51 1436
53 714
18 221
10 206
11 1626
97 1656
71 1132
5 217
40 1337
31 456
55 1184
57 1303
29 1413
79 1675
30 1537
46 1454
8 473
78 526
73 1335
97 1980
40 838
25 1829
79 1626
29 1743
47 1392
32 631
89 1966
49 1620
12 1235
2 471
82 262
49 68
12 803
2 1489
87 396
17 1176
89 1082
90 1278
30 1265
66 1300
6 1735
18 752
63 874
3 1536
26 465
31 334
53 1540
29 1320
95 1551
46 1218
33 1111
80 645
44 1026
25 727
90 1345
83 749
90 806
11 276
34 129
52 1990
57 1471
62 704
50 61
42 439
75 1020
97 677
4 425
78 1677
13 1405
64 28
61 1515
2 1988
76 1090
15 749
86 1641
77 1184
23 533
47 465
63 481
53 923
25 874
77 1853
9 1100
21 1817
57 924
1 30
61 208
14 1682
95 1154
20 227
7 647
14 1388
85 90
5 658
91 760
46 272
100 426
8 1408
20 916
72 868
98 785
13 1884
47 861
63 1427
76 1503
71 1426
84 825
21 1829
66 1231
39 463
74 1767
37 1722
47 863
75 383
16 1531
47 1520
34 38
67 52
87 749
51 1249
48 950
52 1617
82 1386
99 1400
20 91
35 1231
43 915
14 866
22 381
36 632
65 869
51 151
16 660
88 1117
93 1063
94 1591
33 1538
28 375
43 1206
80 1481
68 202
53 1084
42 398
65 1364
89 347
80 1506
92 1118
73 718
20 32
95 1794
29 1540
62 1061
89 374
79 1926
97 1726
22 1613
19 102
21 1710
49 1448
26 655
66 1016
78 46
53 453
48 1541
73 1245
27 1798
57 391
60 527
7 1621
17 766
76 1577
99 450
70 1527
27 1755
5 1383
32 411
59 1620
97 144
40 606
37 1921
92 322
25 1146
19 1175
5 612
92 1365
65 500
53 855
36 362
83 858
7 428
38 631
22 1655
97 1805
49 755
12 286
31 155
27 480
22 949
63 1519
52 1861
43 12
20 1094
30 92
18 826
100 211
76 805
68 1985
1 1447
65 274
33 920
38 239
48 1406
87 6
50 517
80 1824
23 412
53 1448
85 1968
94 1396
54 1534
24 520
51 608
64 992
87 1452
49 1660
42 1481
81 1615
76 386
20 1699
5 1539
32 1388
87 369
84 315
32 704
99 856
2 1726
70 477
89 809
58 1509
17 1020
54 778
66 971
23 396
40 322
76 1204
36 852
41 158
83 1871
97 1276
44 1786
60 1785
58 1179
95 1149
5 773
69 1690
48 113
20 1429
19 1697
93 1541
99 213
3 1117
97 1789
75 1127
48 1740
85 1905
26 545
41 155
29 1058
58 1139
5 288
85 1467
33 808
23 858
30 1974
15 905
5 562
14 1622
13 960
3 379
97 1551
69 1555
45 1126
68 550
6 843
61 862
75 1606
58 1587
13 69
40 2000
48 1123
33 50
4 1403
87 451
56 733
94 834
10 1303
65 507
72 1046
85 1979
51 492
84 1132
71 1625
78 1783
67 1593
11 1974
10 492
76 1867
49 1299
27 817
98 1527
15 1929
4 1102
92 1580
95 1737
60 676
19 1385
66 120
13 1266
51 115
88 1815
11 314
52 222
46 363
80 1789
79 679
74 429
91 712
18 212
73 1104
62 1393
28 1692
94 1492
42 1801
33 1677
81 1827
95 1009
62 981
18 1763
63 1341
90 1407
96 1350
32 566
93 1486
24 989
13 1904
24 934
15 1287
89 1529
5 989
77 1125
36 882
38 1867
47 112
10 550
25 1592
69 1908
5 1879
39 1039
83 1013
23 91
58 1540
48 347
50 1463
66 233
85 1668
35 995
47 1673
49 482
89 1221
93 1970
40 837
9 109
62 1415
70 1977
57 225
47 249
2 780
2 445
99 1126
21 1453
61 107
10 1768
2 253
33 1839
1 1831
51 346
27 1266
99 795
93 471
42 940
94 1803
49 1841
83 144
38 4
79 1855
79 968
42 1568
94 393
84 715
57 1001
47 1049
38 141
17 1968
50 1991
35 766
10 1432
27 4
18 932
67 224
70 335
29 1187
100 1176
51 1153
99 370
2 921
50 1251
80 756
68 1365
38 1434
62 1393
32 253
41 1877
49 1659
69 1946
45 929
4 816
55 1502
32 1660
57 917
59 1150
92 1777
64 1698
60 408
15 731
4 1307
81 1122
38 1867
91 1898
16 1213
38 802
31 1836
42 603
3 462
76 510
83 272
90 528
2 209
34 925
95 1543
57 29
46 1691
81 1396
42 1320
25 1189
46 1493
92 730
43 408
63 991
76 23
33 407
92 1969
58 950
39 1389
45 523
63 1362
97 611
5 1133
19 1874
1 1596
5 411
51 1236
36 1100
95 697
24 1249
99 1347
13 382
75 744
86 244
90 882
84 1777
43 1354
7 251
34 953
60 324
55 1489
77 759
25 289
12 1322
77 1075
82 1218
28 1204
40 368
26 122
64 1752
6 102
3 63
59 1383
62 360
3 866
49 993
5 1094
56 201
47 739
99 1133
78 1206
83 771
22 1117
63 1280
26 656
98 556
96 634
65 549
33 1255
81 1640
13 42
30 1360
13 693
68 980
16 934
78 32
75 1041
23 1739
77 1483
100 783
45 662
59 511
22 190
22 894
54 1033
36 102
9 558
69 85
38 181
95 1541
87 1029
38 350
4 63
18 1513
86 181
63 1094
11 997
80 913
8 478
88 323
60 1123
47 954
42 545
52 1742
74 688
66 566
28 1545
13 801
43 310
92 862
42 416
34 1348
62 1189
64 605
23 1382
72 312
11 1850
35 418
29 1471
69 1785
80 1542
75 1692
66 181
99 981
57 194
33 1031
11 768
80 756
94 736
60 1588
85 1692
73 1124
42 1080
81 1995
71 1960
51 1031
71 1137
47 1465
15 1297
36 684
1 1778
40 1351
33 380
33 347
65 855
62 1967
52 735
34 144
10 226
42 982
57 230
20 1779
84 1328
37 575
84 1202
97 1074
63 1094
75 1545
41 959
46 202
61 1653
66 1955
49 1974
56 1455
95 1904
19 1907
100 1942
16 369
20 1398
27 382
18 596
26 61
84 1268
48 7
85 1533
25 343
35 266
63 437
9 1192
76 251
79 1031
44 861
8 781
49 1144
55 1039
75 647
78 1623
34 630
92 883
80 1987
96 1249
47 842
50 243
28 1703
52 1845
40 1261
39 623
30 1845
83 977
58 1994
40 1363
61 1268
34 1507
1 551
68 2
65 1887
71 1068
41 1178
2 765
98 1411
82 1776
51 1088
51 1560
64 1333
93 698
4 985
59 221
2 1547
37 257
18 935
27 110
85 1729
92 1899
46 1308
85 360
97 116
33 1145
63 801
99 484
62 519
21 1013
46 181
42 1981
7 1332
39 1796
44 217
26 300
78 371
28 436
89 2000
9 379
33 832
87 1621
9 1371
82 1377
84 1559
50 749
82 1086
69 1282
2 1648
71 430
2 691
83 1871
41 523
45 1941
14 1421
62 1837
77 38
92 1497
37 725
61 875
29 1746
5 122
71 339
48 897
13 1533
29 990
11 622
34 1566
70 1688
21 1775
75 1110
55 640
83 783
32 1933
81 1742
6 93
93 446
16 1500
5 1838
98 859
62 161
71 402
59 1106
8 1495
44 597
60 474
88 671
80 443
69 1099
89 1606
32 1358
44 1811
71 1843
1 1712
17 264
61 601
38 254
82 1564
73 895
81 714
41 1346
92 702
7 1478
14 1863
11 1019
3 105
29 1308
88 146
22 1596
27 921
44 93
77 681
53 750
87 1258
84 1917
77 920
50 548
32 727
28 1299
52 402
51 503
57 136
72 150
12 1467
45 1873
85 1184
74 1915
13 1494
61 681
9 650
92 838
64 458
45 788
97 1724
37 1874
13 1891
1 875
45 1477
9 265
96 1034
38 295
95 695
73 1788
20 58
39 470
61 827
84 1378
62 1729
24 1425
73 255
99 63
3 104
13 1059
24 1565
11 499
68 908
47 1746
85 1317
85 1101
3 544
72 274
87 1940
67 468
9 614
36 305
3 954
89 832
36 37
46 1180
95 1854
18 1594
3 1912
97 1193
41 586
61 582
77 1235
92 847
48 1825
37 372
62 1441
94 1780
69 656
55 193
19 1954
37 1682
56 975
30 1691
46 557
38 1902
45 1420
56 643
43 94
3 1577
22 1177
63 478
21 1870
49 1088
46 900
28 1706
77 973
19 1423
77 1541
25 505
51 1634
3 1782
81 1883
12 565
81 1128
97 1831
73 1569
88 1041
40 791
49 1150
94 1630
37 359
48 1515
15 728
25 865
58 1263
92 1094
72 450
8 771
5 1014
11 1703
59 1618
39 604
32 1336
80 1048
42 1092
75 1057
44 757
18 816
18 807
30 1962
27 1658
3 100
10 21
14 561
63 1853
17 554
2 115
82 823
37 232
36 1061
99 1616
87 682
25 1064
72 85
55 1516
34 894
58 652
1 1411
93 1816
45 1975
12 680
9 1458
47 1685
44 1703
86 521
11 1116
50 1719
74 868
93 1369
26 1900
12 580
15 445
82 1843
48 846
49 885
65 1361
74 97
37 190
9 20
72 1170
88 460
32 1015
10 1712
96 1392
57 1796
93 1591
60 885
19 664
30 1832
53 1634
8 1726
41 322
71 1874
58 1975
81 575
90 1280
12 1940
51 535
91 1359
34 247
65 734
50 1140
22 1227
33 208
90 426
77 1890
96 92
23 130
76 421
42 1964
32 79
16 1993
91 658
35 1680
93 661
47 844
68 918
79 247
93 555
33 1386
61 1202
92 95
90 785
18 992
87 1189
4 1540
97 1710
87 1588
53 1095
69 1220
55 444
48 370
46 775
26 1326
28 595
56 1370
75 1384
65 32
34 1377
57 1027
11 1259
44 1835
67 10
29 529
53 1068
87 790
28 693
46 324
62 1398
92 1499
88 947
25 489
74 877
79 1529
94 903
47 1829
20 381
53 174
42 956
98 643
79 1243
19 1638
46 1887
80 168
27 21
23 1524
11 772
70 1273
91 690
99 1977
28 27
54 1335
26 1736
66 203
94 19
80 1961
5 1051
91 1746
80 995
13 1083
51 1789
77 1259
25 351
12 1996
92 1079
25 497
28 1361
57 1665
42 845
88 147
54 183
70 1431
12 328
71 985
70 1648
20 1182
35 1853
78 872
73 509
96 1875
4 1546
9 752
5 1417
100 1773
7 1907
67 821
94 473
86 341
94 647
60 1321
15 609
31 1773
49 50
24 1145
14 1899
16 155
33 1248
52 810
63 215
63 515
81 1013
76 173
20 423
42 387
29 1910
64 1232
22 590
55 1880
75 189
86 1318
41 713
74 1107
40 601
42 608
23 1269
85 1371
81 282
38 362
26 1336
30 303
76 1360
52 1377
20 1711
29 457
80 846
4 813
81 103
80 1514
33 1362
52 584
59 1009
22 1297
7 791
17 1995
99 849
16 198
10 1414
91 1060
54 1936
33 1373
12 1005
96 1263
11 656
43 62
99 1580
88 226
67 620
2 73
17 613
89 1447
60 864
66 1076
91 47
22 960
25 294
51 834
9 185
100 1776
88 108
1 354
83 1706
1 243
72 887
2 160
81 1797
91 1898
91 408
73 331
80 1682
76 1085
90 153
24 1885
37 128
41 1634
45 158
90 428
98 1651
98 1804
1 1742
70 1314
27 683
67 1229
63 1004
59 186
23 1834
46 1522
100 140
100 1838
84 333
74 466
2 215
68 1309
54 1452
91 1304
54 1271
3 857
55 1115
99 1781
92 346
23 496
5 377
29 1207
34 1276
21 947
77 1119
25 571
88 1197
65 233
33 234
43 1091
29 1896
40 1424
21 1908
15 1941
85 1004
43 849
21 1427
16 1356
99 110
51 691
79 590
51 919
9 1116
38 1790
89 544
8 177
48 1275
38 1591
30 316
11 1196
98 84
13 1637
76 1304
91 718
36 589
55 1158
24 1635
19 1082
26 191
76 1914
4 1774
88 409
89 920
44 855
27 739
10 1106
5 1404
96 517
76 150
65 1026
11 918
49 545
33 263
40 555
41 828
41 1459
58 1794
63 481
92 464
60 729
75 473
51 643
33 1702
18 597
39 1221
44 65
28 374
13 106
24 630
86 43
6 565
14 646
44 193
31 265
51 1878
89 1892
78 1636
51 1330
34 772
17 1745
8 1622
11 691
86 693
3 204
75 324
25 1137
8 714
48 960
69 240
9 940
74 563
2 1579
58 534
91 849
54 1178
71 1970
2 1302
44 513
57 134
15 235
81 880
54 916
19 346
14 1045
11 928
68 1908
35 1532
2 1042
24 118
66 1227
36 207
96 830
64 326
89 844
46 567
12 361
81 74
92 345
9 1578
4 163
86 488
35 533
53 234
21 38
39 1969
21 1320
4 8
15 1625
71 365
81 1201
38 1781
28 1689
32 971
26 542
30 825
73 121
27 23
49 1619
35 1500
16 1338
60 727
23 1682
52 1250
3 795
30 590
38 644
94 1503
93 637
40 652
88 145
16 943
39 709
54 1468
99 1180
60 386
72 892
42 1889
54 1908
24 234
21 631
15 1716
43 1081
3 412
92 784
96 988
74 101
30 1488
3 1882
23 1721
48 1665
18 790
61 1923
8 1599
92 578
24 377
68 771
31 629
37 412
12 391
29 99
4 1935
30 1682
70 1380
81 1223
27 916
69 1281
14 1454
38 253
22 1641
7 1844
1 1257
71 715
35 235
34 439
65 247
59 440
9 550
59 396
35 1069
6 1603
35 430
12 929
99 1173
47 1378
42 55
100 629
13 1074
72 1525
63 281
67 1879
19 1740
85 1243
50 1166
95 1166
53 1201
63 283
99 1237
87 1361
57 427
99 246
39 444
17 90
51 1512
61 297
26 1766
56 762
7 1514
12 1689
50 534
74 725
29 1834
95 1353
18 419
35 1713
3 1352
44 1652
99 1123
34 1786
80 1386
40 1103
47 290
58 1264
38 617
63 336
46 1084
87 1815
42 262
5 731
72 906
2 28
29 60
76 394
92 1196
82 257
83 574
54 1561
54 507
41 1776
15 1899
74 1204
7 992
60 876
30 400
74 1121
19 422
63 1719
11 1522
81 1467
44 1851
55 1979
35 82
25 1927
38 318
53 973
24 565
100 1732
59 1567
82 1682
39 1192
7 1708
16 1303
72 960
81 468
12 388
26 919
92 1572
65 1652
60 1793
63 896
43 1240
57 1650
58 613
78 1938
37 1577
24 83
57 857
80 646
100 500
36 613
40 1512
85 476
93 1031
70 149
58 1535
84 1801
49 748
64 832
71 812
1 330
15 835
24 1479
54 1333
15 1861
75 867
48 339
83 140
11 275
21 1954
11 297
28 629
31 638
77 1739
12 578
49 1350
54 354
17 972
77 485
99 1635
89 562
66 1252
57 1853
41 148
56 1692
13 175
96 1730
96 1843
100 841
6 1748
17 281
43 1214
41 1908
14 619
54 1790
96 255
6 1014
62 165
71 1128
22 1137
14 1316
95 782
56 682
41 1090
8 855
24 1344
11 595
92 1878
82 56
70 877
59 1060
58 597
82 1177
51 1920
74 547
25 1936
65 1498
75 1562
89 1833
53 713
54 41
9 1245
79 1421
85 1597
86 150
93 796
44 1151
47 1564
56 1791
14 1523
79 1629
99 311
54 202
29 806
88 1954
71 59
83 723
21 1529
8 948
14 1165
54 274
68 1416
17 149
86 1660
64 160
73 129
23 559
10 1916
62 1502
2 1170
75 584
38 1036
77 1300
4 1544
50 341
5 1301
14 229
28 262
97 312
47 1376
68 1452
69 552
67 715
45 1443
98 87
53 1045
41 1264
58 374
13 926
55 1578
83 1664
48 1994
26 1011
73 245
18 987
96 1712
12 667
7 350
100 178
32 1811
1 1068
7 633
52 1411
10 779
37 890
41 283
94 346
42 1879
89 1858
32 233
7 1823
2 1189
78 38
84 1090
57 866
34 721
35 1036
16 1726
4 472
93 95
45 1208
45 1376
71 1910
23 1845
8 1228
17 877
57 331
19 1350
36 474
26 933
88 1754
79 96
19 80
2 950
42 952
14 495
1 29
19 1974
83 937
67 222
28 1120
14 789
96 1207
76 1881
8 1993
42 1955
62 1858
84 720
56 1558
64 622
47 140
69 443
31 338
99 1875
23 571
57 163
91 1801
57 1095
73 452
86 99
43 1183
10 1366
42 1681
40 1579
8 1011
14 1398
84 1991
93 1606
36 1418
27 1155
98 607
74 1989
14 1754
87 547
52 154
77 498
100 1083
33 13
7 1407
64 1781
6 781
24 1604
82 1125
74 1508
38 258
13 1570
74 832
58 1052
25 791
67 149
64 56
26 199
3 657
14 919
31 1837
52 516
64 1337
19 1009
46 1103
14 729
55 1152
69 1723
35 1841
11 1998
20 890
14 843
84 1812
100 1869
92 912
34 233
47 1819
40 351
100 364
64 352
38 1025
45 511
27 479
2 1595
26 1090
25 431
9 469
33 1465
57 613
45 1444
29 1719
8 23
41 1705
41 793
60 1756
63 1098
16 1838
66 232
77 183
60 1609
23 152
22 350
43 488
32 814
75 1151
15 204
96 982
3 1014
65 647
74 1263
91 2
26 1721
18 1976
69 856
80 602
1 1048
52 547
98 1230
20 487
58 1212
47 911
62 980
61 1631
45 1844
89 1068
74 799
71 786
92 890
29 1810
53 1702
21 596
79 1429
7 53
10 1885
74 1593
4 1573
37 869
70 1030
77 1651
55 948
19 949
58 973
42 1979
39 237
92 440
36 550
64 1870
4 193
52 265
30 344
57 1854
65 336
83 275
16 662
67 1532
50 668
98 1641
76 256
6 1696
36 1014
100 1719
29 1790
64 1972
52 1532
92 1867
27 700
20 1574
5 237
42 1780
86 1779
60 785
51 896
54 1206
78 801
67 1889
79 570
53 808
88 1850
38 1903
68 795
51 1466
67 1548
46 3
71 677
41 316
21 892
8 1289
35 1971
61 439
38 1344
15 261
67 1660
92 1361
55 819
60 1327
55 801
5 327
22 947
86 1625
49 221
2 1907
86 1131
96 814
76 1478
67 1246
3 798
35 380
12 1528
43 1562
56 928
70 1323
61 261
99 1783
99 1604
71 1511
99 298
26 1809
68 864
83 846
79 1698
96 1126
66 1843
31 1180
7 436
46 976
19 1671
99 1445
94 1868
23 953
77 1873
55 1646
77 1649
55 1621
19 885
76 651
6 1987
12 954
61 1967
40 366
44 1192
13 1091
66 829
73 571
54 371
44 723
90 86
92 1796
29 1802
44 1359
89 1189
88 1253
52 1362
80 503
94 1567
9 217
72 1615
99 599
15 636
45 1684
57 1762
50 789
93 308
27 1700
62 820
93 1424
41 1959
48 1716
76 348
31 318
3 552
38 141
98 625
75 421
42 651
12 1988
31 1328
11 1073
59 904
2 392
87 776
17 237
34 1534
53 1930
55 733
19 371
78 1616
12 559
16 215
87 1073
44 289
25 1902
99 1853
40 1135
32 1791
6 1845
57 1080
81 1173
65 1247
58 104
17 1033
13 60
99 1289
14 550
97 1873
3 1436
91 393
14 1847
14 1088
94 1062
65 1973
66 296
36 1937
91 828
67 937
33 950
4 90
57 1813
80 801
94 1932
82 1246
7 109
17 262
48 1943
75 249
42 85
2 522
62 729
55 683
97 650
46 1418
76 477
55 840
20 261
58 419
50 559
77 1593
97 1563
38 218
12 1738
73 1812
18 1987
62 1554
63 1591
51 616
71 1932
96 1295
96 1283
10 196
78 397
30 1385
77 303
89 157
98 1046
21 835
55 117
41 1561
3 1055
88 283
61 1907
44 1383
98 515
32 143
23 236
74 1109
73 1166
73 1575
85 1405
84 1591
73 1898
43 828
45 1629
66 1720
68 335
58 242
25 882
7 1400
78 1087
86 234
59 1950
9 940
48 1942
13 1261
60 1928
97 1494
74 682
88 222
84 1538
63 725
27 1807
46 1569
39 1922
60 1157
30 1153
37 1189
38 1173
76 989
33 1796
91 550
45 1937
32 1153
98 619
81 1833
9 767
63 1488
28 302
77 114
90 904
53 1201
78 1649
32 1250
98 268
77 1857
4 1829
51 670
6 1449
40 759
3 540
43 1011
15 1917
54 1326
90 363
52 171
40 1115
23 893
79 1868
88 1119
83 1880
93 1588
46 240
82 1606
32 1835
82 1577
31 1572
77 723
68 239
82 455
55 1203
58 508
51 199
40 1370
99 1029
16 845
68 1286
26 322
1 923
5 1922
57 1161
71 869
28 33
67 1317
93 635
23 165
24 1239
4 1557
54 1212
34 1993
60 671
42 1830
81 65
63 1676
100 1313
9 1807
20 1247
83 967
85 755
99 656
6 1066
30 1325
6 84
52 1190
86 1152
71 1064
29 18
24 2000
33 1097
59 1905
9 1733
39 1609
74 1685
49 627
85 1235
81 119
99 1108
51 499
70 919
89 613
13 1298
92 109
30 8
97 291
75 1816
18 677
93 1587
70 1296
38 1476
74 73
10 460
81 760
57 868
7 837
82 827
46 1611
33 766
92 356
23 710
21 1544
93 220
10 1176
54 214
98 1985
37 1295
55 1815
39 1624
46 1019
66 1670
72 1094
24 494
4 1618
42 90
5 1386
49 1899
28 140
10 98
57 1945
22 271
53 1505
78 1221
28 1849
56 1813
36 156
25 1973
68 1845
91 1829
8 693
35 1945
85 1886
73 559
13 39
89 288
3 1770
31 80
29 874
6 759
78 1815
93 1390
32 599
41 946
61 1182
84 1676
57 715
47 1208
13 146
30 1380
52 1488
11 974
14 226
21 1686
66 1774
15 1359
46 1981
75 25
81 1917
42 1523
17 621
39 236
45 874
2 1641
69 1072
80 600
28 914
73 1827
100 686
41 211
72 337
53 1688
30 1709
75 272
49 152
47 728
83 1604
12 646
97 1296
43 111
96 370
49 261
79 1669
43 919
4 1429
96 884
89 993
92 557
97 1690
76 335
14 170
80 976
90 253
83 285
51 1961
91 933
24 100
31 1006
72 1910
6 1954
29 1006
77 1076
94 420
11 568
12 1119
30 466
91 1884
6 707
92 789
49 1997
43 1615
25 1253
34 404
67 102
26 1514
93 241
97 2000
35 1174
86 23
49 729
53 797
2 823
40 953
7 229
91 1420
11 687
93 36
9 23
60 1123
44 1640
24 1218
3 947
86 671
2 784
9 1524
76 280
98 735
31 1436
16 713
32 850
35 150
91 1156
79 1784
60 611
80 395
34 402
52 1115
94 379
81 1062
54 1466
48 883
50 1619
85 1848
78 1693
7 1663
78 621
48 460
79 1437
85 1163
40 404
3 1698
78 62
24 1213
47 1763
3 936
67 1474
17 293
15 149
65 155
73 1702
91 1436
98 1737
82 337
78 1677
15 1356
52 12
61 1640
58 319
33 62
48 1218
8 1521
2 627
31 191
32 479
82 1502
22 507
44 794
69 645
82 1887
17 851
78 753
42 318
52 1200
67 1116
39 1863
25 1374
24 1596
7 776
47 1789
15 1025
73 522
25 748
81 371
5 693
37 81
28 1338
28 89
6 771
59 923
43 1272
56 234
55 814
44 227
65 1233
52 317
87 1807
90 1236
70 1123
4 1805
48 1086
91 230
95 929
9 1279
66 1913
42 1572
79 122
5 655
95 1269
52 1477
67 1422
51 1827
37 938
24 231
68 1676
28 265
56 880
25 1845
15 751
78 862
5 426
28 1444
81 1862
87 92
78 1718
27 1546
35 1053
54 1943
62 1390
67 191
72 1670
40 571
85 1357
22 1116
3 56
64 1817
36 1011
42 743
22 490
95 1401
74 327
29 194
39 823
96 885
88 254
99 1156
3 1806
96 516
76 1105
15 1096
31 207
56 1814
46 854
58 1087
83 1490
84 1517
79 1788
86 1597
86 1245
6 1506
41 263
57 485
59 234
59 1463
48 1071
5 1539
83 795
7 994
24 481
3 1905
56 1564
88 264
90 1016
100 588
99 1943
27 243
7 1322
5 1841
53 822
46 933
75 836
65 535
53 1981
30 1218
31 660
7 45
24 1710
95 497
23 357
13 1509
49 1810
22 1426
58 781
68 1284
2 1055
11 257
11 234
49 1828
87 551
63 240
20 379
51 1735
63 245
66 296
56 730
55 1649
71 1931
25 1569
94 212
89 950
89 18
19 1989
17 595
99 953
87 251
15 31
48 1270
34 811
97 1071
39 245
98 737
56 1939
45 1519
94 162
77 1849
92 1831
58 1035
21 1209
94 22
68 1998
30 800
81 1743
58 55
61 1707
57 7
78 1854
16 1365
55 369
7 1968
52 236
19 1991
69 229
94 650
8 82
68 1242
65 28
32 304
50 1488
83 186
77 892
6 776
45 890
74 80
55 753
39 1748
12 1457
90 1312
48 963
21 8
98 1669
78 1221
39 1132
81 63
5 1339
85 1472
98 702
83 1079
54 304
36 1138
31 1633
24 590
62 684
89 1104
77 316
14 335
13 531
81 1883
93 630
83 1211
51 1775
6 160
1 1514
28 1205
56 1867
77 1971
83 478
52 1499
38 649
97 1294
91 115
81 1923
40 1418
65 632
89 1829
47 1206
40 413
2 1906
14 1459
25 1125
18 1657
24 1885
57 125
84 1715
41 892
5 406
45 1378
87 1752
8 1165
86 1671
4 302
84 196
30 162
49 1261
27 1207
79 1026
86 424
67 356
48 688
81 217
77 1777
29 1482
16 1157
83 1094
21 408
47 1413
88 251
78 1927
29 761
80 1968
14 145
46 1095
19 1800
75 783
38 1428
59 1058
87 1427
33 260
12 343
30 1690
33 1570
59 806
21 1920
24 1865
56 1896
85 1460
23 1052
61 1261
86 695
89 1950
24 1013
25 1362
73 1647
96 1083
57 333
40 140
16 1682
59 103
18 803
82 1501
44 974
29 839
64 1857
99 457
37 1246
61 915
32 126
65 405
44 262
17 232
15 301
4 511
36 699
57 650
84 528
15 45
48 1368
9 871
29 245
8 104
7 1982
12 1158
6 660
58 594
11 1534
14 70
80 1702
89 260
64 375
65 1228
70 1189
33 1336
29 1002
17 571
26 1773
88 26
1 1236
3 195
1 1589
83 552
26 1768
4 763
97 1538
32 1088
69 694
38 406
32 637
81 1009
30 1938
43 1869
49 839
89 1122
60 1058
95 1202
53 1693
50 597
44 40
3 1340
91 1498
26 789
94 471
1 1425
17 1803
37 1934
21 1610
63 1066
96 112
63 218
82 1294
56 133
6 310
50 1452
25 1527
17 656
73 1964
43 713
68 391
5 663
76 275
34 561
24 890
36 657
87 95
47 1923
39 1776
13 1200
57 607
27 1900
25 1370
23 1804
73 1330
36 709
26 1586
29 1459
70 755
32 66
46 1074
45 489
2 233
84 1809
35 1077
40 1002
29 1708
31 1176
43 1161
28 636
61 1987
76 1466
65 1203
80 409
14 637
43 496
79 1953
51 1270
3 1625
14 329
82 1648
48 1022
34 1625
88 1525
92 973
35 198
90 816
72 710
56 1611
63 868
90 431
39 591
49 709
15 1757
40 274
94 1955
36 194
56 1876
92 1592
77 1174
70 394
32 1323
84 1290
44 951
76 1553
77 1130
19 419
35 875
25 149
4 1853
59 10
74 586
98 344
87 264
100 1233
31 1544
70 1200
37 95
73 1123
21 406
1 373
15 3
9 1197
63 1993
2 701
79 1237
84 1608
36 1328
21 1420
8 1161
54 1184
83 67
30 828
63 1944
41 1317
81 418
92 1605
5 671
66 745
33 1185
79 1433
97 1601
75 1036
47 82
15 1926
33 1859
2 1153
36 720
49 921
47 902
100 420
32 107
95 1283
62 1298
40 1343
60 1842
54 1570
48 104
81 546
97 878
3 1846
96 84
9 621
74 154
9 1823
70 769
91 729
41 79
62 1326
54 462
66 1254
52 1364
51 786
75 1236
68 1723
26 1900
59 840
71 592
56 849
73 1233
82 1905
46 652
56 1164
44 813
58 806
59 609
97 1882
16 1137
59 1067
58 1422
42 193
64 1047
18 745
37 1978
35 1643
93 644
64 1535
78 565
17 1059
74 1229
39 842
28 673
5 1975
21 508
35 1634
9 882
73 1159
13 483
90 587
94 1133
27 1589
92 1596
83 581
98 1631
67 1148
5 669
55 1306
70 1223
56 843
98 334
100 1559
78 1460
63 1687
90 1245
29 1603
4 1174
71 1060
83 210
1 1402
7 1471
69 1394
82 1378
90 269
30 550
16 406
31 1307
70 352
10 1060
21 400
85 484
41 1339
57 21
69 1075
56 1866
33 1720
100 979
77 1911
49 1050
71 1671
9 1240
34 141
4 1267
91 1949
99 960
39 1691
17 1980
99 57
40 410
84 180
73 266
33 1230
84 602
90 714
66 720
43 1708
22 267
18 1856
24 216
92 1630
2 627
43 1066
22 901
67 1850
71 131
25 339
61 1111
56 1177
91 1499
88 805
36 1587
82 595
66 1831
47 1687
82 1057
25 1683
9 613
77 1810
68 1473
54 224
83 26
13 1297
40 293
65 787
56 1506
68 1411
58 1088
88 708
89 292
72 1427
49 601
96 557
74 1395
41 48
86 93
16 1158
90 837
37 1152
94 231
77 1548
59 775
90 1289
42 690
87 1711
45 595
14 550
84 353
59 1079
34 261
53 1418
29 1475
98 1310
94 1600
14 800
99 19
34 460
41 1689
86 1481
32 1435
65 929
49 132
56 572
30 766
10 295
2 440
22 343
80 133
3 559
99 1130
59 578
37 1909
34 1599
52 1175
42 522
59 681
55 1915
52 529
99 376
91 211
16 1932
22 725
70 1718
82 721
26 95
45 1285
52 1899
89 1536
83 1690
54 151
57 433
67 1947
92 1891
24 7
3 362
65 1082
96 979
23 1999
15 552
73 1139
77 601
93 1293
23 1328
6 849
42 1374
12 1571
43 1285
17 756
32 1337
31 1278
2 592
33 1801
38 1652
38 1146
3 1819
51 839
21 1404
51 780
11 1413
76 440
2 1228
90 1014
28 380
65 878
83 289
86 342
91 71
69 607
78 1509
60 489
19 1720
8 358
21 1057
61 309
26 1738
70 380
100 296
98 89
60 1804
65 763
83 357
80 1490
34 1260
58 1556
97 1536
10 793
28 616
55 1616
17 1569
65 1907
72 347
72 1748
7 1612
65 1678
47 531
42 449
66 1801
96 1191
7 831
72 999
39 901
23 1780
50 566
88 1112
7 840
3 1433
62 1558
24 364
99 899
19 676
15 1631
25 915
41 1896
21 228
85 1784
32 1899
95 269
92 448
12 199
67 1214
9 1211
18 597
93 900
55 1299
85 884
87 1675
80 913
42 1829
57 1350
15 815
11 1635
63 299
6 242
88 1285
22 761
68 124
69 1071
88 136
34 8
7 1338
67 1887
29 706
81 1486
84 243
25 481
10 1597
5 490
63 1807
18 1030
55 134
63 1187
96 1146
46 682
99 1124
19 450
38 798
63 13
38 747
69 1447
92 1339
73 738
35 1131
83 1974
17 718
9 1009
11 741
3 448
59 1789
23 21
5 1393
77 199
95 1716
67 1125
11 1944
30 783
84 780
30 395
97 1903
65 582
68 975
11 1586
39 1228
16 239
94 370
54 1023
51 176
79 1419
31 1500
89 1202
37 1007
10 200
27 1588
83 161
73 1960
22 1695
67 147
19 88
10 1965
58 559
79 38
96 1687
3 208
20 1157
41 495
26 403
65 1018
11 1373
14 1930
15 1178
10 700
44 451
22 1938
53 255
69 796
14 736
76 1018
57 656
22 1339
43 1492
74 1870
53 1172
3 741
16 1639
51 184
89 1517
70 1875
99 1
22 421
66 943
72 1979
62 446
64 113
77 1877
48 840
80 1716
81 865
25 1567
71 1221
23 901
38 1712
77 1722
37 1350
83 1688
10 1926
93 1127
7 1809
8 444
65 1220
62 827
92 11
12 382
79 108
13 205
70 1833
45 706
53 1624
56 1605
54 376
64 1850
76 916
85 1614
17 623
7 701
86 1043
60 37
87 1481
48 1147
62 103
12 1365
62 911
32 1959
26 1144
49 1023
61 485
81 977
20 893
27 1529
32 139
29 1340
69 1159
63 1077
58 1412
61 1423
24 846
86 1925
71 851
94 1474
47 716
80 808
73 133
10 394
85 467
65 1432
49 1799
96 1437
81 1680
69 935
42 1652
59 679
58 185
8 85
91 1384
32 335
25 570
53 1381
86 1545
66 1078
79 1903
23 375
94 336
77 1275
53 1430
83 1786
18 1029
55 241
15 1642
10 1598
2 333
66 1321
23 1741
94 1220
21 14
8 1680
93 1535
68 1698
10 1339
92 984
4 1561
95 1404
14 1076
46 353
65 232
65 1635
3 1857
18 1801
92 1746
85 1917
98 753
20 474
38 74
77 868
72 189
55 393
61 1855
91 1999
2 993
59 1453
17 729
84 592
96 1654
84 307
28 928
50 1556
66 1359
49 403
69 289
4 337
80 678
20 1165
74 1086
89 1466
34 1184
14 442
99 1334
7 567
52 1806
41 891
37 254
62 1008
25 1286
93 1776
91 1937
43 1631
43 1858
39 1622
90 72
16 1718
40 325
98 1215
93 1273
24 759
98 1064
88 650
32 1885
79 1652
74 143
77 1478
6 1023
55 1664
62 901
51 1226
4 834
79 858
15 1874
100 556
13 735
5 1798
29 238
45 887
41 745
68 51
51 1888
43 1592
97 194
94 21
28 1115
52 424
65 1150
100 1747
26 1166
72 30
20 354
38 1734
81 325
27 1660
28 1927
93 1485
47 1758
5 1370
6 1161
91 1537
54 1849
65 1566
91 975
81 1106
26 1306
4 411
59 767
37 1780
9 1880
77 1274
9 982
94 1696
81 802
17 858
21 1959
23 1640
68 875
23 940
31 351
63 1388
40 1702
64 254
82 1368
93 797
69 1151
40 86
95 673
21 237
95 1969
17 1213
15 1859
97 1900
66 936
47 2000
1 934
65 1545
73 226
85 1416
73 112
28 688
42 1229
47 1145
13 1422
33 1351
89 1438
58 1060
50 466
94 64
40 279
61 1704
63 1049
59 1256
82 1186
76 1891
94 1259
38 1155
88 1986
23 1617
37 699
3 934
28 761
94 1514
21 1394
66 194
37 1912
84 720
67 1679
93 161
69 1026
54 449
71 1627
17 479
78 1638
43 204
94 741
91 1691
100 659
68 8
83 290
58 253
10 1319
54 1416
33 959
80 1701
80 244
58 1608
24 1918
13 1073
82 895
8 836
47 1788
46 670
25 1223
3 1176
82 357
59 1419
77 353
43 1334
59 435
23 1770
100 471
47 432
49 80
84 1820
35 393
9 517
8 2000
92 1669
22 1226
11 244
38 1595
27 862
59 1027
38 1477
13 453
69 1394
75 46
36 677
6 1119
93 1384
15 1202
82 1330
97 1504
99 222
77 397
68 1566
57 3
93 1088
77 1433
7 1492
81 739
72 176
95 3
12 535
61 1546
98 909
11 1451
55 305
91 392
1 1260
34 133
95 75
56 1043
33 765
35 224
3 58
43 876
34 240
36 1363
13 784
72 781
12 1002
7 1741
9 421
17 1139
54 1163
94 776
33 1728
46 1248
43 1576
47 376
49 1074
3 826
63 1024
49 389
70 926
63 871
96 1420
81 1310
5 1003
91 63
4 567
92 139
85 1530
93 1398
75 656
4 135
84 668
30 1260
46 222
24 190
70 1267
29 1168
53 1616
27 943
91 380
96 644
86 85
22 729
43 1298
92 1681
55 1023
49 1097
64 653
82 256
95 1384
9 1468
21 113
28 1208
84 1570
94 230
5 284
60 223
10 917
74 798
24 617
31 713
1 1024
99 1374
40 674
4 1563
50 1778
89 798
71 391
79 715
29 987
85 1123
80 154
55 764
11 1037
41 1043
24 1061
22 1399
78 1365
40 1676
1 1532
57 1993
23 689
6 1816
46 1532
24 1706
85 197
24 1019
86 1654
16 1242
93 304
26 668
34 523
48 1673
36 440
57 1671
63 839
53 227
79 1367
35 160
48 97
83 1713
18 36
33 713
2 45
38 1383
68 777
36 1499
81 899
19 199
37 1775
4 323
57 1968
30 48
33 1633
11 230
5 1769
12 912
41 1654
96 1782
25 989
5 1153
92 1705
72 1126
8 1507
58 472
78 1552
31 309
10 1416
57 754
27 776
98 1299
5 1522
11 605
61 865
91 729
91 1783
51 1046
7 641
44 1545
78 644
31 1408
66 1969
78 1084
38 1532
18 1446
16 936
54 184
40 1724
43 194
13 658
25 235
63 280
97 1659
63 728
20 1506
63 626
91 35
25 578
79 1109
60 794
8 714
92 393
87 751
15 1378
48 1065
1 282
17 268
28 744
64 1619
61 724
90 327
34 1352
61 1185
39 996
1 678
85 613
14 1836
2 1769
69 1299
93 569
45 1311
71 460
25 482
61 1963
40 1819
64 721
80 1916
44 745
51 1562
54 1863
28 1651
9 1548
2 120
1 989
15 233
7 1571
10 865
59 887
51 627
1 236
43 1342
6 766
63 1357
49 1216
19 1961
97 1893
94 271
38 469
80 1336
65 1569
69 253
96 1949
34 1106
90 638
91 1792
83 1816
43 77
90 1646
91 1062
85 507
79 1597
23 563
20 1201
64 1390
83 1211
34 142
82 904
15 1198
29 253
74 1778
51 76
45 1014
36 558
83 1269
8 594
10 1785
92 1401
86 441
9 480
95 1904
78 638
21 559
7 809
59 597
15 1471
82 507
86 28
82 1487
97 1103
9 1274
40 1149
53 1754
49 1570
24 1763
45 1233
62 569
66 1656
41 848
33 1343
48 1440
88 430
81 574
95 1960
93 1393
37 1240
82 711
98 477
21 949
82 301
55 1514
97 140
55 879
14 809
88 1066
81 726
55 1357
93 982
77 1414
34 236
2 179
6 1039
71 772
12 1418
88 1055
66 767
98 1073
27 1961
96 323
43 442
59 1247
53 850
74 1903
26 819
12 112
58 121
79 549
23 1500
4 1339
98 1162
39 478
15 1888
10 978
23 973
87 1640
59 55
97 1513
96 286
30 1784
66 1035
6 1052
31 547
34 1923
100 35
80 1222
51 568
13 396
89 1453
77 1047
27 972
33 672
59 1987
1 1215
18 1191
71 131
84 1554
68 1179
41 1103
68 373
5 1676
33 1288
22 616
83 454
81 1573
29 1520
75 853
79 1087
6 1808
76 287
37 694
40 1553
52 780
4 271
24 1018
73 1530
19 1701
12 109
91 1816
22 1306
49 166
63 1479
94 1587
2 1989
26 1564
57 1939
65 1445
31 1724
20 968
83 1622
30 1030
59 785
2 391
47 1283
65 138
36 726
63 1035
94 1090
74 983
61 1691
70 1190
15 132
66 835
90 730
9 1310
95 879
21 1135
2 1602
67 226
18 848
96 1506
74 850
45 666
55 840
97 1932
60 759
89 1414
87 50
90 1760
69 346
10 1794
44 1403
58 1948
61 1886
83 1937
67 636
94 983
84 1198
35 6
29 1075
59 1523
93 1854
16 438
72 1107
93 1298
63 1300
88 382
91 863
55 743
99 1715
97 91
29 1950
1 927
4 1695
43 1902
93 497
55 1351
52 269
64 383
72 898
66 192
83 218
76 1883
6 1524
29 959
44 1768
100 1318
83 534
75 1802
64 1918
68 38
6 984
69 1132
54 463
96 1788
84 823
91 779
84 707
8 993
82 407
31 1281
73 1993
72 384
36 1849
76 229
76 1545
58 779
23 464
12 556
87 463
74 1388
55 1389
17 942
63 1254
21 1102
78 342
14 514
42 360
26 1306
74 1515
62 527
16 643
61 363
27 789
73 783
2 160
7 694
16 1916
48 1501
10 1700
96 708
12 145
5 1484
26 807
95 242
62 890
54 1825
26 73
50 1004
83 962
2 1277
54 490
84 1768
46 1420
12 592
88 1231
79 166
68 934
98 651
67 1426
1 1077
24 371
92 1015
24 1102
95 287
82 1960
95 382
73 170
15 679
66 527
37 953
26 1654
55 81
76 323
50 1133
20 1759
94 1345
46 301
49 187
63 1845
58 90
68 1479
65 1322
30 1090
45 1133
85 982
35 1094
86 1065
74 1697
87 1118
62 1444
15 580
80 1197
39 140
85 1715
6 31
45 1128
80 1223
98 669
4 734
53 283
87 57
91 914
96 793
22 263
22 1866
29 888
28 1734
22 210
60 1215
16 1140
53 1516
59 689
95 96
79 984
18 186
64 66
93 221
57 254
46 187
19 1548
4 1408
91 1666
8 1585
53 1435
63 1080
79 1158
65 374
24 17
86 283
5 1451
33 1817
81 1565
14 1156
51 1724
9 1077
50 538
31 1867
24 1845
71 1611
51 1601
95 116
38 1163
32 759
72 1017
50 495
80 404
99 453
59 825
81 1017
41 1010
56 887
30 747
76 637
5 638
43 1632
65 1827
51 1221
75 1631
82 610
29 1010
6 1082
73 1024
98 1345
27 1042
62 585
85 1612
22 1567
36 90
42 884
13 787
27 308
35 1479
72 638
33 1648
21 1028
51 1712
52 752
58 1470
25 866
91 283
96 578
81 252
16 692
15 1580
60 1297
41 433
81 1252
47 1117
83 1867
93 1895
10 1379
23 1257
75 1538
62 1077
18 1860
55 11
72 1041
8 963
85 1784
17 881
3 284
11 1175
62 1331
5 1318
23 1796
44 794
90 1868
88 483
47 888
10 1495
91 890
40 1638
98 705
37 1369
66 673
20 485
31 1819
81 1420
60 391
28 115
64 567
19 586
6 730
83 1436
14 525
46 781
74 1955
89 1425
56 122
12 493
24 1808
14 1525
28 1540
39 1343
30 472
37 1253
19 463
46 1304
25 328
64 1233
70 526
74 856
46 618
55 1954
58 1603
97 470
100 332
10 504
35 1565
66 228
73 855
96 1479
61 870
96 1179
93 347
13 443
36 1127
3 1585
43 1526
57 1189
5 1965
75 1455
8 1659
75 17
36 247
68 880
60 459
36 1694
53 665
39 688
64 245
41 177
44 1782
21 1008
41 428
11 1983
78 114
5 61
67 1733
58 1643
66 62
43 32
99 377
87 1044
46 394
93 1518
27 988
64 1273
60 1540
79 477
91 381
50 1000
69 1328
23 1964
64 1551
44 1897
81 1974
87 1125
99 1306
63 976
32 868
28 626
67 137
39 216
82 1892
58 433
86 646
39 90
31 1714
44 1470
81 18
83 550
93 62
12 722
6 347
44 1106
57 1346
60 1738
86 182
5 620
37 1310
96 60
84 1964
79 1577
40 1602
18 521
52 396
14 5
80 416
26 1613
34 1423
62 646
78 1345
79 731
51 1748
13 213
81 173
12 1267
39 425
100 1037
29 226
16 566
99 1816
69 1076
83 805
35 96
98 1376
14 1764
84 42
49 390
77 1346
41 531
9 1586
72 1571
28 278
46 148
4 1037
85 1340
33 1980
61 1398
87 372
7 329
94 148
90 1566
52 535
66 1062
88 798
58 436
24 875
87 851
63 833
40 1541
37 1124
64 274
43 701
14 1757
72 42
69 239
75 167
15 1904
51 811
42 1675
20 707
12 1693
30 9
25 1095
76 1169
24 94
24 1682
32 414
51 1322
87 1126
73 1572
8 1567
70 39
48 1071
66 609
27 1597
95 862
1 110
26 1025
98 1810
88 1600
58 323
26 593
97 595
37 281
17 1810
46 1714
8 386
8 31
23 293
19 580
67 270
18 979
69 325
95 1970
19 900
68 123
36 675
66 1379
16 1804
15 567
29 1972
31 840
94 572
65 429
22 497
83 1158
4 1390
15 849
23 344
97 1128
82 1259
93 1072
3 1855
38 1162
56 967
11 431
13 527
3 991
4 262
27 326
54 945
58 526
35 426
37 1974
28 1702
28 825
38 643
50 1228
1 73
26 1715
11 1201
93 1831
65 281
38 1426
56 1041
30 228
10 215
44 908
67 1131
36 1294
84 1675
88 1758
18 1081
58 1333
21 483
37 1862
4 1773
35 463
43 1465
23 399
90 982
4 1992
69 192
78 578
77 1663
25 360
5 547
5 364
39 1151
5 653
80 965
76 1895
37 639
47 1285
85 1232
81 128
38 794
91 1467
61 964
10 1339
37 1009
55 1158
87 1362
37 1214
53 222
65 995
13 1056
75 1193
11 1738
9 1845
52 1525
2 1004
10 1818
34 1054
27 1005
26 754
36 1964
53 1852
12 850
12 646
27 723
48 18
60 1057
17 96
26 851
36 1458
22 636
63 1673
12 741
43 269
36 546
48 1272
50 1000
35 610
49 1256
74 1785
79 166
15 768
80 8
53 496
12 1055
98 1297
30 189
77 118
11 77
5 768
58 7
28 1236
90 594
72 1546
75 92
80 1282
51 114
49 1860
1 1601
3 1214
23 1063
59 93
98 609
78 1474
19 1878
13 1924
100 1796
85 1710
39 1117
12 1413
39 174
65 1367
54 1790
79 1168
35 640
15 10
90 1554
67 1783
49 1265
88 1238
35 888
49 66
48 1845
8 78
16 1583
5 592
19 1806
13 1052
48 1807
86 1512
75 1826
30 284
74 1807
87 1231
40 110
22 106
46 1686
24 387
42 1557
14 200
41 1216
88 1389
55 1593
53 532
9 1543
35 918
30 351
59 422
66 647
53 1332
78 545
77 307
31 1394
46 294
77 1354
38 1687
52 1750
88 475
72 1572
40 775
71 1967
80 1740
47 1878
74 178
35 500
59 821
60 1895
71 618
68 1099
65 806
77 195
10 163
98 944
1 1697
3 1509
35 1785
50 203
89 906
73 682
41 813
64 403
24 273
19 604
56 422
5 1279
35 939
53 1284
47 35
45 1636
42 1154
92 1888
63 991
29 1035
4 478
51 1485
7 1334
10 632
100 1051
46 105
48 343
66 646
87 980
12 75
40 1734
16 1325
76 1675
19 826
43 1653
2 1048
88 1125
31 1696
31 49
82 869
91 1535
70 28
72 1111
32 478
64 1449
60 972
22 884
24 1536
18 601
61 1672
63 1345
4 408
67 1549
63 502
41 862
2 1120
82 481
72 1279
61 561
83 1199
93 1782
32 228
50 830
24 1168
63 1788
1 364
25 437
65 1761
4 1246
1 1980
88 438
13 29
26 675
38 1471
63 1925
87 1124
98 1744
5 1574
100 999
76 866
31 494
21 70
27 1153
17 582
45 1149
42 503
65 753
66 1951
66 190
95 1091
65 653
22 342
30 839
54 1560
23 1432
47 920
100 1531
51 202
22 85
33 1104
99 931
56 853
60 17
73 3
52 1297
97 521
67 1706
10 1556
56 54
1 677
46 90
59 56
27 1358
81 97
75 1280
84 1643
57 919
69 1126
10 460
64 1407
9 359
88 1368
31 1141
92 1153
92 639
67 121
80 1525
68 1832
73 177
21 1422
19 445
4 1864
41 1178
35 1650
43 1171
93 1038
77 428
1 1227
74 268
68 1749
57 54
20 474
95 827
81 1376
74 1153
69 979
50 1179
7 1974
89 81
75 724
70 1665
65 1279
26 532
100 1162
73 374
3 372
65 1041
20 1273
42 911
81 1643
4 1148
21 35
55 982
33 1212
58 1753
71 1789
58 1717
93 312
10 1348
24 1675
20 1254
81 299
28 126
34 1883
68 1018
33 1223
86 545
67 87
62 332
18 1906
82 1733
75 1798
49 95
82 112
81 1068
63 688
100 1869
41 1442
61 1078
100 602
24 1557
14 1583
66 1946
52 1433
83 873
87 1640
62 944
62 1356
50 1316
86 1387
8 127
89 1169
58 166
37 1034
78 1962
40 1071
57 653
15 119
83 1302
35 709
43 181
44 1584
87 1771
11 757
40 1239
21 1214
94 900
10 470
39 763
47 1823
40 287
53 1287
59 1077
80 430
41 644
19 92
60 388
78 243
37 1578
44 916
82 154
100 921
39 1835
41 1477
11 233
69 478
27 126
21 795
59 1720
41 1855
16 1200
9 59
81 279
53 1763
30 905
68 7
51 81
82 683
68 1696
35 1417
100 357
72 1405
59 1921
90 1203
15 1531
88 447
91 620
1 937
43 705
49 186
88 1565
31 575
67 405
13 875
100 872
53 1160
18 1234
25 768
62 1543
73 1523
95 566
24 1994
64 912
12 1963
44 760
89 1230
54 926
31 1614
96 1500
96 1013
29 505
95 512
38 507
91 1281
81 600
58 538
62 1002
13 784
100 1090
47 313
36 1036
57 649
100 1422
44 903
90 1647
67 947
40 314
14 1039
72 675
8 318
15 256
43 353
61 802
92 762
64 1944
17 1856
65 239
45 247
85 855
38 1065
44 1563
61 547
67 1343
30 1725
92 1449
68 1020
34 517
69 759
19 1046
50 1082
1 1042
60 1377
59 1719
85 1792
42 181
20 708
77 980
53 464
45 1899
49 686
24 647
89 215
52 1325
4 1164
16 271
76 450
64 55
7 1520
74 1343
64 436
29 1545
62 134
37 1605
96 622
56 1457
82 370
31 376
47 637
69 1556
6 328
58 317
12 1155
15 1180
19 931
60 1873
43 92
32 1981
77 689
85 133
5 467
59 1220
73 1805
39 444
98 1626
81 724
76 693
71 78
100 340
86 667
2 502
31 786
68 1274
76 1526
44 1292
64 210
40 1920
23 427
7 716
10 921
77 1788
70 328
76 107
59 105
99 41
75 1896
40 1160
23 787
81 1968
15 765
44 1834
66 1009
66 882
48 349
54 974
44 46
61 1636
4 146
7 573
51 1977
60 1262
91 318
95 742
15 1379
5 530
17 1656
80 1490
56 2
32 231
37 1605
79 467
66 321
23 913
26 822
37 1426
97 1215
87 150
63 626
86 475
49 697
51 1437
22 190
1 1454
23 574
71 204
2 1584
2 1511
48 930
40 913
14 828
70 1088
88 388
10 1500
27 1171
50 109
51 1073
25 406
19 830
98 1576
46 1086
20 516
99 749
74 1043
63 16
43 400
1 1421
64 714
21 1612
43 207
34 1620
81 460
56 1455
87 581
54 121
97 1971
45 616
94 858
73 356
51 1803
95 541
47 1322
87 1408
34 1287
6 323
63 666
56 1096
54 1755
43 1774
60 1531
34 1003
81 1378
49 1682
33 1977
42 815
37 1559
23 1516
89 1555
20 1000
73 274
32 1360
75 1844
86 1336
67 359
93 116
17 94
57 575
15 1686
27 1384
65 1184
34 657
76 482
73 973
73 750
65 634
75 1575
12 1499
94 1157
71 1234
48 976
10 1559
85 501
52 1185
50 1842
77 1159
66 211
79 925
65 1851
17 980
98 1952
48 1593
6 373
18 567
86 587
15 22
56 1913
93 1557
24 127
57 1107
93 583
72 24
49 1432
42 880
7 1593
46 972
41 1917
72 1767
99 1535
18 1799
81 796
4 471
35 589
72 44
16 324
9 1807
16 521
10 698
25 1007
58 1766
74 1587
44 627
77 1199
30 902
56 1690
29 166
89 287
18 1919
7 1106
23 1990
7 247
87 653
26 12
39 416
68 930
27 836
100 450
34 31
17 1956
70 1958
93 260
85 1039
97 1638
48 1279
17 308
77 98
83 804
81 697
78 1826
54 680
10 592
76 138
58 628
34 1774
72 1371
64 1012
48 403
17 1091
92 1472
8 870
67 1556
1 1717
71 783
86 940
56 1303
70 987
8 1962
52 528
29 1611
17 634
59 298
70 305
93 546
100 507
100 1963
46 1454
32 1110
55 1271
41 556
4 772
42 1121
67 1886
10 753
60 736
75 280
82 1868
52 1379
10 751
38 1085
19 1923
69 359
100 1750
62 576
96 1378
66 89
19 232
44 241
13 83
72 537
3 407
6 336
89 854
89 1629
48 1966
11 373
69 382
71 1199
11 1259
1 1072
71 1470
98 105
59 1243
81 1827
7 849
19 354
96 820
72 1535
68 197
37 69
92 1433
21 1660
44 668
44 1336
82 907
93 1817
50 99
46 764
54 646
89 1502
12 1124
3 1123
36 1657
80 185
55 1186
29 1585
22 868
86 269
95 336
47 569
11 1251
76 711
31 89
26 11
47 178
20 167
36 1160
12 861
48 388
80 1928
42 242
95 1912
65 1462
86 1572
48 567
12 319
5 1233
29 126
27 4
38 666
12 1280
58 1735
47 869
83 758
48 638
38 269
83 56
16 448
36 1873
42 29
20 1057
55 1370
61 1734
39 438
41 301
71 1815
72 1530
21 1697
100 1293
92 286
90 34
27 183
84 670
86 1066
9 1066
52 325
95 522
5 1372
18 211
31 1916
9 1106
63 397
5 1723
88 864
19 368
14 1967
100 1633
47 510
35 165
94 354
35 1016
36 623
57 1799
75 1539
13 1630
29 1009
83 1442
40 882
1 929
78 1393
88 774
88 1113
81 1856
23 727
84 1216
8 1625
52 38
20 1893
31 1638
91 274
62 241
5 802
3 1358
34 521
7 1923
65 1935
97 1342
56 73
56 1225
43 644
81 1661
4 1240
97 810
10 1728
62 1344
32 584
69 1111
17 1463
37 1237
28 959
98 1752
97 818
76 326
10 1110
84 23
48 1056
63 616
11 656
68 360
93 487
36 1650
59 1603
65 181
24 1326
76 235
3 537
83 1077
66 1540
72 581
36 1798
49 1254
12 704
39 496
69 1127
51 1099
35 997
91 774
23 1883
76 306
69 354
89 240
73 1613
56 1264
40 983
81 850
13 1
96 1320
56 20
42 367
99 70
15 1040
24 1384
82 1140
2 1948
50 830
9 676
25 319
87 94
13 1002
68 1326
65 558
75 108
19 1946
87 51
36 996
22 1738
97 515
7 1492
92 1791
91 587
72 517
6 287
5 609
83 419
80 206
17 1857
39 1416
82 1165
5 1287
65 10
61 642
3 1033
18 1710
40 1330
82 1657
75 1882
75 1807
38 166
65 1665
92 1965
84 632
43 448
85 1410
21 232
34 861
70 1793
43 959
33 1175
51 1715
66 157
77 3
57 1900
62 1497
41 17
81 722
87 20
85 1126
34 1790
44 830
66 1308
41 546
4 1931
38 1089
92 891
42 551
65 1508
63 967
96 1645
38 1503
7 429
67 1481
18 342
21 460
76 1621
89 1523
99 1517
24 795
95 363
18 881
17 294
16 1381
4 1539
24 1044
74 1035
73 1207
96 792
13 908
44 1417
11 1016
84 1512
37 1583
35 241
46 416
38 1783
53 1973
72 1961
54 978
90 1807
82 1937
100 1542
93 1216
59 817
93 936
18 1941
57 1949
35 181
28 1433
64 832
23 639
77 1051
57 842
30 594
82 400
49 1340
5 104
22 550
36 71
7 947
36 331
13 812
89 1249
75 1142
13 1509
52 1131
92 1004
42 1197
60 243
16 1145
80 1970
87 1960
21 19
52 779
57 846
34 1913
60 554
46 177
77 894
88 1258
19 595
67 576
63 540
26 128
85 1391
80 152
51 141
72 966
18 1731
67 351
20 1131
96 1061
34 379
32 73
47 1277
75 1044
24 1081
45 850
19 1215
54 218
50 1149
5 1720
62 949
41 213
37 497
48 847
86 239
55 84
46 427
64 1360
55 253
76 1921
25 1732
77 1046
43 1014
61 1504
46 1389
92 1030
61 588
36 18
37 1414
28 721
40 1470
49 650
10 1251
75 1339
77 1603
62 986
83 955
99 971
7 238
38 1647
48 1450
62 1257
82 1105
4 400
76 93
73 683
91 659
11 57
6 1402
33 278
3 1696
54 725
69 68
20 1538
71 339
86 1090
28 1294
5 590
41 1996
47 128
97 1435
38 1459
5 1868
78 1867
32 313
22 917
70 232
54 911
34 1543
3 781
43 151
7 1382
80 1149
74 176
41 561
79 1520
20 925
14 212
64 872
2 564
75 1760
11 1811
95 578
55 1157
56 440
41 1799
69 1058
70 1157
59 1522
11 1561
66 1206
37 1709
32 1297
53 1023
100 1597
64 1256
86 498
31 102
72 403
21 1204
6 1197
38 999
65 1369
62 604
17 540
46 1498
58 1388
86 1204
28 1839
39 1710
80 1506
72 214
59 1434
88 912
94 1935
32 1308
85 310
42 1985
32 1331
84 1804
59 651
48 678
33 1601
58 895
29 1374
50 1090
51 379
42 1457
66 1064
3 815
8 1743
22 1395
42 841
38 493
4 70
26 1917
89 1953
75 1844
63 1554
97 1909
61 1019
52 1318
91 888
24 403
6 1825
23 1234
57 67
34 1362
48 31
73 936
70 1159
8 1144
94 1355
72 196
71 1097
100 252
12 218
45 255
38 1652
39 1834
35 1149
21 1149
84 1244
33 286
50 991
22 285
60 1452
58 57
26 307
45 1024
3 1081
30 598
54 1548
83 1891
69 1481
100 1282
34 1030
34 465
81 1880
41 1486
43 697
55 1499
42 1249
5 1384
3 1656
61 227
92 339
71 210
84 1773
7 1944
13 1597
93 1250
35 329
63 792
75 804
18 1806
14 1519
80 62
10 1114
94 1123
73 363
29 1338
76 1565
100 1549
64 973
6 1199
92 943
85 1850
3 1156
46 1814
74 1508
88 1930
85 928
13 1127
38 846
90 548
66 1997
32 639
11 11
69 1130
98 305
88 371
77 37
46 587
44 602
9 261
81 1031
31 1735
76 1992
77 1964
7 1625
95 1376
71 1225
83 278
16 1854
33 1570
85 899
32 1202
14 1590
58 596
57 1368
51 1423
33 1836
85 105
22 347
53 375
12 779
3 265
24 228
69 1483
5 1056
6 1142
2 1320
70 1731
65 231
37 1077
65 1461
22 1581
41 1820
74 619
11 288
76 207
55 949
81 1010
96 1186
40 683
19 616
27 913
86 1321
83 1964
65 591
55 1195
41 890
57 1957
27 142
81 94
79 550
96 1131
2 1912
13 1930
65 229
6 695
71 980
41 1010
62 287
93 259
9 1963
97 994
31 1530
18 6
79 706
53 605
87 370
31 22
27 1394
79 770
10 303
62 1107
54 1898
73 689
45 1243
65 714
8 1791
77 1154
70 1147
87 67
73 843
28 1167
37 1830
90 1296
54 584
83 436
28 93
74 991
52 250
2 1661
33 625
12 1960
85 1470
88 258
56 1242
97 448
14 930
46 879
4 1170
4 1521
98 576
55 824
17 941
74 1714
58 182
15 943
8 655
4 1054
24 1897
28 1584
46 1339
34 1668
26 795
14 1202
75 1668
68 1207
83 1825
74 1841
81 952
94 923
50 1350
39 381
58 1539
18 1837
77 1959
75 774
34 211
35 1278
89 876
27 624
9 1182
8 660
84 1197
10 1339
60 1393
31 1775
92 471
2 1903
14 1391
73 1965
15 1317
25 1666
52 1922
56 848
74 1605
37 1044
68 1873
56 1630
5 440
18 751
43 1386
69 545
64 1121
33 818
51 1098
81 1201
82 1811
49 527
93 1840
62 1645
19 1539
49 371
6 96
14 1452
82 718
2 376
84 1168
42 1803
85 1823
66 559
16 1810
70 1585
70 809
86 273
31 1008
27 1473
54 1336
97 942
28 88
25 856
47 920
76 1528
24 71
95 1774
17 844
100 1466
85 1291
69 1046
73 955
94 1475
10 1933
83 1713
65 563
81 50
31 1
19 1960
66 1266
30 1983
84 245
86 1287
44 72
64 18
67 1813
98 1174
26 1480
61 1507
11 1895
80 309
42 1675
52 1264
63 879
15 510
89 1
77 83
60 1015
73 1746
60 1706
8 1760
5 632
97 1920
6 779
19 1581
57 1700
83 1524
91 1759
33 1883
29 827
43 1926
73 259
45 595
52 1127
100 682
78 994
40 424
66 1414
43 1172
81 1108
60 501
98 1382
86 1168
18 1612
68 764
39 1820
62 1874
76 1267
80 952
68 425
12 2
42 1416
90 354
80 1248
83 1921
3 43
54 866
1 1429
75 1442
25 1206
28 308
34 1037
90 1752
44 3
48 1458
17 1098
65 1073
70 1515
79 150
15 679
25 1913
25 1267
54 1313
47 1288
23 991
6 972
41 1738
97 1550
64 421
3 1078
16 468
71 1229
70 1129
90 90
39 1641
17 595
7 87
48 768
82 1507
91 1277
17 1580
71 1786
3 286
20 806
68 386
39 1288
1 1833
53 1225
20 1253
100 806
40 311
79 1721
63 1677
16 334
64 1569
42 1998
16 1432
36 1327
87 340
70 1651
54 1953
57 1212
42 821
60 1163
67 870
30 1720
73 1630
55 1370
55 962
30 1312
99 536
43 262
6 734
41 384
71 997
81 491
56 759
15 353
11 1633
5 1475
38 1481
1 803
26 363
70 1260
29 338
10 1145
52 128
37 1079
35 772
41 1433
76 132
19 445
89 134
81 236
78 1502
75 1899
51 1207
6 79
71 1869
48 1274
72 487
93 1247
87 377
41 1475
89 300
60 935
10 527
47 1842
11 1477
36 1006
8 251
66 1020
14 194
44 154
92 761
7 1721
75 256
47 294
7 363
34 1622
74 862
80 294
88 17
60 760
41 1537
34 1641
63 362
78 551
96 870
58 455
11 1599
84 298
72 1253
70 268
6 1648
70 1196
71 1577
68 1066
49 1913
81 922
39 1165
1 361
59 198
64 1895
55 97
95 1264
84 1039
16 219
87 1125
93 59
23 651
42 753
81 1828
55 996
14 1373
28 1117
51 1547
96 554
63 601
32 1038
6 995
27 1723
87 888
82 1289
65 393
11 645
94 308
79 981
40 1946
100 1945
62 386
46 833
10 457
54 1730
88 880
73 24
64 1213
62 1590
10 141
62 1964
27 681
3 1240
6 1049
74 1329
13 483
8 1581
69 1251
98 1938
24 1677
57 1597
23 459
13 793
41 1306
12 350
55 1794
18 624
34 591
83 108
39 261
73 307
26 871
1 987
3 382
82 823
21 548
40 408
5 808
46 191
43 1112
55 1060
46 176
2 1428
75 267
49 322
33 466
20 1347
65 88
75 2000
63 1157
47 1497
25 1289
2 855
10 322
81 843
8 1593
5 709
24 193
90 1554
34 1541
51 526
63 1361
41 240
53 23
98 107
96 220
28 13
38 564
63 258
83 1176
55 798
65 1708
79 1373
24 903
87 1595
21 462
15 1195
29 1121
78 394
77 1273
1 92
90 1706
80 1695
32 1581
44 551
51 993
4 1728
55 589
10 1296
16 96
87 1737
5 1184
28 1935
24 166
49 1267
82 766
1 460
2 776
19 253
18 253
89 800
100 1440
77 982
56 1623
100 357
35 1016
46 442
91 709
95 1799
33 1698
51 251
4 43
32 342
86 1639
33 1456
95 1812
6 289
77 1714
64 1633
75 322
27 576
90 32
82 1815
12 1857
94 1710
39 1236
43 533
50 1911
91 1393
50 1716
23 1581
48 1410
1 247
42 1351
24 1092
96 1731
49 1573
75 1155
18 247
46 970
91 832
88 643
80 1939
62 1896
91 1964
97 1580
31 348
73 717
70 908
89 129
64 174
59 1175
48 1252
40 1293
73 1221
57 1991
27 1186
99 1535
99 1110
48 15
65 1079
86 288
46 1679
92 804
69 807
9 1100
64 856
79 123
99 1629
74 1346
78 145
39 1194
47 1337
58 1503
11 1705
43 1623
50 1599
37 1236
80 237
12 1078
82 1158
98 150
53 1134
98 1615
47 802
3 481
43 317
84 1860
86 653
70 1673
30 1027
75 289
11 74
14 357
93 433
39 796
28 1695
19 240
11 991
94 1600
94 1889
11 963
63 44
65 756
5 107
37 1141
58 1596
84 1619
32 633
84 262
14 525
67 144
39 483
32 378
24 1028
4 1596
83 1125
21 1780
59 1301
89 1686
60 1711
29 734
80 753
69 941
29 920
73 376
37 1189
84 1859
75 276
11 754
69 1155
51 428
50 1519
38 1864
22 78
65 1332
16 1998
54 242
21 1537
58 654
89 623
5 781
51 1058
85 1466
37 1270
8 376
100 554
65 1752
19 472
34 686
31 1694
85 898
12 1205
88 470
1 336
54 512
84 1049
54 1185
24 466
43 525
6 1810
19 237
81 496
67 227
40 1171
69 1064
89 1768
73 1
1 1290
27 212
36 1681
65 890
55 1946
100 815
74 262
82 354
100 1920
20 577
65 1041
28 1751
34 295
21 1105
89 1964
75 1998
24 408
46 1997
63 729
6 564
94 594
67 1339
74 955
60 192
5 394
93 100
59 59
44 1346
69 986
82 1879
84 201
33 1143
42 295
23 828
74 1697
68 1490
35 1561
23 203
8 1764
56 542
72 993
65 154
97 1335
4 1782
15 1008
35 1124
52 1343
48 1122
55 1944
72 959
32 134
84 27
56 887
91 1698
53 243
52 402
13 1643
21 1290
44 943
83 248
66 737
6 1840
95 196
56 1156
6 501
35 33
55 2000
80 1547
22 937
29 19
96 977
53 779
38 422
23 188
92 1180
57 858
5 992
67 1736
41 1918
100 1643
89 464
90 671
41 1498
19 709
17 204
41 1152
59 1635
47 140
68 488
42 859
26 1693
67 551
70 716
1 937
60 411
54 712
51 132
37 15
55 771
83 1113
92 1375
84 376
84 836
40 331
20 1800
53 1704
68 1019
69 1571
52 1333
71 262
49 1750
50 1200
46 66
13 408
19 40
44 441
96 1693
65 1350
30 1884
70 683
90 1229
75 691
24 1651
33 658
3 1347
90 484
33 470
57 1992
42 1973
79 1837
13 1125
100 1497
57 777
49 413
77 1801
54 1983
55 776
69 1396
82 1034
49 772
11 372
70 84
96 1256
66 608
1 1998
68 558
29 1633
43 553
95 1485
52 133
20 646
93 960
47 436
66 1146
60 1654
93 553
33 1610
68 812
71 1821
64 92
62 1547
80 302
25 415
22 521
15 1752
74 1669
86 467
33 1741
49 1787
77 553
46 830
77 287
95 1180
16 481
27 893
46 547
33 502
8 409
37 1702
92 1080
17 1710
87 665
75 213
37 256
49 1992
92 555
4 488
19 822
9 1355
33 158
40 487
1 486
41 1549
97 949
12 1001
53 686
64 1492
38 1195
46 1882
72 1874
34 1417
22 1133
66 103
48 84
36 1223
93 909
43 906
24 1356
92 1241
38 1418
48 64
1 876
42 1426
89 1292
21 130
67 129
100 272
91 1393
12 224
87 52
16 1946
47 1355
73 1367
62 603
50 823
95 1381
31 971
14 747
77 1333
24 720
27 146
50 715
24 1427
60 462
54 1072
30 1060
72 1324
76 1585
38 1039
56 931
18 738
47 1450
60 1766
12 1002
92 1364
21 1920
31 1412
29 808
33 1307
85 658
49 1056
31 503
58 1150
25 19
13 160
10 1848
6 1507
31 1613
55 1599
17 1145
1 1157
39 188
31 1873
23 707
29 1850
66 84
8 1406
35 474
44 1018
99 1731
23 1169
37 1662
84 1893
10 1077
41 1204
19 1346
71 340
4 1838
67 832
70 496
93 555
75 1393
69 1587
63 1560
14 814
92 391
8 544
76 568
44 1112
38 1709
26 1078
93 737
58 35
14 562
33 1300
63 1116
45 1880
32 97
31 137
42 1975
68 1896
49 280
96 550
28 1312
56 450
87 796
26 1627
22 446
46 1587
26 782
53 1616
36 561
100 1158
56 1194
54 118
12 909
83 832
71 1913
93 6
48 1509
31 1650
5 1247
60 1496
87 1913
82 498
16 339
94 1062
27 1030
45 1559
78 1779
63 1988
51 322
44 721
6 1556
36 456
30 597
96 462
83 1205
47 90
67 1010
74 1430
8 1680
31 1417
6 1772
47 83
97 1457
39 545
62 627
46 1704
18 1876
32 1887
65 1139
91 267
18 203
62 732
52 1798
47 1259
88 223
37 769
70 1865
56 127
83 1967
93 13
96 1134
29 1798
51 905
6 206
75 194
20 1447
12 459
57 791
39 1576
38 796
75 232
60 1179
9 980
7 1302
15 377
10 164
9 1518
58 954
97 161
26 983
56 353
81 617
44 922
55 1194
91 1935
71 1107
19 619
27 347
64 1810
88 1899
51 1214
52 377
64 1917
100 401
38 903
84 1678
20 1833
10 1656
27 1297
81 1586
77 744
36 889
21 683
17 1983
87 1293
64 212
11 1921
16 881
81 26
63 1755
47 756
20 6
48 1420
52 1844
83 516
37 1468
36 114
52 301
21 1387
36 1547
67 1202
71 224
68 827
57 1447
69 844
22 1192
48 478
9 1720
52 817
1 564
1 351
66 1043
3 935
71 390
17 73
52 985
12 857
25 1166
34 736
7 1864
79 507
16 748
37 1829
91 703
28 769
24 397
79 1116
34 1120
64 499
81 1492
45 28
70 1030
65 1419
68 1381
54 513
10 1416
9 1797
86 1740
70 1700
18 440
27 799
14 1014
95 6
36 250
54 1306
4 1428
41 360
42 1578
94 62
54 290
58 1744
66 107
49 1890
91 1044
57 218
29 5
79 855
39 1370
69 474
24 107
87 1189
72 1077
43 188
24 59
74 1964
50 445
17 1728
72 1889
85 648
42 886
10 701
58 1748
37 1388
79 1848
40 1993
17 320
19 8
5 921
52 514
6 347
22 1824
24 814
39 1160
11 1571
19 271
78 1671
45 1470
92 1266
1 1885
70 951
69 450
71 1005
73 1200
96 1083
96 1331
95 1988
10 344
16 260
50 1535
42 26
83 918
27 244
29 1407
5 1480
13 935
62 179
96 1608
55 702
70 1114
43 581
59 631
58 394
4 786
59 272
13 1295
61 1095
83 719
43 895
30 1073
100 447
20 350
10 277
22 895
63 1120
76 327
15 1584
20 439
3 1845
95 1167
84 665
84 1355
29 35
52 916
51 140
40 211
28 919
11 1169
41 1885
3 621
44 500
65 1311
32 1448
53 1743
16 1635
7 896
69 1976
59 1766
73 76
88 1963
53 969
76 862
48 1199
46 1685
30 1229
5 194
12 1028
5 595
52 1250
2 1902
60 895
38 58
12 1271
9 1950
37 1358
49 1534
79 510
36 1051
8 131
96 1816
30 386
87 1622
86 1917
52 922
54 925
62 686
75 879
73 892
41 1665
12 1277
89 1332
87 1289
55 242
7 240
6 760
55 1771
6 1180
75 247
86 1676
38 1922
58 1743
13 326
15 808
56 553
95 241
26 1729
65 1810
46 1589
88 248
26 198
47 752
45 10
95 1612
93 1657
3 1258
78 1177
90 256
55 1672
86 779
42 1374
58 708
43 77
42 1926
95 848
3 654
65 639
84 1028
48 955
30 714
86 594
94 837
76 210
70 900
56 1766
14 848
94 1203
68 209
28 1691
14 501
19 1237
58 377
34 1849
10 1408
32 684
46 790
85 1724
30 1033
36 1308
60 343
84 421
57 939
18 1113
98 853
67 1329
82 172
19 825
26 1663
69 116
43 633
66 1254
50 145
32 421
10 1497
81 1808
89 1142
63 1710
36 334
76 423
78 1725
13 1506
65 9
49 1091
18 577
47 246
29 1006
69 1430
47 309
24 529
36 572
31 251
36 1334
69 1516
81 1886
53 1998
16 1478
21 1879
1 1182
15 1677
12 37
78 1828
68 228
73 180
58 1618
62 883
8 458
73 474
99 1362
40 797
37 1252
58 774
37 782
98 885
34 1648
94 1498
26 1789
38 751
50 593
100 1943
86 665
41 919
64 646
84 388
69 1405
90 1312
94 853
100 1020
45 167
30 692
30 1749
66 218
61 529
30 463
98 1311
53 1318
58 1332
1 1283
48 1984
6 1352
93 1351
16 1284
14 1274
60 1626
92 407
93 1546
70 800
100 1299
24 1445
3 683
3 1401
90 348
87 1344
27 1359
20 571
4 981
71 1474
73 1054
95 1969
96 1622
3 1555
39 1556
87 459
53 61
41 725
63 1920
64 915
49 1471
14 1828
27 1638
34 329
68 1075
81 1542
75 1767
33 1075
54 340
2 1058
32 1016
3 1021
34 1654
58 1684
57 1593
70 1276
77 1453
24 1031
5 1503
48 208
98 422
94 706
47 1049
4 1747
43 1380
24 1630
87 1948
85 1938
56 310
83 1343
71 1639
18 668
7 1047
34 1095
9 885
57 1145
57 175
37 767
29 1500
100 794
78 1771
21 1722
94 1249
10 657
28 1082
22 41
43 1645
29 1090
97 1040
50 80
48 1920
75 77
19 1816
11 1307
63 22
48 1976
91 1223
31 1266
58 1665
82 469
88 1482
27 1301
63 1880
19 868
26 1818
71 1388
99 1850
56 409
1 694
73 1671
67 1750
14 1196
26 409
38 476
60 1557
8 1704
18 12
41 1627
63 1409
18 1015
8 1453
54 1554
87 1808
95 1619
60 1349
82 1881
25 651
76 1941
44 1733
80 861
39 733
73 1446
13 390
87 892
27 729
34 13
78 1927
45 1063
2 508
62 780
65 1458
9 1332
38 1075
30 1516
71 650
33 1259
8 1526
92 197
21 359
37 928
2 1176
1 68
58 1299
48 798
18 463
2 558
21 633
22 166
30 881
34 543
27 1363
28 1013
12 98
72 764
3 1871
22 1015
24 1795
26 888
31 1882
32 671
91 548
67 1168
32 1029
22 239
40 855
100 886
43 122
92 1401
21 1745
54 801
46 1191
13 668
11 985
88 99
43 768
1 440
31 1140
26 1580
60 552
11 1976
18 48
89 678
36 1525
62 803
80 225
40 182
72 1164
6 1027
90 775
13 1900
80 624
76 1051
17 760
69 448
98 705
100 62
3 675
27 742
11 1340
66 1291
53 1590
94 564
97 1104
98 980
84 1051
34 404
28 1800
88 1656
2 29
92 1145
96 1994
90 1228
64 1405
61 1724
44 400
46 1679
86 1178
8 103
47 143
65 1613
96 327
71 522
1 1088
14 714
53 1127
23 1831
47 1397
6 1097
21 1767
27 1481
9 1356
16 472
79 206
15 1288
19 32
68 1715
18 975
78 1872
92 58
58 1397
83 1248
41 1922
37 732
36 775
18 715
65 761
37 1792
16 1189
68 12
95 1122
12 812
48 756
72 20
69 1173
62 1396
37 360
88 1553
25 1208
16 135
87 1185
65 1415
65 1175
90 1696
78 1301
88 353
18 791
36 53
9 1313
11 1407
76 1956
70 1210
65 1444
23 1223
34 588
5 1439
17 1419
48 224
98 1322
13 780
33 384
79 594
16 751
44 1270
78 1355
73 151
23 454
61 1227
86 1424
20 196
65 399
43 773
50 1682
20 640
40 1776
90 322
85 1701
82 1075
2 235
87 1349
22 824
79 630
29 884
83 278
53 1941
64 1173
73 1142
53 1727
60 1936
80 834
65 131
75 988
93 921
29 1943
1 1235
77 1070
93 1137
65 1477
42 525
72 1460
18 788
61 313
63 643
60 90
16 1861
87 1174
86 366
70 400
8 590
15 1544
76 1949
39 1877
72 326
35 384
36 1599
85 1619
58 494
1 995
1 279
27 135
58 1245
26 1910
36 1011
61 555
72 1433
48 1659
80 1355
40 1716
93 1222
77 635
99 663
75 361
3 618
11 449
68 590
45 191
71 390
11 1077
53 836
72 655
22 1210
3 440
28 368
67 1602
57 448
16 837
12 43
34 1146
72 350
13 873
99 1351
5 647
97 1087
38 495
32 691
51 508
32 1310
84 91
68 1182
31 719
44 1492
11 1044
60 39
3 414
73 576
6 572
62 615
27 1193
100 643
62 1889
30 509
74 1769
99 1350
84 1215
8 428
89 127
95 58
15 995
77 143
87 422
25 631
34 16
37 1432
67 1809
21 1144
20 273
89 305
25 250
33 1495
39 718
60 1706
25 123
92 1082
78 1903
30 1580
2 674
67 364
32 1000
95 1324
98 1201
14 1529
2 933
56 1794
9 1022
65 1959
13 1547
21 96
78 1412
88 538
59 1367
100 1970
88 1955
16 1731
79 696
80 316
78 1700
82 1278
27 1012
28 721
56 914
32 971
14 1209
20 1483
48 286
100 373
29 1193
42 952
18 1525
84 1364
33 1530
52 1358
15 1343
4 612
1 813
25 1672
50 383
30 1595
95 572
35 1441
16 965
41 1012
96 935
19 1387
59 199
29 830
100 1937
15 1317
59 1681
62 1857
89 823
11 74
65 650
70 1670
4 815
20 962
79 1136
94 1989
49 1109
96 104
83 886
57 39
29 767
27 532
90 1221
60 679
50 473
39 463
25 118
31 4
19 1363
76 1896
5 1098
40 281
17 671
98 1895
21 790
25 876
30 1935
30 689
85 32
67 649
51 61
3 1739
100 364
47 229
44 1391
61 821
3 3
69 1479
88 1521
2 1457
90 1874
56 139
78 1389
83 89
34 251
31 1902
42 1295
91 702
21 811
79 449
78 623
9 172
61 207
3 737
64 1741
94 580
3 1410
69 1897
13 331
49 841
25 322
16 130
37 258
43 385
56 263
44 860
91 1942
92 1229
75 1359
55 1304
15 1368
20 563
44 189
60 439
55 471
22 1325
96 7
59 489
6 196
94 599
47 2
52 452
7 1587
72 1268
97 915
45 1712
68 92
23 1750
47 1987
11 368
27 1192
57 1624
96 389
44 459
36 432
16 768
69 678
11 555
52 800
35 1827
51 1405
72 1132
69 1195
52 1088
32 1512
20 443
39 1591
20 842
13 1043
66 610
83 829
34 1310
28 1965
89 1700
23 1152
18 961
96 355
74 326
40 1088
36 716
8 579
62 1793
66 741
53 1403
94 859
66 97
1 1392
9 1525
72 1137
15 650
68 285
7 170
67 1659
90 1792
81 1468
24 705
45 1624
37 648
68 1836
52 1382
21 1315
41 437
36 1266
8 326
49 154
88 210
15 636
85 1484
56 173
44 515
45 155
9 1135
67 205
61 101
2 549
51 383
37 1519
92 854
38 1508
45 1375
5 1086
70 456
20 670
27 536
8 1890
64 753
82 1367
24 425
82 1465
26 904
44 1655
97 886
25 379
41 1350
1 135
3 401
28 928
17 1857
37 509
36 197
84 1962
86 1410
61 843
12 622
97 190
99 1796
49 887
69 864
54 10
55 107
90 973
19 1054
34 1877
49 1211
4 646
44 1688
72 1585
55 1735
97 775
42 695
65 374
30 789
68 817
52 1232
13 928
91 665
62 1767
77 8
73 1039
84 1004
49 1012
96 1465
42 1516
45 47
52 1567
1 1700
11 708
13 888
43 662
62 1046
78 1863
60 560
17 1177
5 1673
59 758
74 1984
24 1587
58 353
96 1449
18 952
89 1325
95 1752
29 879
21 335
38 1774
87 632
62 713
99 892
49 561
24 1746
5 1327
8 236
92 1023
66 1735
93 597
87 372
59 1756
89 608
29 305
100 1908
51 656
47 436
57 214
78 1976
47 757
90 970
49 1088
71 412
6 83
64 906
15 1534
98 1648
44 791
60 368
92 1850
22 326
74 548
84 583
38 1979
90 1843
57 1255
91 1069
11 1861
63 350
72 1474
30 1229
49 968
26 1788
72 389
77 1625
99 1946
8 163
37 759
50 851
32 1656
8 1889
82 1771
34 965
52 496
31 1774
22 105
12 1957
73 1376
64 1751
42 997
43 74
81 246
83 1444
100 1452
90 191
29 1697
13 1167
2 1548
27 417
2 723
51 629
6 1600
33 1347
41 1105
89 1855
20 1450
17 1371
7 876
80 1140
39 543
5 1594
73 1591
99 1115
7 316
14 1014
6 1
1 647
70 1178
70 1086
64 1371
38 435
55 597
8 652
58 1025
63 1049
39 1457
41 808
84 186
6 752
6 1036
36 1604
7 1334
40 1899
63 826
30 1945
23 1169
5 1366
89 1309
52 960
46 806
88 1847
60 275
95 77
31 1095
2 409
25 1587
93 157
63 86
64 620
100 1730
93 1675
20 1151
7 876
80 1695
83 225
15 424
24 1513
87 1583
45 1800
77 1858
26 1958
21 112
30 899
56 325
99 1060
2 331
56 829
46 1017
34 1457
78 1081
66 1923
69 1625
58 1170
40 689
19 461
67 350
71 1739
61 586
20 441
84 871
37 1673
12 72
8 934
85 358
76 186
82 631
66 1004
63 1800
37 399
24 1400
80 382
5 610
84 839
77 427
25 172
49 63
19 1455
86 838
98 427
93 1599
25 1005
21 1049
81 1877
31 1443
49 214
12 107
60 1287
64 849
24 848
69 953
88 991
75 960
66 406
60 482
50 432
62 1015
89 1585
87 1575
99 1450
95 1438
23 1693
58 672
49 6
82 1249
78 298
64 1062
45 1571
23 976
91 1768
28 1955
36 1837
55 1267
66 1674
72 412
70 1586
3 1921
25 1852
39 229
21 853
4 442
47 1394
30 403
81 26
72 1276
7 1833
45 365
73 1856
38 287
94 538
40 731
69 1926
84 1652
67 1166
35 1869
58 1868
56 823
30 47
2 1231
92 1098
27 434
17 145
34 1927
75 576
100 1527
24 1165
5 1289
95 1944
73 659
64 192
37 870
20 1273
57 295
49 1398
10 1914
86 916
34 1544
81 784
79 1808
68 203
61 1096
69 1917
11 1468
20 1014
97 768
59 1999
43 18
39 616
73 1873
26 68
29 1433
96 1119
41 1282
55 1185
91 1137
30 998
24 983
57 842
17 1115
19 1837
63 1169
83 499
90 938
37 1618
16 335
83 1603
57 1621
99 1621
96 544
51 551
44 885
85 1954
90 307
3 1609
88 444
55 192
6 884
79 298
50 412
70 1838
50 55
21 803
8 273
58 577
66 424
9 913
13 1440
22 1004
79 560
50 637
43 272
11 1265
24 1020
92 1810
24 1581
72 262
72 848
92 1679
31 1763
44 1868
57 208
14 220
33 118
66 125
46 527
99 484
71 909
4 13
73 1515
32 1200
65 1058
5 325
90 347
64 841
58 562
100 231
52 1979
17 1308
20 594
85 354
96 1727
31 1885
18 1141
84 1268
17 653
91 700
83 1595
68 1932
21 1853
76 839
71 717
82 791
46 431
41 321
74 1793
28 1800
84 1870
7 14
52 1623
26 1662
98 1364
58 1943
53 315
95 351
98 307
58 1654
81 1826
8 1701
94 153
78 1649
94 1026
74 1645
3 1670
59 847
62 841
14 1718
17 1655
47 1864
100 1409
67 484
81 1402
7 541
20 424
1 473
11 107
29 657
15 108
80 592
71 724
6 1763
80 887
17 674
75 394
57 930
13 1129
27 1695
46 901
97 1013
68 1258
80 1231
84 173
17 873
88 1495
16 1076
21 1890
56 286
25 832
91 1397
55 226
90 523
9 591
44 1092
23 660
26 1293
12 1804
34 1120
15 742
86 1739
38 1425
59 1203
87 1647
74 1894
78 294
66 1270
61 1839
97 616
91 287
52 907
62 900
36 1227
42 1062
33 1020
12 1121
9 1828
27 936
61 1188
52 150
83 927
9 1411
99 164
57 282
12 111
47 1982
97 1538
18 601
86 848
100 1462
90 5
47 822
29 1964
48 1520
71 981
89 826
1 1960
94 1785
24 1638
51 1349
54 1792
11 1731
65 1795
71 926
30 1708
45 1719
59 1498
63 215
50 324
48 824
8 1820
4 1869
24 52
6 500
64 745
91 675
98 1765
9 1857
75 1623
97 252
27 1074
42 1647
28 1499
58 1754
89 954
2 233
99 888
96 866
12 1085
34 30
14 467
100 1987
43 1499
63 94
28 338
59 138
7 628
29 1707
31 883
33 339
97 959
19 609
68 1142
25 1633
37 1784
34 1995
30 1217
77 906
8 100
41 1495
95 603
41 465
47 1210
76 1161
61 920
1 1446
55 1739
84 1827
2 1664
96 164
80 1226
69 1264
56 1372
26 1829
10 1315
51 1419
32 1447
15 612
48 482
99 1574
50 1858
98 1930
9 882
33 369
96 1943
97 195
77 1980
7 1044
42 1872
18 513
15 7
98 997
28 1741
48 1923
63 1538
80 328
49 238
17 337
96 587
7 1596
79 1019
62 917
5 623
18 1534
100 1968
37 971
98 628
27 1600
74 1067
1 784
84 160
3 327
86 32
96 175
80 1525
88 1132
37 41
43 387
23 797
88 291
91 755
74 1426
91 1100
13 323
37 1988
76 173
64 63
62 587
95 302
25 1421
47 926
11 1449
92 544
40 1944
92 605
14 50
90 871
27 552
32 1085
43 751
59 1132
1 724
13 1784
16 754
17 1885
54 1841
25 328
28 1279
33 520
65 902
21 1887
35 1536
61 922
80 657
87 1533
87 1427
26 1259
19 343
19 300
36 431
14 970
50 62
46 1281
81 596
49 138
6 53
52 1567
8 327
29 1739
4 257
49 226
20 675
38 159
75 1516
49 1988
34 937
98 1202
74 1297
38 848
74 1485
50 1581
78 1652
86 199
18 1489
15 1088
35 1019
98 752
21 667
4 1211
12 1762
87 153
43 1545
43 1601
4 1494
75 1873
10 278
