1000 1515544
10000
248 254
25 594
24 175
395 34
206 683
95 391
823 343
36 1739
908 126
29 612
11 392
6 1038
77 1620
28 720
94 1916
501 640
623 238
576 211
397 901
731 319
713 669
14 1189
347 890
80 942
470 767
182 258
52 188
56 439
34 787
44 1004
664 112
252 810
402 645
847 513
387 903
856 715
888 338
151 350
60 1169
250 283
209 465
34 1780
80 1795
94 1874
77 1849
178 408
78 941
49 1495
87 1272
66 1668
8 1538
43 1206
41 1998
88 121
495 127
137 729
274 156
27 1777
83 227
75 1546
330 571
515 257
11 1481
110 342
510 788
67 1486
4 62
74 1947
264 578
17 255
23 259
2 1467
772 297
5 341
63 366
80 1428
24 1309
758 734
17 1127
205 449
350 828
879 525
64 385
325 180
675 94
707 908
914 749
91 600
891 103
84 684
684 364
735 21
893 719
165 365
263 277
71 79
17 1101
780 320
64 442
93 119
339 432
532 247
888 762
29 17
663 742
89 1283
192 551
93 45
249 73
58 1203
32 898
7 540
71 1573
995 229
600 268
65 1910
556 987
48 1841
464 59
44 828
533 613
47 204
16 387
786 951
117 169
19 809
84 1889
927 326
10 1914
50 1597
502 763
19 387
23 388
221 383
58 557
922 115
22 1109
91 1556
495 24
647 504
96 1923
585 185
41 676
537 357
19 1805
444 92
115 723
824 498
5 309
371 930
14 638
896 186
79 307
989 410
48 69
71 312
455 29
60 1485
33 1659
52 450
824 86
241 767
771 890
29 162
643 685
274 86
84 1435
155 844
27 1205
38 422
496 413
74 1752
83 148
95 1940
946 815
77 462
61 56
29 558
870 820
36 1526
719 295
80 758
100 666
39 1249
956 225
69 736
805 908
81 1731
38 1076
20 70
276 146
924 654
84 749
310 135
812 156
43 725
185 516
89 222
27 647
154 571
28 1083
734 556
3 1694
446 824
518 290
15 1715
11 1457
941 660
231 773
259 143
954 701
51 659
420 663
93 1703
86 1499
161 351
700 692
77 227
849 985
329 467
84 1918
44 1091
34 1295
27 586
68 1325
250 821
79 1793
460 34
671 662
738 81
32 1204
430 166
77 994
14 1547
206 958
17 1696
612 214
332 83
874 406
86 882
58 1674
921 468
50 1899
309 646
915 433
731 253
30 1327
20 1878
462 133
91 1823
14 192
276 274
424 642
5 1773
61 1657
810 994
970 88
143 297
207 609
9 1791
69 120
105 797
12 1728
59 114
343 793
859 32
743 329
43 1721
845 33
557 341
45 503
60 18
46 1284
18 6
80 1532
54 349
82 1924
201 368
84 469
27 581
327 368
365 411
23 390
533 890
31 1440
348 246
574 70
507 857
45 881
61 1338
873 74
8 1777
94 793
136 866
20 392
953 127
1 921
68 1830
609 137
47 743
77 1834
89 7
84 1216
26 1136
303 692
354 974
607 136
82 648
40 1646
242 250
88 842
78 249
86 975
8 1271
558 862
576 805
69 1906
67 524
91 377
351 487
733 450
71 564
30 634
18 1294
604 319
19 19
458 559
505 725
56 553
15 900
223 112
70 1541
72 1070
77 1826
19 1275
405 883
96 334
17 1037
595 777
31 682
29 32
77 692
486 517
53 841
930 718
86 1623
1 1712
52 1368
64 1784
267 735
630 114
850 865
9 1661
78 295
623 211
37 855
174 536
48 975
191 993
139 528
285 776
421 696
985 205
72 91
933 251
44 911
62 763
960 545
892 663
172 707
6 364
195 803
96 1459
78 94
869 448
41 398
40 1400
28 1660
934 870
312 919
84 1686
932 376
309 774
39 1409
51 328
95 244
100 997
383 739
498 267
42 735
24 1020
1 1095
524 836
27 160
377 764
27 597
71 835
947 416
43 1282
865 299
578 908
573 560
818 778
97 1186
41 972
72 418
39 448
247 457
757 840
97 455
970 440
355 735
547 86
833 179
91 1813
40 97
49 274
921 204
27 411
47 112
75 1333
76 746
65 1454
99 1814
62 1172
77 1679
156 504
61 1107
25 1549
34 1360
266 373
58 1936
17 56
247 413
389 867
968 944
63 1525
697 326
72 305
87 1357
16 1651
132 972
100 1167
98 1006
699 912
42 1491
56 408
696 375
37 125
599 466
46 1790
492 907
61 617
13 146
934 354
59 940
47 7
556 170
38 602
37 814
475 624
698 50
921 74
889 329
917 646
456 108
865 831
993 765
89 1461
36 43
285 564
200 847
14 1518
452 665
37 295
90 1169
55 1518
49 1408
460 938
67 58
28 1368
38 1239
580 738
34 151
595 935
999 396
12 820
11 83
707 651
58 647
644 769
14 757
491 194
528 94
291 437
88 698
30 788
711 721
25 1481
579 60
91 1275
950 126
318 676
333 314
221 67
641 17
6 427
99 799
847 159
19 966
953 725
98 52
3 327
322 973
57 1008
349 152
74 1058
25 311
706 122
73 1382
51 849
32 1346
86 1267
533 283
353 873
945 312
36 409
91 135
35 222
84 272
78 1301
198 28
640 765
935 679
81 1831
41 473
467 758
89 1044
362 793
221 627
904 906
812 544
135 340
66 867
126 29
70 874
29 240
173 200
27 1144
400 153
20 1090
4 533
919 178
118 914
483 167
165 71
71 1168
13 1977
337 268
145 908
75 668
255 586
667 885
42 182
50 1337
69 87
136 967
167 109
57 955
70 1189
61 365
437 562
23 1408
33 211
99 228
25 1731
729 821
95 1678
189 50
120 183
98 837
438 797
50 509
12 150
717 21
33 1381
21 1644
324 241
90 108
8 438
51 819
7 1472
25 816
945 319
284 570
34 1487
10 312
27 1320
161 794
81 1213
85 145
12 1779
875 270
11 252
53 457
51 1654
86 1912
337 880
446 767
95 1542
72 36
41 259
26 577
160 336
23 1040
78 416
52 1773
977 270
439 209
76 71
493 455
62 1448
18 1354
90 430
687 406
606 318
86 368
102 823
48 1972
173 293
54 489
72 537
41 1018
50 833
833 446
118 652
19 1476
566 9
65 1670
214 978
851 874
84 853
14 240
137 191
123 228
72 714
86 967
209 656
62 1105
17 636
21 485
680 663
405 568
42 620
923 951
16 381
12 1107
78 1416
19 114
67 608
227 449
349 416
274 319
84 1329
999 585
351 948
691 419
69 816
28 640
9 1438
61 1104
81 1832
727 595
127 250
40 1594
84 605
81 36
259 808
78 881
579 676
466 493
62 707
39 476
232 428
31 1519
65 529
653 633
631 463
471 296
37 1202
543 277
881 310
680 47
634 534
848 966
833 246
42 1570
53 796
32 1011
25 697
309 706
308 455
825 148
158 113
44 1339
85 777
591 892
891 788
43 1867
19 121
9 663
321 785
278 786
376 47
381 414
57 1788
334 81
47 1017
236 508
44 905
828 333
83 529
892 225
14 1614
87 1068
677 847
621 734
512 210
995 346
935 551
20 1664
551 429
54 565
16 220
476 732
24 565
87 657
84 1416
248 339
42 93
6 210
90 272
72 487
825 155
799 938
89 598
253 985
907 434
602 94
11 1228
90 1934
87 93
92 1008
76 1559
405 123
2 1128
650 312
262 184
854 549
37 402
54 1590
922 831
996 802
757 78
55 275
82 793
80 684
36 443
40 1979
884 187
652 28
77 232
86 509
742 789
681 280
846 424
376 793
960 852
64 735
93 1257
29 795
545 763
61 196
50 1653
69 1200
643 137
6 1920
34 1541
15 1440
312 330
97 472
74 1615
165 117
580 185
44 1795
395 372
73 938
36 1925
707 440
527 30
19 38
50 1518
892 560
81 828
86 1953
429 525
506 902
93 252
98 272
625 337
8 1264
485 14
70 1477
22 867
15 678
774 887
68 717
92 1848
199 169
328 785
58 1649
79 546
94 1869
717 648
17 936
73 1320
56 502
753 337
40 110
313 246
145 780
83 1440
881 852
13 1445
807 676
480 591
8 867
72 538
29 1215
52 271
886 412
13 368
51 683
99 466
537 728
262 759
16 1915
565 807
994 368
54 990
258 945
612 417
830 204
31 823
100 598
27 601
626 311
541 687
82 499
409 132
23 1275
572 672
267 3
974 142
940 94
338 917
74 509
857 147
224 811
61 1946
37 591
91 1884
31 587
79 1345
494 34
16 647
38 850
668 249
199 247
81 854
30 1174
796 948
43 392
132 709
731 268
1 489
70 1464
98 1418
51 607
442 691
3 683
406 878
271 918
836 208
64 1125
88 1786
30 725
546 564
51 1993
605 573
775 659
29 1236
43 1072
244 937
650 246
687 770
33 1580
600 210
40 787
83 844
146 958
30 1492
674 940
91 327
98 818
609 634
63 1611
1 104
692 38
848 47
784 199
1 511
62 1151
93 471
901 126
571 342
92 10
17 1266
36 450
240 536
327 283
74 1428
24 1542
540 555
8 1308
25 1135
690 727
622 267
43 1390
379 857
88 1741
52 1955
696 612
487 137
348 377
43 1292
914 78
170 587
85 692
953 840
16 1757
25 1161
55 801
383 491
862 78
182 310
45 1390
632 886
28 1331
41 1535
77 874
604 738
663 213
3 38
19 1645
47 185
902 666
26 216
839 356
343 162
932 263
322 432
37 570
50 1239
813 765
23 965
243 519
780 965
778 766
79 746
261 816
501 467
97 518
754 774
884 279
807 205
69 1830
80 1779
754 556
58 983
71 400
86 1660
364 329
29 1148
13 364
26 578
37 880
603 657
711 490
860 700
549 734
923 267
169 769
77 1944
51 634
38 14
56 643
168 133
86 385
533 306
388 119
69 1924
128 698
254 858
67 919
315 876
31 1421
346 733
499 61
68 1926
22 942
183 394
546 14
58 1204
34 1823
525 822
737 729
53 178
28 1101
660 373
128 521
73 1435
25 394
192 537
52 1917
593 759
48 951
41 1109
90 933
1 1988
76 538
255 974
563 990
879 236
96 854
29 1245
314 793
395 118
345 120
27 605
70 1079
45 1024
622 125
572 707
717 309
909 439
70 822
62 1574
927 762
90 324
474 695
515 318
82 687
423 512
54 273
85 41
88 510
62 556
70 1581
56 1540
417 776
634 228
90 569
773 501
54 1370
493 981
46 698
95 1268
63 499
254 485
52 852
964 300
10 1991
545 978
957 625
563 71
27 767
501 558
49 823
1 1446
32 1126
373 64
1 991
635 471
785 14
715 252
764 676
47 947
66 170
43 1273
85 114
63 1709
243 403
57 1968
82 1805
9 896
657 230
418 737
97 1624
315 638
33 724
7 1550
875 725
868 39
364 669
10 884
422 874
39 85
21 1538
2 1307
96 281
380 305
55 214
75 374
94 209
39 244
755 293
68 293
95 1190
755 700
485 993
3 572
62 1533
653 193
49 734
39 1793
23 1991
899 792
3 1854
92 970
30 347
444 177
99 474
235 840
2 1376
33 1886
793 27
44 1664
637 613
384 493
24 1368
1 534
438 374
486 308
76 451
988 573
532 42
713 134
26 1578
18 1480
415 423
3 688
548 328
767 32
42 1143
36 1007
680 239
674 222
653 170
96 1971
2 1210
265 1000
64 1006
60 1208
92 764
6 235
708 930
393 366
595 970
402 226
793 767
37 1009
33 1862
39 1506
46 701
316 39
630 958
77 1078
67 1134
245 32
64 535
710 307
195 844
826 590
7 1928
88 20
14 936
70 1916
569 229
447 755
887 176
792 345
76 734
90 1954
447 995
436 608
52 309
442 566
52 931
18 190
96 1308
201 97
78 495
96 83
18 138
53 1834
978 405
48 259
815 876
262 173
480 283
35 1110
24 1329
69 819
31 1361
868 523
66 723
318 864
703 641
200 232
939 293
593 260
50 1282
20 440
27 687
54 1989
31 1725
91 179
35 577
60 1491
953 496
314 81
47 1165
457 79
88 854
326 171
75 456
42 39
175 222
40 1475
30 1255
3 916
13 435
54 1479
53 1324
328 565
404 773
611 831
568 56
62 1699
705 256
540 956
431 385
83 1171
43 367
62 1804
888 619
108 51
796 299
23 1536
743 874
58 258
8 394
518 427
15 242
91 54
983 660
952 762
20 1932
54 1339
798 430
61 1354
493 173
33 845
6 353
29 158
911 671
46 1061
44 512
7 480
526 711
25 1786
290 98
60 644
99 766
3 566
959 970
206 746
20 1071
537 495
81 575
460 78
70 1245
77 1933
550 415
64 1862
11 1788
107 27
97 179
763 140
381 270
95 177
78 577
32 116
599 135
78 974
16 985
78 1907
395 51
775 127
66 199
69 589
340 850
44 291
47 399
619 256
17 1166
79 1695
6 1297
41 1205
288 882
355 214
986 939
120 298
293 602
9 1403
624 455
70 443
686 141
83 705
123 821
680 835
249 756
27 1487
524 542
66 1814
355 329
94 727
912 898
63 265
93 1341
488 781
76 1343
100 1041
89 88
89 122
63 1489
97 443
46 453
85 245
227 713
42 1622
640 789
646 261
89 1750
824 285
89 1078
21 35
84 1347
785 313
51 1932
57 230
376 957
44 830
789 640
97 203
28 1094
44 1936
85 309
921 621
31 1841
27 285
862 899
10 730
71 1084
64 243
13 1785
28 1964
47 8
39 1935
26 1064
28 70
9 686
581 649
38 1470
83 738
630 470
12 1197
60 1740
50 1732
351 480
100 92
97 1027
81 850
74 827
958 525
35 383
39 483
655 817
879 156
411 906
41 1183
711 500
14 846
84 890
583 761
38 523
85 493
203 538
837 587
36 45
829 617
40 1855
63 964
325 880
117 788
874 367
878 194
90 736
50 1864
70 322
74 1693
368 378
51 923
766 395
67 723
955 647
58 893
237 692
203 358
116 150
670 655
673 561
434 594
12 1433
65 759
72 1296
208 620
95 1677
86 380
96 1088
75 61
15 528
381 923
88 926
544 369
659 783
47 1790
348 702
949 348
899 118
829 485
11 993
31 448
449 695
92 1855
60 1865
72 1605
27 936
32 494
82 931
963 909
308 960
147 265
189 33
100 677
96 1458
2 520
431 905
61 364
13 1435
425 818
808 331
62 432
900 738
87 527
17 169
378 285
788 698
64 1421
53 178
74 446
97 1693
63 638
39 1835
16 656
22 1321
76 746
88 1057
425 336
39 44
920 383
93 1696
336 936
689 130
454 539
824 506
253 491
745 815
66 1732
100 590
823 751
496 361
60 1740
33 1091
30 235
98 1020
262 189
992 279
597 106
706 606
294 353
525 762
71 1293
1 1111
32 1945
72 1798
55 543
892 975
460 848
20 461
695 907
18 1257
25 594
377 45
68 88
963 472
14 1515
49 494
764 221
52 1763
83 63
987 358
72 1257
68 1210
95 1739
678 728
233 281
11 1570
809 267
629 91
96 1252
42 1691
82 1230
16 1633
8 1875
73 1589
3 1837
26 564
514 690
37 55
738 665
65 1744
21 270
56 370
62 514
85 756
982 947
20 1396
81 859
128 44
779 981
75 1887
20 983
550 317
92 858
4 899
960 971
46 1109
700 711
30 113
979 313
195 796
113 991
65 1482
38 1087
919 749
229 296
185 921
830 436
97 1357
953 764
904 50
26 1729
659 512
21 559
75 1547
789 556
17 89
905 624
7 1054
96 1429
70 262
97 889
29 999
972 530
587 233
549 424
494 607
540 775
84 1673
944 724
7 1071
84 1141
82 1323
99 509
53 1926
82 646
49 1532
60 1488
58 1966
73 427
100 554
64 1074
692 308
555 973
886 519
73 1155
742 257
76 182
89 397
8 1702
177 266
43 84
33 30
5 1823
898 532
31 266
136 266
693 468
81 1289
809 854
17 1257
49 1200
682 639
35 36
85 198
73 12
987 464
756 809
620 936
785 38
91 659
43 135
38 1731
225 351
61 344
99 256
985 5
979 4
84 739
12 1652
74 1001
194 673
451 548
193 774
88 1662
331 394
804 962
155 391
987 533
81 1540
727 746
540 692
433 654
1 579
18 1540
702 783
3 776
52 758
934 302
100 1366
48 653
608 971
797 618
188 202
917 693
237 273
642 929
95 42
77 568
49 131
772 93
754 157
626 406
73 176
42 1492
437 949
34 665
11 1021
8 505
97 858
29 763
97 102
86 612
813 979
877 70
86 956
41 365
686 246
67 1946
571 30
77 780
45 1591
19 499
310 530
735 755
603 22
345 263
395 221
624 738
266 173
386 881
31 203
369 979
112 277
398 777
71 512
919 473
783 71
97 240
83 794
92 1588
536 653
571 194
50 1644
144 82
571 425
771 909
248 91
99 738
508 868
91 1983
759 564
37 1968
925 552
483 302
41 491
105 583
402 807
796 152
22 1760
504 999
72 1010
55 1997
27 1447
322 926
928 818
73 880
35 343
80 800
535 5
525 911
865 304
6 337
513 936
12 429
678 964
41 33
739 325
557 319
508 871
41 756
99 157
38 1673
57 489
9 708
91 1779
447 953
963 681
464 68
734 712
84 170
259 738
88 1416
1 155
47 1022
564 957
998 66
100 1270
880 930
52 1320
41 1251
444 885
335 482
476 445
43 1394
315 784
98 1858
32 1332
150 740
512 999
165 695
28 870
95 1572
18 1012
520 633
343 791
890 748
467 793
67 1166
63 798
20 1841
6 416
25 1078
14 818
27 923
44 362
271 760
29 1665
11 1723
16 857
9 64
88 1362
409 111
381 354
3 832
94 936
390 371
400 646
702 184
240 209
33 1507
57 1356
29 929
52 354
901 140
254 157
804 802
792 131
76 1149
78 1811
23 883
7 1965
88 31
49 974
9 1909
81 1204
652 598
80 1135
40 446
39 1978
859 323
989 496
263 680
681 395
996 459
717 503
224 690
43 1435
11 829
325 373
561 66
85 571
13 686
53 821
43 258
4 1660
13 467
965 258
40 1763
284 858
839 245
56 1161
44 451
875 256
783 947
433 438
65 626
952 516
53 18
360 379
414 749
888 360
113 700
926 976
86 916
948 989
80 596
409 973
47 183
37 713
75 169
873 846
63 88
731 146
728 261
64 824
966 894
60 1965
308 450
674 871
71 1171
68 1079
583 560
285 645
72 1741
360 3
25 183
22 1187
95 1396
315 771
77 1076
24 1120
7 1167
80 533
48 400
927 926
54 1975
960 670
549 87
32 1813
507 505
37 497
33 1469
749 414
439 884
55 1050
201 49
4 1346
30 1095
11 914
353 81
532 829
6 893
74 1842
242 935
13 881
168 592
100 852
8 281
89 976
13 1843
60 64
93 963
95 922
806 991
134 346
36 139
44 1805
920 474
22 1113
413 328
739 151
64 889
80 1768
152 431
55 819
629 735
69 1453
24 1423
811 408
207 72
68 576
204 46
91 669
123 539
414 595
446 571
834 618
266 644
148 101
369 70
58 958
82 582
80 392
32 996
10 1731
42 932
82 1798
75 68
36 890
677 360
740 34
95 1798
62 112
259 908
7 1466
251 959
22 1655
90 1062
480 153
537 281
35 832
56 131
5 1143
793 699
64 1704
36 1162
20 1429
115 1
572 45
18 1245
100 325
412 804
89 1034
477 113
294 981
503 840
72 1308
99 1757
640 424
29 1323
10 1683
805 247
694 600
530 199
241 268
828 374
49 418
73 1472
348 755
13 536
58 217
860 852
26 1856
52 119
25 1311
29 949
26 644
699 390
635 310
48 1217
90 1621
773 201
41 215
40 1906
43 1221
25 1821
619 453
79 242
385 717
896 250
35 625
979 446
82 1767
73 156
369 896
976 801
9 1809
98 1896
50 1480
100 85
596 716
50 1252
965 372
56 905
30 1685
693 916
476 789
998 170
25 1626
507 184
12 174
34 451
64 1110
323 513
964 890
47 1213
24 1322
88 1624
173 603
247 49
93 1858
99 1866
84 1178
64 397
88 1670
880 816
39 221
32 705
175 193
644 241
99 182
31 81
565 510
62 400
15 1765
50 1436
56 598
60 532
13 1424
7 1564
56 1446
43 921
491 447
87 1658
718 142
41 554
304 11
439 257
35 1720
941 565
241 499
83 77
324 863
456 214
514 650
901 66
880 333
904 356
21 498
857 184
143 97
805 487
48 547
142 601
19 805
59 374
20 1829
808 725
691 506
97 751
624 946
56 1245
37 984
813 694
657 616
924 309
931 927
21 555
617 262
618 654
9 243
407 795
26 277
916 901
12 198
60 264
70 1878
285 635
86 996
51 173
19 673
273 681
50 1591
98 222
89 359
85 1261
250 666
51 896
27 1034
442 588
811 792
15 380
19 1032
33 195
53 752
66 420
44 1667
51 696
20 1455
95 960
143 299
50 528
26 915
46 568
458 908
97 1723
27 1889
477 561
58 91
2 999
128 219
18 335
74 797
465 919
559 455
441 905
488 748
93 861
26 284
55 1635
375 767
708 969
73 1976
393 952
389 216
70 633
661 928
337 159
948 83
673 255
42 1585
678 89
273 934
652 418
811 255
997 282
189 629
364 294
633 33
61 873
43 930
74 1758
33 818
64 1296
59 1561
8 446
860 529
63 172
933 371
34 523
71 847
92 1610
87 962
61 890
93 714
834 596
47 759
943 255
738 963
22 227
24 2
21 1107
65 569
603 935
88 815
87 1772
62 1943
51 120
574 126
931 7
818 253
1000 254
188 42
10 890
44 1866
36 327
745 680
442 440
665 722
447 155
851 612
59 237
844 406
89 202
13 997
831 911
963 178
858 210
91 301
260 587
69 559
79 1919
402 496
264 978
83 1595
792 265
5 1258
46 1986
347 566
6 442
622 517
13 1962
349 673
882 186
913 342
70 88
46 1928
599 96
24 4
73 1564
68 1160
644 855
197 182
545 151
91 1564
78 1122
37 1957
40 668
25 927
90 1755
13 1127
704 126
32 1110
9 1221
85 812
560 449
937 213
44 4
611 83
81 487
56 122
420 25
95 363
42 1388
186 776
802 615
82 1118
844 382
81 972
46 480
54 50
45 1096
336 705
81 1342
580 140
663 246
9 1205
84 996
19 1353
35 470
937 569
33 1031
33 198
46 1510
93 1033
28 1686
45 940
984 447
634 833
166 36
904 200
698 26
40 179
68 699
683 542
29 343
99 215
421 975
88 733
385 371
100 415
384 220
446 847
112 551
502 366
406 311
72 1740
56 870
80 1461
49 795
54 1934
851 327
44 372
57 1886
99 707
655 197
202 744
58 1990
635 223
996 481
40 163
59 1492
786 326
32 1577
43 89
50 1716
485 407
510 391
9 1286
43 703
282 348
78 191
25 931
725 972
771 957
89 171
91 888
14 972
441 151
80 477
211 185
2 225
951 457
32 884
633 113
43 233
511 852
26 1379
621 895
131 323
18 191
171 972
71 757
732 840
844 349
94 99
77 998
833 185
743 790
85 653
99 1670
41 1237
93 1094
16 1693
99 979
901 195
559 633
660 680
784 732
615 117
79 1349
44 538
66 744
66 560
77 371
613 885
246 128
35 1793
23 476
66 473
69 320
557 320
24 1839
154 198
90 1484
59 1725
513 697
18 1800
65 176
61 958
229 773
59 865
98 7
29 448
297 562
73 388
19 109
71 1063
975 217
120 547
678 782
73 1292
137 895
68 1806
875 790
54 1907
6 600
735 942
978 45
96 663
11 1875
89 931
769 88
976 260
340 363
6 956
21 1602
773 779
3 592
89 406
3 963
8 590
40 1483
6 820
57 758
89 537
75 1022
34 854
43 733
69 150
806 704
322 428
34 973
41 1902
147 129
342 478
565 946
409 59
753 174
993 1
806 313
80 1018
56 602
84 8
96 859
76 1143
113 669
33 38
3 1034
36 1054
31 682
128 882
935 152
62 121
83 1492
558 566
48 474
48 239
73 105
667 101
566 393
2 1361
802 706
67 284
397 356
709 79
26 405
92 542
845 290
71 1874
29 319
6 243
44 322
46 1936
499 431
725 222
31 209
114 54
48 1964
914 18
972 545
29 1568
802 197
187 374
13 104
46 75
28 1452
848 424
318 87
167 168
36 592
565 173
27 338
64 355
48 1919
277 433
83 1756
56 1822
77 1242
17 698
331 553
7 1778
29 36
977 67
62 1306
12 719
32 1001
648 762
925 824
619 609
87 1368
99 1191
36 1407
106 271
56 16
9 287
438 606
150 765
608 193
27 632
61 789
598 159
476 772
118 543
23 1618
100 493
796 525
15 1569
27 1420
71 129
33 1917
58 1662
554 575
93 1142
815 557
45 1639
86 1920
998 583
124 516
796 503
247 114
12 575
801 681
11 501
140 938
985 865
51 149
28 1775
6 380
92 504
34 1190
581 310
871 425
950 46
12 1444
49 1056
62 1541
456 864
97 1945
757 370
97 145
814 331
61 809
719 995
722 253
347 979
365 584
16 1218
508 189
875 495
77 1849
332 84
976 111
28 1553
39 208
45 1299
969 319
195 201
77 314
43 1145
747 1
11 1532
4 715
92 1924
433 771
60 1666
999 199
20 83
18 1310
99 871
30 107
937 168
887 585
671 539
88 1098
229 771
277 133
94 479
65 15
20 301
661 107
80 440
20 771
66 1602
94 128
411 203
200 271
141 825
226 608
85 248
463 41
138 7
19 1480
685 436
625 332
979 9
83 637
69 1580
57 56
406 899
633 713
995 540
713 500
10 1061
490 92
83 583
32 828
75 740
46 1791
160 954
225 391
21 1627
884 789
90 839
903 620
59 184
14 1974
19 838
11 304
53 517
83 465
365 122
9 828
90 294
869 226
740 234
443 555
582 738
774 615
75 304
748 690
554 238
96 1025
262 418
90 1684
495 168
31 764
325 349
914 441
90 123
213 611
78 433
88 1170
733 44
11 1079
929 171
69 1187
125 715
301 699
326 980
343 3
19 1290
22 958
242 863
28 30
75 837
853 234
7 964
587 174
668 3
61 1385
86 1125
466 105
44 1635
21 670
79 1282
56 253
71 375
964 570
61 658
67 1918
37 113
856 287
2 1359
31 22
58 494
31 1545
434 485
58 787
48 1053
942 127
41 236
341 658
130 840
696 445
73 1392
972 567
76 1060
13 398
75 705
452 147
172 957
3 568
9 198
3 706
293 284
32 174
81 157
66 1849
410 396
81 610
370 909
221 182
34 676
257 309
669 839
86 660
49 424
30 1078
543 569
740 621
93 582
935 637
33 309
97 985
68 278
754 875
500 340
73 290
648 249
50 77
718 868
928 955
58 903
733 736
54 74
952 654
922 652
19 753
23 733
72 415
917 913
390 372
21 1219
407 142
30 1894
30 1142
58 304
97 911
276 294
699 809
65 1639
974 244
527 912
566 276
81 807
34 878
28 497
30 545
52 730
977 30
642 107
26 432
10 622
324 511
32 1514
645 824
79 716
589 810
65 1611
342 723
22 877
57 782
91 1696
8 699
4 1024
872 940
21 1230
38 56
193 174
83 383
94 1980
584 296
60 918
333 493
653 643
89 717
47 541
83 821
196 721
354 455
24 1638
35 124
78 1737
24 787
571 551
256 563
53 123
515 57
12 1418
225 43
892 466
887 863
67 1685
61 669
347 541
716 249
111 183
8 830
23 1327
43 666
64 383
21 652
82 1704
71 307
383 696
44 1321
57 1936
18 1048
90 1447
30 1947
21 1373
86 359
1 145
450 144
54 1299
56 1753
501 592
38 833
154 440
16 18
69 687
653 627
90 1086
637 591
432 8
81 1606
10 1070
20 388
38 1638
357 756
85 863
76 1192
656 905
17 789
55 66
96 344
411 729
74 1180
1 1974
48 1496
850 206
42 134
73 1803
60 1343
151 946
527 66
79 534
92 1708
69 1500
100 1057
16 1402
786 539
20 1085
99 1982
41 202
87 624
67 1526
491 486
50 1412
859 751
11 428
9 1531
958 779
28 1305
951 43
74 1598
911 771
458 965
24 1115
6 822
75 1495
164 272
796 295
96 1272
40 1505
1 737
9 1025
848 428
185 162
932 519
629 745
389 969
58 1160
454 779
52 1500
51 1558
81 54
53 369
82 255
53 1274
62 715
923 606
446 230
981 857
33 1758
167 785
643 933
899 308
704 740
36 873
88 1282
724 211
284 307
27 11
566 318
26 461
72 385
85 1316
72 1322
43 1810
969 634
366 468
601 696
24 365
700 400
62 1695
779 995
55 1980
298 627
13 914
72 1839
649 278
45 1950
417 669
707 332
54 787
62 1574
210 354
44 1926
50 1465
706 564
172 955
5 977
52 1194
26 383
81 1015
6 283
85 70
578 280
495 760
66 97
285 922
75 307
23 4
836 37
42 413
17 120
480 234
189 692
737 98
14 1184
9 1958
9 1720
68 1516
66 1682
601 884
62 708
41 370
176 848
96 1595
7 288
953 55
185 147
817 654
65 1406
775 103
61 489
53 702
38 1001
810 524
56 945
194 422
31 1040
19 331
57 1199
467 687
463 24
941 252
59 75
991 500
351 196
35 1283
51 307
344 231
393 957
375 456
28 1013
70 1915
10 1528
26 675
20 1154
68 1305
791 557
619 529
53 960
20 1958
451 228
32 1336
23 975
91 1715
72 94
262 597
792 943
600 7
40 989
559 350
455 194
7 581
343 448
5 1992
446 851
630 485
82 499
4 1378
74 1943
12 599
2 1918
88 1864
610 41
695 689
828 868
91 881
1 1625
91 324
81 417
65 1019
509 694
28 713
285 608
776 592
556 666
52 180
37 1346
15 895
60 1859
199 459
582 773
859 655
531 479
740 133
135 680
77 1294
493 676
36 407
407 346
99 733
60 1625
732 413
584 463
99 464
86 960
171 561
703 988
69 549
74 1839
11 1308
579 736
9 436
27 486
47 1774
86 867
905 187
909 869
83 9
24 1300
40 170
684 439
9 426
92 462
36 821
370 444
12 1370
73 132
37 1176
270 730
534 476
1 1757
137 60
15 566
145 414
686 319
78 1992
79 1866
75 385
256 424
11 1056
557 538
95 675
661 948
15 641
459 810
100 1152
402 89
215 941
552 908
52 1307
530 562
38 298
90 574
726 667
16 642
855 582
59 1314
866 970
967 491
76 1309
134 70
67 747
640 293
26 462
592 234
70 1074
867 614
928 145
72 418
23 809
65 228
40 1486
549 837
30 1277
73 1598
17 19
4 1082
16 772
97 281
423 508
124 481
7 1573
3 106
47 370
905 412
79 1242
17 1726
80 19
24 146
36 577
295 619
198 117
87 137
25 174
845 624
754 237
677 385
455 850
511 967
57 109
564 972
73 193
588 386
35 1232
504 978
255 455
51 138
729 62
68 1991
55 1982
253 572
138 588
63 1743
41 214
66 1687
34 1849
775 343
96 598
82 507
22 957
34 1627
69 868
463 751
680 582
12 1100
28 581
569 688
77 342
973 824
560 26
89 1861
75 1812
57 1691
687 628
5 429
49 1528
40 508
55 1796
727 193
105 890
637 853
869 114
886 951
93 845
78 45
98 131
34 646
53 1982
2 158
972 169
8 276
53 1236
738 497
32 84
782 389
887 580
237 291
253 52
51 340
494 339
76 260
5 841
97 1603
1 1690
52 1463
67 1818
98 1536
623 195
62 1143
4 1138
651 434
84 861
282 673
527 557
94 726
18 1096
44 1740
92 1362
769 742
71 225
189 961
91 1801
91 112
24 17
65 1771
120 500
58 229
171 863
599 55
613 983
393 437
454 916
1000 466
70 1520
99 156
58 1262
141 41
973 637
12 430
49 567
41 820
614 739
30 550
163 209
137 823
86 1258
427 990
12 987
40 1774
70 1098
35 146
21 278
40 475
502 497
52 1753
848 387
48 1708
302 705
52 1383
35 1888
84 979
44 79
78 1628
581 654
362 639
399 155
586 202
520 12
42 1170
47 461
9 520
31 371
67 822
96 1509
46 1937
486 685
337 160
13 560
37 1740
314 940
2 939
524 664
515 756
47 961
524 106
75 1424
86 1223
10 241
547 129
369 792
17 107
28 1429
610 812
64 865
72 1571
48 1998
51 342
989 552
3 115
677 806
79 1862
330 550
9 713
97 278
350 734
99 851
572 470
52 1389
103 626
56 1108
38 1450
950 113
275 105
611 402
92 603
58 768
40 1446
961 60
69 556
613 648
47 1367
840 535
14 1661
660 659
816 164
53 718
24 349
21 1677
69 1462
466 274
763 763
756 913
71 1806
5 340
262 528
28 1672
23 859
969 765
65 1235
932 740
52 1684
72 488
452 507
95 1366
77 1455
68 966
926 908
91 949
282 425
996 259
6 1222
486 639
114 715
693 385
400 584
20 454
748 812
110 669
71 675
100 829
29 22
894 623
902 941
29 1889
76 1182
333 494
961 436
512 745
223 200
11 574
96 109
341 588
8 1329
76 202
980 482
860 16
982 505
971 337
63 1224
39 1970
68 709
152 241
35 1368
36 872
329 688
92 1704
32 1034
4 1436
33 891
524 612
987 356
28 1529
625 68
641 59
895 392
50 480
867 579
525 696
845 661
92 335
13 1841
47 1069
5 638
92 743
858 622
980 707
375 249
47 422
66 128
32 1566
504 411
375 799
282 838
82 1619
23 1391
999 963
49 1935
279 531
62 780
44 1780
232 558
178 178
65 246
71 634
21 724
568 629
51 554
91 1118
355 308
504 622
598 232
19 58
123 508
87 581
807 274
261 841
11 1481
627 78
43 1182
175 657
834 495
363 225
13 783
58 688
60 951
18 1466
726 604
716 478
872 112
509 182
8 1241
49 139
378 118
54 49
51 941
45 859
2 976
18 1911
608 864
203 319
49 976
64 597
106 609
370 793
980 220
766 516
41 252
696 114
802 108
30 869
966 742
80 1067
32 40
381 151
451 170
640 628
94 1818
423 175
420 572
96 1724
96 1423
74 336
44 1621
244 996
22 1012
660 715
63 891
332 935
7 1764
43 180
36 103
405 506
323 547
782 670
430 723
389 409
111 350
504 338
502 814
85 1376
38 1688
282 802
412 728
393 821
5 1097
92 1363
86 1497
26 1727
1 438
599 680
49 1410
97 1559
440 583
1 36
351 346
379 690
3 341
19 193
36 1292
375 303
593 531
87 1589
531 128
412 652
33 1750
246 614
31 639
283 320
21 927
83 436
49 528
73 916
30 1458
269 320
165 41
4 293
735 728
879 568
23 115
726 19
75 814
982 150
72 131
215 943
78 1191
11 450
638 819
73 1868
472 3
19 1764
2 1243
4 1149
77 1160
40 1159
976 186
43 86
356 430
306 517
92 894
267 531
1 336
53 1512
73 747
77 1699
350 332
975 52
322 221
328 74
997 138
389 484
146 94
168 606
2 1018
23 1160
81 596
29 672
429 835
639 439
20 584
868 660
736 866
27 289
875 634
1000 573
125 702
71 1307
24 511
186 765
493 7
746 634
852 132
6 1382
82 134
705 94
618 433
82 1702
819 301
83 585
339 976
67 1397
38 3
57 674
447 972
6 717
68 893
43 1039
21 624
968 511
33 436
696 96
791 822
32 1417
98 535
793 148
581 295
504 759
923 205
41 1413
564 755
13 1652
496 165
678 228
576 217
74 1398
145 977
30 1375
535 631
330 667
98 336
751 477
136 438
96 866
178 520
22 703
98 303
779 672
791 518
17 1518
837 362
239 320
67 882
63 802
47 1870
581 8
966 1
619 17
138 247
38 313
123 461
560 315
65 908
34 1703
235 340
35 128
36 228
762 66
26 1044
188 155
80 742
34 1275
94 396
129 637
24 251
63 585
72 1583
3 393
23 691
42 166
141 115
198 636
779 359
92 1565
271 834
768 323
57 336
3 1397
547 900
587 173
53 1452
32 1387
191 436
38 1996
953 220
109 744
192 918
568 418
173 92
429 515
6 601
520 780
96 95
93 131
894 708
16 29
33 226
428 771
38 1122
42 215
101 587
191 140
54 40
350 284
223 681
571 253
328 660
21 1011
63 1964
934 562
20 136
90 1147
8 1587
7 1612
906 334
21 454
581 714
312 153
13 1409
31 494
69 1568
43 1981
36 821
183 913
958 532
671 653
698 548
100 94
9 850
47 194
567 882
93 879
19 274
55 173
82 472
43 185
106 106
21 206
170 164
205 850
7 113
45 153
28 488
564 201
64 1241
508 432
25 1864
60 753
6 565
56 1942
502 945
2 1531
36 576
192 843
45 1604
978 285
72 325
865 543
40 688
42 1335
710 301
8 1941
14 1241
228 277
833 772
307 963
76 409
340 837
90 1019
222 623
34 461
17 1463
99 279
152 950
100 775
546 555
53 1864
189 199
21 51
26 1823
23 1081
985 70
117 258
89 1070
71 263
619 486
1 993
89 1323
67 1990
20 260
7 544
27 1297
13 1766
77 293
393 496
42 41
72 1281
92 1060
834 708
64 1039
27 1187
84 920
9 411
767 307
76 1023
875 548
767 684
303 990
857 954
75 1120
382 77
34 1286
28 514
29 1989
132 872
323 958
30 201
7 1689
58 1903
35 1885
78 801
82 1528
96 1725
121 312
125 257
542 771
144 268
648 325
7 1777
406 782
543 963
3 463
27 301
15 675
406 43
776 871
27 1146
96 964
772 744
840 513
170 336
505 120
947 776
324 593
482 481
11 357
370 455
561 368
81 219
98 1139
63 1949
338 786
57 254
71 1653
35 1023
324 871
463 370
56 363
498 908
827 754
351 60
54 1247
494 849
45 1203
77 1009
15 1865
144 285
70 1283
92 1733
21 1992
708 231
72 1958
85 1168
545 589
55 343
68 902
76 338
918 262
910 732
638 518
47 343
38 429
435 25
327 653
576 973
52 1773
43 568
14 252
421 961
172 812
62 387
339 584
91 1691
743 518
2 1715
7 119
98 24
27 1080
63 700
12 1141
555 176
972 788
49 1767
265 712
880 554
46 1440
390 434
74 798
897 299
484 790
20 1945
91 309
385 65
860 485
80 1966
128 687
504 56
5 1706
312 334
28 496
847 873
86 1470
106 845
286 948
42 875
77 844
492 687
838 974
4 1797
74 1801
715 827
99 166
63 412
18 620
64 581
464 194
664 890
241 835
100 580
73 316
925 578
494 596
11 1412
880 143
10 356
42 763
7 173
431 385
995 265
386 555
129 401
88 1725
21 188
8 1158
236 615
69 1182
870 70
60 794
712 944
564 248
30 1790
28 933
2 742
852 277
194 395
53 324
774 368
81 1555
83 955
337 956
292 422
28 1968
35 130
240 853
775 927
840 25
93 872
767 963
918 333
339 926
69 674
872 461
701 420
959 226
682 182
20 438
321 907
584 694
69 158
35 196
91 1180
96 672
63 690
595 617
70 1153
83 94
849 828
53 883
710 451
45 1867
792 47
1 594
157 475
85 1857
345 227
33 1501
487 253
77 574
15 657
393 404
928 719
70 1093
59 567
897 267
48 133
34 836
887 725
43 440
14 269
917 844
82 796
770 781
53 710
11 1976
728 444
229 9
740 446
439 231
617 282
462 352
947 662
451 480
52 466
56 1309
87 167
639 29
46 1604
52 902
943 892
9 1170
856 109
38 1031
38 980
87 1287
718 863
72 1598
304 413
93 1161
53 1706
24 202
19 1672
74 1670
57 554
45 1705
87 1537
315 259
11 649
45 1809
78 977
98 375
12 961
18 1330
82 434
86 633
82 1968
557 917
843 68
454 334
87 908
7 1905
439 613
885 499
488 887
601 362
44 1495
891 808
236 387
26 1545
39 961
488 369
941 635
929 122
534 51
408 760
550 18
833 480
13 136
57 1203
14 488
87 1110
37 839
47 343
456 721
45 182
33 1419
36 979
88 1716
31 863
40 1124
100 830
28 779
831 788
21 1951
786 282
700 860
909 600
140 137
78 1867
45 733
18 645
8 1146
89 639
972 574
763 216
70 78
48 69
86 164
26 1818
635 833
632 291
684 119
21 881
297 929
160 723
96 599
46 334
56 1792
534 936
31 1450
92 401
11 1901
744 137
20 1599
44 247
63 485
62 53
892 343
610 918
11 1330
758 540
17 62
19 1955
30 1601
671 352
925 816
35 1715
428 225
95 1696
376 798
42 93
753 856
658 372
512 473
3 1385
5 74
21 1877
67 1213
573 621
93 1255
670 88
443 561
32 720
29 1404
10 1411
26 504
19 611
270 478
459 846
50 387
394 276
23 1275
45 1090
97 624
743 915
615 481
174 193
704 628
51 964
75 1053
401 151
50 309
38 1202
837 127
774 171
7 1318
20 11
61 850
933 835
39 248
29 1060
67 116
29 1129
18 689
31 1569
15 594
943 901
800 458
100 1654
308 567
415 898
382 903
448 256
12 130
493 11
748 462
73 616
24 1513
58 226
66 1241
66 793
12 152
82 234
19 1259
21 83
217 60
6 1216
578 333
86 1737
41 446
76 1029
756 634
93 760
47 1294
97 1158
39 411
426 185
907 179
923 230
540 677
169 831
521 32
133 669
3 1792
912 590
36 174
828 576
16 1444
127 460
80 210
45 650
365 287
80 396
76 847
38 1495
21 870
20 671
137 465
10 1341
3 990
29 531
49 1732
44 584
99 1721
595 505
17 1664
472 979
528 577
734 946
46 473
894 206
74 318
699 721
44 1954
835 878
42 777
66 687
870 231
744 293
828 433
842 42
121 779
587 392
90 1019
293 892
76 25
918 873
23 1912
48 56
40 860
20 832
139 214
52 1847
949 293
707 508
54 1880
97 1474
969 711
927 276
85 763
953 334
934 310
66 1489
2 1848
960 799
81 383
383 123
271 205
330 114
975 825
333 665
608 514
92 645
565 457
314 433
58 509
52 1000
593 335
75 1931
246 592
31 563
628 84
606 281
56 86
14 933
523 682
55 452
454 418
480 96
831 26
26 486
389 417
168 418
36 1121
89 1324
2 912
46 1976
60 435
28 953
321 126
277 566
344 81
48 1464
976 937
73 670
419 550
64 1856
810 639
19 1533
23 1495
621 170
12 967
434 142
82 1904
525 323
151 180
47 345
934 814
30 483
22 1444
43 787
76 510
839 934
78 28
730 644
50 1697
173 323
31 879
72 1096
19 840
470 60
64 1685
34 1790
4 528
85 489
1 1490
118 531
918 699
302 547
56 5
119 33
893 350
733 335
26 1351
180 235
79 1187
55 399
63 534
56 69
8 762
38 85
53 1229
1 30
53 32
36 1732
262 254
94 1602
83 28
399 592
920 795
188 761
22 1598
609 556
176 944
469 101
8 611
39 229
94 499
23 1373
56 1343
599 948
301 8
60 1339
87 401
164 469
67 1987
5 1185
429 871
510 443
74 980
900 748
817 873
78 1970
606 800
424 523
389 410
33 226
54 510
9 1639
50 850
357 263
189 329
50 1029
411 507
938 411
6 81
31 1907
930 5
655 920
39 981
85 1513
92 312
787 541
68 1766
58 180
918 50
87 1065
53 807
40 927
99 442
801 837
772 549
68 133
579 543
74 673
72 1915
766 473
651 411
11 1986
64 998
64 1183
49 767
1 1656
449 691
946 889
690 660
770 420
98 1758
863 125
136 868
319 718
53 1526
935 784
767 428
87 372
99 589
25 1525
6 693
322 347
53 69
303 651
428 555
15 1318
62 1
32 38
57 551
16 1279
19 1040
720 783
51 1772
71 401
24 1442
16 1565
493 269
81 1209
39 1282
60 630
40 116
22 1020
13 490
496 1
5 831
290 131
421 718
47 1974
60 835
23 361
64 1463
485 573
16 1596
756 109
977 97
81 1184
718 574
276 393
303 763
894 526
56 781
995 627
36 196
289 561
744 890
363 637
32 695
41 793
28 1967
342 539
3 703
67 1738
950 71
6 663
87 775
165 340
99 2
926 679
302 633
95 36
69 1147
346 184
28 845
77 625
248 778
88 1972
649 416
671 87
326 654
880 8
7 602
344 724
163 797
197 75
6 1258
91 365
573 485
26 1088
28 1161
941 563
46 288
3 1927
611 755
829 83
27 35
840 531
322 140
523 510
33 1956
385 203
869 250
69 1878
37 1859
321 219
88 1338
88 1464
63 1864
83 454
316 451
381 832
651 491
891 213
908 804
467 989
418 356
428 400
82 265
379 739
515 576
790 829
8 1868
10 985
916 679
70 342
88 1306
95 187
10 1690
39 565
71 1180
9 426
9 116
24 1222
90 1491
615 39
4 1187
95 1
547 402
714 463
125 834
44 1240
78 589
79 573
2 360
217 470
209 893
522 262
62 1214
96 1203
19 313
5 1531
40 278
917 783
38 1198
219 345
33 34
35 909
89 212
401 428
86 137
93 724
320 582
2 171
269 845
350 253
28 1360
85 1060
4 808
976 977
15 574
144 942
339 568
421 110
47 571
43 1517
724 525
3 1175
98 351
641 740
27 1740
583 372
23 22
629 924
90 195
549 708
61 1375
860 178
262 95
60 1933
924 242
719 703
93 873
13 47
44 597
500 774
677 653
23 1661
85 1077
498 425
144 579
97 676
7 1980
324 846
97 476
727 849
915 709
552 506
874 671
77 1158
546 766
324 508
619 897
74 860
622 560
939 115
75 366
676 713
46 974
52 335
24 192
27 94
71 869
406 671
98 599
823 925
44 163
263 732
34 97
42 1798
88 1012
698 249
325 465
18 216
6 1097
14 1663
496 596
611 288
62 783
818 842
309 930
13 1236
225 841
18 1195
42 1567
597 214
598 493
99 1829
86 1950
2 586
946 876
82 1449
143 337
875 863
36 237
400 947
83 1035
58 1845
520 461
711 442
96 1629
53 648
14 976
217 650
402 879
541 660
85 1061
68 144
24 1367
50 1575
32 1098
97 821
35 702
190 47
55 573
318 575
238 450
17 921
573 693
25 508
79 1416
46 226
558 880
338 469
94 1966
89 53
740 750
564 222
275 171
694 793
408 47
841 561
58 1564
413 419
18 1796
1 1907
83 1028
59 708
41 372
721 358
3 1370
35 1433
57 1901
59 405
7 1100
591 336
46 309
91 108
66 867
5 454
285 380
61 94
695 440
395 217
161 951
9 1009
313 446
292 634
94 1285
682 430
26 510
61 469
196 988
98 1365
44 79
666 367
579 619
79 964
44 400
84 1988
47 357
968 872
99 1151
8 1885
39 926
46 804
95 945
5 291
32 1827
67 857
73 1659
259 875
946 696
81 1051
39 574
27 248
16 1724
255 751
39 945
807 389
16 714
641 686
78 296
17 1992
29 1235
31 509
89 1785
81 586
758 781
86 1544
945 705
25 1407
98 623
533 711
311 458
68 695
81 1719
519 77
398 170
73 725
14 642
54 1058
98 1489
69 446
122 239
517 984
64 114
422 656
264 291
574 826
63 489
72 1382
46 41
30 1470
94 1344
113 329
11 1332
896 392
4 1233
21 1411
639 736
99 998
17 1777
51 1520
74 1427
9 214
697 819
42 851
35 343
10 134
439 907
93 1469
38 1596
757 945
33 178
38 1064
549 285
95 1964
24 732
317 315
100 1061
74 626
36 955
404 720
75 760
214 702
503 522
93 597
839 901
69 1389
67 1551
29 286
898 835
43 350
28 870
53 1103
76 804
32 1323
25 984
90 1928
525 572
91 917
241 998
824 278
35 1184
764 420
80 1894
314 645
52 176
535 343
848 14
697 246
30 1971
7 1853
29 707
950 912
930 745
593 699
38 891
50 1171
875 951
73 1955
518 144
76 594
5 1481
35 473
613 792
68 304
77 1189
98 126
516 191
578 154
46 775
89 1732
76 502
66 1026
780 689
31 1240
86 1821
937 719
14 1501
13 1175
91 1819
97 1175
950 335
965 515
67 338
1 153
1 39
838 939
100 608
269 425
82 682
260 827
37 1949
50 1131
562 659
96 1018
923 324
971 895
2 149
45 903
892 485
683 949
329 699
600 653
56 1553
60 1614
247 185
53 1512
484 224
95 406
754 33
476 592
57 1456
494 991
256 991
546 256
680 498
21 695
952 928
448 35
82 831
945 358
14 1065
9 1055
526 507
247 193
827 892
65 753
329 479
827 721
81 205
84 1528
87 530
16 437
707 480
27 931
424 95
285 533
1 1047
696 838
35 1060
177 819
65 1878
48 1271
86 1904
756 708
780 823
679 710
100 1170
94 258
477 138
84 776
44 767
894 212
74 1322
672 283
43 1060
336 867
335 145
789 362
90 13
232 614
809 524
98 82
950 598
86 949
71 449
68 942
177 336
94 392
10 1048
18 946
104 855
53 771
10 901
62 1232
806 865
9 1018
99 512
5 366
38 1032
67 374
112 273
91 1068
474 414
47 1813
318 686
12 153
22 1862
584 209
20 1262
61 182
53 375
321 652
30 791
79 87
31 181
38 1463
4 919
420 573
746 358
12 1272
66 1469
32 760
25 888
509 826
98 439
15 1625
37 617
54 1810
536 256
55 1221
46 1742
43 1825
172 359
210 624
57 274
6 1635
233 261
868 863
722 707
71 969
98 1068
373 459
56 663
733 967
907 356
480 27
74 1865
7 486
845 204
21 1550
604 957
366 252
46 1960
94 1552
804 317
674 555
10 946
56 505
609 672
34 661
97 1682
150 506
20 560
52 788
307 596
309 684
634 571
365 776
867 882
62 1262
77 1235
573 656
315 633
11 1620
326 213
82 1815
8 281
15 318
363 297
64 758
41 637
74 288
592 962
65 932
5 833
6 551
51 663
804 437
82 102
902 426
24 1628
96 585
45 377
342 936
89 586
28 1200
4 572
48 860
137 286
984 12
52 213
56 1750
768 486
93 901
99 1124
69 754
48 43
79 1630
13 227
69 380
30 1066
84 968
762 673
965 126
41 176
432 780
236 549
48 328
21 68
127 570
9 83
61 380
880 982
519 185
644 205
100 1703
81 1987
69 107
43 1410
467 862
175 883
40 1841
881 194
41 1415
21 534
63 84
69 1722
50 588
436 247
52 38
658 353
242 259
803 947
45 354
22 1
41 555
26 246
347 390
19 1460
100 321
86 1860
675 794
437 461
83 1983
632 656
667 923
11 219
194 20
97 1204
359 262
73 1027
71 240
1 280
256 435
11 286
328 747
682 614
31 1607
284 369
30 1189
73 1436
46 450
602 810
54 408
356 644
40 228
30 1197
432 17
40 151
65 281
17 370
32 588
865 442
883 989
81 63
86 1259
21 191
48 158
45 1208
204 282
255 981
739 733
156 203
39 846
89 982
812 344
29 929
587 346
36 391
785 54
4 155
651 253
76 1004
746 325
892 851
349 147
36 232
733 621
957 360
845 125
987 99
944 764
10 1053
63 1611
22 1323
22 769
174 545
374 599
903 994
71 611
486 379
608 363
28 876
19 605
65 745
89 1179
165 726
19 1003
54 330
155 760
82 511
9 1055
546 628
415 339
19 1046
448 939
14 1906
892 840
8 1167
770 733
523 493
62 823
58 984
563 864
61 1526
328 441
65 107
729 171
534 171
79 924
69 1105
58 1585
99 123
52 1848
827 781
437 947
701 722
475 963
12 231
460 661
41 911
51 170
42 613
89 296
700 312
47 42
90 1527
69 555
630 539
97 1916
355 534
136 581
47 15
51 1300
473 252
63 842
619 638
474 552
273 429
51 1830
3 973
789 588
546 589
80 774
94 1930
14 729
559 707
47 472
88 1025
368 696
18 927
878 948
98 96
71 1569
43 1222
201 482
23 1770
95 412
85 1429
60 1764
794 861
214 266
81 269
400 964
86 1605
79 402
18 627
846 681
87 512
60 1757
335 89
675 178
587 861
123 463
15 78
82 38
55 827
689 810
59 191
65 1056
51 211
77 649
8 4
14 490
857 866
84 1719
203 340
956 301
31 527
742 258
90 117
31 1213
133 637
78 1430
33 836
57 523
16 913
96 1911
807 671
598 646
71 1668
84 650
87 1147
53 903
19 1089
493 223
60 110
38 1122
1 540
79 1200
52 1051
21 1721
789 667
3 1528
18 1986
40 395
60 819
174 411
21 705
957 276
741 870
152 365
87 1706
66 1682
998 889
437 492
434 93
1 288
605 297
862 858
93 1991
91 913
56 371
100 1674
78 1960
45 1620
37 419
16 967
274 700
5 1617
154 39
91 1799
5 1547
69 1189
842 771
225 70
856 534
343 683
25 1727
7 1629
57 760
25 1620
136 907
78 127
96 478
500 567
7 1409
76 549
67 1770
805 27
91 932
431 212
96 14
649 872
20 1608
48 671
578 644
930 305
1 1863
912 820
67 1563
758 800
5 916
83 1802
99 543
91 1287
85 955
23 1341
56 1916
50 324
543 745
332 268
49 842
466 350
694 97
99 111
8 272
21 712
501 224
168 994
84 1384
137 826
822 669
85 210
447 179
953 118
35 487
63 4
18 126
278 745
13 833
972 491
85 1764
991 666
36 1112
119 572
537 656
52 1582
92 1306
735 214
31 1974
192 111
298 879
37 408
699 413
45 1957
220 999
62 417
79 348
238 899
431 120
45 780
333 443
102 465
720 9
703 979
6 1744
3 479
875 292
169 693
82 1491
401 441
757 373
657 280
796 91
45 8
234 60
433 817
720 894
766 417
868 4
11 1628
28 421
51 856
326 226
269 704
991 927
76 706
91 121
63 456
48 1579
737 953
861 105
91 1406
38 1799
94 1324
38 1908
518 372
86 286
63 317
723 470
26 1103
89 1405
62 58
81 1453
87 194
505 379
13 1803
98 714
788 551
48 488
74 740
31 1203
85 686
31 799
1 335
185 535
543 931
606 38
53 1692
89 962
41 299
98 1502
11 1782
327 476
101 371
921 180
54 875
553 970
316 300
734 379
55 913
73 1648
978 157
74 1823
58 1737
291 530
77 170
43 1878
634 312
671 153
20 1
36 1692
31 150
95 359
24 736
82 1636
24 58
377 206
818 50
48 870
97 1995
57 866
14 206
822 811
785 202
12 964
70 179
71 980
141 749
624 458
327 214
525 238
195 757
93 1080
96 847
223 69
41 795
81 584
302 450
59 430
94 480
19 194
40 962
73 817
94 1331
91 1230
38 1535
26 69
13 446
346 269
235 502
8 192
80 1298
60 1274
42 547
6 859
90 387
3 1389
56 1728
418 131
397 508
18 184
556 341
55 11
87 184
989 124
471 281
51 96
2 96
488 408
453 490
54 618
820 850
745 352
489 173
149 912
947 550
3 313
887 267
53 1595
18 1978
55 1721
85 212
57 1138
66 1746
33 66
277 223
329 177
369 91
213 732
50 146
30 1607
65 463
167 869
19 279
70 130
6 632
56 580
250 149
457 401
464 367
1 763
6 1620
410 819
38 282
386 257
399 400
18 287
7 1252
85 963
44 771
61 1729
165 644
987 737
52 1300
62 1650
333 890
128 35
70 351
712 870
29 874
94 213
24 1860
12 232
365 1000
890 138
377 904
83 613
6 1026
43 609
603 718
944 902
783 126
68 1273
4 95
40 20
372 258
6 744
57 794
226 392
173 135
899 781
549 421
78 372
51 1803
16 1844
14 1342
742 418
65 1537
68 1638
4 196
54 870
29 1219
11 1695
90 418
469 923
58 420
673 456
105 42
161 584
65 453
76 849
241 553
978 897
70 1103
48 1712
67 872
791 980
583 591
924 729
35 1732
900 777
35 1707
78 1290
5 1014
599 290
993 364
470 69
580 728
612 378
27 191
60 688
837 25
409 270
73 1766
3 1725
61 745
118 159
26 558
566 900
693 83
107 293
547 767
611 274
85 366
447 552
890 5
26 1212
68 778
767 32
752 210
20 829
82 552
12 379
827 546
85 364
80 44
3 1150
674 728
66 1979
60 634
950 586
10 1389
231 796
30 1213
962 449
744 577
69 1934
19 180
456 242
470 161
4 1202
392 162
874 922
669 838
28 164
7 320
41 1708
740 202
804 446
611 689
89 577
81 1313
704 802
41 626
19 559
35 1762
567 888
998 168
65 497
163 255
468 545
433 886
84 546
27 791
34 1649
121 526
559 530
783 35
91 1683
58 1046
438 971
702 992
749 407
421 311
95 85
33 1849
31 713
355 724
16 221
30 621
184 730
38 910
103 148
440 388
506 951
6 792
64 1838
16 1830
456 416
49 148
45 700
571 166
94 700
92 1592
450 953
82 577
852 828
340 741
17 1420
18 771
12 652
938 773
90 839
414 807
79 599
852 347
98 821
696 632
406 763
475 887
254 286
290 830
91 78
48 1232
817 219
797 884
72 1631
465 310
67 1563
730 343
264 454
39 589
58 518
44 881
49 930
55 445
83 584
596 418
9 1854
347 728
18 818
71 646
29 312
572 313
40 1110
751 8
398 512
100 697
88 314
206 701
89 1025
399 638
48 1006
737 647
773 494
406 85
443 59
61 392
2 230
56 1921
64 163
33 737
12 257
45 765
378 776
10 308
72 1034
837 49
18 361
37 87
100 557
24 1245
737 238
71 204
1000 342
92 983
99 518
73 943
62 1365
61 1767
84 1920
532 971
80 404
317 501
840 59
73 1958
741 922
39 731
89 1275
8 1060
577 938
67 127
846 228
94 798
87 842
58 926
50 1547
74 349
8 1622
326 640
720 620
59 22
387 459
924 23
164 963
437 905
717 514
505 798
6 1586
93 28
59 836
15 913
507 826
382 797
281 290
277 120
67 1734
938 769
86 29
45 1806
38 759
851 248
610 403
71 1014
36 1029
226 935
55 1686
12 1213
13 1921
7 1942
219 997
93 278
610 842
93 1231
20 1601
59 1198
274 682
751 237
4 1924
26 817
922 670
233 191
3 1077
856 933
50 1336
546 386
5 653
56 887
133 907
229 616
56 290
761 693
10 1552
18 54
45 1880
68 1068
95 349
90 1240
39 531
93 393
493 575
429 116
67 767
75 1971
14 754
84 260
82 65
87 815
50 1809
42 299
83 705
5 1191
874 770
633 249
27 1832
88 1673
1 128
79 1796
922 655
59 1386
494 452
350 824
908 65
54 1533
56 35
428 430
23 1993
401 528
5 41
174 997
73 404
42 889
84 1694
906 664
56 1085
143 536
20 1288
207 587
97 1172
805 682
61 845
73 1457
6 589
10 282
187 261
47 601
28 16
63 307
583 370
500 624
41 843
138 315
836 902
138 318
242 888
5 1233
838 839
66 1369
949 158
384 836
359 637
402 604
223 255
734 873
517 322
40 777
79 583
79 1615
54 1365
204 750
93 223
883 435
21 1806
6 1254
990 216
45 933
124 466
12 1351
86 1061
29 1918
69 450
32 840
60 1705
84 720
194 140
39 1570
471 773
24 551
134 656
88 1249
668 176
533 532
98 1328
61 1830
516 785
80 888
90 556
456 118
396 639
89 1415
45 597
409 176
89 892
417 435
189 475
570 768
763 444
19 1760
773 271
42 399
893 731
125 33
378 782
62 1763
244 110
27 766
597 832
562 875
21 1631
74 853
48 1490
158 859
621 306
13 1072
836 973
55 1375
69 1724
338 626
568 843
100 534
14 1585
29 385
74 123
891 618
33 1413
978 964
517 367
98 183
47 1782
991 717
522 195
63 1059
22 397
5 334
2 87
99 806
99 804
36 1639
107 644
51 205
571 211
22 32
763 595
58 620
6 246
728 831
753 115
68 1238
13 862
621 43
831 405
485 337
39 536
563 367
550 933
362 858
287 1
78 1306
78 908
57 1813
475 534
91 1696
38 654
53 689
894 427
28 229
11 612
15 539
82 1958
97 19
46 1755
87 1659
80 1282
25 713
13 1436
1 601
28 1989
25 757
31 291
8 1303
72 307
73 1750
79 1244
12 1749
84 1871
59 1947
72 1542
54 645
603 620
827 512
83 963
6 305
432 74
616 801
897 628
229 969
131 396
563 984
919 451
40 481
857 11
65 408
65 1446
620 889
57 516
53 1555
9 1073
394 72
21 260
81 680
12 95
934 705
88 230
28 770
361 906
224 732
32 226
453 732
638 409
170 454
789 971
85 829
255 924
47 809
39 22
70 502
96 343
407 372
533 230
711 178
694 51
328 190
61 1988
90 1890
754 183
93 288
23 772
18 133
211 383
90 183
82 1722
84 166
22 1886
99 1194
3 1769
95 634
85 234
155 442
455 176
48 509
431 8
91 1434
855 897
797 161
779 381
704 565
13 213
310 107
759 441
827 507
45 226
921 865
97 1564
81 247
62 1759
32 59
47 719
9 68
6 1522
22 920
87 1190
870 384
846 784
569 522
14 786
1 201
369 482
175 796
751 749
25 821
70 981
841 530
69 456
28 1154
739 203
607 623
61 67
50 782
8 1641
540 903
10 1807
726 81
65 187
7 1136
418 354
709 149
448 752
351 23
54 102
287 112
99 276
804 320
97 499
498 488
152 403
68 585
982 937
44 380
759 757
629 881
3 1799
22 1337
70 1036
828 646
79 1828
19 219
819 554
330 512
17 1873
70 355
35 961
6 213
465 702
388 636
369 608
17 1555
69 1205
72 1578
92 209
66 846
70 755
92 1572
292 261
693 909
97 1479
79 1001
461 109
76 980
63 992
490 233
59 572
985 375
35 1042
227 243
774 843
442 479
192 234
86 229
86 1521
338 430
234 456
135 911
20 1529
841 275
8 236
36 1670
95 1131
53 239
71 520
237 636
217 598
123 965
509 826
593 159
212 972
921 988
769 788
382 644
509 823
26 1357
55 1366
788 957
99 257
336 885
540 303
50 433
70 1937
677 182
16 720
25 298
3 1144
24 490
36 1215
45 1888
86 479
58 1135
748 934
807 641
21 1629
976 273
367 80
29 1380
78 341
294 949
40 821
66 355
273 589
13 1498
622 545
889 402
201 43
310 249
836 168
62 1764
811 193
877 872
72 120
93 177
906 689
452 882
151 604
982 103
424 72
670 885
351 612
72 329
919 87
40 1899
706 838
63 46
879 619
11 718
15 1422
539 110
391 794
724 573
90 323
77 519
261 440
62 730
887 758
303 4
254 94
941 688
33 954
43 1115
57 1696
349 823
62 1182
611 780
531 855
62 1325
96 394
194 864
98 1096
8 328
1 916
62 961
36 1381
576 80
23 78
154 894
11 819
5 731
42 737
523 725
632 136
68 1496
29 1031
190 810
529 772
394 228
103 533
758 469
798 877
783 399
33 1310
921 923
230 250
55 716
71 50
362 703
932 429
68 446
24 382
642 726
313 677
771 88
74 228
71 419
607 529
32 1698
17 802
31 1614
82 617
203 364
47 1735
886 421
2 1276
592 438
36 164
41 1778
14 109
27 1107
598 336
366 675
97 1181
538 864
614 355
555 268
322 676
669 698
55 601
20 901
73 1554
58 532
96 176
956 686
647 811
172 697
17 69
100 657
965 426
827 674
16 1311
371 733
41 272
282 938
281 511
27 1780
24 84
1 1392
924 907
134 194
16 1028
123 613
74 1494
710 684
39 836
86 309
36 226
67 1168
18 770
31 206
58 1673
700 49
5 1140
628 37
293 27
22 15
308 78
720 344
123 826
788 275
56 800
784 388
21 984
46 453
865 166
955 575
910 447
327 658
23 1915
1 1413
47 801
64 1367
30 624
334 434
49 1420
55 1717
555 851
323 132
63 506
553 729
64 1522
95 530
87 210
601 217
587 773
64 1238
620 402
506 918
84 960
677 499
775 787
888 876
11 1943
216 471
57 1978
415 51
75 1357
722 214
28 1387
91 535
15 1729
293 818
860 290
44 1895
15 525
65 1228
696 104
576 213
14 409
448 285
50 1559
3 1977
74 942
155 165
608 527
616 585
32 881
92 1604
408 41
39 253
502 202
650 73
30 1598
288 815
710 374
943 773
78 1177
537 894
75 16
63 180
686 366
85 780
787 718
90 553
33 425
811 557
100 910
895 133
42 1920
79 115
45 914
252 152
580 986
891 973
37 119
14 1385
313 672
42 359
491 244
12 96
954 697
273 206
485 891
337 307
96 1167
72 1202
25 1219
69 1504
263 522
46 880
97 995
8 1709
25 293
560 537
494 931
482 369
1000 54
987 740
859 764
55 1272
395 634
98 205
7 88
83 768
75 1211
852 66
60 1555
4 93
879 573
50 1233
22 449
88 1414
74 79
569 336
7 1948
10 1056
56 269
927 717
22 1369
94 894
92 1858
44 192
9 1227
52 1420
642 265
34 138
18 1872
85 1363
394 924
96 331
480 257
22 759
773 804
72 422
725 106
86 404
42 1328
75 1728
2 50
3 630
201 693
5 1532
9 1237
251 885
25 1007
837 990
976 222
3 1874
99 1524
120 840
737 170
26 1025
607 365
70 212
726 432
613 283
924 322
311 525
879 375
869 796
192 401
96 1010
23 682
89 1017
657 850
48 1949
726 686
29 337
96 1578
659 870
62 363
5 1014
786 897
16 66
441 958
836 17
222 113
91 752
27 348
463 226
72 1366
11 1099
13 276
79 1254
501 385
265 123
38 1771
11 915
906 841
936 991
941 653
32 864
681 418
47 717
52 1677
80 170
20 141
24 1195
3 962
550 758
847 758
43 1748
50 953
740 808
396 868
92 47
873 230
38 1115
31 526
708 88
68 1693
107 459
813 632
397 878
210 310
46 851
71 265
28 1356
111 990
658 507
77 1983
564 642
62 1589
12 1807
58 226
396 366
28 1303
45 727
169 49
480 991
77 1357
465 922
26 1457
431 962
859 389
87 1354
79 1400
562 837
32 1735
92 264
15 30
100 1789
56 61
365 344
226 149
90 146
33 581
626 910
18 1995
78 1064
98 1667
12 380
566 285
43 824
81 1596
22 434
810 530
553 898
8 267
989 297
15 86
82 1520
93 751
880 30
37 346
431 517
42 745
891 655
39 195
912 260
83 505
61 1765
8 220
220 789
10 126
36 174
694 334
48 862
90 266
87 957
87 287
2 1025
652 457
142 958
527 566
984 407
835 30
133 181
43 1865
24 1122
22 501
4 1153
253 848
416 399
26 1559
88 1506
752 866
433 829
70 411
52 327
29 562
413 348
20 522
31 341
46 325
467 79
686 919
80 1826
43 1387
3 145
774 806
96 118
67 1008
453 569
26 363
262 867
716 335
288 937
719 509
13 290
48 1079
738 759
92 896
13 1146
912 558
81 612
94 819
433 215
40 1161
112 529
754 149
560 956
95 1710
802 965
417 721
53 1579
68 1914
73 487
35 613
81 828
728 525
157 953
45 1877
196 619
484 785
21 125
6 500
14 918
28 282
23 60
83 116
98 616
323 598
564 100
5 360
272 9
33 344
78 493
705 901
670 467
264 599
701 79
60 986
97 811
70 633
957 402
49 785
293 953
40 1470
64 1350
24 343
82 854
322 273
710 137
60 599
317 49
68 923
160 52
826 154
98 1801
101 390
22 1005
71 610
95 204
51 1436
45 1839
70 1850
73 1576
921 100
313 613
209 210
997 862
391 453
65 957
47 1455
40 646
17 194
12 1545
75 1653
362 253
45 805
871 292
21 1443
30 93
600 26
562 551
7 870
84 697
181 354
71 1549
98 1597
16 1283
589 108
928 181
331 710
45 477
343 508
920 894
78 1345
400 57
20 1140
23 5
92 888
34 621
98 1070
24 949
88 1192
11 1026
27 640
16 1678
8 1648
514 427
31 626
177 454
474 619
63 566
319 752
775 804
161 954
65 1907
31 1650
92 117
897 755
27 1986
69 926
109 311
67 319
163 324
346 444
45 548
966 247
991 830
61 1662
10 1100
978 200
34 1574
50 359
484 550
895 972
252 13
36 834
78 689
258 828
809 810
33 1772
36 761
453 867
35 340
71 231
60 1845
524 670
63 763
59 1616
771 554
533 221
574 158
140 98
88 1224
292 603
407 824
527 451
13 1719
86 616
47 773
22 1897
89 1529
50 1900
92 1983
8 1147
973 367
496 720
751 826
877 583
28 1773
30 547
81 1871
66 510
809 370
596 497
23 479
448 722
55 875
52 569
678 704
976 561
198 234
3 168
32 755
40 817
16 494
205 659
37 1042
231 165
78 1608
68 464
428 335
3 884
72 1228
84 1421
144 559
65 1092
304 342
417 935
15 298
22 1906
73 175
60 355
529 820
28 235
45 1812
192 959
732 215
889 349
74 610
432 886
250 341
1 1368
688 649
45 1611
237 298
54 711
965 877
682 726
82 1611
71 131
822 639
407 22
52 1683
793 422
95 1561
19 1653
1 91
658 712
60 1156
49 492
43 1049
51 1294
45 972
91 1289
573 881
63 1105
713 206
55 1294
85 927
83 64
42 632
705 39
48 1931
86 962
79 270
21 928
3 486
39 371
42 1177
78 1459
985 872
88 270
66 1613
68 664
947 482
68 1226
740 934
794 188
302 472
75 71
167 501
801 738
27 374
780 472
100 473
909 955
5 339
96 131
28 1454
877 609
791 830
295 641
763 781
69 631
786 979
81 1926
74 1438
280 313
50 1579
334 738
40 181
20 517
20 568
570 241
760 726
963 40
883 169
703 280
54 1031
70 927
253 998
759 395
2 1051
902 785
76 384
323 177
589 520
625 27
856 975
94 1787
63 338
812 438
250 505
458 781
189 667
68 1949
35 1920
96 844
702 670
563 910
58 524
29 414
542 412
85 666
98 1990
18 942
100 518
899 755
607 338
24 1547
37 1582
97 1336
185 951
78 452
33 485
90 1857
63 1497
88 629
613 903
73 1876
828 297
49 1447
48 505
79 1502
39 1896
3 691
14 1744
244 648
85 141
26 1334
13 583
84 58
94 169
67 1561
18 579
10 14
11 804
690 213
356 511
218 756
21 1507
69 1233
11 380
85 779
27 187
626 208
43 513
71 520
59 1692
246 445
18 1877
8 652
25 859
440 782
36 456
738 902
783 233
367 47
963 342
578 306
118 295
721 898
269 424
617 182
23 495
632 822
392 202
9 1776
711 918
72 122
827 718
205 673
272 250
90 237
62 1270
32 1428
86 772
38 1884
459 307
67 475
133 686
312 400
63 385
965 702
23 517
79 1340
353 496
762 748
17 1640
19 1457
670 435
443 897
66 648
804 691
15 336
32 996
988 170
603 112
93 1333
10 1990
97 1638
37 1100
96 220
78 1300
136 707
4 1328
533 839
62 66
10 1613
45 1697
579 820
122 382
956 855
473 345
585 721
35 857
738 181
81 899
91 606
50 237
100 543
577 607
713 478
73 148
44 795
102 820
766 630
309 499
622 990
500 731
90 131
84 1357
46 282
407 682
154 893
944 534
68 514
640 192
484 626
964 601
68 1079
5 1313
643 381
75 948
793 633
100 1441
303 416
967 996
60 470
1 677
83 28
33 951
512 628
286 889
5 1478
547 653
83 402
543 344
572 835
636 806
56 563
97 511
86 1185
12 957
9 1695
928 204
756 442
69 1498
94 444
85 1796
66 1141
144 149
75 900
80 825
505 687
96 1710
21 1170
54 292
286 678
26 1572
6 1412
512 664
48 37
728 483
32 1598
183 879
588 893
466 882
67 1884
917 825
275 529
663 647
30 284
763 79
51 41
839 987
13 449
334 183
80 464
107 413
82 1787
26 1405
83 1080
994 943
76 940
855 753
97 3
158 486
375 844
532 209
405 69
944 885
71 39
748 696
272 254
86 1335
242 214
449 769
94 1701
453 96
646 788
90 729
39 858
27 541
99 351
305 377
66 861
712 662
525 702
556 199
100 1321
66 1027
127 9
285 371
87 1575
734 176
120 300
571 74
31 1677
43 1208
53 1947
243 706
81 1714
78 976
14 1820
804 655
643 995
92 342
59 1365
92 1331
866 781
854 841
67 205
14 624
590 997
32 1550
923 835
304 747
44 159
756 801
312 871
78 1870
24 638
234 10
59 1674
3 1741
63 731
336 352
89 418
137 392
84 1894
15 1303
509 539
847 705
827 109
25 1867
218 168
60 1888
55 8
94 1842
91 627
15 1739
167 476
92 230
51 139
119 781
22 317
65 95
712 753
836 478
28 844
67 94
436 559
301 283
30 116
99 767
59 931
702 272
18 960
843 730
617 389
78 1324
752 422
313 789
264 846
53 1270
75 1293
887 984
2 378
53 1482
659 978
904 549
89 361
542 746
206 842
62 320
355 575
144 965
93 960
55 1830
72 187
30 695
935 827
3 444
73 174
353 660
12 794
961 825
774 422
67 1516
89 789
60 542
70 212
54 51
320 486
406 179
247 31
548 359
45 74
12 1248
77 927
84 672
344 293
34 83
866 153
181 918
116 279
757 600
70 1571
12 726
64 523
38 872
10 271
685 724
117 911
208 597
352 100
585 323
130 696
56 1118
368 710
387 809
399 251
61 1829
451 852
938 265
80 64
96 950
286 377
60 1687
51 400
15 1763
92 1701
73 1679
18 1404
384 520
47 53
783 722
887 722
913 566
535 428
1 716
62 514
26 2
268 24
548 409
65 1855
41 1909
78 1005
97 882
934 686
38 1881
72 1524
525 377
592 824
70 106
884 880
94 1483
97 353
72 1788
28 190
334 940
705 70
990 24
101 526
936 196
662 138
489 613
74 548
73 663
594 79
681 657
45 127
25 1415
2 75
45 830
706 855
36 987
66 1385
74 1952
67 809
53 136
64 1030
27 24
32 452
471 905
491 876
61 1093
33 231
79 1297
69 248
3 632
14 560
648 131
922 755
744 2
19 198
936 593
29 1165
458 921
50 1221
73 1425
82 686
63 659
853 877
528 124
99 679
39 672
75 466
86 1999
89 557
100 63
622 353
69 703
991 562
21 82
992 402
90 791
655 985
172 552
301 18
25 890
303 264
76 1515
78 228
348 123
8 729
636 467
725 619
3 1405
36 48
82 966
77 550
55 418
389 643
105 360
591 703
4 1164
2 1970
765 141
505 561
354 811
255 535
917 122
698 202
794 691
45 1144
25 1264
34 1106
18 1784
405 640
247 460
62 1122
60 1249
1 824
259 564
938 73
583 36
100 1860
8 1632
621 925
15 393
631 60
93 294
415 942
24 336
901 946
64 1051
473 907
21 1386
793 465
79 798
91 1003
277 7
960 906
693 449
49 221
60 660
41 1750
508 605
828 738
28 220
88 574
475 453
15 943
450 273
61 196
897 673
855 93
45 813
831 485
95 1414
589 908
30 1182
250 307
57 666
926 919
50 176
56 506
727 89
175 956
29 1618
132 491
975 973
66 807
7 896
56 1713
565 830
91 1554
549 912
575 311
45 1706
84 1722
37 1002
81 200
719 422
83 596
324 57
199 902
83 657
226 278
11 1517
456 87
886 514
542 299
16 1722
23 1223
124 618
68 333
55 197
450 267
754 526
4 170
42 1090
83 1176
46 63
82 1883
100 1869
359 920
29 541
63 160
951 600
287 411
26 349
433 400
16 724
228 539
199 866
63 507
25 211
804 123
947 314
45 895
30 1128
82 696
80 768
800 830
14 1832
20 579
940 324
581 925
88 1657
686 116
881 774
407 268
84 346
475 45
6 1290
19 1940
37 209
195 32
344 589
47 659
26 308
962 721
140 564
2 825
122 876
50 811
172 48
5 699
39 1399
639 40
74 560
72 630
610 412
87 292
98 1911
173 809
54 6
96 1085
958 929
267 312
79 1172
46 975
98 1876
72 745
416 682
974 759
87 147
54 820
91 1584
92 1248
140 29
793 896
54 1076
508 278
19 893
80 501
22 1323
397 659
798 673
501 755
501 884
31 499
832 962
65 874
66 1556
77 1605
80 829
48 407
98 1665
113 575
97 814
544 401
57 773
34 1325
21 1343
796 712
58 1398
862 297
11 431
437 317
84 1266
82 480
722 984
598 83
207 749
90 1160
95 1359
171 923
403 637
625 16
54 1833
584 491
765 986
99 185
717 689
851 512
511 81
134 961
54 512
288 812
65 125
13 730
597 779
191 244
32 1142
979 757
857 717
28 1546
694 147
76 439
719 642
656 235
174 560
765 34
18 682
978 127
84 855
85 58
59 722
872 65
573 44
81 531
245 921
87 72
18 783
93 167
4 195
40 830
782 219
27 184
167 870
64 203
756 727
84 1807
66 1417
4 647
444 837
74 498
191 17
615 827
3 979
660 91
140 998
849 940
75 1974
82 1500
286 295
52 643
345 509
98 1849
132 577
76 165
47 51
16 679
77 448
40 321
10 212
83 860
76 1254
146 435
914 295
70 131
199 621
53 792
548 114
55 1782
23 1657
19 1338
181 914
328 437
10 172
87 510
41 1909
61 1459
296 678
259 18
75 1530
771 236
42 1379
202 289
25 529
104 167
92 686
507 132
410 611
56 453
52 583
54 623
976 263
79 172
35 1644
77 894
12 929
69 142
79 582
75 154
172 245
268 278
79 1605
89 258
625 643
37 1908
704 821
19 1321
57 608
85 234
142 99
50 973
10 1735
50 1479
588 729
988 904
758 775
81 899
32 1462
792 789
65 742
94 476
124 803
54 525
95 1214
53 1984
424 699
8 701
434 428
605 595
53 1134
27 1872
24 1759
59 562
32 552
361 967
79 804
722 707
764 118
935 710
84 68
31 385
49 1394
968 917
39 736
73 972
140 379
532 941
39 1328
60 191
550 23
503 115
35 1565
410 443
61 1676
488 830
603 986
47 242
79 1585
290 413
33 1207
85 1395
92 129
722 464
22 783
126 792
50 847
13 1129
53 1435
32 1658
98 1272
26 661
40 889
339 235
63 1626
84 421
64 914
735 703
544 171
54 182
81 550
62 1015
447 866
18 1140
39 214
22 1984
695 972
997 341
325 497
417 374
82 369
41 585
217 84
33 1620
69 1669
221 367
461 17
94 689
626 603
543 802
214 449
75 355
49 1356
27 140
415 83
377 870
39 613
406 444
852 864
698 924
98 355
66 1093
5 480
335 161
708 530
81 1544
235 705
650 646
497 452
54 104
785 851
478 560
410 887
296 823
395 166
188 424
80 617
28 530
569 750
188 353
98 1628
34 205
470 74
568 974
87 697
497 907
860 191
87 190
10 1728
357 900
872 393
48 889
27 674
46 1370
1 1006
70 1772
55 1547
453 474
289 680
286 637
39 1304
99 626
532 157
88 110
449 714
15 950
47 1247
71 1988
247 721
11 509
296 578
26 1000
10 518
149 933
89 1971
301 849
977 55
14 1285
393 997
70 1745
14 116
898 444
61 728
104 427
44 7
731 622
23 686
7 230
891 222
706 764
17 1666
87 1762
306 333
21 448
78 227
102 586
95 1403
58 144
494 750
987 593
578 555
54 1723
30 778
926 563
188 498
96 1365
488 892
73 326
111 673
643 80
710 805
36 482
88 193
32 314
575 778
189 145
91 624
72 954
14 1821
41 1743
284 7
28 1019
72 805
45 741
33 1789
52 1359
813 685
741 822
734 831
295 1000
500 974
81 14
58 1058
851 330
6 767
33 603
85 1693
94 1257
52 1422
95 1963
553 961
77 495
19 1115
223 927
70 468
822 25
819 389
567 963
3 1513
46 1146
732 683
76 330
223 521
960 650
29 26
978 203
560 216
45 77
34 60
36 1086
23 138
522 823
744 525
840 550
1 923
67 86
478 621
26 1282
56 663
732 692
12 1617
16 885
481 250
30 374
30 577
514 223
4 805
48 1074
731 388
41 1225
16 737
63 1494
908 627
515 379
42 1426
665 533
10 417
771 43
124 902
93 311
564 568
8 702
479 101
3 924
126 178
5 1456
62 1448
294 838
890 290
408 56
528 870
28 787
292 587
90 1207
71 495
60 269
42 1673
409 597
38 1145
142 947
7 979
637 824
334 61
636 241
78 1177
162 394
948 288
54 391
684 773
232 615
96 791
75 659
79 54
428 509
32 657
18 813
12 1247
89 596
31 966
68 820
87 1053
47 1498
61 982
29 468
21 869
805 19
45 1065
11 21
735 105
74 955
931 483
884 57
538 619
139 638
644 943
7 178
171 3
62 128
989 73
52 1396
710 640
801 374
588 917
497 6
51 168
976 536
781 304
5 451
437 557
128 566
11 1369
545 784
54 1760
61 676
848 800
736 938
86 1771
388 673
138 226
578 110
230 566
69 165
157 743
950 894
58 280
98 701
95 103
83 245
69 1614
717 890
88 370
68 32
31 53
733 45
78 1798
22 117
14 608
772 339
727 313
42 1570
316 978
901 747
108 549
608 828
7 300
39 1585
963 79
99 916
30 1428
43 552
406 195
98 807
412 45
64 127
9 19
2 1777
614 252
65 1558
71 1907
371 917
97 1678
889 465
50 1513
33 1923
41 805
38 1671
73 675
94 1096
365 211
413 935
9 766
756 573
91 925
29 692
234 178
29 1744
20 1101
431 510
939 61
490 214
772 348
39 1794
16 1743
64 1211
27 1961
58 826
664 842
641 393
86 1627
192 728
86 1728
33 1182
52 476
400 394
60 677
887 668
13 1914
786 346
69 1860
391 413
32 918
172 758
41 1599
73 717
765 904
822 678
160 673
22 1800
3 1595
639 940
67 1667
487 345
420 658
89 1125
456 926
69 294
67 642
75 573
96 934
20 475
687 794
876 33
21 453
236 238
426 634
58 15
83 695
256 539
99 1665
709 293
91 324
386 535
98 557
692 124
95 1265
218 865
598 690
291 871
96 693
77 1112
591 323
480 718
13 1590
751 523
17 1220
96 1740
35 1152
46 106
602 478
740 400
18 418
523 872
281 514
1 549
40 1216
703 114
182 822
255 645
201 866
130 120
78 215
947 658
208 674
622 945
65 928
165 414
41 1183
769 598
75 585
805 293
454 187
132 459
16 702
85 1281
182 745
75 1440
403 741
81 510
904 298
35 1263
64 44
402 142
909 995
9 303
28 1148
65 725
44 843
835 103
83 460
146 18
6 1084
88 178
68 217
135 933
496 940
265 843
54 536
87 225
336 101
87 1021
18 971
13 446
740 815
72 783
172 5
15 1948
257 102
27 392
1 934
91 1006
749 618
56 971
85 437
98 1064
27 224
87 618
463 332
87 1330
1 179
47 1649
61 416
100 1837
738 76
220 358
24 1795
93 595
54 132
902 60
325 154
939 748
943 622
23 724
279 172
981 464
953 320
804 924
937 661
24 881
35 849
12 982
869 161
749 10
446 442
1 937
43 721
319 522
798 53
272 233
809 691
202 804
80 815
771 100
51 360
491 914
778 522
90 286
674 878
590 879
79 784
78 467
213 89
183 195
288 680
30 1908
789 400
76 788
64 634
677 798
15 1860
803 348
16 168
58 1898
29 129
779 444
102 87
6 1494
197 926
79 681
137 829
205 648
918 226
89 1669
132 968
82 1786
25 262
808 412
80 444
841 101
730 95
52 577
15 223
999 595
393 294
46 743
231 594
129 848
45 442
759 500
517 704
590 215
37 139
87 706
165 425
89 866
62 1606
59 1654
36 1168
791 808
41 1632
84 9
71 282
90 1829
79 1631
19 270
61 191
13 1157
25 1130
656 933
80 1476
1 247
499 707
43 569
216 577
72 761
803 345
22 115
34 273
96 1219
77 811
811 85
364 604
370 730
860 320
367 608
675 6
92 1367
46 1647
33 398
576 442
21 484
62 1504
409 604
8 662
38 854
912 90
68 1463
42 1493
639 481
498 779
42 46
423 241
491 996
416 866
963 51
10 1010
825 129
49 578
3 660
26 86
28 1799
581 415
491 794
568 589
569 555
25 1021
223 499
80 1859
50 910
391 507
688 900
491 54
215 9
53 784
86 636
14 237
297 892
432 624
16 875
66 193
848 426
7 1458
119 342
31 1081
53 54
39 1970
685 871
578 256
94 485
32 1794
407 514
529 454
83 203
1 357
10 1009
22 400
425 100
468 389
9 626
30 895
11 291
73 726
948 28
81 134
705 267
82 905
82 329
537 343
33 1371
29 1121
55 629
64 704
736 303
73 806
50 536
155 46
506 174
47 28
198 862
61 1677
828 568
46 1099
69 1788
797 976
335 9
41 1688
93 346
60 871
40 753
889 429
74 1331
11 1648
939 979
95 484
496 623
820 41
51 1791
32 1136
950 818
594 37
66 497
58 168
79 1025
45 41
904 329
673 751
495 320
701 461
100 721
45 348
289 499
165 461
13 666
65 25
35 1742
82 1117
984 39
30 1142
114 611
839 106
58 1114
811 474
673 658
11 524
228 46
75 1858
65 349
482 576
781 883
21 962
322 706
23 1750
78 1820
40 553
129 819
37 627
26 348
22 338
693 708
3 934
693 998
303 340
98 517
80 593
191 727
92 1228
762 328
21 1711
68 1713
67 331
33 658
91 636
73 44
579 750
52 824
71 513
36 1717
7 412
6 272
934 529
243 133
65 264
23 144
371 463
16 1759
40 630
273 723
85 1331
25 914
29 1650
38 1477
74 1762
71 549
18 1870
762 384
407 240
567 849
77 979
340 766
80 1185
88 1339
47 76
163 91
79 209
860 259
179 383
45 1197
94 241
222 148
5 1318
698 485
94 236
75 968
68 537
611 406
445 947
75 929
60 1195
86 1869
60 365
2 1836
286 708
89 1470
449 894
46 1537
52 777
388 427
277 14
12 614
84 1583
25 401
687 614
625 860
35 1224
765 957
143 498
458 757
494 6
7 509
70 953
481 770
946 734
41 1984
580 838
694 74
734 996
217 385
65 622
19 963
66 1004
349 434
76 1274
341 748
49 1064
702 375
65 553
841 589
797 161
455 711
110 87
8 657
150 706
35 178
53 1712
65 735
274 677
862 839
30 729
68 1304
93 1641
31 1359
24 1922
11 1967
529 371
47 436
338 701
99 1714
264 167
76 699
403 426
65 1975
415 400
799 971
257 250
749 399
588 288
71 1811
495 737
649 167
268 450
876 627
51 1195
14 1617
614 460
306 548
18 1328
195 651
271 285
98 1481
32 1452
64 1660
566 40
5 1961
955 160
74 915
66 268
938 812
72 122
57 106
25 847
483 833
39 738
925 815
15 654
62 1356
32 1614
989 44
45 291
58 1077
531 442
4 998
17 1347
775 264
42 288
21 460
14 1822
690 357
45 1628
672 666
480 838
65 1824
128 856
400 70
890 642
99 1000
891 392
13 1216
535 457
88 182
24 18
169 257
657 720
188 776
91 987
43 1678
110 945
94 1508
48 501
765 908
2 257
26 1157
40 1199
366 884
862 101
268 737
643 959
144 624
321 362
455 254
19 181
6 732
88 624
121 609
627 182
39 1915
57 810
948 824
649 487
168 532
495 264
42 796
659 493
87 606
132 687
15 248
190 115
746 586
976 892
19 61
853 46
81 1788
239 206
503 886
41 22
576 624
25 1900
780 423
81 678
92 1712
752 416
151 515
76 846
91 1092
725 700
591 642
200 596
82 1426
15 1594
66 935
99 1039
39 1225
61 1883
37 126
70 1840
834 239
57 1258
50 1308
44 284
7 948
203 287
624 587
580 688
31 307
565 34
29 1006
26 52
86 98
82 39
41 333
891 118
564 714
21 67
54 448
955 188
186 580
3 835
10 1135
877 650
797 84
98 1398
73 1222
34 815
20 858
10 316
17 1827
38 1545
88 1613
645 255
67 591
900 213
45 903
68 157
112 322
48 342
234 898
17 1408
20 204
97 727
29 1617
37 1542
66 796
61 1197
319 432
785 264
5 1806
34 86
582 816
64 1321
225 2
59 730
70 940
35 169
50 1317
95 849
679 42
133 983
398 48
72 471
628 606
574 763
45 519
404 986
83 1123
44 230
58 217
400 974
80 334
2 1299
860 764
14 1911
488 31
574 362
211 658
97 643
56 1550
12 400
606 819
57 958
983 338
210 477
17 1698
20 328
475 953
93 1084
85 1597
39 603
795 749
534 321
217 603
346 176
22 1282
61 442
445 410
76 381
71 22
188 853
125 274
15 68
98 1143
25 104
27 1187
87 1277
107 625
244 703
252 365
44 98
10 1027
15 1749
56 817
62 1036
466 398
16 251
622 869
15 1150
21 20
36 949
890 874
46 602
181 508
86 1074
42 874
13 6
600 847
75 1090
55 1696
21 1947
380 943
473 682
302 348
86 1460
298 139
40 365
92 1648
487 598
14 1778
81 437
719 235
43 1020
381 460
21 603
95 363
717 281
90 136
342 670
99 58
15 137
85 811
862 785
510 96
40 209
36 37
48 1251
904 527
49 269
92 1017
604 593
613 503
735 414
9 504
979 805
694 754
404 432
92 855
4 18
23 909
14 896
650 85
7 53
596 48
19 201
84 738
319 352
577 899
838 229
901 601
892 917
45 1444
91 1377
27 1049
6 1624
80 1178
807 249
2 1069
80 1980
605 19
98 1521
805 498
77 517
43 1643
87 1927
51 873
958 876
53 463
102 726
58 932
271 640
167 696
15 555
84 1933
80 1711
24 790
66 1730
1000 112
49 155
88 1737
93 302
89 20
1 515
677 378
851 820
58 1508
531 716
747 902
526 552
48 1205
3 1720
586 159
599 381
378 757
16 1525
16 320
995 681
322 312
87 1382
173 18
599 425
540 45
434 385
819 46
2 973
79 1154
86 154
34 1586
36 420
821 639
612 276
32 1377
61 1872
42 868
85 241
47 1400
331 224
236 954
26 1712
652 766
538 51
105 689
113 989
955 507
48 1649
25 1270
553 466
892 858
69 1707
743 872
100 1041
440 408
94 1031
708 866
860 306
98 350
83 475
32 1777
157 222
3 540
55 286
35 1306
64 690
737 955
562 17
57 1754
128 338
971 442
431 769
2 434
21 42
694 146
93 474
324 555
218 306
819 115
21 1478
84 511
519 233
36 1954
442 307
875 918
402 32
422 677
27 1561
108 171
35 672
92 1215
833 408
39 1375
686 681
903 356
650 350
82 507
220 77
314 247
524 884
1 238
249 771
64 298
42 881
252 311
409 368
253 858
6 1838
48 1192
50 445
141 257
508 261
193 278
482 467
93 1347
517 539
492 390
164 115
819 182
73 585
36 1820
717 160
4 1019
792 154
44 440
822 456
56 917
67 705
39 1704
546 871
68 1708
57 1915
72 1616
208 666
822 82
96 955
333 174
5 1701
67 1251
13 1392
793 23
273 720
395 477
362 703
154 402
59 636
782 83
37 1234
390 955
728 736
24 913
965 83
22 401
19 121
38 829
35 1931
438 911
720 828
39 95
172 115
551 862
51 374
460 804
521 955
20 1041
25 1191
86 700
87 548
37 1482
237 589
733 157
539 551
61 1359
91 1054
202 512
49 1626
13 1400
112 306
963 524
839 345
21 409
235 407
73 1697
27 70
1 1966
828 901
6 203
258 804
378 191
126 183
94 1904
32 513
444 176
344 384
565 808
62 572
539 681
290 649
647 865
880 700
193 243
20 357
119 877
86 1212
873 312
152 560
196 362
27 170
124 563
62 1766
95 1658
957 852
11 294
781 303
51 242
840 497
4 1125
516 315
145 789
28 835
80 779
94 1953
51 1069
689 419
59 1623
400 880
80 1191
36 1890
459 318
59 385
25 1096
72 1872
580 430
803 148
432 338
670 633
755 852
48 1045
753 93
24 1822
3 590
16 545
649 884
35 944
47 121
723 517
457 128
3 1162
671 162
355 227
64 1947
51 1519
36 854
84 657
612 365
743 973
629 635
66 1971
278 541
427 215
481 492
43 483
539 707
77 1976
98 24
976 52
792 850
80 1005
62 143
512 907
669 723
4 148
439 865
89 887
70 940
368 177
24 459
19 275
59 1678
730 700
770 939
57 74
443 10
304 432
47 364
557 103
340 193
94 1949
645 658
220 98
53 789
80 951
73 1274
49 514
21 149
4 1571
862 542
23 1383
968 706
137 471
880 286
66 457
778 642
815 313
72 1503
41 1440
414 742
12 1284
685 615
21 955
61 224
967 260
73 785
463 197
861 812
73 998
148 484
526 693
288 836
44 246
232 431
24 517
119 11
22 271
7 896
346 23
40 133
158 530
291 984
17 56
91 134
61 1123
438 950
8 223
158 96
668 300
139 128
3 323
262 675
912 677
48 1582
712 531
153 928
37 317
819 117
11 1126
37 375
789 966
842 77
51 409
62 174
6 1819
81 255
55 308
15 1830
6 917
767 910
57 1627
927 540
275 498
96 1145
55 707
53 262
142 915
120 282
56 454
93 400
73 299
576 453
463 192
585 210
530 315
24 1808
208 144
661 454
763 936
86 718
696 640
20 1950
84 1403
73 1499
26 47
450 271
90 87
25 299
91 1365
32 961
698 615
464 60
53 1697
30 784
965 801
272 995
517 503
67 1307
701 710
35 152
50 821
29 1875
339 951
80 1076
133 315
811 845
60 1043
817 979
538 308
72 208
86 239
31 1661
466 686
67 738
76 1662
69 1739
67 1335
748 694
290 846
59 723
664 380
6 1102
149 920
76 1840
60 1821
44 846
85 163
831 904
700 747
91 1831
71 1075
62 197
82 595
489 171
82 1824
25 1031
16 1987
666 579
57 192
12 1195
26 529
523 9
45 443
660 64
662 291
33 697
67 858
26 857
82 1323
529 809
413 520
916 563
70 598
897 762
818 701
68 1200
96 946
362 132
18 969
390 656
416 989
532 363
389 924
313 35
97 1581
90 1386
505 684
9 707
1 771
946 703
88 1965
92 422
23 1939
64 1319
165 614
512 88
49 1397
7 14
42 1409
977 342
39 1849
90 1375
835 632
916 626
1 1243
856 736
60 939
36 1852
71 1045
29 1520
65 959
97 1840
17 1688
855 550
1 382
857 187
84 583
19 679
864 668
953 847
640 192
793 170
848 984
709 892
157 252
142 441
87 1491
500 913
75 33
659 260
607 651
633 367
59 1303
711 80
83 724
63 1670
393 136
942 353
840 181
248 753
174 951
724 398
52 588
978 523
81 1423
97 981
930 505
77 303
397 832
21 1694
5 1888
45 620
33 1264
39 1695
396 736
937 5
24 1078
55 842
881 289
79 454
16 65
494 205
8 1924
682 543
405 833
19 1739
648 249
124 172
860 790
31 606
124 182
775 689
766 872
49 1169
26 1009
40 436
21 1041
499 989
43 353
732 350
87 876
923 648
4 1527
59 715
37 1488
890 508
397 502
367 570
353 26
90 276
665 361
522 352
71 235
430 675
206 181
205 761
34 1575
370 960
41 396
929 195
24 1562
16 90
29 1592
323 30
62 505
35 479
97 1349
76 1848
220 304
499 909
590 302
238 177
704 506
6 1491
82 236
638 466
27 666
13 992
391 956
78 641
234 135
2 1043
878 83
993 570
13 911
62 499
584 836
952 314
78 1200
61 102
422 934
433 635
975 706
4 599
3 582
39 255
1 1010
72 1726
672 328
4 536
43 1390
211 431
894 399
31 1420
738 684
56 864
223 173
23 1959
925 488
19 1984
67 646
96 244
461 186
40 1717
2 441
27 1728
307 882
461 334
47 433
834 416
61 1097
687 712
397 752
824 497
39 1168
509 284
62 1999
93 590
78 287
92 991
77 1639
32 796
670 727
211 608
710 780
70 755
35 385
95 1473
623 987
870 779
32 1329
977 896
590 566
141 87
313 394
69 1355
517 121
64 897
651 187
67 1089
899 204
3 1463
52 1852
283 804
40 1051
739 744
62 432
49 1104
74 1019
372 377
506 49
49 853
865 531
86 1197
604 294
652 496
508 112
90 1291
302 962
54 708
614 450
92 1628
187 346
14 1135
23 309
227 688
