1000 1170546
10000
818 23
590 537
894 397
343 200
10 76
428 792
613 105
197 225
27 548
181 648
115 126
338 571
187 931
203 332
806 566
404 104
50 436
237 877
745 199
34 84
419 880
194 559
883 470
95 635
556 118
789 68
89 174
844 88
897 55
137 112
321 855
928 188
513 313
5 529
70 456
940 82
266 145
865 6
8 7
69 430
513 393
76 84
123 155
868 10
107 120
427 165
199 776
15 563
69 102
714 122
191 499
119 341
649 191
438 530
227 520
782 886
81 54
131 780
165 68
1 568
343 95
79 150
895 460
148 750
155 782
881 94
445 176
846 146
354 202
70 991
53 630
139 932
62 191
336 156
652 85
155 633
55 257
476 31
334 23
32 18
270 154
198 930
96 140
201 583
803 565
135 964
248 596
102 937
227 534
571 115
441 743
750 3
210 129
12 112
613 618
401 957
155 938
854 33
786 178
981 707
158 100
310 44
626 771
441 917
24 218
449 594
780 171
600 148
216 125
119 985
184 799
852 199
553 176
186 493
827 131
98 405
452 325
975 238
758 47
945 218
733 87
18 41
51 92
161 86
113 175
565 154
109 180
174 421
68 594
143 272
416 48
911 585
255 113
124 953
135 999
440 81
22 114
175 803
111 216
105 503
998 164
848 71
436 32
574 100
231 870
545 824
498 100
408 902
180 861
512 152
809 688
526 72
481 321
812 116
962 194
144 524
606 34
409 163
89 377
294 950
193 244
597 472
217 839
82 31
115 82
402 54
33 675
73 577
42 725
76 840
458 773
362 54
181 199
58 589
770 910
935 148
708 541
118 735
689 653
5 615
101 11
925 68
128 628
334 40
289 80
828 161
799 21
96 13
79 703
107 132
139 528
2 296
94 142
183 140
163 62
130 648
173 864
902 893
77 718
668 784
315 245
641 90
85 195
294 322
21 556
698 189
25 700
50 913
106 44
601 931
92 98
273 282
749 57
759 172
149 114
965 684
828 747
892 290
215 116
149 221
349 22
976 932
95 559
705 59
386 161
951 157
701 580
58 182
886 435
756 582
702 607
342 161
792 966
459 191
968 150
682 158
936 36
26 891
261 938
566 52
998 99
796 890
414 345
950 20
187 140
70 168
61 288
178 148
50 557
818 23
240 987
566 54
145 203
82 99
721 351
700 81
199 706
42 187
651 537
9 13
139 602
433 111
8 23
11 81
280 163
539 124
685 903
138 787
226 337
836 328
20 637
163 991
99 874
80 539
184 83
94 822
192 547
49 758
179 284
688 242
706 56
104 243
212 128
31 172
891 42
999 75
59 651
109 12
103 410
76 807
831 6
850 117
137 891
72 238
443 183
698 45
283 194
101 754
164 781
603 45
605 68
346 41
729 638
170 767
13 95
754 123
211 2
751 830
224 135
139 247
40 400
13 90
589 847
203 832
360 39
378 732
17 884
84 673
849 107
785 155
95 124
701 182
185 245
75 687
26 949
89 155
152 101
829 771
767 134
153 313
40 386
971 199
21 578
55 610
595 948
111 31
191 288
25 62
887 842
44 254
65 324
160 171
239 589
706 906
562 871
504 149
172 236
987 386
643 269
812 98
769 24
920 249
58 251
58 587
593 216
97 430
50 19
41 201
739 139
901 337
123 486
698 186
53 591
116 607
154 562
24 91
77 368
151 163
92 934
927 169
885 89
85 566
58 690
991 716
483 192
695 95
623 910
16 782
64 472
407 78
182 630
455 890
951 964
7 77
839 703
153 82
147 960
19 273
34 192
243 66
608 107
464 708
657 92
782 792
468 85
57 15
144 763
618 569
699 185
168 656
23 722
84 495
67 369
460 36
655 583
652 157
739 39
193 588
114 1
424 790
43 840
51 181
151 211
757 282
8 978
3 301
487 100
478 468
891 359
126 171
680 126
689 151
426 965
315 48
717 198
528 780
444 73
169 496
438 40
168 213
345 29
436 73
825 86
105 23
688 43
801 410
883 116
106 989
749 89
67 638
429 768
271 863
195 42
200 267
225 69
413 23
982 32
66 107
63 125
678 113
907 899
977 362
99 482
699 59
768 653
184 614
87 146
852 322
145 737
370 74
153 403
989 159
68 392
114 96
971 71
179 415
940 158
808 131
49 805
10 367
976 85
394 552
84 213
655 90
49 132
403 146
766 71
60 518
140 725
22 480
526 53
169 151
870 130
207 16
278 42
241 159
248 32
89 609
144 704
387 154
305 53
83 56
761 1
852 814
418 99
953 38
449 181
679 740
395 625
182 997
11 838
884 773
151 281
940 86
984 127
157 90
332 187
221 201
151 616
17 157
39 337
151 481
950 197
61 811
859 547
51 559
193 104
114 774
106 829
971 911
56 47
7 546
636 119
478 24
470 189
843 318
337 966
162 749
654 578
193 267
44 171
200 501
752 30
506 763
144 22
38 529
485 962
756 467
21 103
142 856
467 156
368 181
72 141
186 649
106 638
195 184
61 729
875 436
722 17
933 877
97 994
150 443
51 225
169 387
712 9
144 192
494 10
59 726
943 47
505 842
173 515
159 203
31 719
189 402
166 423
65 73
92 661
139 779
190 633
382 49
625 7
191 365
760 45
169 706
94 127
965 680
612 143
594 93
170 92
847 99
172 285
101 588
644 117
223 284
721 112
687 373
169 138
158 15
78 517
74 783
692 786
178 211
910 20
506 170
386 802
48 955
196 234
122 126
181 112
141 446
511 769
693 694
663 76
178 145
643 29
94 19
177 556
655 164
854 910
110 187
175 169
3 122
117 56
223 166
391 129
188 504
149 606
149 349
494 468
107 455
20 183
870 466
737 81
907 813
303 176
110 143
893 465
94 741
682 23
992 386
198 82
615 109
87 961
13 951
636 338
150 720
848 466
73 9
867 12
47 479
828 115
456 98
375 13
595 76
109 292
171 632
270 123
24 224
768 109
411 845
81 916
479 138
328 55
673 844
184 835
25 842
111 118
90 107
167 331
112 245
982 187
159 805
113 489
149 372
164 874
631 167
46 233
788 1000
374 7
891 44
162 785
118 868
262 832
603 236
562 851
183 198
775 612
195 771
918 92
102 891
814 952
111 664
196 603
106 46
107 820
611 169
208 904
827 246
446 166
486 269
145 14
68 120
128 528
189 31
46 713
533 6
853 176
653 63
407 50
859 125
79 997
136 144
845 116
19 193
599 241
867 137
328 148
312 776
82 100
72 149
119 9
441 973
105 130
849 82
91 433
168 988
69 350
701 54
640 913
678 24
304 460
298 112
101 946
728 139
237 78
964 120
70 996
46 111
787 362
991 16
134 773
92 832
97 321
179 543
458 138
159 684
951 727
948 14
460 10
116 461
455 7
160 999
131 66
885 598
454 95
190 281
395 45
84 188
5 698
360 364
350 527
110 870
163 506
175 733
281 674
3 706
682 120
170 848
622 58
9 5
939 104
883 267
69 28
448 35
28 370
166 776
155 774
188 68
181 54
195 172
186 857
497 168
237 970
943 219
3 34
273 33
992 70
63 193
74 693
835 179
11 57
53 125
912 668
159 546
226 445
8 130
86 44
736 78
178 232
388 90
60 421
675 496
109 666
23 299
738 642
80 9
124 526
20 197
597 54
195 498
236 569
62 161
115 931
352 182
118 372
14 156
707 12
74 427
40 314
846 329
56 554
295 89
352 191
145 891
458 901
610 89
728 26
31 102
641 877
54 119
784 55
47 142
873 107
62 408
952 682
148 799
264 8
348 61
131 506
915 59
266 188
124 848
32 703
269 553
830 76
94 415
14 763
102 468
764 489
814 553
136 561
20 563
193 106
128 660
217 27
392 555
744 156
773 46
40 341
64 460
128 877
824 131
222 84
80 932
89 776
271 737
652 143
94 172
300 93
155 981
29 536
785 420
292 114
671 458
140 114
168 490
639 662
969 53
125 80
20 852
694 964
617 47
358 61
429 65
337 181
316 240
770 592
116 144
399 165
985 672
9 202
46 505
986 176
96 89
104 153
502 195
556 308
755 175
549 143
811 39
167 120
770 904
466 96
151 467
48 201
555 51
70 296
442 465
194 733
683 680
161 411
78 669
237 497
564 142
33 23
37 464
151 781
8 67
993 733
145 28
567 585
132 201
44 170
95 503
46 244
162 406
761 66
969 699
424 91
405 456
120 50
938 138
502 147
525 190
159 751
59 317
104 898
576 126
44 505
18 174
447 617
552 67
109 19
40 722
389 158
21 98
190 975
668 184
179 787
177 633
228 148
219 123
72 99
504 838
43 379
18 266
166 947
103 325
839 313
235 165
533 897
171 526
196 254
564 81
75 506
192 489
869 842
42 432
691 163
60 126
160 696
102 336
975 370
156 775
130 610
483 99
39 948
652 17
218 102
621 87
391 179
915 182
566 112
841 109
110 34
142 416
63 10
711 79
143 106
894 103
186 65
344 792
938 163
151 81
91 102
725 137
905 509
190 620
577 74
155 844
1 443
783 50
112 891
611 146
701 712
229 52
44 742
80 714
122 712
571 183
603 191
145 815
656 804
172 15
497 169
20 607
49 810
194 264
33 55
130 601
45 783
141 873
17 486
138 285
365 74
27 528
145 718
115 94
76 56
723 187
210 876
740 307
248 435
91 343
389 345
95 183
186 100
86 69
536 135
901 664
452 227
178 695
430 816
370 171
682 651
286 43
6 356
181 468
24 33
162 964
319 717
876 30
983 6
510 72
12 317
32 715
159 228
112 659
55 18
838 65
509 72
780 177
765 11
121 127
426 750
430 130
62 439
55 370
233 20
47 49
885 57
623 321
454 721
132 776
69 304
845 199
20 90
618 117
310 373
816 254
81 464
759 391
894 169
498 303
541 431
681 32
170 248
97 950
200 376
187 587
78 648
66 33
333 56
98 874
350 380
477 239
757 94
18 190
193 493
902 50
475 498
78 719
962 150
124 36
630 111
168 120
885 156
269 359
955 106
90 626
261 59
144 362
683 59
954 130
126 64
437 470
100 289
83 841
388 155
318 908
732 113
573 645
395 126
82 789
188 666
337 731
255 758
43 535
188 410
582 157
247 178
883 272
942 92
329 114
663 88
152 682
57 405
745 31
700 145
29 407
124 396
299 70
121 624
414 175
70 354
175 299
755 70
67 830
706 44
988 231
359 47
102 201
190 900
119 191
190 662
114 773
65 470
167 433
944 187
142 454
358 102
955 304
10 89
744 32
186 434
717 5
9 197
924 764
22 420
12 814
94 67
65 788
879 407
175 129
46 409
30 521
32 524
116 99
11 38
132 119
743 51
121 26
92 444
184 241
460 60
34 763
55 476
200 758
277 946
144 284
532 28
789 60
96 268
292 122
385 716
832 85
901 21
82 225
761 54
809 465
956 766
17 784
102 435
920 380
157 417
47 216
421 11
754 106
398 294
794 193
280 128
410 185
194 632
147 937
4 493
78 43
105 935
946 132
46 12
121 995
942 699
432 568
507 590
191 183
921 400
33 111
175 152
191 398
136 215
108 289
115 379
180 456
55 267
772 123
989 41
449 51
900 69
67 45
734 654
124 952
326 176
174 915
559 159
105 19
164 444
80 523
871 322
958 916
619 72
187 581
100 166
942 823
675 102
139 929
314 729
72 779
87 200
375 184
810 34
38 811
28 75
756 318
171 693
103 226
18 16
40 474
409 891
979 807
404 92
321 88
545 781
338 85
161 403
494 949
24 947
40 449
275 6
111 807
118 234
634 150
194 43
469 200
104 991
19 43
824 478
156 206
968 131
100 26
903 404
137 922
194 187
341 844
961 184
13 449
307 74
28 683
635 690
234 80
651 332
88 539
966 159
25 884
136 57
888 19
353 232
12 253
791 116
147 713
62 248
122 613
32 979
356 117
398 219
83 62
155 713
55 426
139 834
137 689
694 15
90 784
658 54
931 159
369 26
587 113
522 369
53 815
69 116
355 195
51 46
686 434
918 170
289 113
150 623
751 73
11 984
478 580
237 749
484 678
62 993
530 17
308 666
129 64
36 108
714 310
896 212
916 919
853 2
89 46
464 50
219 164
193 833
72 829
40 112
30 746
589 12
825 56
763 156
354 754
768 271
362 222
143 466
395 856
98 527
78 52
843 126
733 761
115 517
305 706
338 119
60 256
356 566
223 467
30 536
186 890
77 469
700 178
817 49
727 51
293 336
282 154
148 844
963 28
88 987
554 201
297 831
690 525
82 181
66 506
336 102
757 179
594 105
253 79
50 110
849 555
61 964
109 799
917 674
125 719
673 194
104 947
766 156
342 257
485 151
749 245
197 65
532 857
47 469
791 126
196 901
847 131
165 843
110 315
362 77
190 7
75 347
151 72
479 564
34 610
81 774
139 56
56 142
156 958
301 707
53 996
192 657
94 970
330 882
482 937
559 19
918 327
50 620
645 156
99 280
134 67
714 179
80 134
15 632
127 884
775 145
14 794
523 25
768 162
931 25
230 149
87 767
72 217
149 657
501 78
804 333
757 631
961 651
202 780
171 592
850 273
736 63
967 495
19 700
670 293
177 839
113 22
139 967
422 154
352 104
788 56
169 486
868 113
244 347
462 103
635 49
538 262
265 535
239 118
315 28
954 164
317 17
167 289
41 620
249 54
349 126
309 118
70 794
800 165
173 155
3 43
762 994
157 279
981 773
16 55
51 580
77 9
295 798
157 588
135 20
102 834
877 127
477 97
371 142
18 40
144 334
228 439
806 163
37 860
52 8
379 143
315 268
145 514
548 79
854 589
129 893
214 735
954 118
552 117
101 244
877 8
111 565
123 99
532 89
29 788
601 675
944 175
132 294
649 120
353 78
465 66
334 253
351 124
145 211
196 199
175 208
207 50
26 265
854 162
126 700
878 8
299 165
66 191
817 125
143 23
57 62
74 235
77 866
816 357
313 677
935 380
152 622
593 973
708 36
88 686
169 543
534 21
555 211
65 191
34 26
970 160
137 850
100 980
683 150
39 559
996 87
922 38
534 586
149 862
165 485
938 439
400 347
43 298
91 562
42 311
456 702
157 94
512 648
199 169
87 849
19 940
60 754
178 342
703 830
126 685
288 128
17 470
840 132
151 267
328 120
26 515
20 296
102 446
74 175
172 276
662 470
442 78
511 190
131 186
532 61
471 884
296 117
650 25
512 486
949 95
926 38
966 293
18 416
322 169
668 59
718 31
359 554
543 147
687 87
58 174
540 726
173 129
46 993
95 784
658 186
766 3
11 178
161 60
198 347
85 358
55 110
860 228
354 167
964 53
44 3
752 154
173 737
485 88
862 150
781 740
133 86
30 199
659 95
164 357
628 28
216 963
79 464
495 409
989 913
30 300
555 603
128 141
1 411
840 821
894 697
154 7
159 285
187 953
801 123
127 145
41 94
42 97
980 120
334 33
553 348
801 116
140 696
913 54
920 27
271 221
200 151
42 555
764 123
50 511
71 692
188 935
95 35
185 13
400 158
35 201
426 188
988 168
123 841
179 974
39 275
642 422
66 212
456 933
70 826
159 801
329 372
813 492
126 423
339 98
850 422
662 20
339 639
63 713
161 646
993 697
43 946
386 126
58 958
518 153
415 604
281 656
67 793
6 331
5 798
143 415
357 122
30 470
641 165
28 924
68 64
851 257
891 180
111 241
435 195
611 134
582 24
757 21
166 33
736 52
150 966
18 282
515 767
163 258
190 541
347 142
775 144
44 212
706 62
29 449
45 108
184 506
826 258
170 56
41 452
468 123
609 188
160 247
702 37
740 330
167 945
52 455
858 128
167 229
196 101
988 6
262 797
80 302
46 396
719 129
216 179
49 532
839 540
778 98
119 41
27 857
140 620
423 235
113 773
823 57
192 558
884 755
104 666
28 697
328 305
187 744
7 62
144 99
851 978
59 300
569 91
91 857
354 80
91 490
78 862
361 745
708 76
394 298
802 171
27 241
169 22
606 98
115 164
102 861
844 14
863 193
118 75
83 155
485 30
581 45
736 180
399 75
917 147
7 888
152 985
717 893
187 745
14 285
472 666
597 486
732 66
400 548
227 156
67 95
809 41
522 87
120 882
13 316
546 56
641 9
196 287
58 162
408 115
864 188
91 255
84 274
638 77
194 55
687 133
789 70
233 166
590 101
596 30
885 690
627 45
754 812
254 188
8 110
257 800
9 510
728 8
160 102
786 305
96 85
137 423
118 812
396 104
927 65
841 903
724 937
689 861
45 958
394 48
701 205
104 605
261 159
66 798
896 666
108 752
909 998
103 679
707 150
119 188
60 684
426 268
806 788
439 451
240 393
193 759
107 880
512 146
589 48
925 878
127 117
880 744
126 975
573 153
931 103
793 161
133 663
54 847
33 552
298 406
65 252
543 228
144 335
644 757
57 886
466 786
132 32
613 99
204 121
599 42
76 868
112 731
43 699
820 26
112 979
977 66
53 603
78 936
131 319
61 73
745 143
143 599
155 633
895 365
86 950
138 633
852 409
24 522
364 99
535 190
279 46
712 427
430 233
734 196
158 233
194 289
104 976
133 406
892 39
50 600
459 130
776 403
305 387
139 56
195 870
140 23
510 678
570 58
498 105
828 6
13 879
409 985
44 362
840 497
567 721
110 915
11 300
965 153
12 133
6 80
5 52
1 389
925 857
33 546
51 961
142 120
153 327
54 443
676 140
76 199
906 955
393 77
269 63
186 377
375 474
256 343
607 78
188 561
26 28
11 315
432 93
646 691
875 162
271 124
187 783
943 628
173 864
43 145
68 367
43 612
519 51
19 129
113 687
145 55
435 919
401 773
70 55
675 714
981 46
114 476
163 552
647 288
65 162
352 849
21 413
17 543
535 81
31 786
914 122
780 202
979 821
428 205
87 449
397 335
42 525
732 166
83 544
198 46
45 689
81 89
125 939
282 966
54 425
212 198
22 649
47 185
128 457
120 324
345 174
172 492
994 203
344 937
160 130
20 173
938 850
627 195
71 900
193 22
991 3
111 834
247 18
291 53
99 583
137 445
761 177
583 59
154 246
168 191
745 104
50 758
243 56
400 147
155 899
115 312
475 62
664 852
427 125
737 196
182 19
27 147
65 344
85 676
132 94
555 564
188 495
257 76
827 80
658 31
110 924
161 706
4 281
320 17
127 249
151 767
88 36
467 546
142 139
777 184
70 285
560 179
95 608
571 194
539 551
147 234
686 141
966 619
21 482
685 164
319 132
889 285
106 168
58 176
17 185
956 449
900 160
907 639
345 834
796 62
686 71
482 84
71 303
27 674
528 85
187 683
299 616
36 203
463 191
794 780
429 619
81 579
246 176
138 138
994 594
320 999
769 914
588 99
187 594
96 896
16 12
100 72
183 494
90 66
65 916
4 81
808 699
758 100
899 602
85 540
35 62
4 769
505 160
130 48
74 8
388 126
185 730
211 425
663 595
539 114
5 618
48 751
957 22
63 895
129 370
13 476
733 117
62 721
901 158
23 778
178 970
193 231
106 874
564 623
300 324
377 844
42 834
814 189
23 386
236 505
297 19
2 456
62 172
827 621
72 163
66 533
990 225
131 155
55 533
527 91
70 478
964 102
792 32
891 75
131 660
732 22
890 198
197 105
44 937
905 114
901 532
78 421
185 455
616 657
39 527
552 922
166 628
20 107
638 20
251 193
8 380
45 981
100 517
521 149
114 285
132 763
824 560
605 59
107 32
172 180
388 713
773 933
690 19
405 27
192 135
947 964
211 666
3 45
446 70
4 761
156 175
97 931
374 143
64 925
523 243
620 907
280 184
167 948
360 101
512 12
166 154
92 667
990 627
298 83
45 361
5 754
193 69
969 75
801 117
61 839
107 18
586 667
609 564
150 668
124 520
50 662
72 977
653 189
323 3
68 307
607 195
198 773
371 378
823 377
33 762
654 48
671 48
291 105
456 104
866 662
871 901
100 17
180 14
214 73
45 108
491 48
663 159
339 763
594 660
652 53
2 373
280 175
605 27
102 257
112 897
115 908
72 987
168 177
580 168
777 403
444 273
780 60
868 66
467 64
925 414
79 582
542 196
188 386
52 107
301 878
879 69
427 26
768 162
860 129
367 180
481 47
718 126
30 91
173 116
287 340
12 132
694 88
188 210
951 92
44 33
844 26
189 128
1 270
71 158
757 53
180 7
978 710
854 61
419 167
717 347
529 25
939 828
199 119
113 9
770 125
969 270
751 589
927 162
72 449
306 16
584 90
944 320
281 40
571 49
858 760
806 529
609 68
64 10
160 810
328 783
397 184
34 54
109 135
719 23
968 455
50 979
130 818
245 161
484 489
333 78
47 64
61 253
175 384
192 222
72 460
950 630
191 425
942 122
119 310
95 951
115 589
192 929
460 199
338 156
485 286
787 156
96 702
28 864
773 195
557 141
341 232
62 167
637 14
32 299
22 170
440 74
52 903
17 251
626 961
143 273
39 195
619 869
156 809
79 241
711 114
521 180
418 774
117 523
149 669
14 350
345 127
384 813
856 288
823 60
94 125
191 424
358 37
128 163
138 994
95 876
150 152
358 739
190 114
173 554
689 123
28 768
320 199
368 198
50 344
176 241
659 946
17 157
55 554
190 126
192 726
876 976
685 448
385 119
139 98
369 505
236 36
400 169
139 816
605 168
988 228
180 662
172 636
272 516
191 94
297 571
490 33
759 9
107 867
269 635
59 911
166 187
952 168
152 848
30 336
417 15
287 191
930 67
42 62
301 845
68 748
378 86
545 186
491 328
145 942
375 360
47 76
666 129
631 904
125 12
433 55
542 939
858 35
9 405
189 729
80 710
346 28
951 913
28 854
118 876
94 464
322 446
103 491
859 139
295 159
861 160
517 179
181 815
129 736
57 348
719 427
834 169
42 691
74 140
831 180
815 5
393 914
74 143
77 734
59 501
59 120
110 159
663 44
914 351
879 535
147 367
719 178
193 713
746 130
245 130
737 24
398 978
103 1
44 230
182 731
260 361
695 719
959 47
651 189
54 319
118 116
183 95
15 520
676 564
74 24
645 159
881 825
2 762
981 121
500 89
543 127
979 70
839 300
965 142
6 288
458 190
574 640
21 486
168 272
810 690
870 129
458 90
696 44
195 502
664 22
783 267
189 13
743 333
758 43
163 460
156 817
21 346
766 314
18 199
41 180
138 938
41 82
324 141
124 803
971 102
14 469
742 110
979 171
983 157
139 100
196 444
105 799
632 657
166 843
152 90
114 293
10 650
174 441
787 6
76 570
183 136
783 46
196 538
553 135
67 436
197 913
58 745
775 426
932 355
28 411
352 139
981 466
14 675
264 54
755 218
943 11
579 974
127 766
34 346
261 673
63 257
980 182
135 45
567 106
674 857
40 302
163 884
471 28
134 573
173 349
385 597
37 163
24 795
169 990
176 810
3 208
31 72
436 88
46 890
803 185
52 22
979 917
30 83
260 13
691 5
546 377
75 715
139 880
47 340
208 799
382 144
29 99
765 272
45 941
820 184
353 930
668 76
823 798
490 146
31 394
56 136
175 550
82 801
656 49
78 866
125 359
383 813
365 164
725 118
769 112
779 230
378 292
928 91
112 48
190 104
353 921
625 103
861 134
415 758
343 666
928 186
626 9
85 596
886 235
85 477
768 888
534 80
129 118
178 109
167 823
581 861
156 45
182 597
97 546
778 780
253 81
778 575
724 4
347 34
12 985
382 4
32 99
138 36
423 131
63 69
908 149
30 690
340 747
522 891
28 101
968 923
766 805
788 124
366 825
975 814
41 409
535 917
868 61
38 626
629 972
62 983
157 399
499 88
56 204
631 294
90 988
55 390
258 60
508 16
49 92
818 883
17 401
70 742
118 297
21 978
10 653
117 108
728 644
664 40
677 68
235 16
930 186
54 463
579 882
2 941
299 43
82 948
446 64
674 2
129 213
128 875
125 262
14 449
171 83
745 791
202 1
935 81
746 160
232 120
149 118
1 934
167 352
385 858
324 114
37 263
593 132
91 394
735 174
827 160
941 361
780 46
47 557
1 249
151 140
57 640
236 722
61 20
130 646
62 554
939 7
695 651
480 168
366 139
318 974
992 282
800 769
23 70
446 155
287 285
735 145
102 745
365 151
786 119
130 371
66 86
400 96
482 205
357 585
683 832
19 641
135 944
714 78
724 35
905 198
126 97
336 522
554 74
897 494
40 824
633 89
72 276
19 798
175 110
986 735
100 299
422 130
202 383
451 28
7 250
71 257
36 836
259 135
131 329
731 194
402 33
149 45
72 542
433 12
117 353
8 973
123 765
159 260
784 645
87 156
89 197
345 175
152 936
799 165
521 120
61 889
44 23
662 886
287 25
5 472
1 178
907 114
48 46
806 955
10 756
92 820
47 925
401 73
186 325
20 140
102 675
502 634
655 43
531 21
218 865
40 254
16 46
103 44
814 172
894 906
505 189
46 341
633 106
120 44
12 947
460 973
20 115
386 390
509 938
909 423
149 371
766 50
832 27
999 594
183 846
170 97
166 89
832 55
407 55
145 183
644 959
604 107
85 476
8 748
43 206
786 667
96 190
198 493
88 103
503 925
410 106
185 66
69 45
67 163
242 996
639 74
825 75
754 579
79 376
852 118
902 152
371 184
732 480
33 852
801 112
159 137
301 102
133 496
799 801
274 124
527 158
448 69
6 560
197 784
753 55
60 282
152 840
715 332
24 443
568 267
256 116
299 251
64 466
21 710
797 56
5 685
121 649
78 442
135 174
696 61
230 523
782 117
72 866
88 106
147 289
148 298
376 360
791 347
515 605
621 898
758 88
95 56
79 593
469 918
342 279
42 293
361 37
74 409
283 121
446 85
125 372
414 43
358 192
486 788
57 903
9 102
162 127
69 920
69 5
826 109
161 647
344 197
427 2
116 673
418 545
187 105
8 920
33 744
826 11
513 849
98 145
647 84
30 374
1 731
505 76
883 63
259 135
304 82
137 663
504 197
145 213
206 191
29 171
720 157
48 706
620 82
81 402
148 475
854 171
4 500
310 616
551 9
4 876
491 61
966 350
203 430
438 87
255 1
100 716
139 511
137 216
173 555
547 931
685 483
214 159
478 476
11 374
161 171
141 21
117 173
83 134
757 109
41 590
32 332
67 91
99 72
440 191
30 856
557 100
192 769
737 202
854 695
155 777
256 65
42 455
183 606
139 143
409 61
311 113
124 179
224 998
380 638
51 598
857 199
156 116
172 23
883 977
41 150
245 149
584 628
206 563
202 22
72 665
661 57
986 896
114 830
78 149
66 108
807 963
654 197
838 697
299 931
526 496
708 49
702 240
832 99
822 641
199 15
62 108
636 609
187 38
602 130
194 788
512 100
465 617
916 59
36 932
53 6
562 196
71 568
45 453
906 98
151 114
205 335
825 66
397 159
184 897
860 521
157 973
929 295
163 682
80 232
230 601
657 844
361 96
133 400
184 385
297 12
908 948
216 63
41 59
86 581
825 158
586 137
466 163
286 915
615 413
366 461
785 629
893 80
990 801
884 448
45 499
720 76
663 241
311 572
473 278
357 12
189 133
30 423
180 765
24 446
53 652
169 977
19 713
224 198
172 508
104 79
46 972
472 120
891 258
445 9
48 462
707 56
498 766
137 699
477 144
63 741
50 663
166 571
350 197
175 893
74 230
197 299
347 749
158 836
47 786
313 131
118 869
335 468
134 793
91 817
25 153
1 118
373 22
838 316
797 124
419 26
21 762
158 767
821 552
180 602
383 726
724 971
365 292
141 45
50 95
113 778
100 47
905 933
507 123
872 85
11 4
966 535
133 151
458 129
123 610
134 48
49 513
917 220
121 40
46 986
61 594
56 419
802 189
176 269
38 129
767 545
518 58
127 718
156 626
337 186
469 26
182 706
69 637
155 552
919 337
140 491
17 39
183 369
930 158
967 585
517 327
261 70
19 399
38 447
476 44
232 52
46 683
355 184
176 318
114 776
542 11
387 558
65 953
65 678
6 526
593 17
625 133
180 39
778 129
242 113
972 303
73 563
957 624
116 176
112 141
260 271
26 187
129 606
2 824
542 42
84 425
68 285
180 412
17 148
35 786
568 658
38 157
495 193
83 427
619 26
64 759
19 862
1 592
177 125
303 36
366 43
131 867
197 776
618 884
143 870
54 101
479 298
2 475
71 79
179 8
52 972
53 300
579 711
21 85
37 972
991 62
39 316
908 86
86 764
155 468
167 33
741 7
833 22
977 811
188 378
712 713
76 5
663 269
195 641
169 614
5 185
79 864
885 74
164 536
19 566
59 202
579 135
206 484
329 35
178 743
842 123
744 61
634 479
93 98
278 115
584 754
231 34
394 81
617 890
763 168
895 7
248 770
863 340
170 396
16 745
878 201
753 61
558 179
91 379
830 132
83 33
737 58
446 176
683 107
216 2
130 945
94 179
923 84
15 527
715 348
12 81
565 177
78 385
78 756
326 92
659 145
71 214
662 449
161 996
120 16
874 742
78 563
379 106
648 513
664 163
292 146
179 620
984 855
180 248
83 59
61 144
801 607
787 351
468 662
576 46
64 904
75 441
242 83
85 371
707 156
150 135
788 420
424 167
979 73
484 162
298 41
194 918
575 67
177 702
643 18
579 131
573 424
183 56
500 96
131 595
382 107
429 546
134 657
8 52
134 781
909 92
401 170
153 453
350 49
798 758
982 329
790 39
135 162
543 20
125 605
150 671
380 233
342 615
164 969
525 141
193 51
155 109
94 98
75 6
96 742
665 94
160 170
184 296
827 81
669 124
886 808
154 62
54 219
803 368
124 858
11 164
53 451
15 85
62 83
152 195
14 416
117 940
190 597
998 947
157 186
46 657
651 6
918 121
191 511
992 655
97 211
348 171
977 117
70 174
166 522
200 544
994 347
746 545
816 142
863 48
798 167
844 379
531 803
563 664
731 170
289 115
81 819
623 103
16 310
11 15
610 50
106 72
86 340
322 975
33 906
894 296
78 590
739 67
328 77
150 458
110 747
761 85
570 134
46 247
92 76
77 364
53 302
93 102
20 226
180 74
17 712
444 85
469 308
872 448
829 3
872 21
574 151
172 858
89 147
96 817
635 75
551 564
211 257
804 739
69 50
880 705
653 41
101 896
186 287
230 264
515 988
847 466
334 187
991 59
810 15
44 468
92 274
107 466
193 849
126 92
624 37
802 332
136 169
429 148
259 844
346 739
943 868
88 222
44 10
83 325
127 109
10 70
834 738
195 301
148 813
449 768
80 932
893 58
52 106
153 215
56 647
962 897
825 908
597 10
106 513
112 235
52 855
132 128
52 364
545 375
854 47
281 968
884 306
171 129
544 133
168 723
163 194
671 68
826 44
888 136
371 762
39 970
869 84
594 793
895 125
210 617
154 507
75 576
152 653
178 286
31 270
988 177
275 109
573 57
192 894
768 80
122 743
128 962
210 147
928 312
819 112
17 441
925 66
97 520
103 716
879 969
146 154
75 17
116 470
810 770
148 245
129 483
356 468
263 6
982 121
567 175
33 86
920 88
153 347
111 384
98 436
176 29
921 595
205 120
39 882
372 28
127 917
993 27
716 568
560 536
191 67
94 579
589 642
141 235
71 467
160 699
382 182
126 933
135 670
8 555
117 382
966 3
803 122
835 153
69 22
950 68
47 870
39 933
78 413
6 964
854 75
722 727
165 223
622 97
167 27
503 184
762 885
589 694
569 178
4 543
97 173
602 136
186 455
995 137
127 37
71 838
685 472
44 104
238 393
158 95
406 41
86 165
59 786
376 180
353 960
117 668
152 118
34 314
664 141
197 240
784 109
382 138
559 14
45 550
484 850
245 43
980 630
181 125
79 899
118 853
356 378
538 29
222 560
141 968
655 74
17 851
167 56
97 177
308 73
125 316
557 24
184 177
225 83
82 20
464 272
588 85
285 34
870 111
45 734
588 598
452 173
75 134
303 70
981 162
349 300
593 964
502 894
861 145
897 926
117 944
827 191
686 644
746 601
98 602
403 780
125 28
558 403
200 864
31 58
930 225
188 510
663 160
99 331
24 718
36 886
200 876
16 495
830 983
24 179
5 24
126 64
929 816
839 779
73 119
438 113
159 62
982 575
5 616
244 567
832 40
71 523
36 940
65 807
99 174
888 647
114 270
47 683
105 64
916 411
24 192
915 954
19 3
141 41
12 747
106 986
70 208
370 121
707 67
750 141
26 454
26 412
546 35
957 101
22 336
378 163
374 64
4 220
922 458
192 852
742 13
171 262
175 729
861 156
478 3
809 84
185 156
982 25
430 760
117 292
454 144
26 615
31 807
107 382
489 78
472 845
115 225
18 4
417 33
160 549
646 66
595 879
167 946
292 49
929 68
12 370
39 170
23 537
158 626
192 136
192 788
818 37
83 607
979 136
175 116
518 30
362 734
164 156
327 144
902 124
5 78
397 16
950 63
42 159
183 43
752 335
428 142
337 99
999 20
204 1
674 756
687 735
815 56
42 156
385 105
744 689
152 75
494 378
390 35
882 135
349 155
434 138
8 634
222 14
4 971
670 189
272 876
237 234
1 876
186 352
347 70
64 429
711 911
125 150
551 791
757 502
133 653
629 949
942 693
71 158
9 101
43 1
904 547
993 897
156 616
960 198
460 67
152 65
838 27
642 118
547 549
471 56
390 116
21 398
26 929
44 131
730 118
915 43
61 166
504 472
136 594
33 226
114 19
81 121
162 849
149 219
17 197
23 926
198 926
39 244
37 56
152 19
984 10
29 185
896 94
66 342
191 394
501 163
110 50
768 618
79 956
605 651
56 342
462 164
516 976
92 185
842 115
762 231
503 144
727 520
30 957
92 405
709 954
677 138
337 857
9 894
32 94
16 836
747 136
756 460
90 639
187 701
219 67
70 539
172 133
901 325
535 614
598 709
909 103
516 97
895 496
219 115
29 446
302 147
95 802
149 154
166 676
673 17
98 349
74 751
5 79
190 595
125 963
753 132
420 114
54 583
97 529
172 352
26 682
955 174
111 117
175 737
120 513
378 224
981 28
94 740
684 925
282 818
264 151
14 977
293 90
2 91
96 736
91 748
51 867
763 169
51 17
363 167
112 138
17 38
103 801
366 183
506 205
679 214
111 132
823 17
152 596
535 195
39 507
398 36
272 12
425 13
426 20
206 20
863 454
417 518
68 473
5 246
353 7
21 145
83 197
174 510
116 90
837 57
31 70
181 286
962 253
148 840
915 467
920 181
697 992
57 643
859 823
646 33
30 512
84 997
52 703
487 95
261 81
41 60
184 496
487 99
113 44
474 709
171 284
948 170
160 793
362 779
331 234
475 25
31 538
821 192
148 705
338 63
95 721
104 146
115 591
458 108
171 756
60 197
32 142
200 541
110 95
113 219
76 499
856 49
149 479
181 786
214 95
147 491
498 156
12 333
844 115
823 343
192 40
10 176
784 148
170 52
200 538
364 514
489 398
24 128
44 603
552 69
159 138
792 54
819 93
930 109
393 767
74 653
346 64
42 191
572 73
173 740
18 503
172 205
42 945
652 78
651 86
9 700
714 261
26 25
170 602
350 493
378 814
109 644
699 139
736 191
395 649
682 146
3 328
847 499
530 601
819 82
779 32
88 121
123 113
288 823
82 975
143 182
438 19
693 89
126 884
64 270
587 453
655 191
323 890
115 859
177 677
515 26
967 892
398 869
168 936
120 58
311 17
84 419
21 192
85 553
494 168
941 89
979 801
9 47
15 209
96 64
15 566
135 453
142 965
482 104
199 902
645 275
835 62
70 953
94 725
130 9
123 534
145 382
664 335
119 555
837 152
724 78
836 96
723 892
388 861
536 707
153 638
105 206
122 414
85 582
168 202
148 806
708 498
111 62
733 298
563 116
161 702
171 720
439 734
241 479
811 258
715 480
560 22
347 322
751 37
381 47
567 217
846 179
114 88
287 30
920 27
992 473
114 908
119 507
742 54
17 616
619 542
68 88
699 193
389 3
20 686
840 871
742 566
331 191
61 267
73 228
965 69
262 473
234 197
18 55
378 791
368 71
138 645
122 292
247 427
491 31
486 20
722 712
771 286
70 404
983 804
359 108
655 926
288 54
498 1
163 444
72 824
86 942
766 141
496 395
177 217
43 500
117 58
89 93
601 620
100 982
949 428
129 184
496 162
151 726
757 16
23 691
666 394
41 84
836 60
982 620
181 114
734 164
106 971
790 132
180 469
29 618
80 141
549 857
9 313
408 154
999 18
267 148
132 166
461 677
540 161
85 519
466 941
908 470
78 853
819 41
884 199
704 237
52 5
413 523
453 970
110 921
394 133
12 15
504 165
155 170
442 972
77 633
138 363
663 127
49 154
980 218
126 139
895 78
24 794
41 902
798 75
109 143
500 18
902 149
309 862
928 565
39 152
773 110
10 227
909 34
122 189
174 62
27 559
54 457
289 19
59 441
132 984
338 47
86 58
655 445
221 148
70 71
237 278
131 66
841 603
64 102
293 29
130 134
108 959
3 307
26 193
365 221
106 710
531 130
76 4
984 660
90 365
980 25
160 439
87 946
132 4
378 589
32 414
147 849
72 693
63 463
193 134
145 215
77 209
784 19
648 249
16 486
529 18
64 145
882 176
67 541
869 17
122 232
622 377
649 11
130 133
162 804
145 256
741 39
191 76
856 794
517 151
87 957
82 37
451 432
4 78
127 750
99 35
202 472
116 963
913 950
453 96
318 433
503 64
9 645
194 727
719 353
48 246
244 261
834 854
120 650
194 664
65 781
179 84
888 17
150 296
145 186
136 441
156 995
424 92
33 324
225 104
901 100
187 157
50 590
7 828
218 19
121 656
122 507
512 184
163 523
122 213
106 268
151 251
858 142
140 540
435 61
278 855
302 942
87 38
981 27
550 102
127 130
491 240
616 36
462 126
74 650
196 255
346 110
534 381
268 376
541 374
68 974
759 38
38 14
354 627
481 164
609 910
78 371
99 890
556 146
138 797
9 130
948 177
11 473
360 500
256 16
651 54
714 322
338 7
683 57
161 552
771 765
106 118
352 94
49 556
428 107
157 503
451 691
161 470
978 23
85 64
288 148
267 79
55 170
90 623
148 905
475 591
432 60
172 650
83 158
945 92
981 49
116 550
697 368
50 766
843 984
35 972
428 191
2 139
783 126
66 235
245 84
919 680
416 887
127 842
143 395
159 808
153 965
639 221
942 427
469 822
117 125
518 94
562 851
133 563
628 38
117 235
86 349
95 775
778 64
24 173
598 162
489 512
886 81
573 714
599 33
359 182
974 126
992 995
169 228
585 577
34 561
89 796
751 117
94 396
926 748
195 405
61 141
159 818
998 19
125 584
1 127
1 256
81 100
446 139
844 12
801 83
118 356
141 167
612 461
622 190
133 147
129 89
34 838
593 161
152 112
176 6
26 817
681 465
108 431
97 779
545 293
1 220
73 623
680 375
137 919
475 838
837 178
316 119
78 547
59 779
4 131
572 73
323 379
239 186
95 527
169 902
205 98
399 128
5 226
991 963
81 71
30 902
142 94
17 733
953 759
700 263
240 52
474 301
793 127
784 529
5 866
108 118
695 958
419 166
323 46
305 177
34 834
143 555
153 753
580 948
865 70
2 630
683 632
139 180
76 829
604 181
297 50
66 571
977 431
831 920
494 111
274 897
18 871
168 290
188 154
139 140
917 597
46 630
218 70
7 17
50 610
940 117
167 198
103 279
738 968
193 147
4 903
132 252
151 452
496 89
980 259
479 52
108 16
37 361
72 64
254 240
184 936
47 682
34 970
111 15
65 209
155 45
167 707
81 878
633 365
71 479
49 325
584 222
4 989
588 290
781 119
142 115
149 183
2 4
914 7
657 661
336 169
682 224
162 954
101 613
1 206
602 414
570 74
3 174
176 931
917 246
991 985
141 282
5 66
483 178
552 173
148 21
82 32
538 282
153 415
890 801
190 140
242 86
138 132
152 991
894 392
13 870
44 477
29 980
886 877
126 188
759 350
632 104
174 141
61 869
812 100
680 507
383 538
177 305
163 36
109 422
533 102
852 119
247 755
151 667
296 30
514 121
126 289
51 890
957 69
34 288
7 995
44 9
696 192
24 5
373 83
231 264
796 169
829 65
729 170
74 191
23 955
68 282
80 792
571 71
457 12
776 61
832 61
106 44
61 148
105 164
224 8
998 360
454 153
367 487
60 108
63 83
177 900
16 192
392 287
63 539
90 545
32 155
20 739
785 116
460 124
886 102
95 199
48 192
127 527
179 97
539 673
557 44
751 52
119 649
938 407
121 826
64 67
474 378
38 525
170 926
169 4
994 185
229 422
117 349
74 593
278 151
161 756
192 39
848 111
914 153
271 429
767 666
82 216
279 109
345 70
27 989
184 527
680 70
43 142
177 333
105 579
443 24
222 509
207 81
574 78
442 531
93 886
194 195
710 173
878 12
740 662
162 126
834 710
400 119
549 20
99 40
73 116
26 227
73 885
162 619
725 934
186 273
101 191
139 795
1000 186
124 57
478 52
238 470
676 787
47 381
149 853
211 176
20 830
945 231
329 138
37 144
436 19
776 156
595 226
210 180
61 396
12 619
132 118
26 33
491 131
182 63
55 399
190 379
258 157
67 52
77 957
472 33
41 193
496 23
65 133
477 44
479 410
219 177
391 99
142 954
165 524
167 802
8 825
791 102
851 845
445 115
788 81
200 191
112 749
257 316
198 460
183 865
708 179
139 703
793 392
989 114
89 685
991 68
339 29
766 571
942 168
337 8
817 108
150 14
490 171
622 36
985 26
98 215
157 453
173 858
828 72
251 169
713 557
197 344
695 181
77 264
187 155
105 454
125 684
725 98
33 165
734 739
194 327
935 195
90 898
427 735
596 23
256 33
223 86
613 171
132 541
71 779
131 876
17 111
70 747
893 769
30 203
763 179
10 450
908 84
953 110
858 750
704 454
160 133
609 103
310 39
904 195
146 365
79 38
372 179
135 235
534 194
843 3
141 437
551 228
308 859
147 737
95 499
153 846
71 120
172 60
90 602
41 521
196 182
38 366
742 228
540 307
123 159
159 140
940 146
604 188
845 64
69 367
107 310
177 438
448 233
12 397
195 173
28 798
114 164
52 180
56 541
84 504
43 18
208 119
25 687
632 30
16 28
177 110
52 531
115 979
975 83
125 340
555 944
531 378
18 647
1 728
148 894
236 583
131 158
377 244
667 108
91 207
190 679
105 352
79 609
222 303
130 477
475 521
292 153
277 19
107 429
972 989
48 866
784 48
986 811
47 404
473 88
387 123
979 368
490 45
177 813
476 208
605 693
31 13
776 248
199 173
50 808
117 769
177 716
748 771
768 263
832 85
939 634
186 192
32 547
179 477
436 978
510 946
184 302
93 722
88 415
980 131
312 726
631 119
61 114
163 116
242 26
87 45
869 24
367 200
2 192
82 419
193 825
760 870
810 206
598 53
781 108
173 26
115 762
44 608
772 14
219 269
823 134
197 407
92 344
747 112
51 892
55 385
198 617
18 474
162 194
564 199
175 13
730 109
12 484
121 333
145 221
40 914
163 232
726 135
787 190
327 977
114 485
999 552
59 132
483 97
575 183
136 436
161 986
116 926
13 604
213 18
559 98
317 32
678 3
112 235
216 512
991 196
7 166
442 40
654 110
950 736
65 286
647 144
16 490
63 189
219 699
796 462
127 193
204 5
870 107
144 285
736 140
182 466
22 723
177 836
45 162
70 162
53 731
804 153
835 756
44 619
597 23
361 49
229 94
702 642
198 852
146 506
186 435
613 218
863 269
860 890
124 923
878 409
898 501
224 22
365 4
180 805
162 569
104 487
360 44
578 3
184 119
818 19
824 453
148 176
737 698
318 634
776 161
141 69
37 692
609 209
264 5
26 419
202 34
386 114
82 115
787 520
666 34
35 182
866 21
15 581
146 875
229 584
2 46
98 903
641 889
145 127
857 28
95 160
359 10
122 166
350 479
485 38
491 362
695 126
157 848
28 564
995 161
112 996
128 123
851 121
30 759
8 927
490 127
259 620
401 81
41 235
109 199
463 33
189 434
908 1
1000 849
711 984
459 47
47 670
154 169
535 164
732 769
191 905
317 184
58 93
375 27
192 555
129 489
130 403
458 94
123 943
174 638
500 83
914 420
136 931
453 470
98 35
17 517
400 38
440 60
168 108
806 170
128 183
989 133
131 623
411 400
177 157
120 780
99 134
300 500
436 145
879 896
183 424
276 109
172 361
153 328
647 86
86 448
69 415
916 58
21 715
733 190
82 940
91 138
831 186
839 897
163 16
803 23
39 409
40 730
44 158
51 727
145 21
239 697
269 458
97 81
158 583
119 52
674 140
960 54
5 72
139 966
578 31
639 665
837 26
129 64
187 852
90 995
207 620
148 181
74 687
391 81
153 615
48 3
18 101
280 35
245 144
589 363
548 198
163 66
540 245
920 945
126 711
447 14
183 362
672 823
474 163
30 742
28 999
42 9
162 13
165 834
409 82
93 509
130 991
65 274
175 75
184 547
340 91
26 11
804 113
635 62
480 166
96 731
66 129
16 818
828 938
51 493
773 170
145 504
878 663
987 45
835 274
106 884
8 519
150 438
945 38
52 528
144 752
171 264
200 10
165 178
8 571
577 145
94 980
417 144
104 626
707 32
877 458
141 374
125 183
42 134
11 715
170 497
31 51
738 159
150 63
621 196
871 186
42 45
21 795
173 718
143 680
16 372
928 703
901 143
157 502
150 391
297 110
25 169
29 140
97 816
189 168
272 63
138 936
843 862
765 17
61 908
993 116
759 958
730 467
141 399
589 165
42 763
828 62
456 11
7 51
18 466
157 2
579 155
280 151
52 193
6 395
190 929
286 692
21 629
560 63
172 647
59 592
195 984
839 863
637 576
305 4
199 257
168 105
12 109
660 78
196 443
920 84
591 327
13 144
89 874
796 444
841 161
323 610
656 187
361 49
104 33
143 95
58 193
401 144
847 155
37 589
624 906
968 392
295 134
53 247
147 651
524 41
25 905
194 328
285 31
272 754
103 886
723 151
299 236
705 15
918 727
502 346
488 23
751 131
662 65
92 988
186 964
242 635
174 897
404 187
334 796
907 171
990 672
65 837
109 385
260 774
61 148
439 25
919 17
833 97
164 687
185 982
101 907
100 782
97 172
773 339
110 779
76 546
99 532
72 776
143 204
150 264
931 317
429 927
581 726
578 66
716 584
26 622
136 648
962 187
200 338
130 964
257 151
139 181
554 93
130 444
451 166
512 110
903 706
770 20
357 114
679 165
802 874
575 340
63 189
133 199
393 60
934 140
851 87
115 588
111 525
88 998
662 92
301 190
161 254
564 748
352 189
434 841
554 594
862 126
133 526
268 134
38 490
32 558
296 748
436 137
106 842
144 423
366 61
56 903
173 962
77 99
567 190
13 742
905 821
763 169
585 988
590 772
93 8
553 81
154 849
41 207
905 131
92 938
170 760
506 7
836 217
43 357
840 72
907 21
388 177
173 135
11 390
13 291
974 820
22 984
616 91
862 638
68 639
302 68
159 682
948 40
17 180
106 825
780 66
103 802
162 18
733 81
73 979
605 409
871 173
152 339
659 97
602 231
42 199
163 16
35 25
558 689
167 56
128 675
119 270
760 740
201 149
181 134
76 199
143 320
129 137
543 63
485 33
379 80
965 50
195 483
224 90
595 894
65 636
132 858
79 955
180 144
43 854
119 120
124 514
870 56
23 586
632 494
566 30
30 55
45 31
62 400
71 559
572 38
87 467
197 810
162 92
253 88
502 43
957 4
80 208
137 208
79 319
867 74
180 812
475 521
63 225
986 194
15 194
114 972
21 579
230 133
391 271
115 59
232 125
995 352
252 655
342 171
552 735
150 684
672 1
622 502
903 33
71 75
108 540
31 218
168 11
354 89
522 951
195 985
19 780
130 800
792 148
175 695
48 957
6 960
93 99
236 9
403 574
414 711
108 306
378 502
120 84
897 158
726 184
439 398
643 89
94 222
726 510
155 347
517 180
82 787
99 230
192 576
378 15
318 163
903 488
46 952
218 200
97 7
770 67
86 780
266 88
443 139
191 901
710 66
208 113
766 781
416 89
712 50
60 831
162 569
835 70
135 286
121 624
133 254
100 680
56 611
21 64
506 41
315 157
371 88
743 825
181 851
93 618
37 159
33 886
190 756
816 118
510 70
988 702
597 152
361 135
181 451
178 536
140 107
296 337
975 331
77 13
93 706
901 173
107 412
741 997
68 75
143 4
304 153
587 145
835 110
371 423
750 198
183 633
71 478
880 289
36 782
196 575
844 190
666 164
312 86
327 78
634 101
158 624
352 94
69 283
356 724
110 610
112 98
72 152
251 141
598 717
28 292
75 160
179 415
23 3
609 48
729 38
46 113
159 503
519 54
197 189
167 949
849 150
41 815
552 13
436 146
192 993
535 18
142 350
946 496
194 50
725 193
59 439
100 666
558 809
254 110
141 252
770 393
279 710
749 2
61 833
177 18
58 183
927 71
127 59
46 263
643 413
89 621
341 282
399 138
59 163
744 162
382 19
676 186
131 218
207 947
173 12
184 307
37 299
56 170
801 171
874 468
52 676
717 192
935 12
571 8
679 925
695 187
391 577
875 535
64 894
219 143
159 273
246 890
226 638
198 906
531 2
261 386
887 421
570 173
357 144
189 44
847 37
341 556
109 7
36 294
119 873
864 736
7 181
461 169
616 65
327 84
83 462
162 886
192 120
133 100
225 71
105 61
874 143
142 746
111 504
307 35
709 966
767 152
191 147
569 946
865 441
316 126
953 77
375 700
167 657
4 189
228 592
229 63
65 623
860 165
737 27
46 947
3 53
679 122
111 201
69 667
305 170
5 237
622 917
725 168
212 32
532 14
20 158
778 520
392 690
506 72
596 639
11 999
52 228
42 928
81 973
940 74
910 90
916 183
387 763
172 76
464 254
577 274
97 393
40 539
27 246
792 279
82 323
120 226
97 198
174 245
126 181
106 591
656 813
65 35
46 747
149 510
73 814
922 6
223 185
584 37
497 75
45 284
111 803
145 56
501 19
26 99
464 588
166 438
432 23
448 96
50 62
911 191
399 72
108 598
916 110
184 639
749 185
155 21
163 922
622 183
228 151
180 43
451 6
8 726
737 27
814 42
569 55
307 147
114 774
253 23
227 10
546 142
191 124
902 79
971 199
980 46
346 13
499 494
347 170
129 638
51 188
43 41
28 531
160 645
10 81
137 874
185 163
14 967
107 264
625 174
418 614
98 23
46 751
66 142
374 789
580 177
783 186
112 711
541 137
954 346
677 377
203 122
242 482
130 398
335 679
106 678
74 262
971 19
108 330
825 710
868 167
316 92
723 367
71 445
18 58
169 616
719 165
228 510
824 800
56 44
277 454
133 44
593 185
37 120
284 2
14 924
856 67
695 19
332 938
115 264
196 245
360 130
513 200
699 646
287 858
168 655
471 926
188 148
986 164
272 8
41 121
910 69
770 687
805 963
111 976
139 151
883 375
10 227
800 764
8 455
597 3
515 15
139 978
41 923
157 8
414 193
117 924
979 336
65 352
9 331
200 982
5 779
51 115
199 731
371 77
625 151
140 646
178 970
70 406
352 981
414 31
797 40
922 172
536 633
982 240
94 713
681 115
331 125
266 21
188 581
568 357
829 97
6 666
631 662
278 164
67 107
172 943
33 537
861 93
403 406
623 597
170 792
6 687
148 551
96 820
188 451
706 135
860 103
796 842
152 357
696 3
215 128
108 217
468 62
104 830
15 13
850 858
32 806
718 892
891 47
782 113
120 159
816 78
15 132
170 757
263 229
899 38
951 156
951 106
963 32
81 933
284 537
777 2
923 797
73 240
63 155
92 2
118 121
963 97
852 56
639 713
25 907
129 800
762 738
892 819
540 389
517 169
396 521
216 169
653 281
168 966
985 97
127 260
525 25
532 83
88 134
716 2
852 329
30 950
916 957
23 813
819 224
126 600
126 62
646 612
8 303
399 188
710 4
61 199
162 202
106 119
520 23
55 827
60 866
267 161
323 881
682 729
369 39
688 195
221 194
677 48
273 136
135 207
488 121
47 372
102 774
146 995
35 276
511 35
728 646
701 151
260 66
993 385
115 357
63 281
104 711
566 111
306 154
457 435
228 152
81 564
128 572
139 991
473 199
83 969
171 101
884 62
792 147
482 127
353 140
11 403
35 271
303 850
978 138
356 84
645 750
93 74
81 540
53 158
516 738
164 322
157 3
919 76
614 152
185 259
692 31
34 129
92 964
651 115
513 200
143 697
361 96
228 898
751 43
28 485
758 192
199 291
61 764
518 87
112 151
19 935
168 560
709 123
46 616
143 113
709 469
166 778
973 95
280 4
91 113
257 763
38 795
594 266
901 301
707 509
18 818
656 119
48 432
625 472
59 741
299 960
186 86
70 889
179 690
78 877
875 560
89 193
177 235
106 537
772 85
875 6
674 853
693 146
929 856
871 112
416 69
971 355
428 726
584 968
783 997
32 390
408 556
933 43
35 964
963 95
82 796
685 9
61 466
928 4
960 27
693 104
188 339
808 198
199 454
154 428
521 844
381 598
107 503
446 402
39 726
580 784
424 863
318 840
79 402
194 353
911 576
47 486
39 12
802 808
207 287
143 13
293 13
115 818
945 70
674 329
58 50
316 869
607 540
660 174
313 6
447 4
132 356
29 308
166 36
9 877
247 146
181 163
58 261
81 788
229 469
90 539
473 124
55 605
178 18
439 198
383 114
363 855
377 394
495 72
400 235
895 144
478 182
733 99
4 988
49 229
392 62
198 104
85 247
335 19
641 170
999 101
343 27
427 202
761 837
112 254
26 716
69 128
18 420
592 645
749 281
950 80
235 417
437 135
53 534
452 412
147 198
123 530
102 65
538 56
96 800
120 375
580 136
171 605
81 660
184 887
198 766
271 595
875 24
793 62
373 187
182 443
99 725
502 372
16 706
873 173
180 506
903 515
150 806
902 26
588 688
844 83
137 846
840 24
716 14
173 782
295 69
686 903
916 97
336 91
39 295
111 397
621 554
136 96
710 114
177 57
786 198
311 13
99 522
56 893
559 582
972 9
626 707
518 934
138 300
998 158
297 383
973 10
919 192
573 130
843 522
809 115
158 974
127 907
683 843
622 46
36 792
387 846
995 739
246 92
247 93
110 373
617 155
780 177
662 715
101 982
656 3
619 26
68 458
81 691
80 89
95 989
813 96
415 637
955 41
389 166
89 345
169 255
381 633
688 644
632 52
149 450
97 73
516 768
170 40
184 152
122 591
167 56
160 284
554 137
666 184
908 356
82 115
885 89
862 168
112 730
8 851
934 17
12 880
80 273
469 981
100 788
264 97
118 745
113 450
164 345
144 932
923 144
46 753
347 371
6 989
190 50
577 351
709 504
728 18
53 343
733 93
874 158
634 772
49 37
147 963
303 754
78 131
911 94
77 54
225 317
391 170
62 197
2 424
550 96
34 190
395 153
576 616
56 309
619 110
279 165
780 307
417 160
57 936
143 48
677 613
247 14
149 963
953 199
640 34
148 131
196 775
2 823
648 81
264 858
802 177
733 36
503 555
532 180
931 166
57 378
7 974
664 130
40 147
178 1
130 985
263 701
455 902
902 446
29 262
742 78
104 658
838 23
36 700
38 57
141 992
896 112
418 81
137 45
114 125
24 66
155 601
573 114
931 186
64 485
19 589
2 186
23 729
301 159
311 27
36 698
711 141
612 155
277 402
189 119
34 169
830 431
121 242
889 132
862 793
556 45
182 633
280 93
924 15
772 165
73 114
616 193
45 529
89 366
55 71
5 119
301 566
959 592
48 151
380 478
130 656
43 190
5 378
676 186
33 44
941 187
70 156
259 728
844 477
289 56
5 903
126 791
992 48
991 142
285 200
154 184
359 819
4 484
115 91
134 868
16 892
162 151
297 64
330 542
54 830
244 779
187 725
845 657
111 822
575 485
284 919
128 457
427 29
363 924
381 19
145 790
171 429
491 10
144 195
63 746
328 10
589 148
784 383
490 134
936 154
74 303
103 114
84 959
900 488
148 605
213 82
122 350
169 410
316 96
494 3
490 194
301 15
142 3
539 135
337 31
899 156
787 7
99 314
47 364
765 817
972 106
54 146
827 91
855 926
276 600
24 652
740 844
862 91
744 119
358 161
924 77
15 41
89 232
97 976
7 83
2 85
327 197
591 10
262 686
360 28
782 28
85 733
500 573
78 656
555 14
277 134
51 629
447 993
97 683
659 155
955 67
356 136
182 885
183 569
610 165
121 81
986 164
531 16
42 199
507 183
359 727
195 746
340 92
359 6
139 580
228 13
141 15
516 461
140 885
806 21
95 890
310 197
88 651
363 175
67 927
646 135
110 876
836 78
455 727
346 841
449 19
79 601
288 73
906 130
334 240
25 819
676 818
26 878
51 913
749 34
72 538
49 224
156 988
65 947
199 101
197 175
351 20
287 427
326 7
619 120
70 463
158 614
155 935
17 36
294 268
524 292
593 408
137 664
795 475
49 255
19 247
72 887
967 137
912 53
113 686
478 898
182 142
13 371
207 136
166 999
730 545
208 612
164 898
954 178
70 810
963 58
442 54
152 476
564 187
188 153
101 146
41 130
100 129
7 19
110 181
588 617
772 185
145 790
298 593
949 111
760 57
13 448
545 44
760 391
681 99
43 214
194 160
178 367
560 122
653 38
36 564
968 178
978 790
189 136
719 165
520 169
103 314
942 174
169 105
26 356
721 100
894 190
150 973
143 625
87 158
149 136
221 11
118 27
677 940
18 60
73 199
87 976
192 805
189 138
279 243
167 278
888 181
325 85
695 400
952 71
181 89
111 648
480 720
520 639
114 324
837 18
970 69
141 225
181 204
15 727
344 699
200 297
125 179
423 181
15 232
179 56
28 91
180 405
313 810
620 54
62 285
6 962
399 165
416 584
987 80
462 613
75 685
151 626
195 637
112 625
81 236
71 965
597 63
392 65
10 116
485 526
964 93
422 193
743 162
696 352
644 924
43 981
189 18
15 575
882 731
834 521
23 884
140 880
309 195
525 101
188 518
474 436
178 36
571 285
698 991
47 65
110 350
773 540
54 292
817 183
158 447
59 590
59 245
577 94
16 959
900 363
347 506
312 619
127 115
70 952
128 214
2 137
887 18
80 959
59 32
644 186
8 521
768 841
79 765
22 988
860 47
49 95
176 5
374 204
375 84
453 586
154 671
685 17
499 11
837 769
868 425
13 857
552 462
24 365
106 288
741 431
445 368
715 758
473 51
142 771
163 316
131 558
781 55
364 720
421 787
123 782
857 211
558 57
746 149
122 184
77 918
946 267
134 818
213 38
149 142
123 460
383 85
677 867
864 666
520 975
104 608
322 259
136 812
951 109
704 72
39 669
186 565
707 2
48 256
724 538
194 710
641 142
213 95
177 642
162 738
434 104
707 79
184 519
155 736
77 116
964 117
467 963
93 949
15 707
42 506
102 704
702 763
786 95
910 110
682 972
599 673
4 201
364 272
210 80
797 201
697 156
925 133
889 172
64 159
624 334
215 43
29 182
228 176
795 252
478 76
722 356
463 223
200 595
906 858
826 168
144 280
614 34
105 375
660 278
525 163
912 972
499 46
41 965
107 185
863 52
153 426
79 86
590 126
186 34
191 916
47 155
160 358
473 81
334 97
372 218
139 874
156 896
52 982
285 220
222 77
361 20
349 910
188 806
245 187
656 91
234 466
950 616
814 340
184 971
849 185
38 64
953 340
171 945
57 968
140 853
890 322
193 483
712 85
402 50
50 87
53 447
719 478
974 584
621 343
910 609
641 652
163 691
766 117
207 137
969 67
202 19
888 142
57 522
434 927
296 10
623 292
182 903
805 91
51 771
68 191
625 715
881 73
753 808
864 104
267 105
150 402
49 75
859 217
377 963
29 419
25 742
997 44
134 164
129 524
179 817
841 446
73 847
425 168
17 233
207 681
200 52
40 538
376 768
451 30
296 270
6 951
764 544
116 767
51 305
948 517
57 131
400 888
839 59
33 455
161 94
2 350
172 797
775 951
65 102
22 504
169 410
105 506
162 662
265 52
98 954
979 193
302 104
853 169
47 706
961 942
107 607
25 604
77 415
177 178
117 117
74 838
48 290
453 50
910 58
80 465
412 130
590 18
337 132
7 70
823 473
663 184
816 901
278 566
805 97
61 502
636 33
112 290
392 993
882 18
164 215
26 561
144 416
348 426
621 553
517 69
715 104
18 309
130 610
166 20
22 432
107 480
3 933
213 32
100 600
832 955
662 109
727 13
91 536
114 140
880 170
753 142
68 75
668 87
761 113
63 464
443 120
375 743
101 430
68 454
909 869
8 681
908 153
81 47
8 730
164 606
174 860
833 292
378 139
761 79
751 38
420 307
137 281
178 70
108 921
182 176
26 46
580 130
112 480
160 176
176 165
179 754
147 889
63 655
251 858
741 69
157 338
973 932
12 33
300 123
38 708
16 416
487 984
257 6
551 935
6 161
740 128
733 33
246 89
165 739
56 478
285 74
581 153
184 58
305 59
264 327
801 782
258 49
316 947
987 818
122 741
452 338
452 167
241 397
160 714
54 912
688 119
911 33
105 77
138 568
103 149
5 60
459 846
171 184
3 832
146 151
881 311
104 123
77 733
192 48
343 125
432 147
65 411
20 413
4 432
277 235
460 195
62 598
322 176
59 610
137 483
75 629
875 954
53 75
219 373
213 160
928 950
983 119
218 82
92 636
64 29
715 203
792 771
290 53
602 133
851 634
257 985
950 168
221 275
722 719
524 183
907 222
61 519
251 76
351 924
162 6
200 340
76 265
92 687
380 76
774 660
139 234
162 714
2 387
689 156
49 849
190 834
160 51
852 58
898 156
160 776
99 678
196 542
290 184
831 56
158 386
121 195
34 443
198 694
435 60
751 955
86 484
42 111
12 691
102 673
641 661
38 386
49 910
779 523
174 151
108 77
651 15
190 181
247 250
38 696
82 730
904 316
194 582
129 721
872 922
858 735
252 678
62 804
141 357
158 350
987 5
194 464
21 622
544 156
776 476
532 823
720 63
341 132
677 833
572 383
797 163
129 675
286 517
32 770
611 159
657 149
58 983
410 446
444 412
291 4
132 364
884 390
332 590
895 604
105 859
283 140
39 226
146 95
950 791
480 127
349 189
162 911
87 875
50 418
764 343
34 46
67 816
159 932
113 975
77 16
317 40
589 72
102 920
623 34
579 79
48 180
766 339
802 650
43 82
194 753
457 813
63 137
443 203
187 243
664 60
552 352
176 562
884 112
645 18
237 76
59 152
32 80
665 511
137 306
887 580
800 669
381 39
905 37
672 78
899 177
965 154
39 170
44 460
142 978
171 48
175 920
506 86
157 722
185 192
894 339
181 141
717 129
144 526
902 157
185 686
63 906
30 753
693 250
760 196
119 819
144 804
775 115
564 56
473 252
100 268
412 151
109 287
274 804
119 541
823 40
42 262
841 10
226 191
23 972
572 160
100 46
135 372
421 131
422 573
239 974
926 819
192 468
336 549
393 71
923 74
87 83
156 10
955 169
90 616
631 101
906 980
185 905
731 574
948 123
173 899
465 998
190 48
137 12
822 242
150 901
405 128
270 30
14 605
58 664
907 134
152 1
115 595
613 34
561 37
736 612
827 88
115 688
81 237
71 354
904 196
656 127
55 663
51 698
726 194
592 155
493 874
737 148
508 906
984 165
166 708
515 37
140 191
151 344
22 551
49 615
675 507
842 63
822 171
768 992
766 42
132 742
398 18
39 197
591 98
593 35
359 149
297 360
855 558
352 171
258 386
87 50
986 619
86 998
154 522
623 758
483 29
60 348
248 133
78 190
876 25
23 37
129 613
829 993
98 108
759 154
376 832
73 226
462 97
584 125
101 559
331 949
517 64
155 733
47 636
71 316
565 936
7 78
674 505
971 409
806 718
87 69
270 11
44 616
73 747
145 213
36 293
154 247
49 22
407 756
179 173
111 77
64 715
870 164
409 105
164 55
611 50
387 34
387 112
195 823
157 972
25 641
593 643
26 791
165 173
934 125
422 619
82 943
244 643
423 385
533 35
54 438
358 825
887 590
760 322
158 313
815 314
337 15
6 134
288 897
54 809
716 704
938 976
222 69
439 926
510 594
190 736
17 94
82 21
698 62
176 277
346 95
463 649
954 643
189 913
740 31
521 77
25 613
75 322
112 435
13 179
917 34
532 93
537 146
975 93
160 964
962 4
660 489
657 132
184 964
417 143
59 326
711 101
309 48
337 199
100 303
749 141
145 74
159 306
833 113
40 614
750 197
626 733
78 217
27 630
74 772
264 285
152 733
4 5
163 452
626 36
799 965
642 177
47 718
160 633
527 193
368 727
762 145
101 163
892 796
978 28
379 139
759 377
862 459
138 817
5 643
181 87
886 234
197 406
149 654
412 196
337 116
916 152
840 712
46 29
994 132
564 178
50 446
438 518
196 87
355 349
900 733
373 94
93 146
329 945
194 103
49 818
623 211
176 571
869 187
96 917
674 182
533 24
394 21
813 174
725 97
210 128
92 799
329 419
35 490
49 978
134 737
196 877
188 932
66 166
357 122
953 644
128 661
982 237
871 192
327 146
109 466
436 25
734 151
353 978
66 34
557 151
918 918
819 181
385 106
25 733
532 772
131 898
754 42
775 85
253 184
365 46
156 519
904 178
428 153
484 795
728 29
190 702
124 794
80 532
765 151
156 101
650 177
11 468
297 44
392 12
14 261
377 115
71 469
7 728
826 920
211 313
278 150
200 854
583 519
126 958
80 64
335 19
157 344
816 187
122 994
393 142
37 81
60 576
941 30
160 526
58 488
67 922
265 165
214 16
530 178
277 71
232 173
232 84
959 18
134 1000
122 136
461 22
217 162
11 884
296 548
62 905
747 876
627 86
643 18
750 86
420 17
99 487
996 827
555 575
107 238
518 791
555 851
21 972
279 407
184 380
655 1
172 808
637 117
167 567
98 672
137 412
78 424
367 455
967 297
656 562
141 103
644 148
447 31
56 871
195 356
195 833
267 1000
186 949
136 39
19 129
433 48
408 365
108 107
627 741
564 873
297 379
198 32
103 410
967 545
69 316
456 11
332 241
663 693
111 324
55 971
970 570
722 412
247 66
9 102
72 331
60 771
669 155
535 94
536 44
160 18
169 269
365 918
130 649
628 504
247 607
486 273
791 956
241 92
41 157
960 141
25 63
45 276
474 139
181 992
687 339
56 777
56 561
959 197
111 164
125 585
680 91
730 132
16 690
578 194
38 313
842 535
141 58
103 974
917 53
36 80
553 137
72 300
447 111
846 175
163 245
209 61
83 407
12 265
727 884
536 683
877 831
367 131
163 60
439 117
647 163
627 61
100 142
92 486
2 841
114 654
611 981
144 578
408 445
275 128
952 68
191 964
704 816
114 778
601 34
57 132
648 942
155 140
939 876
189 67
71 760
995 126
122 741
330 815
43 187
136 200
89 990
924 751
112 808
105 191
18 864
96 105
193 831
796 142
153 528
682 509
40 72
722 121
25 748
751 152
89 121
43 156
68 43
345 993
94 447
50 923
271 990
24 276
270 27
56 793
839 78
341 162
371 387
947 15
822 176
408 253
880 233
324 15
19 607
110 409
61 642
571 114
88 115
548 76
91 134
655 658
315 89
59 975
170 204
187 669
929 129
254 158
615 179
160 586
177 17
913 686
734 155
947 342
120 463
798 456
388 89
731 119
103 874
365 696
717 463
909 154
109 901
142 18
101 46
407 520
359 162
711 140
155 436
173 253
775 18
832 78
48 942
351 735
675 10
90 248
393 157
2 832
833 365
174 497
10 738
417 45
59 924
729 7
169 23
519 86
119 381
608 654
159 417
601 193
104 346
919 860
56 35
751 244
845 267
443 145
949 520
586 150
527 475
181 608
121 326
595 84
163 847
99 613
73 580
101 112
847 140
370 92
662 138
391 546
1000 168
607 27
266 37
28 111
990 300
766 83
13 921
353 130
983 859
330 123
19 676
267 670
56 989
86 408
802 97
131 297
115 563
962 914
46 252
114 463
196 212
785 973
411 994
68 562
125 843
172 855
17 897
123 775
752 782
467 534
227 320
977 831
612 198
917 133
5 990
519 850
752 155
300 21
248 101
3 715
784 531
186 190
825 106
242 160
113 439
949 375
424 103
86 307
12 680
836 663
24 755
821 402
651 579
524 22
179 433
32 194
287 31
635 543
900 98
240 111
154 114
194 531
584 155
249 61
796 932
596 212
5 128
38 776
139 681
110 744
305 494
165 677
76 906
935 192
63 854
840 155
447 96
954 83
135 390
101 814
798 354
641 140
911 1
842 192
802 509
140 942
6 741
59 627
468 100
1000 67
150 83
388 128
397 866
120 236
79 786
124 39
132 614
836 244
608 606
348 121
365 64
182 355
76 153
184 595
854 59
932 162
137 58
722 15
354 318
270 192
62 197
265 808
286 199
39 88
606 160
137 100
724 192
979 81
149 289
349 20
45 354
438 78
421 933
640 114
380 520
147 298
161 105
255 71
774 926
228 193
892 263
974 43
167 193
813 143
214 48
933 319
119 710
35 438
151 754
309 78
704 73
340 116
830 386
64 980
340 131
836 68
96 628
489 483
198 22
238 695
544 14
196 181
640 87
47 229
821 873
719 772
335 195
62 617
40 113
91 823
209 597
947 397
783 380
939 374
925 178
100 590
298 69
121 636
56 140
61 219
164 424
61 38
154 740
194 177
925 154
864 924
660 346
27 596
459 181
281 87
184 787
926 52
446 607
183 66
688 978
439 434
78 184
39 689
428 9
68 4
391 2
249 472
668 481
775 75
680 107
944 234
168 985
338 933
142 394
355 183
67 127
551 613
515 178
368 70
3 864
70 12
183 742
41 503
120 49
374 544
238 183
6 399
222 17
723 456
547 952
2 945
94 507
153 157
559 164
153 83
16 532
38 125
422 77
385 121
431 320
240 5
1 759
481 416
180 40
129 86
570 151
882 124
171 5
210 362
587 292
20 123
36 662
149 704
77 236
147 925
924 66
692 135
331 668
62 938
329 148
979 220
38 192
130 544
191 782
757 161
842 84
562 88
1 885
261 90
2 931
436 16
170 748
585 389
49 136
140 199
62 204
128 649
179 404
259 184
56 969
52 810
938 4
382 482
46 136
107 978
82 649
309 153
918 7
873 305
8 978
970 108
268 1
885 82
79 190
224 876
857 864
988 808
493 47
263 92
688 90
17 530
359 83
464 121
58 107
183 517
779 7
649 158
27 780
341 92
82 758
371 110
6 586
954 51
312 113
548 245
10 511
20 900
147 39
587 426
95 720
131 664
892 87
55 825
876 226
979 127
479 676
391 153
820 539
653 522
18 263
693 796
235 271
291 49
876 163
182 2
431 83
470 144
944 525
106 195
723 36
155 743
919 121
940 182
224 465
202 196
826 88
29 519
65 72
82 24
217 173
173 226
881 296
581 129
53 314
980 572
511 114
981 156
84 111
124 516
371 22
109 604
107 112
947 966
141 936
824 110
351 18
224 394
313 51
67 212
772 187
801 489
275 840
575 581
777 14
604 516
300 74
145 185
776 114
185 80
167 57
36 968
330 473
355 511
555 182
374 182
184 383
57 802
103 764
107 547
188 958
967 350
978 34
608 102
13 424
591 812
967 953
540 506
123 669
11 1
145 26
540 775
67 806
200 670
813 154
108 22
94 361
156 643
18 970
107 691
866 909
425 80
723 50
99 365
145 554
112 34
75 237
145 222
644 140
441 187
170 865
949 165
123 128
40 675
17 522
72 539
881 394
38 296
48 142
939 213
815 162
437 126
160 98
124 81
729 107
404 568
7 194
994 62
875 745
1 178
126 402
43 814
58 559
902 839
45 228
16 655
168 719
127 341
762 157
294 793
241 108
262 112
949 613
883 984
369 159
973 11
88 803
579 905
331 479
192 306
654 131
56 906
961 809
469 976
348 47
84 5
936 721
67 694
880 578
581 148
86 128
937 24
511 597
174 172
84 987
5 721
23 395
190 566
65 922
493 618
73 663
532 318
813 54
72 613
9 842
3 171
109 16
530 89
46 442
171 395
775 569
200 706
816 70
104 909
527 8
730 442
485 85
936 33
921 252
789 100
531 29
130 850
106 725
27 48
699 839
237 62
46 14
6 725
46 24
928 450
468 197
196 206
147 891
83 154
750 575
3 823
102 111
159 820
763 56
164 415
41 751
664 80
737 332
208 774
482 654
101 182
204 714
646 101
786 159
117 112
163 635
82 44
247 157
60 92
83 17
51 657
681 156
735 20
379 67
464 318
519 176
774 198
176 47
118 108
370 162
133 117
526 898
83 206
699 109
20 912
967 64
146 742
178 158
381 313
743 423
370 19
987 112
52 280
37 554
156 652
200 264
2 700
655 162
550 185
366 25
895 46
22 68
952 99
316 826
724 19
388 120
320 89
626 192
668 25
178 665
239 788
197 551
144 799
75 405
50 543
31 140
28 21
578 23
94 641
22 542
630 220
54 123
177 103
860 96
286 59
768 917
570 421
590 165
102 479
172 301
775 90
200 132
613 913
114 982
866 400
23 708
355 169
863 4
35 146
96 904
800 814
127 480
246 82
60 246
31 807
110 21
73 163
322 131
165 362
48 14
490 49
787 189
113 827
478 842
122 173
292 142
146 730
106 34
24 2
979 73
179 301
185 455
137 569
53 183
302 166
821 563
721 140
193 906
176 553
433 30
22 410
124 938
159 935
965 94
902 654
92 142
4 290
601 43
469 129
108 568
234 48
215 101
897 891
748 135
193 239
92 498
82 570
884 2
115 432
883 125
141 928
110 477
122 147
186 735
22 18
62 598
73 96
671 100
17 182
108 497
938 165
45 181
846 73
13 144
987 665
142 901
753 743
745 53
378 56
21 36
69 322
311 88
77 451
48 318
503 184
722 12
332 618
269 193
105 553
117 488
80 157
614 211
179 373
96 444
24 757
409 716
151 11
75 484
97 304
284 921
99 572
249 31
650 346
477 200
70 33
720 76
169 331
52 328
564 194
6 522
179 446
199 919
587 125
852 490
89 176
884 143
103 810
240 173
591 25
994 562
251 897
195 747
150 407
690 543
760 83
21 807
80 99
36 816
247 22
50 248
704 984
877 159
262 149
13 442
861 21
95 595
7 734
154 950
745 199
700 155
283 349
716 43
100 82
685 83
520 342
48 910
443 569
969 47
665 396
3 664
823 65
187 59
383 75
90 106
41 570
131 317
73 830
54 275
119 521
434 195
377 55
62 397
443 83
97 310
778 916
57 280
292 159
488 418
696 132
176 354
898 692
151 791
981 449
526 685
115 379
602 543
112 52
160 704
876 150
413 356
180 629
628 979
20 715
20 842
777 105
764 11
179 972
155 86
48 33
394 867
823 72
798 77
21 712
560 136
363 45
370 816
250 221
10 157
392 51
25 874
437 112
142 904
91 134
10 603
165 215
684 159
613 684
73 83
150 686
122 699
35 858
273 109
397 233
512 998
942 108
858 187
379 573
196 233
890 78
63 468
831 86
21 832
161 936
643 130
88 937
31 978
610 3
187 400
257 128
709 46
436 208
298 182
960 28
118 459
943 279
364 70
611 809
362 695
995 19
78 329
420 753
46 292
610 126
49 17
855 175
174 708
24 76
14 931
223 25
74 82
516 131
70 403
943 669
112 868
613 593
704 331
649 180
36 142
14 214
90 101
89 980
600 338
178 941
862 70
183 835
228 56
622 937
165 91
120 862
980 107
112 588
995 111
530 61
761 340
683 682
858 34
702 11
865 200
104 478
118 624
148 9
574 680
719 870
198 648
733 309
914 681
190 633
64 566
121 770
903 945
72 820
358 245
249 153
444 617
41 555
95 770
58 75
223 79
830 24
292 447
825 137
143 368
114 163
25 11
41 804
163 137
74 115
177 645
772 386
747 134
233 142
639 896
50 198
67 333
121 225
145 484
981 300
45 85
35 859
79 957
129 932
365 471
95 433
169 838
179 22
243 99
350 985
185 780
596 919
410 200
76 72
82 857
384 21
48 778
670 172
594 811
534 164
205 618
827 991
356 20
128 195
111 197
2 630
316 68
610 9
791 184
824 147
343 60
640 122
166 956
126 94
337 63
248 160
96 46
488 204
40 94
827 116
155 918
849 194
39 672
86 863
444 97
548 720
620 52
180 383
982 3
26 953
191 42
86 157
684 199
846 565
255 45
106 233
388 811
96 718
71 74
789 93
616 190
94 635
659 118
124 166
132 274
276 994
500 793
88 66
124 321
395 367
82 847
199 858
162 358
90 177
129 548
27 582
885 138
17 163
852 315
319 278
180 64
791 929
100 887
200 41
61 897
814 603
92 708
144 158
765 921
956 100
631 879
48 323
603 106
124 217
870 156
176 370
113 335
768 94
808 76
868 307
293 67
900 48
784 95
332 69
43 28
137 127
487 159
549 20
199 242
584 176
636 137
128 14
73 669
191 834
171 892
372 122
122 623
111 107
140 241
52 842
124 883
20 319
181 817
314 232
933 128
79 725
113 175
68 561
665 100
197 88
162 167
710 85
272 394
331 193
974 77
891 185
557 72
852 943
974 576
198 269
248 154
528 81
179 296
861 166
335 137
480 189
181 496
611 254
861 5
905 25
156 10
375 5
106 884
331 601
78 595
414 91
815 176
589 322
496 432
289 64
368 352
291 456
428 630
123 301
184 9
144 922
84 444
731 938
300 121
534 141
376 561
498 125
22 191
61 169
193 67
192 564
608 146
88 30
739 184
255 27
738 149
142 378
66 593
147 32
910 407
109 160
391 899
117 29
108 113
770 836
782 276
212 199
107 415
722 72
946 93
559 15
262 181
102 795
176 987
217 51
506 111
48 226
234 25
840 373
636 16
151 196
157 566
743 708
569 931
30 81
133 333
847 109
893 655
302 57
217 3
197 143
337 65
840 141
782 415
34 660
996 134
48 828
814 106
73 295
927 125
841 262
907 107
7 513
364 972
51 38
723 54
3 724
324 30
320 60
138 195
579 401
398 433
363 27
180 533
45 193
764 4
304 178
318 179
439 69
47 822
440 56
528 253
194 113
37 964
126 210
977 120
37 138
798 463
836 149
397 425
102 516
310 749
302 101
67 558
75 918
93 536
336 391
35 84
864 510
54 837
233 129
52 706
362 15
759 411
74 731
75 74
67 476
327 177
885 61
128 794
78 367
159 958
351 46
565 242
892 95
70 954
560 80
121 48
673 135
790 20
156 178
145 205
76 613
106 798
959 20
52 326
188 804
178 61
139 571
807 44
318 975
51 190
163 182
498 44
90 369
384 131
921 505
807 247
126 471
78 181
970 125
948 36
139 903
158 455
372 68
146 105
158 346
445 404
165 408
437 783
439 172
123 372
135 715
831 395
546 891
367 181
82 972
191 805
794 174
824 32
138 193
601 421
628 73
69 144
149 177
993 5
179 707
133 92
46 23
714 959
758 640
691 526
104 169
174 508
381 131
976 788
657 951
54 346
268 30
191 419
876 88
346 370
194 22
684 20
178 630
222 344
184 279
44 679
152 453
27 265
147 38
89 439
162 870
551 395
253 387
67 835
564 16
521 939
441 198
605 767
610 11
163 896
577 169
19 41
195 741
652 175
813 88
629 627
249 257
79 546
54 491
561 75
412 156
917 157
545 67
53 469
100 504
182 699
504 62
425 79
224 372
253 29
588 96
644 491
174 750
681 45
894 189
121 24
573 574
87 391
152 107
649 291
14 479
36 432
137 342
229 864
79 405
179 211
819 100
890 985
156 356
895 58
172 86
141 562
786 375
333 163
305 32
168 590
358 198
92 134
53 589
719 43
5 93
428 182
664 259
142 156
166 553
565 66
147 836
235 164
172 447
122 958
154 389
16 664
102 646
848 349
66 192
170 248
169 152
183 15
589 909
414 103
617 612
645 72
186 507
17 682
854 17
806 512
172 153
196 636
882 5
151 447
499 189
153 42
503 458
947 1
545 457
81 788
243 144
833 130
688 842
580 68
74 168
240 155
413 192
101 354
150 586
39 959
784 132
482 595
774 13
129 175
314 124
141 288
242 116
645 991
172 102
301 527
114 815
641 55
893 127
22 832
825 824
253 774
444 21
582 238
998 270
766 78
110 209
469 228
184 737
799 128
124 17
767 310
444 766
859 95
726 458
173 702
893 56
270 987
595 8
557 101
171 21
177 262
303 201
437 7
601 558
672 83
83 190
5 851
351 138
781 103
114 13
974 379
20 3
34 812
953 60
517 94
85 882
222 133
56 371
840 4
74 835
97 257
112 841
152 966
731 48
447 674
821 988
851 172
782 759
183 177
244 681
575 929
267 36
387 183
932 129
93 25
894 132
899 69
1 517
928 31
28 159
299 506
637 757
579 5
73 646
51 799
28 87
631 666
179 7
43 462
746 308
113 262
190 508
631 796
233 612
426 124
445 530
127 884
255 36
669 965
131 145
362 57
169 424
199 458
440 717
909 177
659 254
806 206
869 132
219 334
209 249
466 56
312 63
554 870
558 271
129 451
850 110
32 279
582 188
662 925
502 50
640 891
66 385
669 649
32 53
17 631
71 104
158 62
556 268
269 113
613 402
640 103
364 468
261 756
967 56
15 878
645 184
210 376
703 22
100 564
307 797
742 33
517 419
650 203
72 97
176 621
671 905
388 175
586 17
311 188
78 744
73 38
123 114
477 39
976 947
177 77
183 371
656 131
198 358
705 930
46 137
146 961
197 143
972 41
121 229
592 270
106 177
87 437
646 155
46 317
283 186
344 136
189 465
136 337
134 106
646 15
36 604
797 191
210 85
956 199
987 534
867 155
604 980
84 719
287 146
174 975
167 462
446 187
294 951
497 4
99 29
835 140
248 113
99 580
639 95
919 24
50 382
889 504
480 127
189 523
771 63
801 716
511 612
714 56
118 709
44 412
862 9
363 300
925 175
986 580
721 242
953 34
542 198
970 194
244 60
796 411
217 440
168 692
875 66
526 339
656 170
125 772
193 768
52 75
234 123
477 23
688 180
588 360
911 158
673 146
422 10
402 594
51 971
153 900
803 199
649 985
161 282
66 522
124 468
326 220
60 363
876 593
884 937
93 504
273 77
885 614
249 146
946 131
612 145
14 838
993 794
591 98
288 52
23 124
18 636
686 53
157 126
234 108
4 866
150 412
869 510
177 849
927 67
165 885
686 59
143 978
881 167
625 751
542 957
346 123
262 24
991 109
655 70
701 698
170 461
245 107
806 655
464 201
533 975
576 162
167 705
597 45
127 744
237 147
361 863
378 4
67 86
200 195
820 183
328 355
190 119
816 633
642 79
47 490
637 207
126 431
511 562
967 63
156 80
37 23
35 834
835 822
820 168
798 66
78 166
249 152
94 132
665 464
167 452
606 646
142 834
197 555
588 193
181 378
942 427
915 92
326 182
14 851
740 153
468 851
43 175
65 790
50 405
751 200
455 745
306 199
95 745
691 146
164 2
22 407
26 304
105 931
549 649
478 523
63 202
120 308
711 994
173 130
96 711
180 616
751 69
965 176
135 118
29 189
33 144
147 51
75 747
184 966
397 34
62 534
77 184
136 22
150 397
76 161
97 106
122 478
225 247
630 801
53 777
459 760
845 2
31 131
142 847
557 428
457 601
218 172
163 787
51 39
11 282
826 119
499 382
30 181
765 765
522 58
299 66
15 83
148 10
414 192
514 51
792 175
111 325
136 165
807 807
316 153
154 24
296 10
69 33
160 33
861 840
682 11
2 608
940 952
539 839
346 169
323 91
134 472
510 522
125 207
921 303
70 24
315 89
589 59
73 886
35 185
678 71
564 39
239 96
111 246
158 701
4 412
135 604
710 8
87 409
161 69
111 802
10 865
154 367
664 154
192 332
753 89
946 3
603 25
20 227
84 9
244 48
149 920
345 72
36 570
364 668
636 141
939 157
492 697
557 113
700 35
245 178
480 504
21 581
599 895
167 195
604 58
167 915
55 986
493 109
730 201
958 193
759 172
131 737
911 752
160 625
195 165
396 921
711 366
60 44
57 881
105 871
514 43
535 192
918 143
25 189
467 93
349 321
24 17
881 53
663 608
251 60
964 153
262 911
118 192
598 503
175 178
25 605
32 271
220 346
131 354
938 431
375 528
43 151
177 282
47 515
803 157
109 539
168 59
870 697
18 564
709 92
14 997
105 16
271 152
136 146
318 514
866 715
194 187
71 982
142 326
448 279
797 556
814 674
56 788
83 475
823 483
130 134
131 807
225 813
43 125
234 474
2 1
5 2
554 759
125 918
202 568
166 746
332 898
62 89
121 807
36 798
440 20
48 468
876 58
72 221
56 653
134 795
152 222
423 166
109 678
248 521
98 135
32 134
208 942
431 427
47 378
985 727
100 605
952 475
516 130
651 139
142 260
107 67
144 117
33 432
12 61
929 156
150 18
119 983
214 120
278 46
82 361
730 649
953 811
2 669
203 179
92 262
662 580
224 27
133 551
297 93
399 403
59 434
177 793
73 533
151 280
826 339
700 576
982 180
520 951
148 639
54 323
59 416
51 146
124 683
144 586
324 148
78 28
137 586
388 455
33 192
326 420
77 272
348 79
451 104
924 485
146 277
29 419
138 719
340 633
30 679
150 787
80 826
6 926
152 692
110 686
336 169
106 118
197 123
177 713
387 103
35 80
271 718
100 391
32 667
61 37
154 990
91 318
80 741
33 670
662 958
918 95
77 673
452 190
6 836
107 161
49 451
61 948
168 99
142 171
132 38
194 27
383 199
649 509
320 244
992 173
894 25
148 34
724 886
491 129
522 38
7 692
468 490
897 199
120 224
71 481
658 32
811 59
793 572
408 166
118 730
90 262
474 701
878 629
333 906
905 200
236 696
741 817
841 575
691 7
105 131
468 93
8 193
621 269
794 616
46 153
175 988
149 264
197 773
796 130
59 215
158 88
150 756
896 235
867 142
63 598
18 707
528 696
15 129
104 979
980 967
60 478
741 226
259 147
128 662
636 10
142 32
36 577
138 714
74 565
878 113
752 54
99 15
680 59
156 973
112 421
145 349
919 916
931 963
24 41
178 855
38 629
23 746
723 5
144 975
418 140
699 139
100 231
58 908
174 923
746 983
475 47
223 20
387 63
29 157
34 371
972 13
190 600
602 15
384 132
34 126
356 219
136 887
802 750
665 89
48 154
2 471
872 173
175 351
770 196
173 196
539 727
108 915
105 178
454 683
185 812
53 10
197 193
677 12
591 593
608 336
595 178
130 41
441 43
254 812
80 637
101 158
47 662
146 180
987 299
552 112
575 40
804 450
10 317
194 557
379 101
225 106
144 452
801 714
375 32
560 81
898 24
821 11
779 43
474 192
144 29
799 762
425 58
169 787
45 244
966 113
927 129
828 313
14 907
190 631
60 31
666 147
74 784
471 77
759 455
892 564
60 932
360 12
127 436
21 187
338 913
552 14
170 818
158 758
91 26
40 881
425 131
96 397
50 113
550 59
714 586
39 318
108 851
16 463
19 314
61 143
80 387
64 3
199 660
383 138
514 170
276 149
194 603
196 229
269 106
22 410
573 252
984 8
111 917
116 218
667 28
18 759
76 755
128 195
863 138
745 5
887 91
161 222
205 147
552 38
178 881
145 187
899 72
417 351
98 518
503 913
80 74
734 625
210 24
636 75
421 343
670 187
177 57
92 823
175 678
179 138
66 458
547 805
127 499
266 16
829 199
974 11
616 951
81 56
856 440
9 753
960 78
708 921
260 914
214 893
154 545
23 494
110 179
140 646
684 142
37 101
727 655
609 92
742 70
592 937
156 268
188 92
885 945
645 95
888 112
136 442
484 518
584 98
131 860
162 768
291 635
13 90
125 783
1 800
23 252
826 98
662 927
37 148
136 118
197 87
895 2
358 141
204 20
639 277
255 441
694 71
510 776
271 134
120 4
661 337
182 425
764 436
47 154
240 138
663 137
423 602
833 250
396 180
10 82
106 702
178 150
262 116
356 606
293 65
2 936
60 133
106 615
322 45
502 102
49 352
770 160
267 706
115 135
111 191
187 94
118 729
74 812
570 885
768 954
73 36
427 109
379 171
132 356
190 209
4 973
171 178
247 185
173 41
200 277
871 4
6 984
862 26
953 110
767 207
786 71
332 426
4 904
462 44
864 81
902 559
404 136
912 125
147 605
56 87
10 805
489 865
325 448
978 132
768 698
412 92
178 107
359 25
136 361
610 1
111 878
67 72
89 575
193 892
164 978
944 754
93 108
48 121
179 219
335 119
220 97
199 704
700 116
38 422
845 129
70 211
623 830
556 366
890 29
59 287
476 140
737 132
45 109
64 701
584 155
361 928
193 287
442 38
665 465
204 182
598 972
434 998
622 463
60 84
331 129
212 11
8 770
142 262
480 1000
185 720
597 53
185 517
917 47
181 998
240 148
213 110
116 127
669 19
214 126
960 541
56 251
217 891
110 663
778 89
740 88
266 10
253 338
25 181
497 495
124 162
51 333
189 508
226 124
27 165
570 494
174 210
371 693
46 791
784 152
181 11
597 75
196 27
983 617
147 462
273 109
530 371
62 23
889 111
19 416
191 7
21 479
137 142
188 225
854 44
76 106
43 111
393 76
826 39
931 831
312 951
95 139
944 889
140 853
808 833
209 40
369 69
515 170
159 729
970 13
93 102
47 57
188 78
162 441
183 137
8 451
367 12
196 97
248 74
730 59
68 142
182 719
242 900
145 563
791 88
48 273
979 85
140 122
235 92
