1000 1184509
10000
369 185
963 61
448 438
118 777
883 301
65 194
377 127
30 156
677 160
64 202
138 623
877 34
87 212
196 89
264 119
804 168
302 17
123 993
312 247
217 281
164 771
822 69
189 816
158 237
49 567
106 855
762 41
895 595
919 378
577 647
22 217
148 166
850 745
12 25
309 84
647 405
7 673
644 47
193 989
105 396
528 819
877 475
145 783
69 407
797 845
454 110
703 506
65 710
125 91
57 381
65 535
663 724
45 414
963 29
111 827
505 17
170 91
857 233
523 123
191 202
46 409
195 63
942 200
174 189
104 768
110 360
168 881
706 153
1 235
148 80
332 769
3 344
40 906
138 453
381 191
461 110
472 710
738 7
950 877
24 54
179 736
95 905
567 115
541 90
145 863
627 457
21 186
102 721
880 181
328 139
39 825
149 766
750 577
587 66
144 55
78 972
46 288
132 525
281 97
981 78
112 510
131 816
66 100
156 90
187 736
107 398
936 864
695 56
132 723
932 21
150 711
166 711
229 451
888 27
168 562
377 257
926 9
130 433
84 640
240 107
16 330
718 312
39 361
848 195
195 138
676 71
470 115
946 646
53 727
192 75
987 271
18 599
223 287
63 630
302 759
379 508
162 162
686 132
696 192
81 918
924 97
526 132
40 86
105 686
920 90
623 538
667 831
10 73
92 407
678 64
795 35
195 171
279 77
44 82
131 240
3 388
250 965
152 121
270 865
41 647
73 391
22 35
19 624
161 6
181 914
667 391
363 81
773 140
839 448
531 143
219 199
757 45
126 687
627 91
121 830
354 546
126 759
269 180
260 65
112 382
194 859
175 312
204 595
601 154
141 169
179 92
782 101
130 139
52 109
967 866
529 98
954 887
372 98
319 192
301 190
152 389
345 95
650 153
145 752
105 88
661 27
475 15
504 958
184 983
118 170
944 157
511 785
55 993
27 551
291 439
139 840
153 140
67 124
102 319
31 169
402 17
475 35
983 52
749 83
92 232
542 955
664 863
410 98
537 10
238 24
451 741
69 72
166 166
846 863
595 113
66 425
156 594
15 305
979 179
326 188
377 177
799 199
163 377
435 463
65 142
594 130
111 347
586 835
352 117
20 389
933 772
505 858
590 279
746 156
7 101
179 112
331 151
103 324
252 45
81 951
101 636
603 818
845 51
23 806
580 282
716 80
571 1
146 454
167 961
178 187
832 156
111 644
102 792
102 418
185 37
156 680
821 551
493 840
403 63
125 250
99 472
108 525
587 182
711 2
233 72
127 91
68 95
190 246
264 428
673 595
409 107
362 11
852 124
152 892
23 436
81 54
184 934
153 237
82 686
992 111
172 837
520 146
236 294
196 7
878 302
11 371
356 526
215 56
384 893
666 590
98 993
858 170
686 109
677 187
106 917
537 647
1000 111
664 48
752 736
900 139
811 558
486 194
53 651
710 861
993 124
674 490
26 538
224 405
113 460
415 71
7 494
196 669
160 64
176 376
448 230
670 49
529 40
46 78
550 120
807 158
248 992
895 737
90 481
915 633
43 443
219 130
429 13
171 751
182 110
486 755
40 696
829 283
294 267
125 9
863 965
869 481
13 83
33 768
307 13
480 730
270 416
726 187
154 577
149 253
191 729
139 273
160 103
618 144
108 892
19 776
26 144
159 6
413 492
522 895
791 21
128 182
12 824
215 293
151 111
307 185
40 257
169 552
395 16
871 163
627 57
3 99
511 961
148 189
94 762
108 955
487 738
887 843
643 86
506 225
157 61
282 683
400 77
101 855
504 137
440 133
68 559
332 86
58 652
987 499
256 514
768 736
17 429
42 707
106 142
162 177
795 90
909 133
989 123
350 803
907 76
444 1
76 429
249 194
876 59
451 104
299 937
943 22
303 194
92 893
186 80
470 47
970 855
794 34
483 433
541 59
462 20
448 185
213 880
47 540
40 159
172 27
28 597
488 134
97 970
181 1
286 162
29 262
64 79
749 296
309 253
381 441
623 66
117 935
103 909
141 631
698 76
219 697
347 813
87 912
89 665
566 131
9 439
773 182
298 160
863 75
794 735
84 644
13 102
894 157
101 488
183 865
983 446
564 27
460 7
479 813
989 570
119 181
970 186
607 89
80 604
958 988
8 154
376 16
87 277
768 49
982 161
849 853
194 138
489 127
626 44
61 900
359 128
135 118
543 43
97 380
408 712
42 917
81 254
88 287
727 11
870 20
850 43
705 114
746 10
62 783
54 397
638 78
956 604
262 8
7 765
401 905
214 37
153 130
655 354
514 1000
911 694
612 174
25 676
36 922
909 100
584 126
93 11
491 72
813 200
369 180
24 500
101 751
158 196
737 786
188 520
14 277
63 581
779 698
79 992
184 197
558 94
199 914
566 173
464 131
6 140
101 385
611 143
181 32
349 16
615 954
189 665
195 60
12 851
827 157
418 191
88 471
374 282
136 246
733 72
604 82
964 197
120 95
56 230
853 592
924 785
173 615
190 102
154 382
312 142
23 188
134 208
18 64
572 117
993 108
200 128
261 956
338 354
190 4
149 789
142 178
91 662
147 58
30 10
353 38
775 91
434 320
932 122
127 342
10 456
379 401
76 42
295 227
85 663
375 179
293 506
902 193
990 844
939 102
72 925
950 2
680 914
843 874
497 368
29 88
46 442
73 309
470 511
547 3
400 236
590 164
54 591
441 58
27 786
67 635
163 50
171 592
187 715
64 992
327 999
632 166
329 4
882 106
192 572
192 134
18 513
19 952
346 556
114 594
157 261
530 279
526 13
575 95
617 632
66 451
62 243
34 31
428 329
181 185
44 158
372 143
922 930
732 973
33 439
662 75
12 40
543 691
110 878
546 309
24 981
218 12
78 995
849 647
147 668
644 117
40 610
62 238
89 586
135 116
913 114
20 299
127 935
62 709
6 63
167 376
656 46
144 8
772 25
83 360
650 148
968 158
37 769
91 57
973 164
544 200
761 903
112 286
80 354
305 77
1 670
78 896
175 987
152 614
183 528
188 18
532 601
93 402
382 22
186 194
119 775
479 106
132 687
176 106
114 62
31 463
894 70
940 30
111 811
195 40
648 230
491 12
427 118
153 327
42 154
652 145
185 798
727 148
551 45
534 383
169 112
593 6
45 352
170 125
531 26
180 10
171 135
474 118
77 891
82 374
101 38
183 479
641 652
181 668
124 424
702 859
92 156
183 5
181 647
895 147
575 579
123 354
679 405
401 52
839 141
36 168
62 113
559 712
182 996
136 725
682 74
741 104
574 168
151 391
592 988
298 612
213 54
240 108
48 576
172 111
646 420
962 844
753 220
653 177
358 129
139 841
94 970
56 905
629 99
672 554
120 522
101 926
700 5
902 752
110 158
25 931
383 662
527 350
61 180
773 524
475 87
445 171
810 553
857 169
56 929
775 786
1 278
127 588
646 844
650 804
116 717
716 721
154 679
556 552
471 42
657 142
403 540
786 160
474 319
378 995
13 22
941 62
697 60
564 65
103 178
902 763
86 197
862 987
149 29
71 138
941 66
559 997
46 360
171 459
432 624
72 103
767 926
58 277
275 88
33 334
452 173
963 183
103 154
70 369
97 932
76 323
490 176
473 403
564 933
416 663
163 43
13 336
124 983
26 571
702 17
33 707
390 135
654 169
877 347
27 626
127 311
78 142
15 95
448 968
731 46
308 254
848 863
340 569
970 41
180 23
134 391
24 740
245 906
31 844
4 3
367 779
735 167
643 578
457 568
192 689
105 311
156 805
19 434
137 875
123 254
517 261
96 917
512 958
200 167
584 403
711 11
466 499
839 134
172 732
668 229
456 59
9 458
186 425
1000 669
683 168
187 524
7 159
68 639
78 620
717 127
61 113
130 925
64 778
149 290
900 119
119 616
374 193
120 266
187 448
697 114
829 661
215 928
51 933
554 951
68 292
47 998
53 322
96 516
408 86
649 458
137 696
38 902
271 77
583 91
44 105
170 142
380 57
148 788
164 159
87 473
51 37
992 55
187 259
473 84
309 624
769 836
727 67
354 188
824 214
534 41
76 141
622 568
8 925
131 893
47 541
125 474
98 77
677 975
995 196
75 178
466 201
258 622
872 26
448 91
211 139
40 351
140 844
237 35
970 331
735 853
168 42
200 20
273 713
724 77
464 420
963 82
148 770
113 240
189 781
49 150
150 953
78 498
262 150
116 195
79 512
365 239
458 116
80 263
985 61
59 538
54 898
140 314
84 179
864 414
91 631
133 744
583 151
385 127
416 909
800 823
331 681
73 171
40 435
577 720
410 89
441 105
219 31
512 27
537 712
960 12
769 156
82 928
225 173
99 64
46 495
141 274
122 30
622 525
304 982
437 934
554 134
942 56
161 525
80 86
83 563
966 178
4 311
518 121
161 647
981 71
108 123
672 99
533 121
77 596
396 231
8 699
111 46
191 513
978 136
117 110
740 57
134 832
540 269
249 94
652 510
37 340
372 553
104 825
483 66
975 905
65 680
579 124
171 562
104 273
608 179
616 315
160 790
484 185
953 19
544 157
459 169
66 587
186 34
359 183
187 6
692 821
615 1
100 41
476 138
761 143
363 172
812 181
61 840
930 1
66 182
86 894
161 411
5 458
228 674
808 110
523 118
22 154
705 727
200 121
409 122
677 792
579 146
727 719
965 3
970 146
578 21
171 509
145 114
949 177
23 121
979 8
43 38
68 198
950 258
921 5
611 78
49 320
195 73
650 168
423 883
112 252
23 155
88 836
447 165
337 732
785 284
169 7
994 8
793 474
960 129
7 190
628 423
155 496
35 856
624 943
37 740
154 184
220 773
73 510
91 318
86 275
557 476
121 141
480 782
179 363
838 420
192 912
240 803
289 50
156 401
404 74
660 374
567 857
264 198
775 156
108 5
546 146
709 20
127 324
894 43
889 853
160 955
66 889
145 175
513 137
138 76
92 417
134 386
30 841
793 28
762 96
107 328
25 752
619 911
153 392
202 881
170 254
136 489
720 629
127 948
301 368
68 620
191 729
61 528
464 187
656 43
174 763
7 741
433 616
683 178
178 121
253 40
22 811
11 164
62 339
102 38
735 102
98 695
465 414
158 512
586 112
152 876
505 980
860 368
419 97
479 909
6 629
152 50
491 842
461 158
270 123
50 697
395 188
961 692
229 423
956 117
501 18
379 1
75 676
128 567
968 56
116 959
23 142
858 197
184 721
111 252
442 726
443 888
62 178
844 193
702 151
260 239
931 146
449 171
172 67
294 105
326 508
123 949
308 63
662 19
257 188
90 289
33 96
558 862
558 161
169 789
693 161
109 648
80 476
868 394
17 283
164 330
45 708
170 97
186 647
47 892
15 969
50 969
43 303
32 753
194 386
77 512
525 967
180 837
40 380
617 147
87 175
722 128
688 151
341 37
85 946
603 118
60 370
109 129
692 679
390 611
90 95
1 347
191 722
136 573
339 18
219 25
170 300
95 163
132 166
94 383
55 841
912 912
104 322
33 5
571 338
250 172
365 68
199 568
856 708
19 232
582 191
558 136
814 112
228 738
590 15
391 34
114 45
88 923
972 507
54 325
176 681
200 40
410 186
134 618
764 242
55 402
943 575
473 892
762 241
951 690
849 95
199 214
369 195
851 51
558 34
890 105
772 198
688 495
645 73
426 113
534 5
968 886
58 916
103 567
854 209
690 283
70 188
59 475
73 769
508 983
64 139
589 803
539 698
298 998
839 52
770 70
62 177
93 158
655 77
176 408
470 142
774 335
65 865
924 6
716 94
63 312
172 129
72 45
990 231
697 168
124 689
671 872
390 417
106 720
94 410
13 818
546 462
291 399
789 8
129 928
414 159
66 997
661 610
808 722
942 473
321 137
547 493
174 863
134 414
76 526
845 70
266 154
592 716
103 706
164 10
63 856
813 116
127 633
701 16
348 50
187 458
808 948
356 173
407 113
321 171
105 312
15 881
768 694
59 393
115 745
171 299
618 542
312 130
105 265
152 190
20 851
29 650
535 64
649 706
500 162
115 705
51 13
40 490
615 697
670 583
330 57
12 635
18 84
664 361
31 728
152 597
23 210
196 183
729 116
110 946
48 22
74 12
123 463
816 161
342 62
12 73
181 168
898 523
84 273
746 389
467 49
474 176
10 409
113 513
4 118
460 30
691 901
61 615
868 196
90 670
122 641
85 592
387 192
123 710
85 307
171 587
684 854
124 686
45 625
308 154
728 47
247 184
142 179
580 106
215 97
509 171
653 182
81 531
28 106
174 601
182 880
924 404
118 943
275 461
65 17
652 4
5 800
476 29
104 427
960 40
46 991
838 66
740 120
97 239
602 171
167 872
365 587
109 282
435 75
235 19
974 10
769 90
183 780
140 655
335 27
371 78
687 282
385 761
227 49
162 615
152 771
889 147
304 967
301 345
766 107
727 898
620 141
837 10
140 821
453 116
5 182
181 7
492 683
557 854
581 195
58 295
10 301
112 461
582 873
320 400
41 846
226 935
93 699
46 181
122 52
390 529
881 862
691 15
775 331
350 181
36 824
937 957
38 470
48 490
668 566
93 446
190 981
632 178
199 962
824 34
463 107
247 10
655 771
197 569
957 196
85 810
39 98
260 137
934 156
40 878
160 427
935 50
998 158
73 501
331 10
107 633
342 126
989 660
675 191
825 130
810 751
360 105
134 769
252 759
38 835
57 920
62 223
192 31
28 858
269 73
108 971
144 94
15 897
70 420
106 78
92 111
222 316
147 567
330 18
80 730
172 132
201 43
197 820
323 967
870 718
279 127
670 501
486 155
855 134
142 296
757 316
955 197
77 11
642 739
333 46
108 536
226 643
657 581
190 288
641 149
303 106
645 153
393 996
763 50
245 60
607 546
827 543
770 126
113 199
702 50
642 578
610 81
173 594
811 204
172 70
564 915
145 110
332 312
779 373
230 830
134 120
439 459
912 96
186 408
590 30
748 483
544 85
15 230
54 376
224 580
656 253
101 421
847 37
6 296
722 28
138 40
507 181
132 442
160 624
59 282
719 939
114 367
295 678
845 682
80 425
71 90
150 188
97 297
613 729
142 125
25 4
403 137
484 5
22 147
150 964
342 84
823 113
664 265
712 54
252 192
87 707
611 69
81 11
963 819
90 991
966 585
115 991
94 319
70 233
18 406
976 345
861 120
92 273
174 218
642 1
120 112
52 118
34 77
212 178
91 156
139 235
119 616
135 5
624 479
37 108
560 3
970 203
390 320
337 798
327 160
32 369
342 139
933 528
360 9
21 437
183 138
111 877
77 879
110 868
543 38
598 159
174 148
186 372
909 133
47 164
202 452
132 93
45 159
813 635
511 130
597 105
846 64
685 601
423 942
170 169
788 160
528 196
254 182
148 457
682 67
19 687
465 157
79 349
680 87
96 456
29 524
160 752
64 20
877 918
534 165
10 138
498 944
524 156
840 431
124 583
280 31
100 66
456 181
626 85
780 38
161 662
115 13
678 142
23 649
877 198
389 166
145 249
71 647
176 161
289 442
943 323
69 594
8 165
719 175
558 452
771 971
63 527
303 343
276 518
761 812
749 579
508 5
362 622
59 179
74 785
393 160
581 714
198 948
73 638
93 69
287 87
772 85
666 142
711 57
548 881
22 364
727 268
6 883
193 376
183 138
945 206
19 941
885 535
844 13
165 201
49 149
689 53
451 138
73 82
362 47
168 888
179 330
127 272
443 406
91 99
698 30
94 827
1000 481
441 227
782 911
227 310
348 78
22 636
38 466
269 32
421 170
522 154
6 97
798 238
74 19
31 672
418 53
616 155
233 533
296 286
574 68
190 40
189 179
107 205
32 89
546 522
60 227
462 141
13 569
237 406
621 158
191 816
563 145
317 888
49 561
790 140
830 126
695 886
138 736
832 13
306 99
213 134
919 498
183 58
17 429
327 842
448 182
70 562
126 44
591 185
163 109
104 933
56 325
123 627
39 769
434 192
573 286
974 117
121 640
576 162
65 202
597 930
839 129
723 325
272 106
667 318
500 768
723 866
849 174
905 84
622 617
668 150
134 972
76 24
877 134
137 951
765 66
324 365
573 7
339 580
123 651
602 156
196 932
648 75
59 687
993 411
565 749
144 195
149 424
262 135
365 429
607 691
113 220
63 871
537 414
27 76
127 575
897 2
39 426
775 53
70 510
247 627
978 371
521 104
195 582
111 710
983 914
83 530
3 185
464 194
84 962
164 297
453 98
113 655
724 104
579 694
53 640
942 344
227 423
614 89
282 88
172 111
197 653
20 841
742 16
11 876
110 546
8 270
44 907
719 93
499 808
971 52
105 115
900 51
364 56
20 932
26 332
101 576
448 176
234 146
959 38
90 758
857 674
832 121
794 70
255 625
938 788
185 915
44 123
173 863
60 793
429 282
505 601
559 762
605 268
137 722
936 506
118 24
141 166
108 946
189 487
130 109
636 919
71 895
213 165
808 75
865 123
554 24
183 973
557 43
715 88
54 577
635 30
124 6
184 785
152 59
585 134
108 174
623 823
828 12
11 104
788 475
144 580
174 147
60 775
191 71
199 962
97 934
16 849
199 131
914 1000
197 393
599 34
696 83
58 706
309 111
245 168
197 701
313 1
606 52
721 190
263 9
123 757
125 393
947 15
511 171
804 196
591 40
161 588
986 64
136 470
21 905
399 519
973 157
59 739
158 989
199 73
176 102
591 50
917 160
51 549
688 101
231 953
81 237
50 248
493 946
911 149
602 24
992 98
420 620
85 176
132 7
993 28
783 17
192 674
65 149
63 882
11 595
240 715
6 28
36 386
157 647
728 549
892 38
712 487
212 361
148 706
26 747
567 377
140 915
103 577
927 219
648 608
964 612
954 52
150 265
103 76
168 353
498 56
17 322
190 17
196 443
319 993
112 171
532 450
197 357
50 566
269 398
98 876
394 155
58 908
347 713
946 167
6 73
870 581
514 2
111 13
385 161
30 844
320 659
105 589
14 114
599 487
29 78
702 781
90 743
434 26
623 426
931 45
90 32
124 860
12 216
391 198
103 6
928 142
11 428
626 109
683 183
934 122
329 20
178 709
460 620
183 344
624 101
283 424
113 87
912 720
374 148
439 91
22 24
80 80
323 208
181 505
125 575
185 445
493 1
111 888
128 474
131 18
839 14
332 210
535 438
894 136
164 688
14 765
133 605
158 782
138 273
78 123
26 90
733 547
536 138
167 519
579 116
25 298
108 186
580 190
50 784
32 126
107 128
963 774
159 433
176 995
182 141
103 246
59 487
99 152
166 416
589 448
50 149
166 263
871 68
653 238
811 77
60 704
155 574
135 830
104 967
126 435
112 227
124 317
567 73
587 462
516 423
156 609
121 124
845 10
161 914
67 651
145 166
631 403
113 252
9 225
392 77
60 490
933 777
450 83
225 24
23 197
582 119
82 937
143 542
182 246
998 9
161 519
149 736
853 325
696 970
113 94
730 131
563 900
6 748
285 6
138 134
59 838
159 99
105 451
12 359
949 41
784 189
637 879
719 335
724 93
322 132
87 165
136 524
869 337
823 717
875 176
353 29
189 579
29 932
187 764
547 171
294 189
164 150
62 59
647 344
65 61
345 129
669 502
165 50
88 68
444 137
241 88
124 179
20 415
31 963
257 761
149 167
291 906
159 258
784 43
666 111
744 177
106 846
112 426
541 332
692 573
562 853
331 140
823 112
278 127
17 217
38 627
170 56
660 612
69 330
121 277
482 870
228 549
84 173
940 80
122 146
218 273
728 441
225 9
99 125
367 47
555 135
275 566
317 453
50 30
683 95
10 193
795 101
74 321
757 176
280 42
401 850
49 927
16 974
759 682
645 120
884 11
346 130
925 140
179 307
75 841
146 135
242 109
84 252
160 516
518 170
60 583
623 870
173 135
200 677
47 301
599 191
54 42
155 973
303 23
26 896
19 294
739 270
127 934
35 787
90 348
899 727
923 90
101 353
7 20
250 484
213 962
361 191
981 67
624 770
599 277
830 41
926 75
512 198
437 918
564 146
177 929
157 77
43 713
347 63
702 137
81 622
33 355
40 136
488 616
6 153
959 252
870 135
273 1
183 952
158 42
105 193
129 292
660 36
185 608
846 377
228 140
375 435
701 104
868 147
861 619
698 99
892 163
172 112
347 180
40 695
107 205
172 474
54 601
103 154
991 226
78 7
267 72
72 149
15 950
432 11
496 27
21 200
264 204
736 210
988 176
104 102
101 33
124 736
868 52
459 178
221 996
561 105
81 998
880 99
486 101
189 72
44 35
79 80
943 659
512 302
106 423
2 651
441 163
27 475
152 254
282 259
104 183
18 744
861 152
106 815
140 605
75 946
349 141
34 14
223 555
409 291
64 736
77 819
726 156
185 331
507 448
141 653
58 488
506 30
341 10
347 688
339 841
111 807
168 948
277 556
108 558
458 49
991 282
154 105
358 63
13 855
76 231
74 318
646 69
87 633
365 92
847 531
143 74
119 340
566 143
735 608
770 14
188 93
489 584
198 136
506 75
27 706
854 89
106 679
11 410
190 742
287 889
888 979
138 303
231 312
158 286
846 86
131 44
330 6
707 154
83 476
84 76
154 974
182 665
845 28
488 838
615 68
431 720
167 418
989 800
541 193
783 178
887 144
428 394
318 191
191 927
168 952
553 797
159 41
683 95
67 117
172 40
222 60
877 8
93 712
168 79
87 433
740 732
211 616
838 107
872 607
863 789
168 697
166 226
75 111
612 90
139 953
1 886
295 190
637 365
108 178
163 552
624 53
284 162
390 791
616 167
435 733
141 333
14 724
572 27
351 85
381 44
212 55
42 360
183 187
471 190
84 442
156 515
188 992
203 105
47 481
513 172
291 7
34 110
524 200
226 129
671 249
215 629
124 754
638 156
755 77
690 128
347 459
147 812
448 90
807 155
942 158
151 179
184 395
372 837
264 721
492 120
149 759
466 956
655 694
113 617
317 642
29 475
888 156
115 700
192 132
225 121
644 264
42 739
924 183
142 23
695 638
768 52
96 645
169 562
215 202
946 80
93 198
20 543
184 338
50 342
41 37
363 501
230 78
99 777
767 3
39 250
924 39
18 542
49 138
554 108
135 861
180 780
802 115
56 183
646 757
184 86
619 626
889 727
739 944
113 418
461 275
193 77
261 189
86 267
110 957
145 182
352 50
508 196
46 566
261 189
793 197
779 31
978 823
614 545
899 527
752 954
850 797
103 89
697 200
60 81
440 120
84 548
626 76
200 113
347 544
67 363
73 621
38 965
18 376
178 873
65 768
737 927
947 74
71 649
555 194
510 524
186 421
283 167
366 1000
913 355
188 571
81 605
155 121
175 354
60 774
45 253
208 167
944 82
52 930
120 116
947 441
449 170
966 53
955 267
252 604
435 170
10 937
929 663
399 576
196 663
71 550
97 248
544 459
570 133
292 129
379 61
232 173
730 706
4 681
166 670
337 78
58 319
177 855
113 832
87 132
69 37
30 792
360 157
77 185
57 157
438 135
94 545
788 190
204 154
130 770
508 543
118 117
487 771
499 810
237 62
72 711
161 466
26 216
171 13
430 124
512 163
65 2
861 52
189 98
354 676
169 38
651 111
139 980
355 29
521 10
105 867
588 631
881 103
51 46
188 170
183 59
383 27
533 464
281 15
69 42
558 771
8 9
68 14
88 380
259 826
179 677
216 676
199 430
470 115
297 189
117 627
63 13
638 193
573 147
113 611
188 816
119 169
431 679
102 155
865 133
94 714
159 150
26 115
19 582
520 5
86 306
9 274
1000 62
183 332
705 80
375 246
208 369
697 689
35 245
119 48
615 148
813 65
949 719
655 165
29 791
738 44
923 14
132 497
191 485
193 67
18 968
168 18
21 124
727 153
168 522
897 183
692 19
286 24
159 49
105 191
68 434
147 10
112 805
189 986
323 383
241 35
72 269
658 166
673 14
929 732
4 109
744 896
356 901
126 50
418 198
4 246
80 4
894 963
956 151
134 868
179 136
549 20
754 608
88 13
68 6
19 36
116 935
806 916
775 927
240 168
94 68
26 504
100 361
40 324
412 88
83 6
170 931
116 276
932 168
100 137
538 104
11 857
2 145
856 178
329 128
694 591
157 744
74 24
523 638
813 203
739 862
527 155
14 502
903 5
439 32
919 143
899 290
469 683
327 358
646 150
136 59
517 869
450 198
138 589
469 1
392 905
790 608
791 113
303 14
43 664
155 225
490 409
542 46
342 48
1 20
20 420
120 173
61 534
159 447
77 983
19 827
918 126
943 195
659 55
958 128
469 349
194 980
98 649
262 347
106 4
117 358
246 968
526 630
461 744
772 645
99 665
842 171
829 57
576 252
888 44
150 692
9 62
872 109
626 58
86 470
1000 190
994 533
919 198
55 8
66 118
445 195
973 957
319 619
386 119
39 756
780 180
185 485
199 245
174 329
196 716
677 860
431 46
208 19
75 30
191 140
133 777
2 875
252 450
126 323
996 838
62 804
39 385
189 571
349 405
57 813
969 320
367 123
197 307
280 133
326 447
24 998
107 871
795 113
456 248
305 827
82 635
186 378
73 346
391 37
456 81
50 990
945 45
98 77
31 210
359 584
50 88
329 22
100 685
69 102
500 8
519 816
78 929
217 271
73 155
755 200
67 887
79 231
70 663
108 482
119 582
436 291
254 38
286 447
682 580
96 647
188 305
919 90
756 702
701 88
17 794
599 486
661 116
917 93
494 423
420 871
43 678
724 357
569 352
350 743
182 122
921 564
152 761
246 15
171 252
23 878
769 561
89 406
48 904
128 941
12 667
570 388
39 629
107 833
643 617
730 79
294 92
69 712
168 221
638 211
482 49
626 58
191 536
956 939
117 280
967 338
896 22
445 111
38 322
727 620
35 482
96 19
22 849
177 345
21 628
796 277
951 153
718 121
950 45
123 6
66 39
877 177
638 82
1 378
464 509
295 718
596 602
174 556
29 29
788 52
238 147
14 332
559 7
754 41
76 92
646 161
89 839
909 747
595 198
444 119
66 166
283 47
196 98
185 167
739 182
491 312
120 98
61 918
957 195
1 77
926 186
155 687
99 42
191 633
160 127
293 150
704 75
142 52
99 642
198 115
528 79
193 793
66 35
7 601
78 946
320 10
153 56
41 110
536 767
95 107
603 233
440 28
74 437
6 643
803 55
113 914
307 49
64 125
118 790
812 38
113 742
184 37
939 114
555 128
28 598
908 120
971 4
123 548
479 127
133 846
258 668
196 200
98 526
629 130
128 79
622 187
161 177
10 316
744 139
146 202
122 399
901 178
45 65
85 139
344 10
933 36
548 329
69 21
688 137
720 40
317 172
118 197
197 534
210 783
734 50
129 66
184 425
133 72
879 129
63 311
683 71
873 858
801 224
732 190
44 970
76 570
172 13
467 80
490 66
166 315
420 97
350 22
816 890
791 16
115 910
419 421
891 49
100 170
192 239
717 156
320 23
418 630
315 169
720 258
5 125
40 334
121 247
337 967
666 137
115 569
91 181
178 994
416 174
56 445
893 116
381 175
511 131
221 423
118 619
140 312
814 205
431 174
168 691
890 21
197 270
172 376
161 64
916 458
811 62
920 35
86 54
130 344
75 832
3 753
12 423
813 824
89 60
27 904
192 498
468 5
985 335
844 887
50 367
39 961
260 93
426 816
77 170
9 190
80 54
380 929
787 107
97 58
450 93
139 745
68 920
19 78
83 379
20 200
89 931
87 863
123 194
37 753
165 19
472 713
188 663
897 884
137 947
192 413
741 824
371 63
106 756
242 106
108 268
744 62
147 438
54 1
185 168
41 59
826 137
486 508
670 123
96 522
265 65
691 3
589 499
36 47
122 741
100 12
474 884
640 42
226 87
106 570
111 465
306 170
996 502
7 301
54 261
39 773
257 79
540 52
295 196
14 992
870 25
176 669
476 61
115 778
330 510
792 123
888 770
15 533
593 177
582 50
296 19
9 460
162 760
597 108
187 836
575 465
715 167
463 114
79 96
605 76
71 617
730 720
44 886
61 691
805 107
154 446
378 149
336 985
839 3
124 78
135 519
925 197
961 173
835 137
471 63
559 258
458 849
94 335
162 715
281 173
908 419
627 158
192 592
105 752
654 90
117 67
623 143
896 68
884 326
531 199
674 724
272 198
855 5
585 873
682 21
771 314
913 114
452 52
174 831
441 791
477 742
46 499
11 806
665 51
349 127
87 138
681 123
204 911
4 89
430 37
941 78
292 856
123 136
771 10
251 902
312 138
134 195
164 594
61 693
12 557
128 524
453 141
716 17
571 36
500 925
802 1
166 196
290 116
706 422
716 16
170 924
183 352
728 155
637 171
692 879
197 845
155 305
882 130
181 973
94 438
55 639
168 229
773 66
966 122
582 811
409 566
71 138
120 456
830 870
163 860
619 111
393 797
270 185
71 163
32 184
12 327
973 164
934 27
35 641
722 163
196 913
919 195
115 10
77 937
79 992
194 895
66 896
975 936
654 37
333 151
994 701
167 470
348 609
652 132
522 25
746 560
937 69
70 24
344 70
35 455
200 41
250 968
2 849
661 90
126 961
483 115
246 409
58 615
415 7
137 629
754 87
667 57
994 26
40 696
941 66
808 70
172 986
419 172
728 30
302 76
10 572
244 190
184 72
893 701
727 144
948 940
260 191
476 55
18 385
6 177
956 72
75 166
782 45
346 235
196 654
28 491
715 134
65 43
21 9
33 105
30 201
231 125
692 894
162 184
252 65
678 99
251 66
828 675
287 155
853 401
640 186
38 172
989 770
417 260
110 188
53 113
228 41
199 327
276 26
200 84
861 319
750 104
248 308
551 6
229 160
486 119
268 24
51 764
323 727
857 121
189 494
726 247
81 894
141 749
485 82
877 11
297 132
820 31
725 209
324 994
616 949
365 113
62 307
455 804
140 394
878 563
745 138
198 946
849 171
27 428
994 177
145 806
28 702
558 809
613 91
107 584
143 204
194 698
52 161
955 7
60 673
449 417
136 183
713 73
176 134
248 196
898 411
523 866
69 903
6 131
189 311
942 200
911 736
264 389
211 178
819 369
181 830
424 392
139 696
128 603
779 61
909 196
128 32
153 904
597 90
752 224
194 57
48 915
340 12
122 317
163 246
288 836
2 162
394 42
104 187
325 182
93 622
91 628
252 182
16 192
89 487
117 766
68 80
929 111
88 635
664 23
512 387
17 155
420 279
913 198
60 669
520 190
950 136
159 38
29 127
823 143
366 167
30 262
542 161
428 156
590 79
825 41
204 5
639 143
446 953
38 378
716 34
9 710
586 965
92 522
80 226
100 500
168 665
138 71
19 801
930 77
764 107
173 447
98 388
168 278
579 295
524 891
45 402
67 199
14 966
882 21
238 15
565 123
919 150
19 225
874 6
137 167
46 16
780 156
12 189
309 66
667 86
124 903
613 836
989 61
824 195
366 590
196 101
214 687
831 173
388 345
859 69
966 51
704 2
26 281
741 175
871 635
83 713
502 166
671 448
257 218
861 401
174 242
299 637
575 62
819 172
111 77
87 337
102 934
655 911
195 150
702 638
184 373
413 360
659 76
965 159
67 765
161 626
196 641
135 90
576 188
365 152
326 544
62 763
569 209
200 187
637 470
365 120
390 337
104 515
106 688
630 198
154 334
451 156
719 6
697 150
40 661
474 423
170 678
526 719
313 158
43 955
740 421
621 308
546 613
132 599
729 493
54 13
533 84
130 673
676 387
421 350
122 675
98 630
31 61
556 45
164 107
329 671
878 170
920 101
972 30
181 970
763 77
558 198
171 381
198 860
338 94
15 92
114 685
532 151
550 522
327 60
490 743
11 834
21 64
10 334
68 980
111 248
82 345
622 60
575 169
480 68
194 741
216 152
193 523
66 107
827 487
488 61
145 196
59 394
529 995
454 36
79 113
183 787
791 158
912 51
753 380
9 449
476 130
73 908
664 43
98 190
140 189
797 545
627 56
49 275
139 587
87 926
198 311
124 307
130 830
91 922
7 292
566 598
52 404
436 37
199 63
400 445
902 500
132 916
814 143
133 86
335 225
128 835
990 126
166 516
181 895
916 68
546 151
664 245
812 15
67 48
14 345
417 314
755 169
304 184
988 113
777 792
817 627
589 162
739 78
761 10
142 211
54 530
119 348
708 91
49 690
235 43
499 916
185 730
194 294
28 294
877 115
176 239
381 106
880 593
156 382
138 12
803 832
629 86
642 95
680 42
153 18
22 156
715 199
377 839
233 48
21 617
4 120
410 26
195 566
567 867
107 538
61 508
164 660
166 57
557 745
127 59
950 48
797 148
92 444
69 860
132 393
2 448
130 592
844 833
273 12
859 130
788 111
442 197
636 148
193 815
122 169
7 953
466 143
827 20
84 22
136 191
596 924
61 48
47 677
895 697
164 440
32 308
472 135
764 930
157 679
179 894
11 528
14 302
730 861
552 73
1 58
274 288
670 100
120 749
975 942
101 828
20 321
349 174
393 347
519 23
509 313
755 383
887 169
782 451
58 979
187 96
176 342
961 168
234 105
76 823
101 828
25 279
88 1000
710 171
14 477
997 947
16 879
82 201
959 33
568 964
769 15
699 204
831 79
175 231
212 556
44 953
162 635
174 600
55 81
803 461
368 354
271 99
253 139
128 235
41 277
369 932
169 130
172 291
561 95
18 23
279 795
454 169
787 535
607 44
127 144
176 490
129 836
734 141
364 5
189 520
671 36
968 9
717 57
178 959
369 945
56 724
629 8
133 49
131 997
884 418
407 866
225 505
10 8
791 1
22 240
157 59
97 593
858 62
273 120
92 927
107 87
762 23
461 460
813 82
20 304
975 571
103 991
149 15
209 39
159 76
88 799
813 170
54 117
55 315
615 84
904 844
41 165
886 179
885 8
637 376
259 36
688 16
164 435
50 32
355 893
41 302
990 928
325 317
59 582
42 168
992 72
295 202
427 168
590 68
152 847
188 52
11 372
165 35
115 261
400 39
168 174
96 747
713 568
185 186
89 169
177 74
146 28
644 165
100 244
98 46
145 982
48 12
831 655
106 910
557 666
137 23
484 19
60 381
259 487
45 957
637 148
788 182
168 877
257 653
12 385
855 656
866 84
196 144
78 294
167 161
675 454
44 82
980 173
691 815
640 201
161 377
834 155
145 177
434 10
655 32
708 126
209 203
36 433
123 22
136 5
13 866
699 465
119 23
62 564
297 630
41 54
882 6
153 363
263 592
172 391
1 83
715 75
560 37
880 109
926 9
212 609
260 120
6 129
351 801
144 658
23 947
852 706
161 961
131 473
22 490
721 493
129 923
993 641
458 991
732 98
888 399
352 893
644 116
643 145
12 25
924 589
833 152
510 95
471 165
830 355
108 377
657 113
57 124
30 59
953 4
321 94
193 225
304 142
81 85
80 288
443 763
333 735
430 185
652 547
53 248
173 506
209 106
16 496
426 21
91 596
957 137
347 675
2 120
363 440
76 695
130 945
152 123
38 653
31 71
172 373
21 575
962 178
11 27
389 121
92 715
130 307
446 942
816 50
771 993
184 254
239 101
347 559
131 461
980 37
664 216
60 181
260 336
303 41
818 427
265 752
142 192
1 957
536 89
758 19
169 806
740 107
658 144
114 352
485 441
765 13
613 194
991 42
128 471
648 136
3 787
596 146
275 117
625 648
969 85
92 512
779 943
116 579
10 604
97 1000
939 119
176 239
178 577
121 497
865 167
183 133
591 162
193 3
129 393
8 309
859 90
924 178
103 33
698 179
193 254
32 153
978 119
653 113
310 12
902 40
839 572
570 529
127 982
58 385
309 138
2 99
984 69
410 104
22 437
257 50
710 163
327 561
547 195
488 174
361 274
647 691
852 196
35 551
329 241
875 600
84 715
601 150
31 314
931 18
627 112
546 186
68 266
60 798
89 538
173 32
187 283
775 198
70 400
180 370
223 164
601 79
190 109
674 689
532 156
246 131
47 254
188 388
166 95
34 126
226 109
638 439
133 771
635 102
281 674
315 130
171 702
75 830
215 23
127 836
408 129
115 595
85 300
463 481
75 514
473 943
157 644
276 51
466 812
822 179
50 575
803 173
580 17
162 74
37 739
662 130
173 258
172 420
68 807
70 703
449 632
488 24
92 553
100 15
193 378
924 291
911 129
942 566
897 96
236 125
855 73
121 782
323 131
306 569
22 157
440 99
268 140
638 975
377 95
375 93
52 971
5 417
666 381
223 767
836 162
92 522
87 409
173 734
653 652
107 131
779 887
748 433
849 585
207 946
704 87
69 674
495 500
224 25
58 563
699 7
5 102
996 556
147 929
492 37
1 166
989 594
821 124
660 75
79 453
655 91
21 793
810 954
739 78
477 33
164 24
54 500
627 101
58 118
738 186
199 98
82 29
191 16
83 336
84 434
330 852
187 619
413 805
60 533
47 321
200 50
914 103
848 45
488 207
108 12
205 371
126 135
918 392
610 726
542 801
177 601
784 526
310 188
906 149
37 439
194 90
85 65
4 600
368 172
187 172
75 103
627 853
148 435
753 103
814 6
171 165
161 497
954 351
878 909
669 412
574 13
893 851
191 251
125 114
831 939
74 824
231 116
158 522
388 757
477 623
213 917
729 106
651 170
180 109
691 163
666 24
101 392
474 124
956 194
103 148
15 766
101 649
250 48
61 73
202 49
286 35
68 314
568 19
159 164
873 79
81 1
442 858
424 29
165 183
200 53
195 132
641 26
931 17
754 22
407 163
740 164
406 200
24 443
437 184
154 768
420 847
93 916
108 126
906 104
408 168
58 115
80 374
139 409
216 404
366 177
732 113
733 468
292 88
167 240
120 595
29 597
161 430
28 916
942 507
250 110
88 55
147 796
188 432
115 16
36 76
181 875
34 121
166 635
894 867
683 17
748 35
174 847
24 133
223 61
954 14
606 161
172 918
921 186
79 11
112 110
49 493
805 943
49 118
528 793
117 642
112 977
743 8
151 195
558 95
349 101
120 723
716 60
104 228
185 82
57 172
3 689
146 106
120 539
184 166
696 746
111 576
249 886
3 727
129 963
277 78
129 696
77 485
716 890
92 629
509 103
150 18
114 528
9 192
190 192
598 69
182 402
767 706
34 486
81 878
139 166
35 265
177 25
965 360
41 182
109 527
133 446
438 16
940 758
239 321
117 566
52 806
168 56
765 656
52 379
78 948
510 45
76 622
131 412
914 587
922 22
456 34
160 3
868 197
97 113
172 147
735 848
328 809
94 426
159 158
708 631
501 52
39 270
570 374
53 604
54 866
86 80
13 919
977 75
260 39
186 190
464 149
96 187
78 100
11 299
184 102
140 657
187 758
196 391
116 412
181 494
424 494
537 170
835 2
98 192
50 305
56 99
161 660
339 923
74 359
902 140
793 615
6 232
75 948
628 732
23 741
182 751
341 122
893 161
169 199
117 759
129 229
216 352
844 259
54 602
218 197
803 100
361 587
88 430
211 182
57 47
192 704
707 138
748 10
3 765
96 139
622 695
524 123
8 313
103 842
885 931
370 121
85 98
514 22
505 6
65 26
644 78
785 146
575 33
950 45
623 179
162 62
687 142
720 184
985 179
32 195
84 490
37 623
553 399
33 78
725 640
678 660
222 47
314 64
214 49
72 199
955 3
606 575
117 442
344 530
13 179
14 453
657 908
86 859
39 141
54 508
963 140
187 884
576 356
340 98
200 10
326 306
108 932
471 36
971 810
169 878
669 128
759 584
166 154
21 339
40 608
882 185
450 9
688 132
88 836
546 6
880 89
513 542
95 604
21 235
133 858
863 767
198 640
135 542
75 88
101 798
409 185
401 76
194 883
597 10
308 179
213 79
231 96
353 25
402 58
64 237
175 881
38 187
132 423
481 35
116 781
367 549
856 604
655 951
415 166
13 143
492 84
89 124
31 951
521 43
130 507
847 828
177 174
442 274
167 311
537 257
230 96
673 510
858 980
31 890
379 107
544 36
852 640
288 632
137 720
76 413
791 656
593 516
79 433
48 340
108 902
846 7
993 702
768 78
28 107
598 849
79 614
242 976
45 713
141 243
733 33
24 899
46 922
478 22
300 142
12 195
59 745
66 328
831 82
1 339
174 531
873 23
243 131
899 828
806 278
529 916
18 794
148 296
149 906
204 135
941 962
191 677
814 355
548 730
843 569
440 118
773 190
283 60
617 199
495 85
75 176
150 86
155 633
310 207
192 177
824 66
498 214
390 205
25 622
83 967
148 583
403 549
52 93
74 131
907 106
424 45
729 32
82 414
55 922
27 630
75 376
593 296
1 252
519 80
217 171
383 185
758 465
927 147
38 886
768 945
388 533
115 941
751 677
24 60
752 57
175 767
35 687
57 656
42 891
179 94
198 936
151 954
38 555
960 95
161 135
9 333
188 51
13 594
248 680
665 979
912 152
959 771
98 946
526 592
446 94
435 128
893 851
703 695
29 196
350 120
4 985
14 32
829 34
612 301
81 36
876 449
191 851
183 953
276 27
18 175
201 917
943 929
16 490
66 535
372 843
22 11
48 60
146 43
479 64
374 4
670 955
248 167
303 740
528 136
26 947
641 647
162 190
274 198
132 154
637 9
153 991
783 960
368 203
28 867
158 854
685 97
483 95
187 177
265 89
85 70
152 392
368 975
8 861
90 2
141 290
609 752
776 119
454 631
578 128
179 40
805 156
797 21
188 180
133 851
249 156
974 994
96 109
195 155
10 321
535 128
19 169
701 160
163 434
872 39
64 672
401 860
194 715
884 160
143 988
611 429
67 182
591 275
29 703
109 436
111 132
277 144
579 764
95 733
350 346
157 225
199 298
36 519
563 58
520 179
632 106
735 139
110 382
111 562
823 396
411 656
374 624
72 195
692 186
197 939
686 100
472 715
9 642
283 184
47 60
478 73
569 25
122 614
25 466
946 806
313 884
775 115
250 894
182 398
727 21
937 146
169 503
611 851
498 30
555 191
309 99
792 64
110 535
489 163
581 174
48 32
36 119
20 404
94 867
666 460
197 285
87 679
386 197
188 299
48 279
994 131
302 141
115 13
303 274
186 390
200 288
193 14
540 173
187 272
160 81
211 784
294 139
143 355
17 638
913 444
29 1000
74 199
843 116
216 378
813 421
821 10
6 682
63 159
880 861
85 653
14 814
37 217
21 680
739 162
449 34
60 952
683 72
187 953
165 797
752 143
218 97
558 849
147 350
547 965
445 951
158 50
971 110
176 10
198 682
470 403
148 199
856 88
170 553
116 252
808 90
103 975
175 15
197 87
975 69
2 135
215 541
572 106
787 41
118 482
705 120
999 282
86 19
146 169
994 739
76 748
155 101
270 75
1 611
93 191
152 166
797 805
39 326
891 10
66 978
37 78
560 783
62 700
725 269
186 479
129 247
103 597
21 100
172 860
777 7
614 548
285 124
141 38
665 129
461 561
777 128
47 59
286 70
132 41
413 175
48 316
135 769
55 53
244 65
514 891
908 66
900 156
525 2
263 51
347 172
488 217
553 217
552 195
32 920
174 225
36 19
50 311
862 107
823 193
701 82
400 176
787 146
316 90
185 188
496 133
695 466
981 288
316 27
156 693
642 124
41 233
600 717
498 422
48 932
219 807
687 676
534 3
726 102
167 642
930 216
119 83
764 98
65 670
680 465
688 64
200 68
302 336
307 59
153 9
974 191
55 183
965 696
441 282
705 167
227 854
57 930
988 123
547 197
392 719
998 421
86 342
17 791
658 65
605 801
68 322
395 72
997 128
176 267
90 719
543 172
91 154
183 497
365 582
223 624
901 322
363 5
269 803
23 241
287 60
809 197
20 643
114 7
123 329
829 368
745 181
893 101
144 39
98 934
25 671
318 47
805 10
792 199
198 861
773 989
90 57
5 814
772 144
511 61
121 37
93 809
121 993
116 543
533 143
2 143
692 921
71 732
729 155
349 652
566 350
817 102
36 556
17 93
448 756
135 103
382 44
62 160
110 628
625 729
103 22
756 71
162 156
35 632
464 573
920 82
485 91
627 379
862 74
133 845
812 493
35 105
63 354
234 262
193 94
651 148
983 26
10 540
923 200
962 125
52 207
3 907
799 400
115 798
594 372
105 86
307 35
110 322
728 66
425 157
900 14
873 75
363 93
181 694
106 246
810 117
11 113
3 73
83 808
2 704
603 186
72 536
979 1
185 1
306 17
56 870
183 963
644 362
192 182
916 292
502 757
446 66
84 744
180 565
969 5
88 655
49 374
129 38
240 144
310 406
91 796
633 675
5 485
967 161
560 173
652 97
616 155
107 791
791 138
48 656
388 79
118 333
566 103
495 81
980 711
9 931
232 225
195 906
774 122
156 804
569 52
39 365
606 838
320 4
855 612
380 188
32 741
52 83
454 192
515 190
125 156
669 665
570 113
615 496
686 647
670 181
52 940
299 55
676 12
179 641
950 86
279 198
318 18
318 379
52 684
195 125
235 130
307 159
610 649
720 23
647 144
170 200
199 332
929 674
10 21
238 887
989 73
109 144
48 585
486 848
124 45
140 668
25 130
362 102
768 631
6 615
59 697
103 33
670 104
936 115
514 196
149 581
278 152
269 106
34 490
549 153
820 5
78 730
920 289
156 901
933 19
445 260
125 26
75 292
263 146
541 69
496 427
425 71
24 652
111 353
469 756
526 124
162 24
958 860
102 412
873 349
581 174
29 198
367 130
662 112
169 570
379 70
403 746
245 42
34 367
423 29
189 50
233 78
300 126
962 52
17 122
97 72
893 101
29 3
458 637
127 95
790 573
273 412
118 724
308 945
170 49
230 197
444 839
176 688
169 958
768 33
164 37
9 9
993 173
648 422
38 860
98 749
669 99
143 575
49 52
198 81
149 795
371 12
334 135
632 81
19 101
532 425
48 16
732 519
27 537
824 39
405 63
125 858
600 755
188 988
393 303
36 750
29 141
190 459
146 973
449 358
58 122
22 362
179 38
439 269
502 450
71 470
238 507
4 786
172 61
186 163
84 935
765 437
20 148
22 660
560 548
573 603
984 430
976 335
895 616
380 678
490 65
418 110
117 197
158 615
99 188
64 147
174 757
714 94
151 694
601 631
118 161
156 598
113 14
44 733
72 196
505 407
151 49
124 615
356 536
563 671
798 976
12 424
326 357
43 432
173 104
84 875
130 739
235 789
228 36
974 20
196 928
58 356
41 121
736 407
462 103
144 474
931 731
6 757
736 544
30 580
205 310
96 3
7 788
32 620
953 165
645 4
702 138
96 603
179 811
212 41
183 786
370 7
41 602
328 122
802 271
189 796
32 262
121 608
731 986
127 241
527 184
2 178
173 253
992 198
178 191
97 465
675 405
69 41
121 526
377 797
35 125
27 247
926 41
697 608
451 181
34 106
986 838
129 295
445 38
133 126
151 486
862 166
95 762
820 155
162 984
59 282
856 188
90 995
479 719
73 272
574 468
132 114
853 94
349 172
9 415
647 181
18 178
925 576
105 626
136 448
641 11
529 296
675 135
64 715
200 689
59 400
132 341
131 474
7 329
758 153
176 672
195 895
154 188
329 275
868 93
639 190
367 13
135 612
911 561
150 73
171 426
626 844
87 705
37 427
49 261
580 27
938 194
642 17
11 34
189 593
490 236
918 178
56 311
709 594
62 603
772 152
101 322
615 25
620 760
298 632
655 168
189 985
175 603
751 45
19 292
132 444
20 615
468 6
154 842
300 76
26 118
323 148
30 297
727 753
118 669
37 738
367 190
283 89
634 909
69 920
142 824
78 668
657 649
598 610
616 446
40 673
93 200
77 931
776 308
496 265
545 820
625 359
167 976
81 625
229 129
498 155
927 809
575 739
763 183
98 787
169 73
480 225
77 183
776 178
830 164
675 8
171 981
87 504
64 787
93 56
166 148
531 857
9 549
132 162
271 35
162 554
277 89
502 948
41 370
56 267
86 689
455 84
896 286
19 681
193 474
4 657
304 131
594 187
46 44
525 20
900 113
564 129
422 870
710 951
181 155
737 67
859 36
10 835
163 627
715 7
403 591
600 117
471 671
294 954
73 339
87 447
30 332
218 82
58 405
34 493
135 386
648 590
142 109
219 69
936 107
47 283
21 474
5 216
206 584
5 392
52 403
3 78
28 288
708 205
601 906
60 31
641 945
49 609
180 6
918 29
22 328
831 90
16 242
813 115
969 112
800 76
324 838
39 122
175 848
949 818
153 32
159 325
540 373
839 54
518 27
681 79
92 364
194 998
422 176
362 189
132 301
235 425
963 135
114 829
84 496
10 610
619 170
928 125
185 78
257 129
92 917
122 457
699 693
80 204
181 696
580 57
98 89
33 406
125 302
153 997
370 35
70 325
879 157
55 160
61 378
566 113
776 73
611 996
61 605
69 212
324 152
783 444
88 640
185 108
125 388
880 126
978 122
511 53
181 280
185 182
624 54
165 781
198 957
439 58
193 195
91 953
981 43
969 148
199 439
88 269
697 610
585 363
756 150
194 933
168 928
749 38
640 794
41 3
196 769
48 452
8 908
221 778
348 390
951 1
196 602
195 506
213 11
922 941
39 104
607 351
69 924
805 184
928 56
130 285
109 510
132 543
1 102
22 700
35 489
772 59
991 455
630 487
367 400
551 132
61 61
615 877
175 328
152 520
81 755
705 144
683 102
245 411
725 561
1000 93
396 148
941 569
59 202
882 513
776 178
48 102
618 973
192 855
84 50
397 970
702 66
263 82
437 408
337 736
101 240
185 970
248 59
310 186
770 147
49 548
64 178
824 938
730 35
119 176
7 733
335 112
43 88
14 151
110 949
796 942
153 868
984 665
946 94
171 154
876 147
753 885
83 897
59 33
568 183
695 879
40 160
919 435
178 110
199 573
119 552
573 37
363 668
128 433
36 461
154 99
457 155
510 27
931 938
83 4
684 23
60 454
921 65
195 34
256 27
171 506
136 269
115 794
321 961
165 550
413 250
693 851
462 32
126 156
876 808
235 138
347 89
954 867
141 914
284 631
593 198
521 181
185 899
724 297
286 148
169 415
42 870
997 435
85 815
84 868
140 626
84 51
81 316
969 196
94 226
589 157
21 301
506 474
139 128
532 720
302 60
541 2
5 540
195 881
35 511
973 65
834 801
528 778
23 989
918 944
986 508
191 566
486 68
30 160
181 281
11 72
139 525
96 210
647 111
899 947
9 207
949 146
65 707
8 591
646 92
760 84
182 551
942 164
774 80
793 177
32 410
354 588
906 67
940 23
138 960
256 556
195 139
650 181
320 161
70 790
299 894
115 116
828 641
675 1
613 803
679 159
907 2
139 194
865 186
282 490
327 38
81 451
83 734
200 74
179 666
385 168
110 945
169 606
924 783
51 724
186 255
16 15
422 249
654 57
72 626
18 784
2 694
333 507
167 102
156 42
543 156
580 154
354 59
74 129
110 388
78 826
670 785
302 2
794 384
202 260
668 640
930 489
82 27
159 181
703 191
125 696
632 185
636 577
152 284
887 740
322 107
105 862
170 739
93 326
114 485
190 522
247 151
570 76
75 557
93 791
804 56
121 967
96 72
649 917
241 54
397 855
198 701
539 121
261 108
147 498
974 77
43 864
163 525
85 129
49 944
136 161
211 209
13 284
700 519
976 707
997 190
843 327
486 33
40 690
888 93
93 70
18 28
746 71
96 508
344 112
737 116
224 142
266 179
998 477
995 40
402 552
990 114
732 185
66 147
61 304
150 967
419 638
172 998
162 519
126 477
881 843
73 352
49 89
196 65
88 159
674 179
60 75
271 85
153 688
552 86
302 66
43 137
58 360
143 483
933 148
806 357
221 140
425 988
704 77
136 825
314 424
9 755
767 85
806 57
491 35
195 669
440 64
912 722
21 508
66 805
308 141
352 12
177 696
175 198
178 824
138 418
603 128
560 172
735 135
880 188
639 792
782 8
165 447
963 119
967 385
871 92
34 123
861 807
411 983
38 271
734 122
33 881
477 123
127 77
634 53
15 800
75 989
214 90
138 184
28 97
483 188
163 123
223 471
772 487
13 602
14 751
38 760
178 322
846 40
409 97
12 636
167 83
34 140
608 61
7 123
900 889
886 140
250 571
383 14
716 526
249 152
723 924
896 300
793 324
918 12
941 91
792 354
911 848
972 993
745 744
52 380
88 589
817 110
199 92
571 152
38 477
455 789
83 649
40 329
174 565
4 694
285 36
424 109
88 750
1 541
106 22
132 661
81 259
19 595
711 96
486 885
172 168
701 409
30 975
773 32
711 181
780 77
924 739
924 462
132 594
629 348
223 756
62 157
624 537
690 182
964 388
177 574
822 101
44 577
35 164
8 115
847 20
35 201
105 515
398 871
937 139
457 629
96 563
28 896
761 164
84 733
226 33
406 52
373 34
381 740
29 699
429 974
821 198
260 329
657 116
919 157
101 440
675 127
475 57
441 980
157 27
498 48
116 991
110 716
26 446
242 200
91 294
377 106
201 80
48 844
146 631
76 523
833 169
168 770
22 641
187 605
598 37
275 174
948 95
101 914
334 123
127 860
124 20
91 715
627 226
115 518
94 361
161 359
529 15
822 670
408 11
100 727
175 992
51 561
803 101
939 93
51 726
182 2
964 49
47 119
177 27
410 80
28 221
275 180
32 245
62 348
551 15
575 634
27 460
20 187
557 4
88 511
385 11
143 96
312 25
920 605
980 2
653 574
201 81
881 105
399 403
56 541
361 25
97 312
128 133
45 364
902 4
106 437
57 111
273 175
11 196
113 192
408 661
88 947
923 30
80 428
19 619
163 905
107 22
973 38
56 16
16 70
245 95
141 812
353 604
922 156
203 38
938 688
158 56
117 763
195 237
248 103
842 50
798 376
946 178
347 170
295 43
42 312
165 517
91 685
168 469
97 163
174 863
528 284
173 792
387 527
47 663
115 48
211 186
918 876
176 406
170 22
137 472
22 886
85 280
144 18
633 70
655 167
48 481
133 293
126 608
983 290
588 183
148 503
853 174
592 438
372 8
981 94
64 982
194 239
840 106
199 937
39 421
33 898
960 186
12 99
22 913
999 37
853 252
10 73
903 114
193 959
54 136
21 200
767 169
578 38
487 135
437 106
736 85
363 36
807 107
60 512
47 828
71 834
145 487
76 139
476 149
75 898
222 726
133 122
954 83
42 989
122 727
983 258
152 328
661 192
849 233
13 252
114 35
687 69
130 915
351 466
447 376
283 832
26 445
125 92
107 890
395 160
939 46
207 312
207 568
147 981
210 181
471 864
458 7
322 165
927 72
871 8
74 651
116 370
736 531
219 98
122 909
150 907
187 524
601 55
606 27
683 75
785 943
80 794
835 379
41 505
560 75
853 252
954 196
146 922
152 617
464 256
120 796
373 166
964 458
832 628
169 631
663 170
589 110
326 131
980 432
9 451
59 149
9 457
291 355
147 927
378 553
199 829
984 116
93 961
346 30
677 934
77 66
134 597
507 369
160 838
322 79
649 137
556 52
361 702
145 405
86 144
599 134
733 179
17 394
250 121
538 8
328 10
193 837
459 132
22 206
737 48
677 252
368 275
507 509
196 944
12 43
188 532
741 585
471 7
134 22
311 576
200 935
824 167
212 186
839 608
70 162
121 766
104 539
990 413
683 26
44 33
403 264
119 375
447 181
141 235
91 825
182 419
44 779
908 79
177 221
62 439
795 416
336 735
166 916
522 724
969 1
319 80
222 191
262 202
173 184
627 553
356 153
937 331
4 597
142 985
46 170
171 829
529 73
46 667
30 586
608 39
144 482
591 950
5 647
922 52
987 836
929 161
756 427
91 250
46 179
377 195
727 518
17 982
558 169
765 985
63 927
447 995
975 226
573 888
341 57
309 190
126 568
978 112
349 720
24 507
941 91
132 930
691 71
26 890
14 260
6 31
16 145
80 416
55 490
177 222
5 560
632 14
69 112
134 76
21 609
285 317
5 809
872 126
367 973
153 119
121 709
219 146
433 47
187 326
955 99
160 573
663 178
992 99
1000 216
894 472
60 736
116 798
206 49
242 893
143 457
4 14
301 24
257 75
20 438
287 119
684 125
775 3
599 768
54 375
38 453
324 56
957 142
506 182
832 129
997 110
183 631
58 456
95 459
789 410
9 755
686 13
833 830
466 148
30 94
146 504
282 100
477 161
349 712
489 3
675 200
69 843
821 128
142 388
44 616
149 93
138 944
72 991
930 8
938 675
580 175
661 995
168 20
15 968
776 113
123 808
866 797
89 114
51 997
485 36
831 371
115 987
212 80
946 172
90 850
73 690
817 86
100 945
636 227
915 986
879 160
516 136
90 634
787 420
71 612
137 77
718 118
886 882
16 402
744 13
706 163
705 342
976 79
206 530
198 597
868 365
983 375
163 636
742 730
25 34
151 519
815 55
514 790
477 261
981 67
60 895
590 727
953 90
84 577
229 168
112 18
399 666
70 233
51 135
93 995
3 359
15 90
580 195
60 410
185 945
147 211
908 660
614 167
79 834
823 901
947 818
657 172
996 185
202 199
295 364
998 269
265 317
486 127
127 849
196 991
260 103
74 319
566 127
818 180
908 128
118 658
38 403
288 180
415 994
599 640
904 191
36 505
509 20
784 33
250 161
158 428
373 190
16 263
91 700
653 89
104 645
580 76
440 631
666 20
613 122
904 912
58 869
172 85
358 66
195 421
52 793
769 149
968 541
8 455
558 149
592 17
802 570
113 582
973 648
139 694
718 215
50 559
857 163
720 195
91 126
673 94
291 817
582 958
290 73
733 77
917 99
147 34
730 893
159 756
45 476
200 801
52 42
72 620
636 185
117 726
845 962
37 858
138 783
46 889
74 412
175 8
180 446
32 622
68 146
16 119
697 192
292 193
728 193
461 39
192 416
187 268
712 78
137 899
677 455
551 48
192 243
72 802
43 164
853 190
210 80
829 832
123 531
71 75
858 945
143 569
63 27
121 117
638 125
30 77
910 105
42 323
8 933
78 701
534 153
174 938
76 888
177 587
625 124
149 44
109 39
132 876
163 806
136 73
727 665
162 147
91 404
528 103
761 18
591 687
711 582
480 632
71 190
40 661
287 119
621 187
11 450
354 18
140 950
591 394
889 784
167 707
32 74
350 949
430 130
85 474
164 915
417 370
21 75
896 131
416 684
99 882
133 501
535 763
23 181
236 957
455 3
553 69
744 290
821 679
681 4
258 117
846 9
943 126
121 75
286 69
179 65
872 510
129 120
894 146
353 89
99 359
492 24
4 739
55 400
936 80
629 134
904 115
188 142
73 154
679 642
139 604
280 52
210 142
18 514
54 15
642 135
37 38
91 865
188 938
378 865
176 166
721 29
18 969
400 113
566 19
277 200
82 171
655 757
135 75
9 122
918 89
199 120
289 245
535 27
621 190
77 759
159 329
159 542
591 773
237 69
115 652
337 827
129 3
66 994
444 890
150 1000
849 4
253 722
879 75
79 845
43 110
176 920
763 677
795 8
827 411
673 89
703 162
311 115
12 117
384 160
461 742
661 120
653 101
865 239
157 617
164 848
733 111
152 181
258 585
312 330
7 458
191 981
550 94
549 912
674 114
659 29
30 126
230 389
102 50
892 41
87 186
339 974
104 20
486 989
62 53
186 777
519 401
167 44
243 129
192 204
409 5
925 848
856 894
567 197
69 989
44 892
78 37
169 762
485 812
744 694
763 562
55 546
780 276
636 25
163 350
187 298
422 98
146 544
790 935
192 17
96 841
721 738
255 109
131 88
180 835
820 45
745 2
227 100
188 1
403 155
797 971
771 707
407 740
59 418
821 252
145 336
95 967
122 477
975 388
218 385
306 856
681 33
75 889
589 140
26 86
21 387
395 19
891 358
162 968
881 786
995 115
930 703
366 168
890 358
189 278
158 879
234 137
118 893
608 861
65 918
638 94
41 532
695 449
268 108
438 830
189 242
854 955
204 174
812 38
76 591
166 55
917 980
733 127
162 113
134 36
29 102
49 920
193 337
634 642
406 753
176 450
832 197
154 93
958 649
174 544
906 132
451 272
123 7
463 336
63 537
71 385
154 564
419 148
837 152
115 593
191 742
123 665
741 55
931 697
156 957
31 85
415 167
504 20
193 424
15 588
977 183
78 414
521 120
278 387
584 114
185 147
492 51
121 397
52 181
551 189
262 59
169 453
922 21
83 65
76 286
189 656
184 587
68 175
144 607
151 140
1 192
394 177
771 75
427 510
792 376
146 623
986 104
148 36
548 76
905 308
279 881
32 41
146 928
40 330
165 585
860 102
84 612
977 525
784 90
520 81
177 671
127 946
971 111
975 661
804 636
644 816
663 388
32 67
402 432
844 124
562 518
536 145
28 391
181 54
968 148
181 964
14 547
583 946
932 65
129 799
899 2
66 595
671 91
106 396
24 36
5 563
797 210
149 58
68 129
160 11
167 928
159 43
607 73
112 600
345 83
155 100
120 12
563 132
860 689
373 729
616 688
586 586
509 117
179 156
161 440
153 257
186 85
135 79
15 385
865 531
165 629
144 487
133 122
130 54
197 175
80 460
9 768
429 249
103 883
130 39
75 46
349 161
84 258
58 246
835 6
730 171
95 32
162 141
584 61
694 529
214 290
355 129
66 216
19 802
918 937
103 443
545 179
808 49
40 812
662 135
273 487
697 587
571 199
392 98
964 837
852 969
150 551
10 107
44 582
718 689
128 600
72 8
583 80
99 386
374 104
55 716
633 332
928 68
80 61
922 311
86 475
481 181
817 77
148 913
250 105
54 309
252 126
336 574
102 870
47 460
435 26
600 89
124 112
246 187
981 151
535 174
517 663
93 6
894 11
450 672
390 254
173 99
341 148
217 61
865 83
331 10
367 74
454 468
117 537
408 907
338 98
357 87
952 167
269 5
724 789
850 16
283 191
742 147
137 999
90 123
143 791
192 796
302 97
150 326
379 165
136 178
309 356
936 990
948 831
868 771
923 82
90 913
800 386
171 198
57 862
167 663
74 540
589 475
93 954
690 65
126 136
418 615
759 40
32 200
441 187
380 190
637 340
127 239
880 343
561 193
192 157
241 182
782 330
94 281
945 53
657 440
195 614
913 85
616 124
162 366
680 936
146 470
998 911
128 699
124 913
200 173
606 40
654 675
93 941
189 76
87 575
62 274
130 884
472 955
913 17
142 287
420 95
121 580
327 214
80 351
178 101
144 162
588 26
150 464
5 724
74 935
201 902
374 540
121 283
263 112
97 72
45 814
821 48
179 190
180 315
751 12
81 330
24 537
89 754
428 47
755 168
346 111
442 60
245 133
586 595
106 316
180 427
79 172
896 164
691 777
137 958
40 281
172 146
834 139
813 163
971 378
855 32
796 59
335 775
4 224
703 946
373 75
133 341
977 70
553 61
365 46
200 132
778 58
168 966
792 142
138 287
67 955
854 119
361 22
599 117
219 123
153 47
866 85
317 6
958 162
493 197
434 315
875 132
328 34
124 742
964 30
1000 31
177 506
9 838
163 874
776 112
610 164
744 33
1 440
8 628
133 584
827 194
976 100
938 71
856 476
17 645
171 183
179 22
604 154
4 10
241 75
11 635
113 241
524 758
127 320
92 182
102 238
537 78
674 329
86 802
13 143
184 930
132 576
527 152
759 145
144 185
547 43
73 195
51 860
107 342
178 590
29 121
149 765
569 1
11 192
714 245
82 927
422 349
254 16
131 592
509 210
50 509
144 78
22 263
909 69
119 974
646 40
90 155
200 12
752 186
395 142
885 157
126 43
740 58
516 164
260 492
384 107
976 7
971 45
128 335
393 565
11 343
466 179
191 123
37 888
81 256
461 640
768 104
86 49
362 122
19 340
171 464
484 528
77 762
850 80
796 156
154 544
290 56
388 144
9 205
560 181
182 869
55 723
514 94
43 17
12 442
950 110
185 118
675 657
591 988
935 77
8 186
12 160
20 326
191 724
456 197
117 45
109 511
308 75
200 704
31 590
187 300
634 24
580 144
999 152
97 4
679 759
281 988
280 32
18 284
857 664
100 786
409 73
197 235
912 204
104 557
214 449
67 714
176 568
51 243
117 890
526 375
449 614
299 2
95 974
521 461
126 54
370 171
171 763
109 581
58 254
128 243
375 199
6 113
631 204
107 29
395 172
84 71
810 262
49 802
735 53
615 603
584 129
475 19
917 29
9 115
75 787
351 38
148 174
718 57
65 393
91 499
240 927
87 809
14 369
92 143
530 677
183 501
159 368
578 23
324 197
81 188
30 447
869 529
68 789
907 824
786 882
295 574
421 932
132 123
955 175
362 492
840 16
836 20
810 72
762 820
522 89
199 738
119 149
53 22
334 214
255 481
727 790
817 7
177 102
9 969
109 515
128 815
871 111
184 603
119 163
63 258
971 172
5 860
290 431
439 561
238 147
90 790
928 620
978 97
92 63
487 113
242 153
850 66
98 462
10 779
808 3
18 579
153 27
520 73
265 165
939 193
32 1
667 196
160 691
672 109
64 447
136 12
461 171
688 768
25 854
811 745
32 16
573 24
904 153
689 65
270 204
315 205
339 290
308 680
575 152
930 721
73 110
307 38
348 388
524 73
769 396
298 733
365 152
5 192
97 412
849 479
751 6
182 44
10 766
787 128
11 54
560 105
209 65
480 32
163 528
584 260
717 185
351 159
59 46
16 491
92 417
3 181
797 830
822 124
53 40
116 75
704 584
786 728
886 661
153 320
804 136
190 626
60 510
188 112
43 107
893 877
670 69
4 408
425 57
579 122
95 520
129 513
735 200
408 456
950 46
903 844
4 777
793 3
69 374
706 716
580 39
8 425
134 1
691 719
417 4
6 841
136 8
611 830
91 69
395 48
143 464
161 60
133 40
489 997
178 597
135 104
141 338
181 908
262 189
922 106
336 181
178 758
611 21
910 64
805 15
985 919
51 392
474 154
374 21
72 310
170 695
978 149
3 640
281 90
919 137
155 945
42 189
784 194
304 107
103 925
63 901
757 975
559 180
863 737
422 530
530 186
386 137
67 119
223 182
118 21
97 651
187 220
138 426
936 180
397 82
636 146
153 80
188 554
252 864
244 56
184 971
596 301
341 712
369 23
19 548
44 243
48 515
13 304
702 896
530 984
635 639
824 706
100 329
626 129
168 505
598 109
349 471
868 967
344 66
152 794
35 948
30 490
153 431
123 986
859 655
41 617
951 109
972 50
112 681
956 245
821 173
106 23
759 696
589 674
122 731
578 371
112 625
132 440
110 430
619 119
974 516
868 198
930 158
122 866
415 211
366 61
729 187
128 196
319 507
492 156
540 557
28 923
144 743
873 231
706 703
274 32
130 316
159 900
62 543
366 110
199 149
113 855
151 596
183 195
282 334
779 590
964 68
782 228
185 269
152 421
422 62
608 17
224 114
686 73
336 161
34 859
864 695
139 355
108 693
108 978
797 76
613 793
153 722
312 168
171 904
391 16
929 614
815 154
961 80
193 451
84 489
126 981
489 26
705 317
265 489
179 76
996 54
126 687
86 124
75 362
625 47
802 163
78 42
185 544
138 492
417 33
39 593
122 823
668 604
415 108
576 163
128 801
153 36
732 16
178 166
746 56
357 285
137 810
378 600
91 213
175 332
447 172
443 90
139 44
866 837
131 139
592 162
65 19
700 191
160 96
872 64
457 140
619 789
797 212
333 100
588 256
887 179
168 326
646 357
98 767
640 179
164 654
78 992
522 719
70 670
79 782
151 548
155 266
74 872
627 181
169 251
354 676
173 236
313 130
563 114
49 870
323 25
74 157
111 530
40 165
791 955
142 868
451 806
621 160
716 62
354 186
243 17
24 695
924 132
744 182
238 315
69 806
297 104
95 566
860 97
95 253
84 982
570 456
99 719
977 830
996 112
601 149
297 114
107 283
132 168
222 96
608 15
34 633
313 342
31 237
131 653
194 462
1 837
548 197
162 880
664 80
457 142
98 429
46 169
119 67
141 191
66 766
457 79
203 140
609 99
174 929
261 90
107 679
8 674
68 20
487 41
158 957
182 203
176 128
14 166
185 745
949 625
454 72
194 242
645 795
94 844
184 127
409 174
472 127
190 751
170 711
629 177
689 504
639 201
257 378
31 163
588 27
192 615
381 107
140 171
760 25
664 951
612 94
375 930
427 224
8 86
104 448
8 21
175 774
130 634
174 519
456 5
154 786
64 779
498 191
115 911
191 899
575 798
438 544
492 158
174 106
139 293
115 41
173 592
21 177
229 88
82 498
702 858
81 9
128 839
110 683
574 165
597 980
613 500
582 187
134 611
142 433
534 315
367 88
979 790
434 548
519 57
36 14
166 181
34 593
102 750
332 957
756 634
40 365
34 296
780 603
83 336
725 75
476 705
309 100
709 697
683 35
128 37
561 193
130 19
156 192
986 923
129 258
683 94
834 186
872 177
617 517
136 959
744 58
270 924
705 129
769 146
105 260
34 407
167 24
48 603
3 258
808 396
171 561
880 345
32 578
754 42
523 65
286 348
41 406
154 468
111 823
171 106
361 39
290 191
769 14
1000 45
117 802
180 911
7 125
839 479
730 815
758 178
119 891
986 937
698 75
245 547
971 76
168 448
107 156
848 17
847 909
494 939
526 367
811 14
329 119
754 101
102 836
90 175
894 198
633 92
94 951
722 120
395 984
890 151
969 108
792 698
102 915
52 17
20 835
269 895
86 73
875 270
97 431
882 91
789 131
257 4
146 934
58 320
978 56
983 170
106 268
120 990
61 49
792 785
67 635
245 29
57 167
183 94
18 684
424 140
83 363
17 46
185 30
952 589
84 910
946 642
8 297
323 91
199 31
173 130
942 821
406 756
259 722
9 179
354 221
721 174
232 120
743 112
13 154
506 606
854 47
714 51
79 113
148 457
138 96
820 147
28 302
426 74
98 809
597 706
15 318
264 173
953 128
504 160
83 829
793 16
156 697
792 570
184 138
170 709
157 332
197 181
948 17
114 78
851 6
832 30
904 829
27 218
684 98
543 182
905 908
99 395
855 163
130 529
55 113
691 633
769 137
589 335
972 462
19 479
95 136
391 912
384 292
745 811
2 730
162 524
340 365
867 229
187 206
896 55
749 97
688 84
493 158
64 195
947 91
92 798
367 124
898 192
914 14
964 914
836 639
7 177
51 28
824 68
261 24
435 162
990 196
494 21
671 108
511 438
156 188
82 960
129 144
157 933
510 121
576 22
895 314
525 127
765 824
815 188
46 666
82 435
407 139
951 51
53 190
634 75
392 111
656 83
30 616
390 180
790 62
189 149
127 691
89 21
178 86
225 83
32 405
273 63
874 881
910 673
764 112
3 782
113 617
48 995
350 612
60 394
134 938
202 578
340 57
629 169
103 82
700 712
81 614
194 487
24 632
21 720
236 168
741 72
133 321
29 939
182 124
170 457
26 237
891 67
389 242
57 123
33 119
37 97
40 957
198 989
177 536
91 770
511 172
150 4
829 180
266 84
519 793
833 48
868 160
731 154
749 535
911 150
296 170
109 161
47 895
613 86
164 179
267 136
754 573
773 34
477 31
451 117
687 34
142 838
2 721
183 405
23 84
20 612
501 135
942 36
849 614
539 44
917 105
184 184
721 58
259 115
153 885
78 888
506 427
956 156
590 665
68 581
66 974
988 71
56 321
47 216
151 30
186 991
26 53
850 142
216 126
692 177
178 666
966 789
450 423
945 194
717 91
669 160
415 82
426 106
56 448
196 34
755 597
939 173
140 993
172 921
958 80
56 157
978 106
473 160
38 272
472 683
973 115
924 652
25 706
557 536
84 431
836 403
450 87
180 574
4 466
506 148
627 78
936 172
195 66
131 105
184 656
982 102
549 168
347 163
206 862
189 996
194 161
403 661
29 462
831 726
694 473
18 443
720 956
19 901
168 37
223 41
177 442
11 476
74 982
327 805
79 187
717 409
61 823
537 809
534 135
78 117
144 103
182 674
867 658
593 163
778 175
260 153
634 90
114 82
655 27
755 934
371 302
953 932
115 383
695 277
92 385
378 87
398 939
263 127
49 316
13 625
514 4
110 669
319 197
9 122
111 97
2 682
449 22
844 150
695 130
146 176
146 814
747 62
727 124
60 32
19 150
691 93
31 723
176 50
2 199
127 866
512 29
186 615
918 199
774 188
110 180
965 216
955 49
103 882
68 207
625 489
95 41
74 897
74 148
201 133
17 475
88 768
138 294
996 500
399 511
434 82
208 780
852 672
458 185
97 340
183 147
451 173
127 596
112 608
318 159
803 141
46 501
92 126
6 72
128 616
139 832
399 677
200 816
656 185
701 43
640 186
448 22
151 577
559 732
72 72
416 53
200 819
767 83
458 762
106 597
3 788
85 875
451 787
158 190
76 717
77 321
632 27
521 703
355 119
91 652
60 943
71 306
243 154
80 15
9 268
345 184
236 96
43 48
119 598
368 191
717 928
194 250
17 294
126 112
164 133
155 500
373 135
922 182
393 497
103 190
55 766
138 636
632 596
336 558
574 18
407 504
105 755
69 894
94 921
104 725
161 942
160 912
263 68
59 285
886 182
333 946
161 437
403 141
34 382
78 642
132 197
172 633
601 59
988 123
21 503
649 46
228 7
640 595
188 539
51 929
986 122
648 55
446 370
391 81
587 791
48 256
127 951
197 511
170 827
303 716
807 365
90 180
806 105
90 247
414 329
131 276
195 99
494 351
76 550
684 435
207 110
119 99
277 167
116 591
184 736
180 335
116 31
220 157
829 178
97 584
335 872
186 669
241 719
46 533
239 594
677 89
127 291
36 207
14 11
705 188
928 399
376 926
911 373
191 289
982 149
203 180
639 82
352 145
35 107
312 528
254 94
951 154
577 46
733 694
104 828
439 88
90 732
86 295
1000 337
66 685
41 59
767 15
455 134
911 123
228 120
31 844
350 192
59 106
849 1000
353 158
157 75
142 879
798 904
882 41
410 38
858 125
29 380
585 18
147 893
144 11
443 516
571 131
92 512
912 878
135 834
99 32
127 684
96 536
63 172
524 129
388 385
883 196
736 61
154 313
321 6
78 974
993 191
620 208
527 749
775 471
554 29
853 95
889 337
60 864
9 329
16 936
852 330
241 168
179 848
183 675
83 908
575 32
204 38
933 628
746 30
943 133
820 1
180 63
857 55
112 490
218 126
175 275
32 576
880 80
508 37
615 214
114 912
78 378
855 560
112 242
585 11
162 80
105 630
255 871
102 880
30 103
858 72
970 941
690 216
154 408
379 154
674 198
116 198
513 669
81 329
414 454
96 31
803 174
749 107
320 20
431 405
746 174
434 98
230 57
405 130
189 142
540 125
593 341
158 458
464 153
105 206
365 149
503 181
61 112
122 254
223 158
891 132
49 32
135 256
79 647
110 766
841 129
49 72
488 80
714 51
74 610
377 178
639 19
694 738
385 121
248 73
198 137
286 72
66 398
687 92
160 72
764 51
12 944
38 579
129 110
654 77
86 536
545 135
375 24
195 380
187 387
173 475
514 117
839 116
834 762
448 156
665 145
347 733
635 126
148 146
247 2
68 459
653 358
64 587
48 450
174 164
824 654
600 92
516 951
104 829
445 7
142 850
248 235
808 128
612 12
129 36
701 919
890 14
324 109
635 19
366 16
876 813
176 89
10 136
264 488
416 802
512 943
325 779
24 494
728 445
109 862
30 7
48 72
243 168
754 171
116 190
379 217
535 168
362 702
169 18
47 759
583 924
257 178
48 666
341 186
194 292
918 645
54 501
548 83
145 977
859 41
164 822
923 95
95 68
176 396
126 760
891 221
9 789
165 882
49 508
58 228
975 588
440 145
18 874
117 395
234 105
40 151
479 532
110 22
103 179
358 654
174 722
116 966
190 272
142 719
849 870
197 622
138 123
711 12
194 517
359 18
550 170
525 178
741 133
379 57
708 69
68 7
63 297
144 658
56 994
192 830
99 473
441 65
111 471
33 161
399 908
570 140
52 919
33 166
120 882
41 383
681 290
291 65
423 153
939 106
508 224
175 187
27 968
438 199
394 969
139 262
44 440
117 614
1000 323
446 358
489 343
541 244
663 115
18 194
88 615
85 568
135 193
199 594
462 616
94 21
245 651
7 619
862 476
181 1000
533 170
178 184
770 45
35 659
184 574
85 36
121 119
567 45
703 257
846 88
179 175
161 8
26 177
751 21
185 794
951 74
98 391
823 344
625 452
119 350
111 730
353 636
989 93
890 541
372 196
50 550
927 665
454 131
937 87
160 173
135 910
124 40
381 604
298 94
918 193
16 759
67 724
151 578
609 602
179 277
784 475
778 887
269 292
590 167
815 34
585 773
53 69
628 831
312 395
924 103
966 158
766 736
105 932
965 146
106 17
660 184
160 849
240 117
910 83
963 112
54 170
242 99
878 89
153 129
986 903
141 774
192 102
761 139
146 487
106 199
439 95
129 146
228 518
64 305
508 198
814 57
73 45
26 832
135 160
769 539
146 100
117 484
294 252
326 187
99 662
270 524
523 815
164 880
592 200
603 310
234 26
367 185
14 66
227 95
759 11
635 106
62 524
288 196
110 496
651 96
748 650
224 5
724 808
804 941
704 846
4 671
42 833
688 633
23 170
189 800
293 16
345 183
709 114
625 83
811 307
166 86
656 325
853 91
171 321
642 69
181 267
84 548
248 20
19 484
108 905
188 552
440 52
189 147
65 160
336 23
87 51
991 83
41 979
259 183
51 438
175 865
247 540
97 449
44 98
359 865
135 370
431 137
390 108
896 98
264 977
117 179
516 103
368 816
668 747
630 180
866 15
113 202
85 52
906 846
839 28
174 735
346 762
506 53
374 194
559 136
176 489
101 492
327 42
30 324
218 119
63 112
162 725
27 577
986 23
61 602
131 1
297 170
621 354
295 379
942 267
502 92
626 55
989 796
128 499
463 872
701 133
962 114
134 732
191 25
715 839
494 695
368 107
682 114
79 140
633 192
87 320
142 457
134 867
21 686
919 124
113 617
171 372
44 146
201 111
110 61
16 878
183 164
155 697
298 149
400 58
20 116
181 735
695 950
23 105
673 180
88 265
35 101
875 290
51 65
220 623
171 973
263 166
58 604
285 686
55 427
178 283
812 192
292 358
685 490
133 884
6 157
909 198
39 150
205 83
5 925
732 156
627 534
393 172
515 5
440 46
92 303
1 543
135 435
159 145
444 86
159 974
170 400
693 70
802 44
389 398
396 637
598 27
36 828
563 188
567 74
536 59
112 144
199 329
50 606
98 287
118 139
547 195
982 376
802 973
987 74
171 745
136 65
636 899
27 438
730 863
197 920
308 153
924 908
36 104
36 96
416 700
101 476
472 34
71 626
904 18
231 156
174 519
71 721
690 52
30 982
608 921
121 785
286 437
530 623
97 452
140 510
283 38
577 787
469 13
47 862
418 961
53 967
991 167
721 145
3 698
334 192
31 501
169 156
698 431
618 14
277 102
731 137
719 57
45 34
158 753
139 146
734 93
380 846
365 118
149 471
58 369
743 34
907 270
829 186
274 34
461 183
95 780
195 641
451 402
895 29
57 357
336 790
627 132
363 42
49 623
367 649
751 338
103 179
99 533
974 314
106 115
54 266
314 889
153 935
120 158
6 803
70 917
396 169
120 839
473 147
97 602
198 581
10 562
25 50
877 625
87 965
58 694
21 949
320 729
130 592
269 506
289 16
827 81
97 400
3 698
462 146
491 60
498 49
185 490
136 564
92 764
95 805
38 258
574 15
340 6
113 44
640 2
150 856
413 191
110 687
672 975
446 91
144 296
403 154
131 787
94 837
120 646
400 109
609 289
166 119
550 236
151 901
872 645
59 26
119 168
45 97
435 154
8 164
142 629
9 78
307 440
52 857
16 177
186 312
168 71
161 281
589 319
933 178
826 139
810 178
511 33
416 368
371 292
24 175
382 121
763 180
146 686
323 24
760 457
22 117
98 546
113 726
983 796
80 393
189 933
97 70
4 661
122 109
70 150
330 893
929 231
651 163
195 637
318 380
32 820
576 408
114 98
933 722
41 835
27 662
217 605
127 938
602 82
688 187
911 89
142 55
632 283
120 879
62 534
317 973
228 242
805 69
130 533
8 62
570 327
517 167
351 927
385 197
5 981
152 649
873 64
793 36
889 342
198 1
90 506
248 174
81 878
934 172
504 233
405 12
19 351
225 613
124 264
160 348
581 403
519 26
121 206
600 194
77 338
97 55
36 49
190 465
102 302
614 23
165 384
176 113
722 938
35 554
172 244
346 417
28 500
895 123
477 736
876 192
139 14
711 661
64 416
81 885
10 864
534 33
320 63
243 6
318 151
626 903
1 179
653 643
286 32
35 701
908 465
330 138
74 222
185 192
130 892
39 543
865 137
633 104
801 90
865 52
402 992
681 88
623 669
706 497
106 23
44 568
330 90
58 891
706 9
55 245
788 35
3 91
358 817
962 107
543 635
759 803
228 71
62 54
336 28
294 173
853 229
831 709
396 101
804 180
313 5
31 928
684 184
35 357
591 235
156 899
94 728
991 638
406 113
171 823
516 162
772 599
896 22
73 392
787 530
151 858
837 179
120 326
952 183
800 71
11 27
705 423
930 70
219 180
118 457
761 2
161 220
245 89
136 161
292 118
164 885
736 62
587 418
188 650
709 226
446 64
36 35
36 273
142 545
47 595
151 201
123 897
137 733
249 127
560 84
375 105
612 12
690 428
109 955
154 123
803 712
165 816
257 666
256 39
416 758
92 265
422 168
100 226
187 91
508 13
56 260
371 84
73 874
100 626
43 971
974 78
504 140
56 120
489 369
68 955
152 188
45 135
799 230
879 403
206 4
888 112
170 137
12 969
612 880
643 719
545 621
894 953
18 477
192 748
84 740
194 86
133 23
228 105
64 710
184 953
174 867
646 778
157 983
13 466
63 571
85 579
38 402
184 66
84 597
35 87
569 258
786 123
185 206
175 919
371 53
158 77
25 631
88 19
124 930
464 105
80 591
296 87
188 855
245 117
431 70
93 161
372 196
992 186
131 565
985 74
654 731
8 460
105 837
193 639
93 765
405 174
985 110
115 457
126 721
906 331
686 729
34 99
185 871
92 747
222 674
867 148
29 859
215 199
435 33
859 540
812 108
263 46
786 567
162 368
10 56
770 617
255 94
497 514
241 184
942 57
189 537
132 652
147 46
919 114
731 875
805 2
764 419
328 515
956 170
582 29
860 127
78 375
111 502
83 263
124 758
82 622
69 177
104 185
864 30
392 156
788 562
82 184
995 952
45 526
86 825
204 324
988 571
12 790
8 667
721 162
884 726
48 993
56 836
910 764
749 136
38 506
957 27
19 649
113 407
713 112
14 146
613 125
96 606
400 41
704 685
616 80
52 215
405 15
121 140
521 43
883 169
697 544
452 62
839 16
289 29
77 411
786 527
3 780
159 381
315 107
104 737
941 148
594 603
950 109
554 29
123 501
100 346
270 647
13 329
904 68
813 758
290 826
499 724
566 178
171 19
476 63
100 87
21 33
903 55
180 14
125 190
35 84
973 460
55 542
776 99
272 323
933 59
825 602
427 867
438 198
102 724
124 901
200 506
972 192
258 51
127 190
211 689
36 966
135 928
292 199
21 267
196 37
983 797
32 697
495 428
105 160
6 803
909 57
51 210
154 81
166 947
462 171
196 139
468 6
333 147
949 171
282 942
489 31
550 251
270 728
99 717
703 126
392 281
244 51
124 330
921 32
122 160
16 415
23 625
34 93
367 352
245 116
370 610
51 148
77 432
56 113
65 816
587 803
26 538
18 997
154 859
189 845
131 689
997 57
775 77
199 959
121 422
264 77
445 4
868 108
111 26
113 62
576 555
98 581
36 317
169 265
4 226
164 111
86 125
130 888
113 194
361 90
881 189
356 644
81 12
417 174
846 630
916 180
18 671
8 188
332 186
128 87
865 70
515 165
41 748
251 691
883 436
724 156
993 841
427 55
110 264
67 923
914 181
23 159
625 881
603 986
23 365
619 377
49 153
467 461
702 167
165 367
125 841
109 46
39 451
750 174
177 110
824 817
751 702
52 115
308 22
118 549
319 101
71 717
76 312
731 824
101 569
26 560
23 536
843 15
493 60
174 101
141 25
130 578
570 104
546 688
146 499
954 49
13 419
735 867
616 402
258 197
772 430
917 189
939 878
477 14
386 773
900 148
345 86
144 92
564 15
99 881
880 393
433 375
615 777
573 182
918 809
698 84
806 558
588 150
421 147
708 154
123 7
125 767
553 810
678 69
145 96
129 864
333 101
958 81
728 99
79 88
623 34
129 785
318 159
34 772
669 116
587 885
68 688
326 327
372 173
21 45
934 14
335 719
25 280
527 648
811 61
344 409
98 406
100 934
341 78
143 123
937 493
219 99
733 525
86 2
618 31
121 134
652 58
191 708
45 103
481 353
83 235
59 193
54 160
490 81
34 886
17 279
168 915
916 151
165 455
13 730
25 619
545 83
794 189
137 614
158 581
8 203
119 285
169 47
315 168
158 697
188 445
89 154
360 197
905 155
850 98
115 853
822 127
810 608
136 855
313 683
86 451
145 773
734 155
22 172
760 802
660 242
30 690
614 227
12 469
96 961
379 343
895 282
281 82
762 453
88 710
4 19
186 110
555 203
945 195
54 611
162 134
828 660
58 746
294 552
132 730
184 140
529 73
25 259
968 316
54 236
426 126
504 586
724 162
712 128
437 393
133 207
162 812
946 861
420 59
839 489
491 677
934 119
764 940
184 647
157 449
33 446
900 443
23 701
141 871
96 614
612 290
114 449
854 865
20 256
810 17
683 929
727 47
832 94
251 218
601 533
100 94
286 117
610 246
171 15
299 343
42 864
376 416
100 445
770 59
90 507
504 280
40 615
115 779
716 952
215 104
92 740
93 913
226 221
30 895
755 331
159 437
102 125
16 501
642 99
969 366
837 176
138 43
698 421
650 74
83 443
629 41
479 65
772 871
519 741
649 739
64 268
574 7
153 38
638 628
190 566
123 999
272 380
910 518
405 961
695 193
967 205
170 80
394 137
103 773
123 96
72 801
184 773
710 725
120 689
697 933
152 59
167 286
177 183
167 58
103 451
916 80
166 161
78 391
541 191
641 794
77 985
43 32
803 168
251 374
978 24
134 20
313 864
65 90
443 143
467 51
184 145
616 20
196 135
196 414
723 717
681 50
465 145
349 515
117 886
104 393
45 119
429 146
190 563
144 456
152 375
896 981
442 383
456 73
547 790
55 70
143 398
903 320
800 47
650 173
582 69
8 90
603 829
426 19
193 833
117 192
889 87
462 922
880 117
544 104
152 753
138 778
20 279
705 90
116 384
846 67
595 174
242 26
738 815
295 108
173 98
483 118
695 165
881 274
128 726
467 871
191 495
152 845
243 162
958 182
25 804
317 369
442 244
696 662
59 354
799 151
557 167
467 200
934 178
922 828
165 114
456 198
807 411
926 296
14 89
52 751
988 301
910 330
631 863
35 430
128 299
661 768
167 667
15 5
404 17
928 33
45 778
293 106
177 165
126 732
153 492
194 81
732 869
278 771
988 29
144 197
46 468
965 1000
840 109
98 126
441 50
889 178
125 170
192 962
964 70
993 114
57 66
126 103
730 888
196 752
500 138
189 803
30 263
64 166
935 73
51 657
70 222
370 650
143 60
320 238
129 431
143 67
721 55
400 441
103 738
91 180
389 42
729 93
26 146
397 108
89 756
178 71
684 78
135 781
630 63
9 687
388 90
168 82
518 173
99 134
20 338
3 217
111 57
770 268
84 153
691 56
152 393
65 109
102 51
940 81
812 18
54 488
8 988
365 146
78 160
145 16
206 148
177 413
566 364
82 321
149 822
944 157
587 106
616 8
71 690
752 180
29 14
637 189
169 226
633 68
495 159
666 113
52 264
699 412
519 5
275 946
331 253
550 1
67 181
74 993
241 942
693 292
600 199
165 153
854 78
68 198
35 546
1 138
426 360
320 200
119 463
283 828
17 758
167 967
155 490
730 5
360 126
813 658
389 82
18 815
174 319
123 377
73 725
413 55
163 544
100 479
264 654
55 949
400 424
194 411
162 829
738 245
21 596
530 173
503 582
332 244
167 176
900 54
631 79
183 285
538 266
356 192
930 108
699 541
129 336
95 953
35 702
417 44
954 36
702 19
126 913
263 2
71 169
369 54
100 791
352 78
952 195
732 169
68 737
847 626
866 754
277 87
433 100
528 901
797 11
919 429
928 874
451 150
133 254
540 842
791 83
100 101
43 301
619 94
175 646
272 173
152 36
61 244
546 959
730 4
149 363
77 736
958 71
767 50
88 36
404 79
507 140
119 322
971 85
469 216
148 294
609 105
371 779
31 177
111 86
698 470
131 67
463 476
129 640
62 811
94 37
429 70
954 156
48 193
97 685
403 534
159 385
120 185
66 915
106 6
467 860
907 29
348 971
943 41
745 595
9 883
505 147
759 915
48 568
168 104
599 92
155 574
11 123
108 948
253 487
151 625
851 462
975 94
417 18
45 955
131 44
51 26
33 142
121 465
47 129
132 63
768 118
776 115
255 185
723 132
64 159
52 527
646 156
654 98
606 891
736 177
779 70
286 189
168 870
918 87
171 515
2 896
820 798
214 77
404 170
317 448
856 108
564 200
195 92
244 511
167 889
149 539
78 955
40 440
39 768
704 133
831 118
205 799
874 153
606 947
847 766
126 61
543 100
503 74
82 864
209 111
646 128
187 66
358 764
195 395
620 68
106 647
590 31
810 149
124 254
349 653
