40400 40400
64
1915 5239
2076 901
6562 4973
1977 3783
2370 5817
8690 3461
2959 2071
3713 1126
6127 2057
1869 2836
9017 1943
3956 1633
2878 2491
6347 6077
11946 4255
6723 3210
1483 1415
18318 6182
9275 2602
769 3783
15584 5878
3813 2616
6377 3869
3713 4830
1207 4399
11354 7467
8130 4006
6480 2101
2878 4769
7172 3668
10277 4724
3902 2424
5602 5239
2076 5281
2982 4973
6674 3783
26152 5817
3915 3461
3418 2071
3713 821
2873 2057
1869 4631
9017 2063
3956 1857
2878 1881
3840 6077
3258 4255
6723 6819
1483 3824
9570 6182
9275 2371
1016 3783
12938 5878
8792 2616
6377 3039
3713 5676
7793 4399
16741 7467
1672 4006
6480 1389
2878 2554
7172 2409
4927 4724
2821 2424
