40400 40400
64
802 1546
11640 4721
1408 4330
2407 9421
3040 2908
2171 2161
1099 4862
5539 4980
874 3104
1563 4765
1550 1192
11706 6817
4672 12928
2508 5454
2885 7449
1819 6443
802 220
3653 4721
2312 997
2515 1012
8182 8518
591 1903
976 4562
4050 9696
2765 3104
1691 4765
569 1648
5981 4421
6550 15242
1540 7325
3951 2831
9604 4536
802 1150
4456 4721
904 4330
24256 9421
3040 8212
3075 2161
975 4862
14035 4980
4617 3104
8644 4765
762 1192
11491 6817
4672 3824
2508 1871
2885 1975
7785 6443
802 188
3592 4721
2312 1257
2515 8409
8182 2602
591 258
1098 4562
15524 9696
2164 3104
11443 4765
1743 1648
5981 2396
6550 1510
1789 7325
3951 6593
9604 3697
