40400 40400
64
4629 1596
2919 783
8067 1832
7180 2974
1685 1708
2029 601
15046 7040
6726 7039
7958 5170
3621 4223
4358 6846
6272 1268
6171 1473
3448 1249
6389 10170
7910 5092
4629 11306
1279 1621
3529 6846
3770 3117
3924 3177
2672 556
15046 5222
2050 2287
7958 5152
1063 2033
1823 5782
4047 5429
6416 1491
859 2104
6378 12850
10744 2912
4629 2353
2919 838
8067 5014
3139 2974
1685 1469
2029 824
15046 5406
6726 3329
7958 9256
1080 4223
2407 6846
6272 5296
6171 1375
1253 1249
6389 10729
7910 7563
4629 6465
503 1621
7629 6846
6549 3117
6978 3177
2672 869
15046 3231
4676 2287
7958 2142
3638 2033
1823 1064
4047 1135
6416 1357
3842 2104
6378 8049
10744 9743
