1000 25385
100
574 851
432 204
640 278
860 656
391 61
971 955
823 364
789 770
38 945
137 17
238 312
619 584
374 150
782 952
207 872
96 984
168 322
361 52
791 287
394 533
299 925
867 974
473 521
637 232
273 446
627 572
397 728
709 584
647 341
903 964
343 728
251 44
551 988
426 420
172 112
570 343
157 435
240 274
196 605
666 539
538 744
556 4
770 370
950 393
893 589
987 975
219 678
416 958
195 461
735 485
744 255
868 311
158 69
429 536
582 813
955 617
208 819
145 742
134 546
300 527
790 239
162 457
866 461
315 450
670 200
24 13
772 342
446 87
869 73
499 226
430 18
292 884
580 311
429 972
36 52
730 705
69 585
75 670
377 800
11 954
489 785
813 658
702 911
121 784
323 93
624 435
136 123
46 184
29 371
244 31
176 69
403 641
870 500
915 958
500 728
733 546
722 836
716 73
430 999
656 158
