80800 80800
256
1348 3796
2611 5156
8791 1800
4061 1489
1089 4573
3016 3729
1845 1074
4237 7590
6964 1590
3236 5303
457 1755
2305 3678
4179 5173
13250 4164
3008 5723
6483 13364
2366 2220
2249 10205
2610 5707
3923 1404
986 798
5476 1801
3607 2199
1741 2309
1447 6206
6636 4119
2507 724
25795 6720
2575 7162
3565 13017
7307 2393
2273 2085
2542 1888
1194 5049
5667 2012
3654 7878
931 4573
2507 5358
1542 3979
4072 7836
1658 2444
10662 4352
1907 2461
1683 1073
2659 1136
7892 13580
5648 1751
28746 7658
1745 1063
2841 5123
10243 3283
2826 2099
6791 4782
3465 5845
3607 828
6093 2955
7916 5139
17460 10442
940 2241
16122 8004
1965 4314
1668 942
1624 4245
6628 2392
1411 3316
6289 5156
4079 2750
4061 5304
3219 4573
3330 2794
1558 5130
2042 4963
6964 3504
1544 5303
328 706
2124 9323
4639 4182
17680 12743
2164 9109
4887 7945
3142 1650
3903 6431
1795 770
3923 3086
986 767
2415 2869
1316 2087
2181 8530
2708 1219
2493 7794
3458 1795
6491 17914
1718 967
6803 2273
2947 2471
4401 6135
1921 4204
4458 5049
1454 389
1614 6336
7648 2328
1317 5358
7508 1910
1327 3515
1658 989
14041 3124
1660 1593
2746 5543
1998 9355
2263 1653
4067 4338
15253 4655
3341 695
4418 6870
11556 4682
3923 1713
2969 4123
3691 9923
3025 2294
3785 3764
10348 8074
9671 5158
3599 752
22520 9910
4447 5041
5135 1055
1662 4245
6628 2491
1348 408
2089 5156
8791 1758
4061 1333
2253 4573
810 3729
1845 4056
4237 7099
6964 1399
7507 5303
908 1755
2305 6834
2021 5173
4430 4164
3008 3386
6483 6288
2371 2220
10574 10205
2610 2613
3923 4481
986 2458
1680 1801
3607 774
1741 6221
1261 6206
6636 3687
2507 2894
25795 11194
2575 1226
3238 13017
4653 2393
2128 2085
2542 2316
3313 5049
1670 2012
3654 3700
1001 4573
1974 5358
3566 3979
4072 8301
1658 4071
3379 4352
1033 2461
1683 6329
2659 8219
7892 10572
5648 3020
28746 11994
1596 1063
2841 5082
10243 5037
1097 2099
7553 4782
3465 6203
3607 927
6093 4403
7916 2935
3132 10442
1426 2241
10339 8004
4182 4314
1668 1405
3908 4245
6628 8435
1411 888
6295 5156
4712 2750
4061 9788
2158 4573
3330 935
9213 5130
2195 4963
6964 1581
1754 5303
1037 706
2124 1189
1561 4182
17680 8898
1957 9109
4887 11707
1595 1650
3903 3774
1795 7550
3923 889
986 759
4741 2869
2291 2087
2171 8530
2708 649
4143 7794
3458 1823
5986 17914
857 967
6803 8168
9013 2471
4401 11432
856 4204
8319 5049
1454 1623
2040 6336
7648 2245
1358 5358
7508 2069
2745 3515
1658 570
14041 2821
1660 868
2746 1859
1962 9355
5629 1653
1581 4338
15253 14997
3341 2112
4418 3335
11556 3638
3923 4242
2969 659
3691 2125
582 2294
2308 3764
2168 8074
10921 5158
3599 1489
3941 9910
1700 5041
5135 1292
4766 4245
6628 6334
