80800 80800
256
6349 2587
10113 6007
8063 5590
2226 4847
3456 1448
8327 7902
6065 3393
10578 4940
16784 9122
2419 3309
4453 11301
5752 4009
7439 1502
8696 8650
398 1346
3108 4304
8664 5010
3483 7792
1571 5796
10263 2721
933 816
14118 4148
3229 1628
6501 2543
7575 12180
9428 3877
12232 3107
2322 8330
2284 2026
2633 11585
789 1481
620 2798
1834 1783
7938 3118
14369 3721
11443 2892
2476 1132
18630 7259
5746 2608
2532 1176
5328 9854
904 2333
5278 3387
6469 4321
4054 2931
7733 4092
322 1239
5324 2738
7066 4884
6129 5680
3775 12252
4383 2856
1792 5259
6742 2054
1716 2098
5958 1814
4692 1827
908 2940
3827 9990
977 3388
651 1055
4229 7422
1623 2737
1878 4006
1595 1588
7747 3992
7780 3597
2103 3517
3456 1440
19168 7902
5224 2341
1033 5028
11714 4616
6491 2078
3713 9143
836 4009
2237 3087
3670 4241
821 3551
1471 4304
8633 2706
1993 6164
4691 9202
3579 2787
2496 5421
3194 5616
2461 1628
14645 3001
6390 17850
1796 3877
1742 2678
6260 1725
1068 3810
10131 8510
3442 3399
2359 2798
732 1801
11765 7160
3551 2324
9751 5472
2400 7607
1568 7259
522 2608
2532 6553
9427 2658
4919 1277
8095 3516
2314 4321
6951 3093
12269 3668
1050 833
11742 2848
1812 7547
3839 2112
7294 3460
5443 1401
2912 1691
2387 10488
5009 1079
3317 3542
4692 1827
10282 3216
5963 18204
3564 4942
958 2438
9674 5469
3517 1305
1428 1916
708 2587
9011 6007
9857 5590
13187 4847
3456 5000
3434 7902
1759 3393
13994 4940
16784 4112
4072 3309
5732 11301
12462 4009
7439 1585
4443 8650
1262 1346
1008 4304
2554 5010
11486 7792
3120 5796
1434 2721
1563 816
14118 5397
1086 1628
6501 4183
7575 5670
3162 3877
12232 12419
2605 8330
2284 837
2633 1306
789 1918
659 2798
1834 804
7938 4042
14369 5296
2525 2892
2303 1132
10883 7259
948 2608
2532 1557
5328 7996
4015 2333
8620 3387
6872 4321
7305 2931
4536 4092
288 1239
7294 2738
7066 2663
3780 5680
3519 12252
1871 2856
1120 5259
6742 2619
1099 2098
5958 1370
4692 2920
908 276
3827 8214
8881 3388
651 1383
11528 7422
1024 2737
9312 4006
1595 999
7747 2015
10140 3597
13310 3517
3456 851
2140 7902
2600 2341
23539 5028
5070 4616
6491 1706
3713 2158
983 4009
1683 3087
9469 4241
839 3551
7031 4304
2585 2706
1993 1628
4691 3206
8118 2787
2496 2502
10924 5616
1048 1628
14645 3725
5743 17850
1075 3877
10490 2678
6260 6605
1216 3810
10131 4381
1933 3399
8980 2798
732 786
7168 7160
3551 6693
4217 5472
2379 7607
1988 7259
608 2608
2532 682
9427 15192
4919 3483
5803 3516
4378 4321
4408 3093
12269 5131
1050 406
876 2848
2340 7547
6070 2112
7294 2492
5443 1455
2912 1789
4355 10488
5009 1019
2641 3542
4692 11276
4271 3216
7151 18204
6294 4942
675 2438
6083 5469
3517 1432
1428 2090
