80800 80800
256
757 1350
5258 9442
2815 2128
4815 6641
2417 784
2148 4324
1262 3129
11078 2485
1750 3141
1664 3970
916 972
5902 7708
9344 5974
3506 4428
2646 12223
3639 2639
1099 221
3303 7798
1060 1058
3552 1012
5413 17034
1183 1284
919 3206
8101 13309
5529 3261
3383 3572
1140 649
9714 2897
6414 19436
3079 12100
6349 1388
14515 5323
1019 1474
4804 7388
1809 2657
44396 9024
6079 4635
1467 2368
1950 5458
3403 9962
7083 1632
12035 3150
298 1445
16667 8954
9344 2599
5017 1120
1512 3951
10955 2891
492 134
3437 8346
1890 1548
5031 1660
6777 2979
628 517
2195 2327
19985 6794
1988 4889
2382 4819
2785 1804
3761 1563
4235 3020
1562 7787
7901 2202
2378 7394
849 2769
6079 6147
1421 5735
4445 1389
3662 1260
1107 708
2198 4295
6293 4922
1203 1959
3127 1247
2212 1412
5842 5926
5262 3001
2393 6479
5771 1285
3639 5162
224 441
4003 7756
1450 936
564 1013
6804 14115
428 1594
1953 5077
8101 1745
1154 1242
3383 3608
1140 237
11962 2938
6686 11880
1769 1827
1552 1192
2273 9072
1360 826
2149 9442
1809 2386
4114 7882
3186 2061
4684 1981
785 3590
22158 4709
2148 5583
2203 9532
1524 432
6314 3488
6425 1979
3664 1594
2944 3130
4614 6056
113 377
3748 2532
3186 965
2789 5476
9588 2070
158 517
2195 2407
4463 19390
2340 586
18373 4713
3484 772
4929 4791
3096 3020
3579 4973
5995 7993
5858 7394
757 1741
11941 9442
2815 797
4815 10810
2417 5031
1086 4324
936 3129
11078 2555
1750 1109
1463 3970
2184 972
17511 7708
9344 16880
1511 4428
3125 12223
3639 3699
1099 220
3303 1644
3564 1058
1479 1012
4148 17034
1183 929
1034 3206
8101 2461
5529 1706
3383 1439
1140 2160
2248 2897
6414 11048
3079 723
6349 4275
14515 3749
587 1474
4804 2054
1809 645
44396 9816
6079 9728
1467 1956
1950 676
2509 9962
7083 4577
12035 6382
1226 1445
16667 4680
9344 3071
5017 1029
1315 3951
10955 9995
492 243
3437 1096
2734 1548
5031 9679
6777 2226
253 517
2195 565
19985 12596
1988 1320
20503 4819
699 1804
3761 3228
4292 3020
2017 7787
7901 2990
7655 7394
849 322
6079 3295
1394 5735
370 1389
3662 4555
1107 3616
2198 2300
4785 4922
547 1959
3127 4315
888 1412
17571 5926
4082 3001
2624 6479
5771 1389
3639 1386
283 441
4003 1686
3174 936
4467 1013
6804 2919
755 1594
1953 841
8101 1875
4375 1242
3383 913
1140 251
11962 3008
6686 18604
1310 1827
1552 4471
2420 9072
246 826
1959 9442
1809 2972
4114 10958
2893 2061
4684 2343
1165 3590
22158 5253
2148 626
3048 9532
1524 507
6314 10146
2919 1979
1353 1594
2944 821
4614 6830
1001 377
3748 6910
1438 965
2242 5476
9588 3135
144 517
2195 3825
6599 19390
2340 5623
4512 4713
3484 721
3272 4791
1477 3020
3579 1890
1906 7993
3317 7394
