80800 80800
256
15091 5772
4802 9953
4528 2079
4440 2221
8132 2963
3474 3564
11140 5174
1987 1644
13242 3095
2517 5835
787 2378
490 2287
2546 3795
3482 6782
4859 6990
1165 853
4275 6478
2665 8578
3372 691
927 1421
3475 12000
2557 11897
3432 1914
1212 2642
10034 3944
3075 4610
1575 3493
3580 807
394 1913
1750 5391
5702 6440
1096 259
2079 3845
3525 2069
4438 1731
2249 1049
5563 1961
1165 5664
15828 10716
1301 2530
2273 10487
13543 4528
1439 1795
909 4532
8859 5716
2481 930
13837 6363
1499 1589
5379 3695
2662 9035
2703 6231
5164 1040
5594 15099
5037 22946
7223 2527
2502 540
1249 1425
1716 7546
2257 6879
2147 1672
2736 896
3423 10548
3247 9838
607 1171
4287 5772
4451 15453
645 189
2313 6712
1365 5119
4515 1157
4948 7419
1219 2855
5478 4321
6974 3066
5273 1194
1355 3543
4043 10450
3482 1524
4335 14225
615 1661
5114 2388
14179 6875
3372 2211
1630 654
3434 2672
5417 3306
4633 3340
1290 929
2870 10487
1676 5611
546 2409
2910 2253
2161 1913
3067 1694
4463 8768
588 535
2855 5995
3525 2489
363 1731
2249 2504
3590 3158
14350 5664
29666 7077
2096 818
8317 6176
7917 7322
3612 1063
1073 1298
7502 1963
2481 930
12156 15208
910 3836
1344 5289
1358 6418
3990 7336
599 1130
8683 2641
5943 11220
4807 8598
1069 829
2196 8037
6410 7546
1860 2053
650 1672
1459 1913
2540 8934
4474 5370
1802 711
2238 5772
4802 5500
2189 2079
1048 2221
8132 2156
1041 3564
11140 9554
839 1644
13242 3071
16865 5835
1302 2378
4270 2287
2546 6655
3482 1868
4859 8218
1165 808
12707 6478
16468 8578
3372 913
1047 1421
3475 5135
2860 11897
1201 1914
1212 3159
10034 6543
3075 1001
1575 977
3580 1446
638 1913
1146 5391
22578 6440
1096 276
2079 2150
3525 9896
2180 1731
2249 3293
3006 1961
1209 5664
15828 4012
1525 2530
6623 10487
13543 2794
2311 1795
2068 4532
8859 2212
2481 1605
13837 8845
1499 2752
5379 1594
4212 9035
1287 6231
5164 1035
5594 2036
6686 22946
7223 3603
2502 677
947 1425
6742 7546
1670 6879
4542 1672
2736 1017
3423 1607
2389 9838
607 139
7043 5772
5232 15453
645 1890
3175 6712
3120 5119
4515 943
4948 7309
1607 2855
7764 4321
6974 2769
5273 1184
3405 3543
2270 10450
3482 890
4335 983
629 1661
5114 4090
4954 6875
3372 11259
344 654
3434 14463
5417 7743
4633 9474
1290 4872
5200 10487
12910 5611
1029 2409
1247 2253
460 1913
3067 3697
23817 8768
725 535
23725 5995
3525 999
381 1731
2249 2087
4979 3158
1844 5664
29666 7651
730 818
8317 4311
4896 7322
3612 732
1904 1298
1357 1963
2481 7599
4335 15208
910 505
15373 5289
5516 6418
3990 1507
599 945
8683 14494
5943 11726
2416 8598
1433 829
2196 1025
2793 7546
1860 4826
398 1672
1011 1913
2540 3221
1162 5370
1802 599
