161600 161600
1024
768 3135
25914 9081
2897 7404
2542 1053
6151 2983
297 560
348 1714
10497 12688
8497 26432
3161 5609
2302 3472
5499 6936
860 1284
4387 6078
1917 6426
26193 17321
15525 5736
2373 2190
646 588
3004 1181
581 2716
522 955
515 137
9416 3703
7374 2780
4892 2497
2790 843
931 340
28352 13746
1880 4825
1095 1874
23593 6059
6736 11091
5086 9996
1757 4211
693 2914
2722 8089
2184 1245
3581 5443
7491 3231
2389 7111
5753 5311
3124 3674
542 674
1745 1030
1684 505
11923 2385
10087 2542
3282 4450
15075 9809
7299 7884
4720 1127
2008 1214
1030 4195
1889 3841
5548 2594
13508 6663
6940 2444
4612 1440
2503 1366
3065 1657
1905 3566
1581 625
7043 4021
506 1025
7072 2953
2006 8060
1232 851
2256 1366
157 726
2279 581
6820 5508
8238 21325
1373 3429
2408 604
4688 5731
1187 5899
3631 1542
3475 3107
8289 3733
1972 4863
14518 3396
1033 1751
3456 1943
2350 5180
920 1490
615 959
7984 9572
5132 4636
1826 4618
851 2025
995 1298
13097 12841
6834 5386
1785 663
4377 6369
8283 5591
11182 17318
3902 782
901 231
3550 1655
1100 336
3886 3679
3186 840
3013 1566
6798 3234
977 2010
871 2282
3621 5010
743 480
6263 3497
1607 3273
2256 1101
7114 3429
882 3664
1431 6916
5438 1710
2123 439
1293 1787
8830 3009
4028 1021
6919 4100
1278 463
3686 2008
2788 623
7269 8977
1593 4339
3236 4364
7984 1798
10851 6032
3159 3426
2003 884
3215 2006
870 241
2048 1775
6935 11330
5554 7198
1677 3233
3774 1780
7245 3099
3999 2674
5502 15626
1896 600
4354 1798
3176 3243
13164 5245
885 1343
2404 3027
3162 6484
2282 732
2014 468
5747 4298
898 1044
366 1582
3997 1482
562 1353
4080 8902
8205 3866
779 953
6557 12940
8704 2957
7921 13142
1464 1943
496 1049
6629 4802
1579 964
1566 1167
10635 3139
4507 1469
5881 5870
2893 823
726 1516
4526 2039
1469 402
1852 3566
6107 3642
3166 3197
5485 8663
4037 4923
2400 1513
3430 1565
2274 2590
3401 2379
10311 4860
3381 9724
1655 4485
952 1108
6068 2022
9744 2658
543 2624
1272 4110
3228 2875
1671 473
4851 5034
1150 1267
359 627
1304 1655
471 397
1556 1573
1119 4214
16814 5183
2444 1763
1918 562
8487 2011
3834 2028
1160 807
2032 3319
1329 1915
13792 4865
6432 3480
7816 3869
5808 1745
4326 1774
1919 1287
843 2229
3451 2373
3670 833
2073 4872
2218 1814
3095 1145
2782 12841
1308 3109
1027 2498
33751 7576
4556 13355
8397 27309
2963 1590
1150 784
2772 3279
3450 2334
1196 5461
2426 3045
7317 3017
2585 3006
1541 1743
3671 12959
1606 3906
757 795
518 2008
1045 1684
2937 815
23007 18194
10676 14651
3003 1777
3407 2844
2123 1160
4277 9548
14852 16983
1134 5400
1144 4559
1266 6020
4151 2186
18536 7145
5138 2632
728 2983
11588 18428
228 1120
19277 18940
2810 4090
2398 1458
6151 3207
682 211
2284 1714
5827 8413
9658 10738
1839 5928
1185 3472
1854 2724
2073 1662
5060 16014
2019 2774
3481 6743
7445 4168
12424 6206
239 328
1673 7855
2442 830
1360 463
515 722
2815 4833
12894 3228
4668 11468
3518 7201
4661 1320
4906 13746
3357 4825
482 1874
23047 6881
3064 9867
32650 7277
5876 2599
970 2040
2262 10020
6051 1863
3581 1845
2727 3231
2829 1537
5753 13244
3968 1899
695 579
4203 8591
2466 2591
3759 4774
4751 4467
3262 2080
2428 8702
337 1597
869 3410
2008 1252
951 262
1617 3283
4763 1793
15900 3744
6940 2447
4166 1654
4838 3939
1140 5574
5522 1592
856 3277
7043 9922
1850 2190
1777 3188
2065 5879
1624 742
4155 1763
508 649
2080 1502
1702 5508
13400 5585
1667 1162
2408 6935
3425 5731
3670 3522
4616 3391
768 3107
4177 9113
11390 5889
6244 4463
1536 3869
2180 8590
5604 1976
1444 427
615 521
3597 2368
2889 5719
3348 5423
1602 4062
441 591
19037 6594
3166 3850
700 2576
3699 3181
1227 4891
9745 17170
3902 5240
816 297
2554 693
3253 1079
1489 3468
1307 3994
7317 1898
6805 2559
4856 2201
3654 2031
3621 6184
323 486
12957 2763
5236 1263
2256 1445
7114 12613
2248 2802
1506 6916
5438 3018
2123 455
2866 2955
8799 12196
1353 1654
2663 10381
1278 529
7338 1958
2549 5008
10075 2860
1503 1941
10520 4364
5078 2693
1232 4905
2548 2591
4041 2610
2936 4959
172 651
632 1775
6935 1426
10451 5030
6094 11889
1147 5299
646 560
3999 1222
3945 12183
983 4491
5340 5490
2267 7986
2040 5245
601 383
3343 2459
1141 4666
1929 686
1648 1761
8843 5015
1993 4360
4619 2063
1616 960
4556 1521
3190 1837
1870 5577
356 554
5280 12940
4416 5460
29815 9211
3454 1752
1860 689
7729 3137
2324 2087
820 790
6951 3334
2281 1666
5881 16361
3278 1539
3287 1516
3833 1237
1469 550
1756 695
1776 2444
11452 3333
5454 8663
3262 5791
1067 2197
1816 1490
6495 1605
5478 6565
10311 9195
6361 3325
2353 3693
2269 1818
3439 3283
1176 2916
1067 708
4220 5113
3815 8784
1104 2448
2221 2347
1842 9098
359 230
3111 1655
471 328
3869 796
1112 411
8563 5416
2413 1666
1918 473
2479 5316
2238 5944
2622 3000
1313 3319
4638 4475
2356 11307
6432 1741
2395 1518
5416 1359
1278 1015
971 539
2782 996
6049 3083
1286 3896
1546 7061
2215 6193
2172 1656
3927 10965
1918 3109
1279 3239
13627 15905
3727 4998
7883 19118
939 3163
567 570
1899 3279
1526 1038
1525 4972
1213 2596
3540 5233
1165 380
2108 1743
3432 7521
2672 9749
429 312
3259 1247
730 1589
1506 4372
19422 7100
10676 2944
951 1777
2031 4158
311 586
4277 1082
4909 7931
1498 5400
3733 2334
2958 2049
498 1780
9581 4100
2276 2777
1491 470
7199 6053
774 3135
25914 9859
2897 695
1499 1053
6151 2615
297 265
358 1714
10497 9853
11316 26432
3161 3585
3333 3472
5038 6936
1213 1284
4387 15719
1372 6426
27019 17321
2119 5736
2373 4016
646 289
339 1181
1861 2716
1296 955
515 317
4617 3703
7374 3341
4348 2497
728 843
931 1958
7717 13746
3489 4825
756 1874
4881 6059
3106 11091
5086 4066
4119 4211
661 2914
2722 1931
2184 618
3581 5293
942 3231
2099 7111
5753 4841
3124 3349
153 674
2458 1030
1684 2086
11923 2389
10087 3397
2232 4450
24139 9809
7299 10471
4720 2283
2008 789
2481 4195
1972 3841
5548 19796
2392 6663
6940 16886
405 1440
3658 1366
3065 3917
1581 3566
1581 1211
7043 1845
1344 1025
7072 4452
2006 1868
2450 851
3895 1366
351 726
2279 921
5297 5508
8238 1706
747 3429
2408 531
1195 5731
1215 5899
2034 1542
10105 3107
5069 3733
1972 1026
14518 3592
1033 2118
2352 1943
3254 5180
2850 1490
615 216
7984 16377
5132 1083
1826 2443
3582 2025
4156 1298
7029 12841
3241 5386
148 663
4377 6355
8283 3408
11182 18959
3902 783
901 2484
1625 1655
1100 3614
3886 3157
453 840
4304 1566
4836 3234
3879 2010
6232 2282
3621 1430
443 480
6263 2519
1770 3273
2256 759
7114 3562
9794 3664
1538 6916
5438 1174
2123 482
2984 1787
6022 3009
4028 4379
6919 12817
1278 879
4637 2008
2788 4385
2806 8977
1593 774
4226 4364
7984 2457
10851 8003
3159 8768
2038 884
3215 9686
109 241
2385 1775
6935 3327
13466 7198
6796 3233
3774 3519
4500 3099
3999 5422
5502 2125
1896 1335
986 1798
3176 6661
1073 5245
885 1266
939 3027
3162 670
1114 732
158 468
8286 4298
1095 1044
4253 1582
3997 12093
5030 1353
4080 4844
8205 2432
779 367
14812 12940
1138 2957
7921 9073
4412 1943
1828 1049
1100 4802
1579 1123
1195 1167
3158 3139
2810 1469
5881 2805
2893 716
1555 1516
4526 9656
1469 1196
1852 1208
2204 3642
9214 3197
25373 8663
4037 9144
3902 1513
3430 2140
5449 2590
2077 2379
10311 6512
2980 9724
2932 4485
4065 1108
1673 2022
3463 2658
524 2624
1272 1003
3228 6932
1671 1334
4851 3313
2921 1267
359 411
595 1655
471 481
2042 1573
1119 1294
4824 5183
5403 1763
1918 1185
8487 3305
3834 8455
1160 4126
1766 3319
1329 2560
13792 6442
6432 4220
2859 3869
5808 2176
4326 1017
2324 1287
2828 2229
2598 2373
3670 990
2073 2189
2218 6634
2497 1145
17768 12841
5000 3109
1027 741
33751 8329
4556 2130
8397 8968
2963 2421
1150 1153
1038 3279
3450 1616
1165 5461
2426 1825
7317 3114
7884 3006
575 1743
3671 2294
3502 3906
757 830
2741 2008
429 1684
2937 1343
11521 18194
10676 3966
1712 1777
3407 1818
2123 577
4277 2788
14852 6047
12004 5400
5775 4559
1429 6020
1428 2186
18536 4760
4937 2632
763 2983
7363 18428
1314 1120
11829 18940
2810 4009
1643 1458
6151 1306
682 614
4477 1714
4670 8413
9658 15694
1322 5928
802 3472
1854 4212
2073 7259
5060 5783
2019 3652
3481 10578
10199 4168
5895 6206
239 549
1670 7855
2442 8274
458 463
515 1053
11218 4833
12894 2893
4572 11468
3518 6491
4661 978
15395 13746
1349 4825
1972 1874
5427 6881
6778 9867
32650 6785
5876 7090
970 874
2745 10020
979 1863
3581 2017
2633 3231
2829 5574
5753 4471
3968 5124
695 263
4203 3311
2642 2591
3189 4774
5336 4467
2252 2080
2428 1107
6962 1597
713 3410
2008 1940
951 3933
1617 558
4763 20597
15900 5983
6940 7929
851 1654
1323 3939
1124 5574
5522 1974
725 3277
7043 3250
1850 1040
5295 3188
2065 4049
2058 742
1996 1763
508 858
3108 1502
1382 5508
13400 17446
1667 2267
2408 701
3083 5731
3670 2377
1049 3391
927 3107
9181 9113
9725 5889
8274 4463
1451 3869
3628 8590
5604 4820
1444 1063
615 533
4387 2368
10570 5719
3348 1638
2831 4062
441 707
19037 6247
6909 3850
1233 2576
678 3181
7056 4891
9745 19107
3902 6779
816 2418
2554 962
3253 2871
2397 3468
2332 3994
7317 8556
4829 2559
4856 2608
3449 2031
3621 1031
863 486
12957 3253
5236 2010
2256 3225
7114 5690
8428 2802
1827 6916
5438 10828
2123 496
1411 2955
6053 12196
1353 3746
4256 10381
1278 4149
985 1958
13199 5008
10075 2792
1503 3172
969 4364
5078 1562
9619 4905
2548 9603
4041 3563
2936 6733
807 651
2402 1775
6935 14871
10451 2168
2379 11889
2701 5299
646 2539
3999 887
3945 5568
913 4491
5340 10033
2267 1918
4415 5245
284 383
3343 1291
2021 4666
1467 686
524 1761
5190 5015
1993 717
4619 10320
2381 960
1036 1521
3190 11909
1870 721
423 554
4361 12940
5426 5460
29815 13004
2422 1752
464 689
7729 3694
5311 2087
820 377
6842 3334
5036 1666
5881 2831
921 1539
840 1516
693 1237
1469 443
1756 4079
1776 1198
928 3333
5330 8663
3262 8276
5235 2197
1614 1490
1228 1605
5478 7315
10311 3209
6361 3341
2353 792
2748 1818
4302 3283
12031 2916
1067 234
5735 5113
3815 1023
567 2448
2221 6000
2229 9098
359 325
1141 1655
471 1027
3869 777
1112 5097
13075 5416
5434 1666
1918 6551
1425 5316
2238 4539
2622 1933
10164 3319
7391 4475
6939 11307
6432 2010
2395 2351
392 1359
1278 1776
971 748
2782 1233
6049 22861
2384 3896
5066 7061
2215 2255
3420 1656
3927 1876
1849 3109
845 3239
7729 15905
3727 10487
7883 17159
939 848
567 1367
2020 3279
1526 2912
1525 489
1213 2274
3777 5233
1165 2626
632 1743
3432 7732
2436 9749
429 1313
3259 2761
744 1589
1431 4372
15106 7100
10676 5992
636 1777
2031 504
1812 586
4277 1940
9943 7931
2244 5400
3186 2334
2958 3971
5081 1780
8955 4100
7799 2777
1491 1660
11752 6053
