161600 161600
1024
7641 6471
4898 15925
1652 3730
668 1963
4109 5927
2704 5471
7429 10348
2734 2421
8407 6190
2489 5800
1575 570
643 1456
2403 3810
587 2017
4520 12915
861 1707
7726 2752
3806 1339
372 1383
138 419
6950 5731
5115 5753
2367 1778
1288 3654
4647 2869
2967 2501
959 1218
880 1028
790 1765
3501 3897
4922 3729
1059 295
1108 3278
6695 1721
7961 1632
914 2100
3169 3924
2331 3071
23604 7644
2602 1320
4547 1886
20750 4551
2137 2720
1520 581
8185 11427
3478 1861
15913 5553
1243 3178
3660 5215
5325 1125
2866 4170
1849 2080
11188 3186
4900 20256
2679 1520
240 1079
1333 749
3432 4144
2580 8151
833 1986
1491 1052
6847 7520
6495 6475
957 1215
5587 5210
8902 1877
587 189
4625 2923
474 718
4603 1349
9896 2590
1211 2381
3177 3884
6872 3169
5875 2389
2712 1746
8087 1917
2368 3046
8671 2311
975 725
2866 4777
12068 7683
5229 2075
232 656
6868 2264
3767 3286
6485 3120
271 700
3853 1564
3352 1902
1094 1480
2450 4506
1917 2566
2508 2085
4867 2408
104 430
5711 4656
4634 2556
366 1800
1046 5006
2049 3255
14727 4829
9454 11275
464 1636
8701 4743
15834 3304
3620 776
527 783
9009 1954
2745 1861
13531 13244
884 4371
2690 5159
1458 5726
3052 9956
342 357
1345 5284
7171 10512
5627 6578
1606 684
4393 8828
8085 6836
3721 1736
1300 572
2917 2038
5080 1789
3395 4436
2903 623
3382 1122
6144 3821
4378 1431
1191 3594
3451 3148
2083 5255
22281 4581
795 274
5491 3610
13616 11671
2604 1275
4196 2496
5092 10530
3060 3737
4154 11880
391 606
12562 6496
20410 9572
2497 1825
2094 588
3857 6035
747 1519
1205 850
2423 2071
7238 7463
1063 733
1814 653
3404 1439
436 1007
640 528
17346 12879
1105 331
1610 4300
4711 9495
2402 1124
2742 1188
2590 3123
2417 5750
16819 8026
1235 3193
4567 3570
16862 5590
3099 2577
1935 2850
1157 3154
3370 1799
23768 11697
2998 2547
4851 3190
4351 7328
2574 3929
2172 999
9740 2069
6454 30829
10549 3852
3609 1354
996 722
6838 10309
1584 6490
3711 3345
2358 2035
3859 1626
4778 9645
315 165
4358 11544
10461 18476
206 498
3476 6597
6239 3456
2912 861
5531 10741
1635 3572
2074 8642
8378 1690
5359 1240
2692 4468
2662 8221
2145 651
916 1966
1258 622
2507 6604
1896 3010
3224 3212
266 725
6868 2183
7103 2696
3966 8562
2581 772
5332 7421
18625 11222
1072 2511
1480 2546
922 2325
4853 1562
5248 1137
613 564
10315 11990
4713 1040
762 1840
1864 1456
1946 6315
649 1610
12979 15303
602 809
11602 3338
3408 3415
2718 1465
858 1800
1355 2891
4962 2039
8670 1835
291 1011
17336 5997
3406 9901
1332 3014
418 297
6330 20792
8318 16877
4832 2323
2445 632
3808 931
5585 7992
3721 1766
798 1203
1097 417
1852 1997
1495 1479
804 1199
22541 4545
4708 8926
7402 2080
1673 2481
1950 3920
4244 3489
7279 7036
2719 868
11835 6190
2546 1115
671 2980
980 2443
2689 5723
2625 11546
5197 3567
409 671
8551 2532
5332 1428
1252 1383
1855 598
6950 2331
3158 8551
3131 3830
1135 2087
15421 4800
3184 3992
3152 3993
3831 1614
790 162
3501 785
6482 6296
732 517
1983 4412
5885 2417
915 1836
2471 746
1325 269
2331 2666
8053 18856
1972 1196
4547 6209
2428 9053
741 3349
1818 972
5531 1244
416 1861
25530 7172
663 601
6417 2174
5325 10938
2540 4068
5255 2080
5921 5905
10075 21339
11767 2628
1442 648
1166 520
3432 2886
4512 1306
1224 3345
3981 919
3040 6847
3291 9573
650 1127
5672 6334
8902 17915
705 160
4625 4730
2731 6978
3458 2315
6081 2490
1226 3683
3176 4758
10823 2964
486 2389
2712 1689
8087 4664
2305 1432
8671 7950
646 2599
1643 4777
16288 8842
5680 2347
1460 653
5155 1602
7500 3326
2298 3561
2581 528
5741 13699
1567 6646
1094 972
2205 1335
2681 1262
3254 1303
4060 871
228 640
5711 2279
2101 2421
727 827
1798 1841
788 3060
8732 11329
18209 14155
3274 978
16634 4120
11589 6570
3603 962
913 2596
3637 3928
436 432
3541 17169
1821 670
2690 3104
2718 2856
4038 4715
1199 912
12976 2607
4714 12096
3987 15488
2138 431
1687 4657
4736 9253
824 1499
641 2482
1568 1128
5080 9068
6888 6304
702 176
2239 10422
6894 7179
2159 1095
905 3520
2196 4312
1354 585
22281 5166
883 2862
16834 6142
2848 11671
2604 761
1996 2078
3767 1429
1528 3737
5563 7225
2330 466
22273 6459
25082 7584
1437 346
2094 1278
3093 6380
5719 15163
1198 2846
2423 596
15392 5622
886 2001
3152 641
4586 1453
1275 2315
2292 4501
2621 12879
119 553
1502 1607
7051 5724
4359 979
1758 5242
3421 710
2417 2829
6934 8026
1815 2409
13243 2964
1408 336
1840 1013
2201 2177
10588 4426
4055 1409
14379 5991
2093 1647
2099 894
4073 12610
2574 3835
7150 2071
1448 1668
9613 15063
12489 3353
466 1354
1266 2129
7869 4783
1816 7268
3297 2213
618 170
5223 1590
4778 1307
761 278
3869 6928
10461 4017
1292 2675
2874 11603
3529 5168
3048 1885
4365 1689
1580 1945
10195 4941
5570 2508
5186 1114
1566 7085
4539 8352
2424 1782
3907 881
337 1631
7721 2621
4225 10741
6744 8681
422 251
6868 12945
3731 6330
5301 7748
2581 6326
5067 1795
3738 4490
986 2374
1016 2927
922 282
6134 1971
38838 17534
1218 506
12817 3832
1927 1999
543 1089
2545 2719
2560 6315
3689 5088
5661 13066
859 705
2226 5284
3273 14643
1692 1465
2950 779
1169 1037
4962 2760
8670 12427
626 164
8126 10579
4422 12836
5565 1120
781 1618
11036 19016
11885 3624
4832 9747
808 1027
2859 1120
5585 2640
916 4263
798 173
925 263
5080 3308
2325 2643
1591 1199
7641 5073
4898 3982
1652 429
8211 1963
10205 5927
2704 1658
7573 10348
1240 2421
2807 6190
2489 5871
1575 1206
337 1456
2403 3780
6378 2017
4520 1064
1060 1707
825 2752
1526 1339
1595 1383
1717 419
6950 11877
5115 9490
2367 2052
1288 1631
4647 5020
2967 6720
2193 1218
880 586
790 1627
3501 5369
4922 9150
1059 222
3050 3278
356 1721
7961 1829
1115 2100
6633 3924
2331 2081
23604 13788
2602 2544
4547 7885
20750 4502
2137 870
298 581
4002 11427
491 1861
11762 5553
1092 3178
7098 5215
5325 3231
2866 8292
1137 2080
11188 21105
5175 20256
2679 3536
3322 1079
1333 2102
3432 6854
1932 8151
833 1359
1491 741
6847 6728
6495 3625
257 1215
2987 5210
8902 2623
587 190
4625 4357
2257 718
4603 966
9896 9760
1211 3329
7780 3884
7076 3169
3626 2389
2712 2900
8087 2733
2292 3046
8671 4025
256 725
4350 4777
12068 6068
1515 2075
3029 656
6868 1480
7067 3286
2782 3120
2310 700
1888 1564
3352 2674
1094 1071
1164 4506
2403 2566
3626 2085
4867 15126
1073 430
5711 3689
2417 2556
361 1800
1656 5006
5131 3255
14727 6500
9454 2880
453 1636
7933 4743
15834 4769
3620 1349
527 1813
9009 1974
1781 1861
10780 13244
937 4371
2690 1593
1260 5726
4928 9956
857 357
3045 5284
7171 11928
5627 10619
532 684
4393 2587
8085 8256
3721 871
1300 291
2917 662
5080 4688
5553 4436
2903 798
1095 1122
3462 3821
4378 1633
1191 850
3451 1164
2083 1289
22281 4793
795 3015
5491 2532
11292 11671
2604 1371
4345 2496
5092 1350
1010 3737
4154 4554
1939 606
12850 6496
12523 9572
2810 1825
2094 515
3857 4234
4972 1519
1205 2980
2423 1329
12830 7463
1063 1268
1338 653
3756 1439
839 1007
1652 528
22323 12879
1105 222
1046 4300
2340 9495
1957 1124
2742 5396
2590 801
2417 1568
3448 8026
1235 1867
8676 3570
8816 5590
1524 2577
1935 6213
1157 1272
1592 1799
3907 11697
2998 1309
3808 3190
4351 10743
2574 3609
2172 1072
9740 2004
6916 30829
3897 3852
434 1354
898 722
6646 10309
1755 6490
2075 3345
2496 2035
2988 1626
4778 7339
315 113
5859 11544
10461 2457
1086 498
3476 6824
6239 1615
2912 1024
5531 3877
1635 2138
3259 8642
8378 3848
5359 1127
2692 2617
1877 8221
2145 1131
3848 1966
1258 1071
2507 1574
8013 3010
3520 3212
266 584
6868 4161
7103 12790
3966 10385
2581 1847
5332 13553
3456 11222
1072 2307
1480 1960
922 522
1281 1562
5248 16397
837 564
24318 11990
4713 959
762 532
2636 1456
1898 6315
3040 1610
40689 15303
602 827
5032 3338
3408 11228
2006 1465
858 796
1360 2891
4962 1634
8670 5318
904 1011
17336 4582
3406 2935
1083 3014
418 1594
6330 8193
3567 16877
4832 1353
421 632
585 931
5585 1783
3721 3623
798 478
1097 3411
3228 1997
830 1479
242 1199
22541 6999
4708 10981
7402 2079
7206 2481
1950 2007
4244 3640
7279 3312
1255 868
3436 6190
2546 10556
904 2980
980 675
2689 1867
4340 11546
5197 10412
409 1036
8551 7671
5332 14389
3525 1383
1855 1825
6950 4061
1957 8551
1366 3830
1135 3198
15421 3089
3184 5229
3152 1774
2449 1614
790 274
3501 731
6482 6583
401 517
2175 4412
1166 2417
915 1625
2471 1354
1325 3655
2331 3511
8053 2576
630 1196
4547 4994
3908 9053
741 241
1818 7510
5531 10183
577 1861
2145 7172
663 2577
4341 2174
5325 2777
2540 8394
2086 2080
5267 5905
10075 4297
11767 2428
1442 431
1166 2331
3432 1208
4512 4301
2237 3345
3981 874
3807 6847
3204 9573
564 1127
2902 6334
8902 8492
705 219
4625 1411
2731 2543
970 2315
3815 2490
1226 2027
7781 4758
3125 2964
558 2389
2712 750
8087 11585
2305 1614
8671 14161
585 2599
1369 4777
16288 4909
1064 2347
1801 653
1713 1602
3334 3326
6969 3561
2581 631
5741 5711
1785 6646
1094 1295
2205 3171
1639 1262
2880 1303
4060 16663
949 640
5711 1366
4950 2421
727 834
1798 3165
6392 3060
5237 11329
31666 14155
3274 658
16634 3489
4245 6570
3603 1163
706 2596
2357 3928
436 1429
20770 17169
1821 2629
2690 723
2718 4254
3942 4715
1199 991
12976 2677
4714 10344
3987 1709
2138 544
2706 4657
4736 5839
2897 1499
659 2482
1349 1128
5080 2324
2060 6304
702 1245
2238 10422
2712 7179
2219 1095
905 924
10617 4312
729 585
22281 4570
883 427
4160 6142
5973 11671
2604 1349
6545 2078
1325 1429
1367 3737
5563 9209
2330 545
3139 6459
7851 7584
1437 1479
2094 461
3093 3889
5719 7112
1198 984
2423 2322
4676 5622
4202 2001
3152 661
2574 1453
1275 506
2292 5753
2865 12879
968 553
1502 2693
7051 4574
4359 1358
1758 1342
3421 3214
2417 1182
4456 8026
1815 2651
13243 14440
1408 5254
2783 1013
2201 6886
5973 4426
907 1409
13296 5991
905 1647
2099 2296
4073 5461
2574 1089
1005 2071
1448 2405
3757 15063
1957 3353
495 1354
628 2129
5615 4783
1523 7268
3297 1132
618 1865
1624 1590
4778 1382
138 278
3869 4616
10461 5957
1292 607
2874 1818
2710 5168
3071 1885
4365 12929
1580 3765
10195 3701
5570 3030
5186 1253
2551 7085
4539 4326
2396 1782
3907 1085
921 1631
7721 5557
5684 10741
6744 10624
422 1058
6868 9634
3731 9156
5301 11199
2581 799
5067 19179
3738 6732
986 2444
1016 1579
922 699
6134 3861
3546 17534
232 506
12817 8158
411 1999
219 1089
1955 2719
3554 6315
3689 4631
5661 2237
859 931
14408 5284
3111 14643
807 1465
2950 1817
1546 1037
4962 8765
8670 10833
626 847
5281 10579
3203 12836
5565 1894
781 273
11036 9969
11885 2951
4832 3774
2058 1027
1534 1120
5585 2677
2805 4263
798 1491
925 3565
5080 1137
2325 6618
968 1199
