228536 228536
2048
198 124
1523 4416
1353 1835
3697 2803
1022 329
3753 1522
2964 14064
2748 7264
5448 1933
5858 7855
5170 22856
2909 3196
4423 5753
1977 3534
8871 15344
2720 1643
1068 3350
712 2987
2233 4934
453 745
8563 2605
967 2401
6587 3688
1340 876
1177 1837
4053 836
3117 5762
1592 1439
7262 15537
1084 318
4768 11018
5418 1858
640 421
3298 2605
7121 5530
1083 1475
604 2329
4457 3394
6569 3186
915 519
3898 5552
8338 14831
4630 9600
773 2253
14449 3801
551 1756
4839 10112
2002 1055
4711 2859
1937 1369
3089 7520
1061 1183
11813 5596
115 320
1166 5041
1850 561
342 453
3874 15227
4110 4760
489 450
9568 1915
896 703
8360 7085
3728 3821
4625 6305
7499 3005
10648 2830
1804 1631
2303 3751
2788 1640
23433 10628
1664 1591
1988 2869
1562 1723
2829 2860
2385 1192
10947 11511
2696 1206
1801 2828
3446 1583
2260 506
1592 880
3903 2700
1791 1416
1839 5622
823 239
5199 2345
792 1457
1552 5186
1994 3445
14671 6484
1847 3606
2516 1760
2603 2868
5794 1490
4570 1478
969 798
2066 6173
3182 1519
182 665
1369 400
1128 2177
1016 4281
254 449
742 3279
2931 4701
3726 812
829 537
10859 3855
2785 1122
5108 12471
1821 944
4066 1199
9539 4848
6793 9061
299 116
3844 948
123 338
13864 11082
2493 820
707 302
3818 16017
1632 8125
711 213
6358 12345
374 986
29242 14246
1949 830
1130 444
2416 5385
3493 4782
1400 1386
1454 1511
4052 4676
3304 16176
2846 1257
4945 1683
7411 6025
10073 2830
505 1742
7789 3833
2743 5865
19320 4130
2288 5103
3303 1520
12954 6028
4303 13315
1149 2051
8549 4108
1391 3689
1528 677
306 1086
421 1180
2541 2253
11769 5534
739 1863
3524 5969
998 2346
15225 9728
9871 3189
4109 1333
3334 4673
1700 5772
431 559
4747 12605
2646 981
2786 13867
1650 337
3341 6407
1886 3910
573 695
1792 493
5232 2947
930 817
1324 1217
2669 556
1773 7076
4764 5189
12485 5165
1513 5173
793 3536
672 1241
5034 6078
1251 1542
1381 645
762 1974
10322 2753
789 1598
3516 5037
3691 2578
4424 6247
2674 3467
1882 3872
5244 15367
1536 2569
3083 1175
1633 4541
3482 6693
9813 5186
4631 1648
1599 2263
7249 6726
14204 4292
970 2322
2246 2303
6795 2083
5065 3308
996 2496
1197 1765
3411 13665
7215 5173
1720 744
3319 1298
1764 685
2114 5774
328 363
3690 1811
1210 1758
15476 20132
2374 3047
3752 2470
2631 1102
2804 13193
3610 1710
2145 880
5270 6308
4072 1963
207 607
3120 13938
9860 1993
3289 6608
4026 1191
903 1879
3980 19081
4713 8855
485 2029
2754 10283
263 373
14088 3837
1783 4133
2208 910
6352 5365
4892 8750
1141 476
3497 3760
187 541
14574 9746
737 810
879 480
1817 6517
6638 10324
870 2407
10722 3141
887 442
4330 14179
909 2342
482 1456
2682 1500
2821 4916
2282 1664
1129 2442
2282 2251
15215 4795
1248 1052
1640 4055
2324 5064
4541 3754
720 3319
8254 7322
1497 1535
3952 15365
1472 294
2200 4125
2389 9613
2941 4235
869 817
8563 3371
228 918
4808 5761
2377 704
430 2030
7960 3228
2185 824
587 610
9018 17589
3163 2413
9952 9438
6710 6462
295 155
2189 7119
1939 6640
1078 437
6916 1704
5781 2052
3983 10244
1268 727
1435 3277
8250 10477
1945 7056
1061 782
5934 10311
723 1827
10493 3245
1723 2762
4711 1163
2893 894
25388 6715
907 4023
734 3205
1256 547
6012 4567
1667 1888
704 996
22418 5671
1378 1690
647 2121
4257 1311
4987 1136
5745 6347
2632 1517
2798 1552
4188 2906
1127 1502
1495 2566
2528 1287
8953 3498
13602 13253
1523 1641
4927 1072
4123 1795
3800 1791
570 1840
7860 2427
3216 842
2008 8008
1369 748
1684 3764
1872 488
9092 5307
2975 1421
3137 5622
321 263
11282 4547
1267 1055
1039 2940
534 748
1984 8023
1331 491
2485 686
2394 774
15692 26807
3076 13758
613 1842
4707 2975
4102 1733
793 243
5489 1249
1261 311
2679 4893
1405 578
140 442
4304 17458
8560 4884
297 1242
6698 2438
2211 1076
4706 22933
438 329
857 2382
8701 2637
4099 8816
1443 306
6149 1664
186 111
8229 9055
3285 2858
1525 2404
7401 10966
12454 5543
670 945
8069 8987
338 135
4288 1239
4700 1389
1248 2180
2911 3760
2121 8158
894 2787
5071 2746
5337 3771
4231 5264
5050 1175
3012 2298
1961 5731
3110 8067
972 3184
2866 12161
1515 4383
8006 24582
1904 397
3000 3622
12025 2891
5500 10342
3499 1068
5499 19997
1149 4539
1214 5693
115 351
678 1901
6526 3728
3554 7728
1507 382
10539 2541
2723 1505
10712 9541
1131 3644
1242 1270
7923 5106
5803 1446
315 1295
8343 2550
3219 4843
4871 8202
373 1307
1953 3159
9281 4698
6143 1422
376 1724
8019 5760
862 2618
4165 6333
3725 2021
2444 5594
3574 6595
24699 31586
2455 2629
3133 1890
219 564
13037 8732
997 2669
4580 1389
11708 3812
4893 2935
923 576
4330 7347
338 1003
3569 5701
1501 1299
4305 1234
3605 2651
905 183
817 2250
2569 6508
6667 3942
10361 2193
497 2340
1715 1695
5670 2200
3470 6667
657 1629
1141 4436
1534 4297
1934 8718
568 2562
2674 1577
3407 3791
2758 4548
988 929
2461 2728
2834 855
7916 2102
230 466
3641 1837
598 1282
8625 6490
2098 951
1798 4797
2876 1794
16010 13254
4201 6846
1137 1279
2207 4694
2086 1366
1624 332
4158 5836
1610 1408
4245 6472
661 1181
552 1482
7820 15897
1831 7667
1197 874
4549 920
309 1151
1800 5150
2097 815
1965 2151
2088 2826
3723 5138
384 581
3903 7004
1476 769
10571 4618
1720 5732
1634 535
2636 11341
3951 3855
943 1087
13716 5439
915 1803
3429 12961
7105 2251
2220 724
3183 4532
7484 2592
2431 3152
1129 307
4364 1147
4222 6384
2302 7848
1655 2122
3929 8228
5369 22856
1524 3196
4891 3723
1977 450
7822 13215
1547 1260
458 775
4435 2204
8149 8692
2025 2038
8563 3531
907 1477
3426 1465
880 561
1177 895
1306 2838
2306 936
1047 1767
13847 3207
718 1096
29020 7877
4453 1322
640 215
3751 5421
4594 3432
1008 603
3097 1548
8091 2403
9258 2244
5432 1241
1760 4490
6369 13193
9039 7446
825 2761
9673 4162
593 523
10422 16363
2002 441
2377 3017
4132 9262
8300 5157
3449 1720
11813 2900
1144 622
1792 6039
1140 3841
721 718
13466 30332
11653 5243
284 996
6491 3331
1645 2313
8958 4145
1478 2407
3805 1145
4153 1683
1258 2897
6490 1852
2168 2757
2082 7888
3150 12758
2907 665
5464 3923
1564 3524
2829 3163
678 465
10947 3443
1158 1159
1746 8351
3446 1414
208 736
586 984
5250 5268
2651 1416
1156 1926
1527 883
1864 5401
319 1201
2450 2791
1994 1518
23429 4733
1847 737
2516 1271
3248 1206
9898 2113
4570 6967
997 595
9439 6173
2091 1003
1501 358
786 3215
691 1600
8367 2115
1334 550
726 2356
7786 3136
4839 3521
129 537
7238 3410
2785 751
8980 13950
1378 622
4150 1183
1630 1411
20115 9061
628 1213
3288 2293
231 231
10415 6328
4630 938
523 235
7215 1463
5305 1851
577 677
3577 10650
201 986
19167 4769
2751 1052
512 1736
543 1956
8574 2728
1387 323
3514 4818
1478 1093
3377 4272
5050 2443
4335 1716
2832 1726
10073 9919
1926 589
7789 2569
12702 3019
1669 6508
289 565
1349 6729
12954 4248
26802 8113
3608 733
12913 8309
900 299
1223 979
364 165
315 165
509 1475
12512 5318
768 1408
3339 3139
770 1541
6745 3635
989 2256
5783 1453
5616 4720
2180 2220
150 681
9683 6178
2945 9699
5581 2111
1650 418
1412 6407
5426 3213
610 2045
625 1025
3714 5488
1050 1254
1401 1860
1056 4362
1320 4645
8576 8659
10772 4505
1930 1753
2282 3536
757 1241
4337 4955
1946 3699
1381 406
7657 2450
5572 5388
296 812
3667 13083
2411 1419
19343 7185
2674 1444
4305 1248
4079 10260
3946 2569
221 1075
1451 588
8464 5179
5971 18753
5122 4437
704 354
4624 6387
11192 5080
974 1774
3446 2924
3812 2733
11119 5410
1369 1758
3835 3298
2448 2473
7384 5173
720 1164
438 1298
443 2057
5958 10168
241 352
1582 800
1141 1251
21761 4415
8839 3097
10186 8112
5147 1178
1658 5736
2702 6554
2161 1361
17380 4719
4635 1582
881 607
2801 13938
1875 1030
6259 3333
1245 2131
879 998
7814 1851
8092 8315
1005 2297
2765 5718
260 710
7494 5096
1868 9219
2866 2151
9740 3960
4038 8750
2013 854
4413 8690
333 471
13318 10284
3787 6130
859 975
1792 2131
20715 5442
389 1010
3681 4643
1572 3043
45890 14179
7655 2681
2086 769
8482 2727
2594 3886
2140 1664
388 263
1832 1785
27736 20448
5050 1477
2611 3037
5578 13853
10308 6263
684 3319
8792 4864
8167 5613
3116 15365
1472 445
850 3297
5773 6103
10382 4625
1851 1018
2770 2715
549 625
2728 4070
272 733
294 1255
6538 1341
2185 4945
1592 343
5994 18625
3335 2469
4092 4800
1695 3631
133 155
1674 3804
8552 6640
2091 496
4430 1567
4012 1645
6469 8030
1268 262
1303 4300
6457 3090
9039 2818
339 830
6443 2407
675 1488
7632 11838
1480 550
3913 2855
1239 810
10732 5962
2978 2856
8292 3205
309 655
14909 8081
847 2330
1169 368
11699 5632
2557 8313
632 1038
5311 5688
3357 2754
3910 6347
762 2067
2034 1720
2643 4688
10574 2156
1972 3010
3333 4782
8225 2884
18704 11485
959 1641
4256 1135
4123 912
3800 2923
417 1840
10271 2713
3155 1523
2065 3927
2077 537
2468 4383
1493 740
3871 2136
2682 682
1884 1936
321 174
1998 4547
588 1457
1044 4826
1460 682
13858 8023
1636 570
3965 5500
571 1412
7443 25439
3481 8497
887 1842
21192 5694
3157 1489
235 220
4913 2416
1261 957
10355 2075
1947 1003
1468 1028
15634 3189
12593 5619
1539 799
4953 5858
483 788
4647 7026
397 259
1287 2382
2468 1220
7051 8816
1443 3220
2583 1577
186 401
7155 11082
3838 2206
1039 358
4990 11473
17057 3680
1143 322
7830 5733
437 334
4288 6288
2163 2911
445 2180
2234 4903
10030 4903
5147 1560
8919 1794
2780 1364
4231 3906
1902 1098
1331 4429
2622 5731
7062 7024
954 216
9064 10272
2250 1482
11314 20749
1904 6112
3000 1449
8689 3137
19131 5870
1561 983
7414 20210
1199 632
1381 5693
717 351
520 1180
1917 3728
3458 5761
1322 304
10539 3157
4812 1629
33788 7738
5309 1540
1919 1069
3515 2511
999 1563
774 1197
7549 8496
5749 7092
3826 3394
907 187
1425 1413
9281 6096
823 2816
803 1724
8623 3754
1401 649
1491 6333
1798 1430
2389 6061
3871 4459
20235 19856
1497 2365
4730 2539
1013 277
1920 758
1076 5093
4843 1393
6663 2957
3853 4615
1285 739
3738 1557
1016 744
3676 7731
1758 5531
4305 3360
3750 9929
462 1914
4123 904
2802 2373
9187 3382
10492 2140
2241 10846
716 895
5308 1551
2605 7730
3788 906
1032 791
5506 2447
3666 3940
656 2041
1161 716
4815 2086
9978 2359
1494 299
2971 1596
905 708
7916 4650
339 313
1991 1538
1873 381
7714 14136
2098 556
5399 4797
5480 1115
10690 23308
2771 7145
338 1279
2555 7545
2086 2299
1241 387
7810 16035
1357 4261
6110 6366
883 1765
473 2030
7820 2153
3792 9675
1197 1790
970 1391
362 1151
4759 5150
1713 1875
488 540
12920 2903
9600 7661
1695 5459
2196 1070
546 769
11823 9297
1610 7267
359 414
5073 1423
8414 4493
943 794
9577 4525
397 369
3237 9206
8030 2473
462 600
2884 4416
1353 2303
3697 1266
107 329
3753 1046
3768 14064
2748 3961
3939 1933
5858 2834
5059 22856
1387 3196
7539 5753
1977 753
6812 15344
2720 1101
862 3350
5061 2987
2233 6130
453 1293
8563 14838
1316 2401
6587 5213
934 876
1177 248
4053 1722
3117 4154
1592 1590
6585 15537
1084 2959
4768 11002
5418 2313
640 1639
3298 8318
12945 5530
1083 957
7645 2329
3634 3394
3883 3186
915 1991
3898 855
8338 15438
4409 9600
773 1513
2721 3801
551 267
5583 10112
2002 1058
4711 10523
2195 1369
7233 7520
3886 1183
11813 11569
1029 320
2189 5041
1850 4871
827 453
18544 15227
11766 4760
489 973
9568 2042
896 1610
10471 7085
1857 3821
4625 9581
610 3005
1053 2830
5554 1631
4871 3751
2788 6248
3094 10628
551 1591
1988 1054
1562 3970
2829 1318
2669 1192
10947 17511
1205 1206
1801 5890
3446 1508
2260 454
2726 880
3903 7021
1374 1416
4463 5622
823 644
5199 3056
3239 1457
1540 5186
1994 571
14671 3427
1847 1409
2516 951
645 2868
5794 2636
4570 9183
775 798
2054 6173
1448 1519
389 665
197 400
1128 484
972 4281
254 101
742 272
4917 4701
3726 9691
909 537
792 3855
2785 640
5108 4267
1257 944
1345 1199
9539 3151
3156 9061
299 1097
779 948
108 338
7801 11082
2493 1046
707 2102
3397 16017
1652 8125
711 464
6358 2375
600 986
12793 14246
1949 900
245 444
3603 5385
4579 4782
2676 1386
1454 3307
2587 4676
3439 16176
2204 1257
4945 2746
12849 6025
10073 6731
1421 1742
7789 1878
3281 5865
19320 4695
2288 2380
3303 4661
12954 2645
22499 13315
483 2051
4364 4108
1391 1220
1528 4037
923 1086
421 556
918 2253
14017 5534
739 1722
7015 5969
998 788
11818 9728
9871 2533
2262 1333
3334 6250
1923 5772
431 122
6599 12605
299 981
2795 13867
1650 1242
3537 6407
3540 3910
573 2121
1792 532
5232 2541
711 817
1324 5116
2669 4541
2903 7076
4764 10868
12485 49180
1099 5173
6516 3536
898 1241
14905 6078
695 1542
1381 1436
6895 1974
10322 2635
979 1598
3516 10743
3691 1070
24117 6247
2674 557
2423 3872
5244 1118
4081 2569
522 1175
1633 1967
3482 2294
9813 13567
491 1648
4449 2263
7249 8116
14204 6928
970 1161
6659 2303
1254 2083
9437 3308
996 2107
2638 1765
2779 13665
2120 5173
1486 744
1747 1298
1764 1372
9314 5774
328 310
549 1811
663 1758
6285 20132
12843 3047
6434 2470
2849 1102
13206 13193
2050 1710
2145 481
17810 6308
563 1963
657 607
3234 13938
9860 2268
7066 6608
4026 940
903 2498
3834 19081
24348 8855
520 2029
2754 2531
263 778
14088 4430
2130 4133
2208 1241
7396 5365
20555 8750
872 476
3497 9237
187 228
14574 5062
3050 810
1173 480
3256 6517
2333 10324
870 743
10722 2180
685 442
4874 14179
909 339
460 1456
2682 3384
6016 4916
655 1664
1129 1201
5835 2251
15215 15653
3802 1052
1799 4055
14910 5064
4541 2509
8172 3319
8599 7322
1497 4078
5423 15365
1472 2963
1323 4125
3384 9613
7441 4235
869 1221
8563 9010
321 918
1779 5761
879 704
422 2030
7960 2168
2185 673
1005 610
9018 5713
3163 864
19744 9438
1466 6462
212 155
1731 7119
1810 6640
1013 437
6916 2798
2310 2052
3983 9083
1268 1135
1435 3130
8250 10592
7094 7056
1061 2154
4793 10311
421 1827
10493 36768
1723 4876
4711 2959
2893 1335
1474 6715
1062 4023
1777 3205
1339 547
6012 6513
1667 442
465 996
22418 8244
2935 1690
647 298
4257 16085
4987 1618
9821 6347
4431 1517
1827 1552
4188 1782
1127 3142
1495 917
2528 5221
8953 2041
13602 10133
1182 1641
4927 1226
4123 2121
3800 975
496 1840
3087 2427
932 842
2008 710
1369 277
784 3764
1872 636
9092 2278
1253 1421
2832 5622
321 169
3144 4547
1267 402
1039 2246
534 442
6355 8023
305 491
2485 4814
2394 638
15692 12597
4649 13758
390 1842
4707 2719
2619 1733
793 202
5489 2366
1261 286
7676 4893
754 578
1328 442
11330 17458
11936 4884
366 1242
6698 5007
574 1076
4735 22933
438 1237
801 2382
8701 4418
2836 8816
1443 1750
1041 1664
8229 2027
3285 1281
3299 2404
2729 10966
12454 2582
670 362
14829 8987
338 851
4288 872
4700 1375
2252 2180
2911 3581
4495 8158
4569 2787
5071 2072
5337 1260
4231 8575
5050 1306
3012 2131
2143 5731
3952 8067
972 508
6198 12161
4656 4383
8006 4009
1904 923
3000 4527
929 2891
2171 10342
1377 1068
5499 4400
1149 669
1308 5693
106 351
410 1901
1421 3728
3554 3124
1507 1873
10539 3153
3809 1505
23076 9541
3431 3644
677 1270
7923 3306
5803 3389
459 1295
3003 2550
3219 7207
4871 7481
534 1307
1953 3248
9281 4350
6143 1394
354 1724
9151 5760
779 2618
8067 6333
3725 872
2232 5594
3574 9462
24699 7408
2455 1932
3133 649
794 564
9319 8732
1190 2669
2015 1389
3053 3812
4893 1680
845 576
2853 7347
678 1003
5591 5701
1501 6106
4305 2602
3605 13834
905 472
2280 2250
1824 6508
5279 3942
10361 2440
4625 2340
1715 568
1579 2200
3470 4553
3131 1629
901 4436
1009 4297
7281 8718
513 2562
2674 1811
2783 3791
6203 4548
724 929
3704 2728
2834 1695
7916 3823
230 318
2180 1837
1275 1282
8625 31468
2098 3206
1996 4797
2604 1794
16010 13478
1459 6846
4196 1279
2207 6333
2086 2086
1624 343
4158 13271
1610 2853
4245 14065
661 950
552 548
7820 8621
27230 7667
1197 756
4549 976
868 1151
1801 5150
1816 815
1340 2151
11660 2826
3723 2523
1311 581
3903 4923
492 769
10571 10190
1616 5732
418 535
2437 11341
4463 3855
943 1796
8395 5439
915 1909
3429 1218
3025 2251
346 724
7981 4532
7484 1546
2431 917
1129 276
4364 1421
2510 6384
2302 3377
7732 2122
1929 8228
5367 22856
9139 3196
4891 2030
1977 876
7861 13215
1173 1260
1472 775
1338 2204
8149 2372
4918 2038
8563 6294
907 924
3161 1465
1394 561
1177 305
2747 2838
811 936
545 1767
13847 4558
718 2181
29020 14143
4453 2849
640 356
3751 5502
4594 2098
1008 1829
3097 781
8091 2556
1194 2244
5432 1269
1760 1917
6369 17076
9039 12745
825 1005
7497 4162
593 1500
10422 25376
2002 5634
2334 3017
4132 3197
2022 5157
1498 1720
11813 2403
1144 260
1563 6039
1140 1591
448 718
8952 30332
4223 5243
205 996
3077 3331
7293 2313
8958 2940
1478 1414
820 1145
3956 1683
10443 2897
868 1852
5006 2757
4083 7888
23377 12758
2907 926
1731 3923
1564 2169
2829 3879
678 727
10947 5154
2743 1159
1746 367
3446 1919
208 224
3732 984
5250 4453
1094 1416
1156 3696
1068 883
12281 5401
319 256
2450 2395
1994 2400
23429 5178
1847 392
2516 1518
3248 925
9898 2013
4570 4627
997 203
14283 6173
2091 516
1501 307
780 3215
437 1600
8367 2166
571 550
726 1195
7786 1565
4839 6982
335 537
4413 3410
2785 612
8980 2788
1700 622
1261 1183
1630 6588
7120 9061
516 1213
1335 2293
231 200
10415 4754
4630 928
523 2169
7215 4959
5305 6274
525 677
3577 4070
537 986
19167 9477
2751 678
863 1736
5476 1956
8574 2054
1387 1063
3227 4818
1478 3583
3366 4272
5050 2883
4335 2713
2832 4299
10073 9639
1926 492
7789 21767
12702 2846
17651 6508
1999 565
1954 6729
12954 4930
26802 8134
3608 1318
12913 5550
491 299
305 979
364 921
106 165
2950 1475
13274 5318
768 2177
7200 3139
770 1593
6745 6093
8882 2256
588 1453
5616 6203
2180 3552
193 681
1663 6178
2945 1370
5581 3099
1650 513
1306 6407
5426 14304
610 771
242 1025
8224 5488
591 1254
1401 4473
1056 735
3356 4645
8576 7398
1713 4505
682 1753
2222 3536
399 1241
4337 1123
1946 2521
1381 295
7657 2345
2017 5388
1472 812
3667 2697
1280 1419
9198 7185
2674 1937
4305 4387
4079 6225
1233 2569
3384 1075
1451 5920
8464 3808
5069 18753
5122 2516
704 1909
2625 6387
11192 6140
974 1709
5459 2924
4237 2733
3383 5410
1369 2845
3835 2423
3742 2473
2220 5173
2486 1164
661 1298
1532 2057
5470 10168
241 321
1582 1011
732 1251
21761 13411
6378 3097
10186 2423
333 1178
14352 5736
2958 6554
1883 1361
5700 4719
4635 3884
1120 607
2813 13938
1875 3231
4096 3333
1198 2131
879 3379
7814 18029
20969 8315
1005 410
2765 7096
260 441
6594 5096
2045 9219
520 2151
4008 3960
7699 8750
2013 5596
4413 4307
333 298
13318 4524
3787 6059
1193 975
3281 2131
20715 4882
481 1010
7041 4643
1572 596
3730 14179
1566 2681
2086 687
8482 2157
6243 3886
1051 1664
741 263
6285 1785
19029 20448
5050 1103
2611 1018
11656 13853
6116 6263
5383 3319
8061 4864
13256 5613
3192 15365
1472 302
850 828
5773 2972
10382 19980
1851 1020
5793 2715
549 858
3859 4070
2984 733
558 1255
6538 4055
2185 4410
1592 395
5994 4677
3335 808
4092 4638
1695 2831
2246 3804
12359 6640
2091 421
4430 2935
4079 1645
6469 11297
1268 386
1303 2107
6457 17979
9039 2534
722 830
6443 7904
469 1488
2861 11838
243 550
798 2855
1239 1419
16130 5962
2978 1167
1010 3205
2286 655
14909 2999
476 2330
1169 247
10719 5632
1756 8313
632 1381
5311 11708
1490 2754
8313 6347
6301 2067
2591 1720
1738 4688
10574 2488
1972 473
3333 1726
728 2884
18704 11901
1458 1641
4256 1163
4123 865
3800 5531
4249 1840
676 2713
993 1523
2065 4791
2077 488
2468 1767
379 740
5221 2136
2682 739
1884 3686
321 277
2920 4547
349 1457
1044 360
1460 508
15903 8023
1636 5083
1220 5500
283 1412
8249 25439
4244 8497
851 1842
1943 5694
3564 1489
558 220
4913 1199
1261 2707
10355 2107
212 1003
1468 1386
15634 8456
7903 5619
1539 443
4953 1587
2302 788
4647 15907
397 1307
1031 2382
2468 5835
23198 8816
1443 437
4607 1577
186 257
2822 11082
3838 1933
1039 2046
5140 11473
17057 4445
1143 985
15068 5733
437 652
4288 5847
2537 2911
582 2180
2234 2438
10030 3255
316 1560
8919 3024
2780 3667
4231 2703
3148 1098
1814 4429
16366 5731
7062 14028
954 3476
9064 7614
3921 1482
11314 7842
1904 616
3000 3312
4265 3137
19131 4472
3315 983
7414 4187
1199 4576
1156 5693
655 351
520 721
5228 3728
3458 5091
185 304
10539 5343
1720 1629
33788 10504
5309 2104
1919 447
4408 2511
4804 1563
774 613
3797 8496
5749 4958
1045 3394
907 1016
1425 4994
9281 6283
890 2816
1126 1724
8547 3754
240 649
4467 6333
1927 1430
2287 6061
3871 11598
4464 19856
958 2365
3950 2539
1013 400
1920 7974
1111 5093
1752 1393
8098 2957
9165 4615
483 739
3445 1557
1016 3320
5484 7731
1758 1874
4305 3600
3750 6556
443 1914
4123 1346
2802 4135
2759 3382
10492 2493
2881 10846
716 1368
1941 1551
2605 3490
3788 948
1010 791
5506 1850
3666 4778
425 2041
1161 2672
1375 2086
9978 2189
1494 630
3194 1596
905 1842
7916 5367
339 471
3830 1538
1873 4452
7714 23822
2098 1431
993 4797
5480 1222
5320 23308
2889 7145
518 1279
2555 3482
2086 1678
1241 288
7810 3072
2913 4261
6110 14171
883 366
757 2030
7820 12290
25269 9675
1197 1316
970 505
723 1151
5728 5150
2200 1875
488 1611
828 2903
23861 7661
1695 886
1707 1070
288 769
11823 5511
1726 7267
1693 414
5073 1027
8414 1976
943 483
12534 4525
518 369
3237 4973
2100 2473
264 124
6757 4416
