228536 228536
2048
456 777
7874 14460
1430 2472
6381 9893
1015 1325
2517 1530
1777 1814
9419 3994
3634 1417
2117 1320
451 270
6094 2983
2272 7994
3853 3545
7485 4999
2537 6158
229 100
3937 5173
706 1145
404 820
8377 6284
1406 1657
1418 3501
7070 22120
3126 1218
4287 1311
1588 1066
2733 2107
18140 30097
3899 5067
1372 1620
16268 5008
736 846
5630 4271
2190 715
6960 22990
8318 1822
856 2919
2016 2216
10880 12215
4670 1578
10708 3058
1135 1043
9818 4163
5594 1295
703 2522
1492 2552
7725 6269
1001 252
742 2528
3439 3332
6662 2317
5494 2979
1647 362
1578 803
4671 10649
1272 4587
22721 5355
289 1008
3684 745
1174 927
3187 2461
732 3501
10590 2756
295 982
3527 9400
1350 4492
5650 1185
2040 6796
210 185
2880 1725
7474 3961
239 837
2644 5577
1513 2056
4585 2724
2569 1256
3851 4335
6982 3424
5589 2177
242 1004
1536 7597
1883 1923
426 930
6124 2207
711 2836
3273 1084
2206 1079
4890 1088
725 301
129 191
7491 2143
9714 10720
675 3131
2330 1039
4593 2554
279 1190
6182 6760
2689 1400
1154 2394
1614 5375
3892 2560
993 2045
4695 13943
2437 1038
8766 3106
2361 666
6811 4004
472 938
4231 2374
1631 1019
6401 24060
123 546
2360 2459
2442 503
2284 4381
4074 1849
374 734
1245 652
2812 9979
1571 1828
1629 656
1133 971
4821 4405
2118 3080
431 2040
1248 4003
2680 3638
863 814
10015 18368
1175 640
4497 3375
3501 4579
1197 718
2648 531
1842 7226
1189 1696
4139 1219
683 2749
9405 3970
14443 12587
2232 2950
8837 8141
2166 2612
265 235
1141 5050
1050 297
4603 1714
9799 7240
1943 860
2153 1548
7777 2046
3551 3005
2620 1001
917 897
8911 5562
6518 2141
3952 1847
5971 4644
3566 16813
404 1128
7958 2099
1176 5437
26089 38341
9800 4474
2691 1381
868 1378
4754 1590
12049 3660
11016 7007
755 665
7414 14793
3942 16034
2805 3216
1333 2079
4451 14751
658 166
3369 1924
251 312
4864 14638
5796 5114
343 293
1640 1861
20288 8072
1568 2502
2970 6829
460 1686
1350 1231
4431 5725
1959 5686
2229 5827
2472 9318
886 752
1831 5477
891 839
4406 1188
5693 1920
1419 313
2455 3586
2739 9408
576 2702
1373 2497
1536 1939
9737 4718
1499 4180
880 1205
2645 1913
2473 7197
442 389
1953 9765
533 241
709 469
8556 23696
629 3105
2871 700
1290 6055
5470 1754
4866 3637
1088 245
11863 2430
10451 31811
868 2038
1500 383
4041 3530
862 830
5437 7443
1630 913
4654 15818
4466 3045
4033 2833
759 2273
4409 4779
1666 2485
1402 1959
699 1364
9196 6242
4032 1822
3178 2328
2519 639
2336 2980
1494 301
7303 2252
1055 884
2714 1833
17287 4544
181 221
1712 3485
18223 6085
3224 2815
10645 4687
876 4224
5400 1107
3026 1296
6143 2371
2885 1120
3118 14266
964 446
7611 3176
1532 3839
7237 3165
1153 1148
2504 4138
470 1077
2309 7029
1971 1529
1133 5049
842 1917
5101 19897
4927 5062
5601 1532
5134 3728
1500 4215
229 189
4789 1677
5639 1339
2281 930
9430 8402
1406 321
1956 831
884 2486
2848 2425
1997 2369
517 2073
901 4355
15441 5840
3983 6522
2210 768
5817 7364
1362 2461
4098 2094
2190 661
20495 4834
4153 6289
2269 940
2742 2558
8678 2875
481 1723
5225 3754
271 1085
9530 5780
3792 1292
3670 885
1601 5375
5487 14056
140 156
6685 1349
1092 4377
3234 10040
3018 5130
612 177
711 2621
12955 4837
1180 881
1796 5232
1698 1156
3684 920
1623 5515
1361 1535
7414 5260
12500 5876
1788 455
4431 5780
989 4786
3490 1554
2332 5177
2073 450
3185 1547
1020 1304
1953 2785
3750 795
1439 1641
7741 5299
5253 2377
2296 4234
4223 955
2048 1776
290 241
3070 7208
601 2649
623 1937
2277 1488
246 680
855 2798
835 1442
464 1309
4476 2096
442 432
4129 3284
9196 3763
1012 3131
501 1445
2047 7674
609 416
2576 6855
2427 5819
9325 7996
1981 2086
2501 2453
5519 1215
15114 13943
5050 1700
8766 2272
292 925
1259 3887
1279 5601
3286 2135
1238 4050
6651 16531
933 387
698 284
347 1729
2839 1661
1694 432
483 275
1988 2732
9070 24443
422 1197
2266 3093
420 301
4715 9731
2384 2907
1666 851
5871 2117
11330 7086
1160 551
4189 6465
3134 1125
5348 15952
3336 4271
3074 705
1850 2636
5458 1343
872 3139
2273 974
1121 2749
2791 10525
5234 4038
4275 860
8837 4477
3964 2411
504 1248
2160 5159
988 285
2151 1909
4472 1680
813 569
2153 1886
6359 11716
1073 1307
1874 1219
1638 1107
1705 4817
2461 1543
2989 5636
3702 5281
3526 16813
800 1823
426 1661
1975 931
18286 9854
12066 4138
456 1170
4059 1478
5842 11131
15357 3269
4017 12909
1794 728
22429 5291
3700 4737
746 3216
628 564
2966 4035
248 361
4386 12723
1450 317
4031 12993
1476 2327
499 301
1683 361
15358 20522
5624 1340
3438 7206
3804 1488
6956 2097
2229 6689
7805 2153
2825 2362
2648 991
2404 1321
11355 7771
2849 1572
567 1767
1252 6179
953 2114
3357 4239
4091 4515
1113 608
2187 2836
1396 565
13698 4163
2450 4311
2657 2682
5392 2376
4876 2068
162 117
4371 1956
269 1267
652 2515
10690 12630
802 195
2656 8949
1544 2516
719 1352
5162 1923
949 697
2478 8782
11478 5906
838 305
2890 3327
3485 4850
1035 336
2266 1575
1654 765
2719 3744
1283 5833
2715 10516
362 266
37827 14235
3117 2935
3941 9405
1101 890
10229 13627
1210 5601
248 296
3187 4799
3840 1335
852 402
5782 7569
1456 2732
2347 589
5755 8422
129 104
1772 5319
5601 12493
1860 7349
5748 13331
1227 1648
2411 1688
1517 3560
3289 4194
4679 4914
3232 1639
1177 1180
6997 4562
1348 6016
6381 3547
2116 466
2517 5819
1777 1195
1484 7029
636 3163
4707 1025
892 340
6094 10579
16996 8903
5810 6081
7485 9575
4535 5035
127 197
3143 2881
3727 1013
936 836
8862 2337
867 1842
3374 1866
4644 10900
2559 1160
1967 9484
1588 3745
4832 1734
10741 6459
4812 10233
4079 2049
4181 8845
1443 486
5630 1437
2190 1348
8233 12098
8318 1875
1032 2919
1093 4306
6825 3412
2991 8306
7454 4641
2031 1174
4986 12383
5594 2708
655 2864
4136 1168
3889 3772
207 249
2800 2528
2238 1045
6662 5191
10806 3225
1004 409
1308 3496
1443 5429
2164 3873
10876 13628
2967 597
3684 3080
5642 1231
2558 2215
1404 1759
10035 5719
321 1322
2313 9378
3991 1384
1471 772
2626 1323
1183 1051
1536 769
18760 4428
580 904
2187 8564
4707 958
4585 1792
4227 1369
4892 7874
1083 2183
854 3433
460 244
3299 1434
962 2127
779 540
8183 3249
684 978
1779 1894
3041 1070
3102 1119
1083 280
292 914
12696 8034
4783 10265
1170 3131
2330 1056
4128 11398
1836 1190
6182 1582
2689 5853
4511 2394
3674 3295
1262 2154
2487 2045
3727 13943
675 1933
4053 7440
2772 628
2942 696
1836 3922
1670 1049
989 529
1628 5720
262 224
876 1236
422 1003
3207 5649
4074 1094
196 269
2219 8135
6137 9979
5046 1258
2373 636
1133 454
3775 3232
7500 2148
3980 13855
8891 2244
11014 5657
1278 2102
18254 6894
2667 1001
13618 2777
1993 1283
434 1068
2020 713
1819 7226
1465 768
3214 2270
696 1168
29487 11277
11987 16314
2043 2430
8837 2480
1990 6730
295 415
4725 1586
1050 860
1647 2862
9799 7543
673 1834
1149 563
13947 5609
10304 2545
2663 2163
321 1293
694 2634
6006 9412
1102 1769
1484 7404
6637 1838
826 486
7958 5827
2024 1460
31223 53286
17196 7042
1459 3029
520 1076
4385 1686
3308 5894
11898 7007
708 1204
17895 5402
5589 11705
3041 3216
2368 1480
7735 7302
186 180
5334 11663
705 146
5336 8809
10565 5220
660 869
1640 3536
20288 15474
3225 1700
3620 6883
1014 770
5606 1130
6289 4113
3255 5686
13810 3599
19529 4058
1261 374
2791 5477
3172 1266
2091 763
5693 4139
1562 675
1104 1011
3432 3353
683 836
3108 3237
469 1939
8060 4553
2433 4180
2713 3969
6567 2257
2944 4457
442 111
3413 5488
593 1100
2150 2360
8556 5097
1297 347
2871 6790
3641 6055
1972 1762
4052 3213
270 685
10744 3955
8459 13416
2579 725
1500 1499
8863 4276
2070 543
2623 12269
2576 751
6981 18746
1376 4751
1969 5723
2265 2273
1788 8172
4411 2959
6084 2841
285 970
7725 10805
4032 1713
3454 1233
2152 1212
4339 5241
194 384
3299 2698
2594 534
7026 4316
1990 6631
205 118
2725 1357
18223 3850
3224 818
5058 10628
871 4224
1316 364
2050 1232
1347 1662
4693 6226
6474 1337
964 809
4451 3964
2221 2177
7237 7507
1413 1072
3556 5759
1792 5778
1507 728
1323 5721
2585 2746
858 862
5499 17904
916 2944
4314 966
7485 1781
1721 6738
221 316
5405 6199
972 351
2281 706
17239 21708
982 373
1589 1776
5940 5740
2485 4034
730 2062
492 1656
4810 1652
18140 4425
2124 10237
1869 2285
5876 8845
1171 862
5630 1709
2190 904
13336 9903
5320 4684
217 940
3503 2904
10880 3448
3832 904
9013 3289
491 683
7070 6603
3792 7947
6909 2864
1838 5375
6230 6642
132 345
3035 1868
1485 4377
7569 2147
2343 1142
923 361
562 2621
10128 33926
1008 975
1718 8396
5191 1094
1805 1947
1464 5515
2195 10578
5328 5260
3711 5876
1635 517
3462 10708
1772 2481
690 1554
2334 1731
439 908
760 1210
3484 4843
2114 1016
2737 795
660 622
23208 16763
5610 3637
3864 8566
1451 1603
1096 3229
290 114
8023 2508
6062 2649
2985 652
4939 3936
2052 488
1399 702
3041 932
3566 1309
662 1237
107 484
6189 2220
9196 17736
3083 1765
2060 1491
4555 4187
907 233
3606 9228
1480 1740
11635 7873
1981 1158
845 1525
3753 1118
25532 5766
1483 1416
2135 1936
911 635
3577 3887
1496 411
2516 2135
2620 719
6651 4513
1233 395
698 356
507 1729
3998 6339
2380 5797
483 400
2002 3883
15276 9291
5017 1403
1736 4640
424 769
3168 9127
7234 1640
955 837
5871 2486
19477 4158
329 545
5504 1829
2470 1131
8270 4158
1407 2533
3074 632
2648 3555
1959 4717
749 1284
1866 3016
682 1875
19272 10525
13756 5781
4275 953
8837 4200
4226 3733
689 1248
2457 1589
453 2007
1256 552
5327 16090
1130 1774
2153 1231
16555 10663
2831 3347
379 1219
834 3451
2082 3379
5616 3729
2774 3957
4198 1820
7038 16813
626 3041
2515 1595
951 644
18286 15171
7489 3876
271 1170
1608 4983
3702 9765
12063 4110
26653 6771
1344 784
18671 11389
947 1754
913 1493
2368 2418
11533 21145
456 141
3505 3212
1156 296
420 1534
2807 3395
116 301
1683 750
15358 3943
5624 2095
2802 12317
3043 2456
6956 1420
1058 1854
7827 2074
2504 2639
1871 8327
1159 3056
6901 10523
3975 10375
687 1767
2018 1565
3132 2138
2860 8356
2451 2133
1908 690
2693 6751
321 1062
3887 1522
4463 4311
5434 9095
3462 1764
1783 8677
179 351
5816 4123
761 275
743 2867
4418 19178
495 239
2163 964
7433 4185
797 2948
5763 1919
632 289
17130 4945
1416 2834
838 290
2890 610
1045 4850
1208 813
5437 1302
886 343
5904 4100
1421 2868
2606 5393
1001 294
12723 5921
2431 2816
6084 2640
546 1364
4751 11764
6669 5601
3198 948
3187 756
1090 1715
376 402
4820 10688
2331 2066
4679 1977
3214 4563
173 113
1772 539
7464 15702
1832 6254
24877 6128
5172 1400
3240 9474
1798 3122
2854 7130
2899 10290
5733 1404
721 777
7874 5107
1430 3544
6381 3655
1101 1325
2517 1079
1777 1715
9419 3035
3634 1746
2590 1320
441 270
6094 1231
19231 7994
6062 3545
7485 1560
2537 1307
221 100
3937 10650
706 1847
532 820
8377 6681
1406 1733
1956 3501
5260 22120
2207 1218
4287 1007
1588 684
4378 2107
18140 17365
3899 7755
2707 1620
16268 3837
302 846
5630 2640
2190 590
5302 22990
8318 2201
1400 2919
2016 2988
10880 2506
4670 5958
10708 3985
2688 1043
9818 8220
5594 10570
703 342
1492 3247
3992 6269
102 252
2054 2528
1259 3332
6662 4686
8313 2979
1647 331
1578 4756
16207 10649
1272 296
22721 8273
2678 1008
3684 1527
1174 2101
3187 9652
1108 3501
10590 2963
295 488
3527 819
2641 4492
5650 1190
2040 2053
210 866
1801 1725
11286 3961
2806 837
1322 5577
449 2056
4585 1464
2569 1221
1041 4335
4034 3424
5589 1256
446 1004
1763 7597
1883 726
3258 930
6124 4811
657 2836
3273 1051
835 1079
487 1088
358 301
163 191
7491 5891
9714 19723
783 3131
2330 5345
4593 10448
423 1190
6182 6889
2689 3373
2845 2394
1614 458
3892 5062
1584 2045
3655 13943
2437 895
8766 9329
750 666
8108 4004
1364 938
3732 2374
1631 3870
6401 1427
139 546
6668 2459
2442 500
923 4381
4074 3039
374 239
974 652
2458 9979
1571 731
1629 5658
1133 469
4821 9148
2118 1258
3549 2040
7643 4003
2680 2019
863 3014
10015 8339
1492 640
9121 3375
3501 8368
1197 350
2648 534
20069 7226
1189 1443
4139 1722
1900 2749
9405 7307
14443 29367
2232 5621
8837 5396
2166 4118
265 1013
3584 5050
1050 1529
4603 1148
9799 3908
1943 1473
2153 1307
7777 3563
6753 3005
2620 11951
917 396
1645 5562
6518 13685
4759 1847
5971 3970
11695 16813
834 1128
7958 1912
1750 5437
26089 14945
7396 4474
2691 5819
4131 1378
1088 1590
12049 2981
5121 7007
421 665
21830 14793
3813 16034
4124 3216
1035 2079
3284 14751
658 220
1965 1924
494 312
4864 2004
5796 3405
502 293
1640 2290
20288 6123
831 2502
2970 6799
1595 1686
1350 1253
4431 2818
2055 5686
14782 5827
2319 9318
257 752
2033 5477
3084 839
4406 974
5693 2143
1419 362
2658 3586
2920 9408
649 2702
3507 2497
437 1939
7848 4718
12953 4180
880 2764
2645 2227
2473 4661
442 214
3553 9765
533 2408
709 2398
8556 6725
668 3105
2871 607
1262 6055
3274 1754
4704 3637
1088 440
11863 2397
10451 7790
4426 2038
1500 1570
9235 3530
862 319
5437 2230
946 913
4654 6055
4466 2788
4033 3673
768 2273
4409 1284
1666 4280
4682 1959
838 1364
8665 6242
4032 923
1379 2328
2519 9323
2336 2261
1494 364
7303 1732
1539 884
4312 1833
17287 3548
169 221
1712 4243
18223 5290
3224 9030
10645 8644
935 4224
5400 1284
289 1296
6143 1481
2885 7094
3356 14266
964 536
7260 3176
1940 3839
7237 1475
3568 1148
1052 4138
1322 1077
14755 7029
1971 4192
3574 5049
842 832
5101 1905
4927 8891
5601 1366
2351 3728
1500 3250
229 762
616 1677
5639 1653
2281 520
7809 8402
1406 332
1418 831
5056 2486
2848 9246
1560 2369
579 2073
1400 4355
2699 5840
3983 3715
2210 6168
5817 1481
1119 2461
1532 2094
2190 550
20495 15559
4725 6289
1205 940
761 2558
2202 2875
357 1723
10652 3754
220 1085
18056 5780
3792 2670
3670 1979
1076 5375
5487 12351
119 156
6685 2525
3264 4377
4335 10040
3018 1074
612 184
907 2621
7923 4837
1180 4002
2703 5232
1698 1489
3684 1684
2516 5515
3017 1535
2045 5260
8139 5876
1788 498
1409 5780
1230 4786
966 1554
2332 2424
2073 458
2272 1547
2464 1304
1092 2785
216 795
1439 415
7741 11464
1543 2377
1568 4234
4223 866
2048 1453
290 778
4953 7208
534 2649
855 1937
2662 1488
1806 680
855 1231
2206 1442
467 1309
3349 2096
442 466
2060 3284
9196 11586
1219 3131
1559 1445
2508 7674
298 416
2576 3140
2427 3759
2310 7996
1981 737
546 2453
5519 3505
6761 13943
1027 1700
8766 2876
292 369
2310 3887
1357 5601
1221 2135
1382 4050
6651 2424
300 387
698 248
382 1729
1159 1661
1694 6475
483 143
1988 7166
6942 24443
422 206
2266 3924
713 301
4715 3822
2384 1298
2314 851
5871 16561
8147 7086
981 551
1315 6465
2165 1125
5348 5723
3336 7426
3074 4077
798 2636
5458 1166
678 3139
2273 5043
1094 2749
2125 10525
5234 1743
4275 1207
8837 4233
3964 1322
297 1248
2160 2844
988 700
2151 953
4472 18718
813 1522
2153 626
6359 5156
1073 2040
1716 1219
1638 2092
14463 4817
3155 1543
5722 5636
3702 10737
3380 16813
800 1218
7532 1661
1975 1510
18286 13576
5130 4138
3183 1170
1460 1478
5842 4006
15357 3545
3369 12909
1794 1141
22429 6098
3700 9543
1437 3216
1740 564
8567 4035
248 205
4386 4370
1450 3452
4031 2115
1331 2327
120 301
1683 362
15358 26383
5624 1612
3438 6422
3804 968
6956 5277
4352 6689
2318 2153
2825 7064
1411 991
2404 2143
11355 2936
1126 1572
1889 1767
2423 6179
2179 2114
3357 7556
2549 4515
795 608
2187 7161
1396 312
13698 3329
1355 4311
2777 2682
1718 2376
4876 1113
162 234
1445 1956
492 1267
652 352
10690 9353
802 458
2656 2795
1544 1669
719 2164
4408 1923
911 697
2364 8782
6016 5906
838 674
2890 1965
7737 4850
578 336
3171 1575
1654 3071
8916 3744
1381 5833
2715 1713
639 266
7710 14235
2960 2935
2143 9405
1101 474
2881 13627
2731 5601
248 652
3187 3220
3840 3906
232 402
5782 12695
3464 2732
2347 6567
5755 1738
129 117
1772 1353
5601 7926
1533 7349
14397 13331
3945 1648
4305 1688
1517 2455
3289 9703
4679 9479
3242 1639
1177 1861
6997 15005
1716 6016
6381 1689
2116 429
2517 3801
1777 4128
1861 7029
683 3163
4707 1088
892 2139
6094 7009
4507 8903
4105 6081
7485 5170
4535 2430
323 197
794 2881
3727 1979
936 1206
8862 10628
539 1842
3374 1095
4644 11220
2774 1160
2320 9484
1588 375
2279 1734
7399 6459
4812 2589
4079 5413
5706 8845
1443 360
5630 7724
2190 2522
8233 10892
8318 5075
862 2919
923 4306
4055 3412
1679 8306
7454 2402
1792 1174
4749 12383
5594 1461
585 2864
4136 4631
7828 3772
896 249
4124 2528
2460 1045
6662 3234
3001 3225
643 409
1308 2063
19435 5429
2164 1010
13801 13628
2967 1040
3684 3650
5642 1797
2558 9898
436 1759
7754 5719
321 148
2313 841
3991 5558
1471 1603
2626 7526
1739 1051
1536 956
18760 5534
2465 904
1779 8564
4707 1098
4585 10783
4227 1108
4892 6115
1083 1241
3850 3433
228 244
3299 2423
962 522
779 390
8183 3769
684 1858
1494 1894
3041 4564
2275 1119
1083 1515
292 277
7459 8034
4931 10265
769 3131
2330 1959
4128 1604
1100 1190
6182 1481
2689 692
3125 2394
3674 2538
2630 2154
455 2045
3185 13943
2965 1933
4713 7440
339 628
2942 3308
1836 741
1670 1325
989 4360
4773 5720
262 297
876 1223
373 1003
3207 5457
4074 1834
178 269
2219 1111
19881 9979
5046 1301
2373 5678
1133 1260
3775 10321
7500 2190
3980 1828
8891 16360
5783 5657
1278 1726
18254 19813
2667 615
13618 2746
1508 1283
1443 1068
628 713
2147 7226
1465 2371
925 2270
696 1581
10635 11277
11987 25640
2043 6141
8837 3385
6137 6730
295 833
4725 1367
1050 306
1357 2862
9799 9090
1270 1834
1004 563
1190 5609
10304 5152
2663 10789
400 1293
9862 2634
6006 6414
7609 1769
4487 7404
6637 14975
826 642
7958 13613
902 1460
29479 53286
17196 10116
1459 4171
520 302
1457 1686
3308 747
6004 7007
468 1204
17895 9391
5589 4329
1124 3216
2368 2327
7735 14395
472 180
5334 6718
705 166
5336 7833
10565 3299
185 869
1640 493
20288 25172
3225 802
3620 6745
1041 770
5606 1354
6289 4430
2854 5686
3201 3599
19529 5260
1261 378
4700 5477
803 1266
2091 1399
5693 2069
151 675
1104 2575
3432 6055
683 1866
1772 3237
4930 1939
9525 4553
2749 4180
1841 3969
6567 1883
2944 7401
442 183
2093 5488
593 1549
2150 507
8556 5643
1297 403
2871 4611
13680 6055
6772 1762
5518 3213
1134 685
1119 3955
8459 26185
2579 1313
1500 3167
4413 4276
2070 606
2814 12269
2576 2172
6981 3127
1376 1082
2064 5723
726 2273
2621 8172
4411 3806
6084 4751
285 394
10136 10805
4032 1143
1103 1233
367 1212
1447 5241
194 281
3299 1286
2594 1314
7026 2182
15297 6631
205 103
2725 6371
18223 5194
3224 940
5058 2703
869 4224
1316 2027
1265 1232
4796 1662
4693 1988
6474 2267
964 2027
10420 3964
1251 2177
7237 6637
3308 1072
3556 2332
1792 1997
1507 6301
1659 5721
2122 2746
858 1887
5499 3898
4011 2944
4314 1932
7485 7760
1721 727
221 635
5405 10828
972 2641
2281 706
17239 5104
424 373
1785 1776
5940 13894
2485 7637
730 307
492 417
4810 2703
18140 6203
2604 10237
1869 4651
3206 8845
1310 862
5630 6832
2190 2048
7159 9903
3558 4684
459 940
3503 4048
10880 3722
3832 819
6864 3289
491 449
20516 6603
3792 4125
1668 2864
1113 5375
6230 19765
127 345
3035 2006
1093 4377
7569 3241
2343 5062
112 361
706 2621
10750 33926
1008 3908
2781 8396
5191 1551
1879 1947
1213 5515
2183 10578
5713 5260
4029 5876
153 517
2378 10708
1772 2305
1975 1554
2334 5870
620 908
760 337
3484 7776
931 1016
1229 795
660 1434
13102 16763
1186 3637
3864 5524
2772 1603
7149 3229
290 115
8023 1738
1153 2649
2985 1285
4939 1594
2052 504
1399 3327
3041 1153
880 1309
662 859
335 484
6189 2530
9196 7623
3083 1366
2060 6463
4555 1141
907 541
3606 767
947 1740
11635 5306
1981 1852
845 928
1766 1118
25532 8177
4594 1416
6631 1936
911 659
10715 3887
1496 5190
2610 2135
2620 1516
6651 7739
1233 285
698 1571
2001 1729
3998 7487
2380 1110
483 424
2002 6015
15276 15152
1178 1403
1736 2377
709 769
3168 4426
7234 2565
3025 837
5871 1443
19477 4012
1812 545
5504 18413
2829 1131
8270 17517
1929 2533
3074 5747
2648 883
3499 4717
749 1855
1866 3001
682 874
25339 10525
7440 5781
4275 933
8837 2261
2103 3733
625 1248
2457 6414
535 2007
1256 2310
5327 4308
1130 317
2153 1908
16555 6209
6400 3347
1314 1219
804 3451
14086 3379
5616 10554
5937 3957
4198 14198
5212 16813
638 3041
5443 1595
951 1797
18286 14685
9707 3876
240 1170
3911 4983
2140 9765
3294 4110
26653 6138
1344 1085
6039 11389
2753 1754
913 1723
2368 2306
11533 11268
456 425
881 3212
294 296
3611 1534
2807 2797
110 301
1683 6707
15358 3993
5624 5133
2802 1311
954 2456
6956 2275
5523 1854
2296 2074
2504 6787
2188 8327
1245 3056
4454 10523
3975 2168
3354 1767
2018 4614
3132 5343
2860 3439
2451 2382
1908 1542
2693 3246
1075 1062
3887 5970
11366 4311
5434 2578
3648 1764
3093 8677
101 351
5816 9174
761 1107
5514 2867
6272 19178
495 414
493 964
10896 4185
797 568
3807 1919
632 408
17130 3837
1416 3072
838 769
2890 717
1009 4850
405 813
5437 1888
886 3493
5731 4100
1421 2965
2606 6836
1001 1713
12723 8314
3646 2816
6084 5363
845 1364
4751 1863
5820 5601
1111 948
3187 2399
1090 3526
228 402
4820 9576
2331 666
4679 5179
2541 4563
173 108
1772 517
7464 4717
1561 6254
24877 7203
5172 1176
3476 9474
1798 2893
2854 6767
2899 4103
741 1404
