323200 323200
4096
4544 4517
5829 5750
2752 8101
5575 1442
1853 3677
2012 1341
1795 2239
4363 3969
4565 3227
875 3111
693 2019
1496 422
982 3787
2040 1572
1833 5714
10060 7505
6144 3135
3678 1237
10159 9090
783 2271
526 217
1425 1112
1669 3261
4355 5618
5915 4011
2786 5462
1062 1858
1441 4347
3226 682
4823 5460
651 3140
7764 2143
2351 9618
2657 12297
3874 5404
2792 682
1046 992
270 305
1757 1871
3329 717
1866 3826
4207 1669
2941 2784
4454 5705
3720 11032
6537 2048
3055 4566
9730 7842
3663 5898
1689 857
11834 3956
12925 6913
774 3702
3629 6990
1706 506
5001 3448
2077 8822
1180 3958
344 441
6523 1609
1838 1226
3177 3856
1652 7584
3322 1272
4091 15149
13318 2813
9354 33204
3275 2260
6558 4326
3866 4201
1001 1313
3383 2040
8182 6113
10866 2301
1779 5658
206 301
2939 2381
2403 5950
5655 1217
1004 4560
6392 2022
3989 1208
3572 10218
2103 9232
1529 796
201 159
5864 11911
3242 7064
3491 1149
4631 3349
3633 5985
5434 1959
2442 5943
10974 5485
15300 4309
4667 10045
5429 2395
11586 3380
5021 1557
1758 3760
1254 278
1300 5718
2824 12551
579 2719
10395 3884
2469 3634
6589 6183
2914 2444
5084 15949
958 4699
10260 3458
2493 9746
4838 1450
5974 2307
4931 13296
6475 24818
1490 3900
539 896
283 1262
3283 1567
5505 8644
3915 1782
1601 896
260 730
1627 406
280 1364
5214 2113
4133 3089
7599 13948
1850 4499
5472 7757
6159 20171
513 911
2261 585
1075 232
11775 14827
3393 2353
4040 3150
1606 5174
304 1513
5732 26182
2068 3880
3450 3469
1309 1634
7838 9132
4184 8256
5226 10571
1751 1757
6431 4499
559 2790
2509 5350
3189 8078
3432 4966
5283 3091
1356 1338
2736 3148
1524 7514
9126 2528
673 2142
8142 5258
3852 4105
4876 3046
7342 12341
2283 808
3563 3641
1402 2585
863 1390
3059 4151
5421 1403
6644 13993
23506 6736
851 774
6115 2109
4656 1776
2407 3638
1941 9683
852 3907
1982 3775
7267 3192
4623 1084
706 3375
12873 2677
640 585
3727 1282
1231 1081
5237 3382
157 543
490 2451
1177 277
2961 914
15477 4990
678 3378
1075 4907
14244 9569
18952 25675
2171 438
4562 5748
2454 2209
1229 1618
2495 7965
2975 1603
9016 3061
2156 6373
1438 673
1419 2697
1228 1810
1912 6471
2705 2376
6993 4900
1405 5885
7143 11157
2137 2007
4469 1412
2062 4673
8433 2338
3462 3659
17678 7095
12478 14325
4213 2239
1371 556
8455 2421
14949 3284
1969 1299
4667 2850
6290 3338
2538 3609
24852 6455
1351 6041
3511 3608
7662 15842
5504 1198
2060 5397
6991 3115
1253 6026
3358 3959
1291 2217
3297 13458
3686 12673
2937 3239
4894 3347
1295 3304
919 748
9735 2027
7365 32284
1617 1424
4820 3446
6991 4869
8864 2154
3325 2822
1676 5833
382 1895
2841 10912
1038 292
517 822
2772 970
3214 1555
4440 10858
559 2342
10275 5636
5504 1683
4842 6417
1924 3398
3557 827
1578 4585
3972 2724
4111 866
3796 4405
1037 271
6227 6230
2480 7877
957 1259
15674 14680
1038 734
17786 7134
3400 13371
1366 5157
337 1285
2176 2984
2700 1211
5559 3928
959 437
8079 2326
7335 1611
4013 7678
1608 5719
1238 514
768 3062
13034 3583
5281 6330
5066 8378
4642 7813
1034 3148
1365 759
394 789
2255 9419
3276 7489
2909 1287
5935 7701
2501 3985
12633 2611
8008 11313
3356 4182
1876 566
2909 3894
6894 2780
4331 2258
7253 9351
4150 16628
656 809
1757 1650
2541 529
2758 2784
6798 3275
2139 4954
1031 521
4226 1554
1974 1773
4626 1150
1307 1963
4933 10023
3146 4183
5050 4662
13353 14682
1181 1289
1395 1259
4983 1721
4969 1278
1172 5157
1119 1271
4218 20823
385 1597
166 453
4216 961
1940 2813
7642 5369
586 1312
2165 3335
4872 3212
12056 10212
4279 12638
1078 2800
7470 1668
1921 3650
833 3776
2727 2101
1873 5147
7629 1731
1817 4726
670 3271
3658 2484
2155 2688
9063 2808
520 679
7919 8202
1246 1049
2620 5021
674 1164
1385 4523
3534 6059
410 1187
3915 6219
925 779
7386 8600
1533 1843
2852 4598
3226 3544
1483 2517
2278 1658
4813 4388
6913 3382
9491 11076
8607 12688
6096 2848
522 1848
1802 4412
2366 5873
992 3980
7570 1552
918 2541
2321 1082
2486 838
2761 669
3296 775
1071 3103
7582 8480
1858 879
20687 10359
7140 8316
1298 1139
728 475
508 1495
5474 7049
6492 1342
13816 20622
1485 2645
2386 560
3597 4932
4227 1700
6038 3913
5190 7059
1232 414
4176 14027
6045 5770
3414 3257
4778 1211
5613 1886
3309 2518
2056 1949
4227 3811
4433 2150
2159 8554
3480 1774
1282 3860
2007 1825
665 1749
14239 4822
6946 10694
2877 1908
7627 3614
2476 1307
4714 3305
9860 3112
1478 4565
1051 5061
11260 3905
2784 2319
16002 5353
2338 1257
5053 13010
1561 3977
5317 5016
2565 7169
6509 9008
2176 2112
7820 17871
9927 4213
2335 3084
2227 1429
407 365
1841 2906
7810 4020
1115 2644
1231 673
2552 899
881 1058
2006 1106
20092 10248
6844 5739
4431 4118
5697 15297
10207 3093
1230 3657
1911 5779
2450 1843
5241 1080
2557 736
4196 4395
6264 2190
8553 8661
348 1376
22549 9417
3696 4192
6038 9183
3757 819
5272 4024
12086 7190
685 914
1954 6314
6510 2219
2769 7291
2532 1447
2449 2961
2628 2712
5793 2562
1881 727
862 3195
3062 1288
1072 1576
7256 6234
15963 5662
6487 12535
6150 6605
5005 5873
2375 5396
6538 2864
2537 2619
684 1423
3001 2739
4233 3373
2432 2459
3671 16056
4702 2225
1436 2764
2947 4548
3142 1170
12304 3232
4850 2121
2722 2218
5710 6381
3639 17879
3474 10883
215 755
9835 2585
6387 1602
9982 4267
2663 2830
1923 2789
2266 871
3467 2778
2833 784
4312 2406
16939 3399
8731 12994
12118 5842
8434 13980
4262 862
1695 3548
1066 1554
990 1239
4013 1268
6130 3560
3640 952
2429 4274
441 551
3278 7944
2602 6315
3695 1634
12568 9099
1893 1413
7020 15155
15852 7386
5733 2150
678 169
1814 413
5275 2723
4419 9048
1053 3299
10135 11001
9157 2312
1503 4520
1415 2991
7393 3172
5145 1246
9832 3557
4586 5036
3943 10074
13953 12254
1598 5291
2235 997
263 547
2547 1445
1226 1717
1830 7539
1020 711
2203 8526
6772 19815
4641 16714
4584 3184
2371 1859
2087 507
6667 5120
2339 4787
11834 4377
9373 8580
2308 3289
2016 1670
312 1541
2496 4117
4958 6492
1713 899
208 1012
1302 5799
528 811
2670 1089
5879 2024
9395 4831
9003 24076
7870 6411
25811 5163
1204 4470
8952 6360
4720 2208
1425 900
1791 372
4683 16873
2864 4733
3021 4815
127 488
3634 14613
2560 1724
5483 1918
1272 1010
1066 933
5849 7823
14718 9162
5216 1438
1555 4066
862 1666
922 3110
8707 18669
5388 1657
13208 17069
4567 1315
625 736
5110 7684
1458 1487
3606 746
4118 16444
4432 2141
7082 11634
6286 3590
6046 1713
358 164
501 1235
4234 1672
621 2234
5475 7723
2019 5250
10844 8369
3264 974
3594 6400
5510 1270
5148 3675
682 2855
6752 4333
4490 4368
13276 5812
8060 5002
1921 5531
2427 734
1586 7204
5754 2450
8964 5412
2523 1443
1016 2071
2917 1175
418 1221
795 1364
1901 4297
1211 4578
20890 16824
1950 1341
3693 812
5410 3477
1560 6378
1105 992
3830 1930
3094 14521
4868 3658
2624 4826
9655 2085
266 1051
4439 2747
1379 1458
4523 6868
6846 2214
15749 5474
1982 6838
5903 3329
1272 1762
6726 2951
8445 1735
2473 4624
11706 2946
2854 8684
6832 1827
1166 1348
1615 867
1067 5071
1830 2282
1828 1471
4140 9762
1323 3302
1643 4723
2047 1498
1611 1286
4871 2725
8724 2608
794 441
2348 2887
4809 3046
4505 1127
11987 3644
225 556
3303 1994
6227 2122
2336 8671
2666 5110
5340 9843
2266 2140
1254 3145
4587 2042
933 880
8662 3714
560 649
10389 2230
1638 4256
1851 2994
113 333
1130 550
449 725
1477 7330
6351 4173
3532 3794
4332 2133
3551 2146
13691 10208
2502 1407
2519 2847
1771 3649
1930 926
2673 3446
1235 3118
2549 3418
17535 4992
237 586
1379 2044
3544 10453
2298 9238
4626 1282
4201 2498
2754 3656
6502 9062
3830 1282
1791 7919
3280 1380
3950 1050
3995 2516
4416 4007
5693 12153
696 3114
1119 1867
6147 3546
5444 3997
2496 5907
11315 4010
2569 975
3353 10329
8127 8954
9131 12309
1265 1177
12600 3250
2742 2927
1482 1985
8207 3391
1400 3946
1656 7445
1078 3603
7137 5151
2050 3752
1874 6024
1521 6558
683 3051
6838 1978
13988 4275
1894 3189
6883 2641
1907 9451
7669 2754
4950 2162
14803 10378
1878 5294
505 1895
4207 2241
1723 776
2496 6098
6853 1744
1174 3913
2739 2572
890 3477
9610 4896
2297 3213
5602 2244
3091 1309
1276 1068
1038 1705
3593 4217
1329 1755
4247 1999
579 1271
9672 7381
5412 6494
3886 791
17083 9465
1657 498
9971 19087
14416 6391
2209 739
886 341
7599 1911
889 1054
16077 6118
6342 2619
9684 1980
6413 3226
1121 1950
1618 3278
2375 1866
3298 5772
2463 4762
4443 9457
1657 550
7372 5475
1274 3879
518 1200
588 1568
7645 3926
7721 2952
1931 1524
4422 11101
8295 4828
6066 2961
7416 2607
9265 2153
2491 2707
16949 5835
1936 6428
3205 3107
5362 24206
6976 5697
3010 5877
1846 5459
276 1359
5203 5697
7443 3208
6093 5305
1223 253
6863 3667
1259 1928
14483 9771
1392 2346
5127 7868
13678 5600
4247 8008
27145 9604
3323 1590
856 671
3159 3411
2439 645
4016 2370
1187 1905
13730 2847
346 1597
472 259
827 1669
1220 909
5715 1467
565 2792
1790 376
18927 6092
18479 4607
37077 8676
2428 1636
470 2164
5355 13891
1540 813
1571 1253
1818 1402
2403 2258
2678 2339
1850 2198
16202 4391
5026 7340
7963 26672
2248 1025
2392 11924
2528 6043
3080 2822
459 1376
3207 989
6108 1676
3680 754
1358 2603
2449 2612
7749 5912
3932 1049
10070 4275
3915 4579
2067 588
4356 12383
4521 3030
2950 3072
8716 2407
8591 8768
8740 8924
2159 1648
3335 7258
7483 3429
1778 1792
1750 1111
967 1812
1636 744
3490 1785
620 1445
1551 6599
3171 11698
28489 6291
1095 2330
5628 10927
1557 6613
2462 2650
630 1550
6004 4977
7106 8543
6034 20391
9593 2874
1006 1036
375 668
11803 10710
2824 6444
1631 7442
4318 3124
6001 3698
5181 5289
8044 3784
3280 2686
3276 2274
1442 2866
587 2519
2720 6744
16717 6367
1972 6089
9670 2038
3320 1451
2069 5872
1421 4253
1560 6975
6326 9828
10228 5207
2095 6329
8666 9520
1102 509
1280 3061
1465 2964
921 770
10534 5586
1723 936
8133 22425
4161 1400
2828 1018
5518 16741
6026 1416
3912 3352
1569 2545
9858 3312
3122 5240
3938 19626
1056 4678
4210 10239
10202 2414
1029 343
3503 4661
8973 3536
2975 2523
2203 719
1382 3699
189 466
3218 890
10380 6016
10296 6580
9057 2202
4369 4606
4985 9874
1680 4258
5451 5779
7851 2165
1943 1119
1346 1926
4519 11411
2222 3044
2215 7907
463 131
6999 9634
1426 2968
6909 6154
382 331
5859 11482
9513 7153
641 3137
1910 1327
2605 4823
1338 2839
3914 1462
1614 7332
848 2377
8412 2745
2033 850
827 533
3675 865
3271 4626
7692 2620
4529 4616
438 1714
5603 6583
2440 11644
6243 10406
2194 1678
2558 11363
3376 1659
2619 2205
2076 5797
2208 2561
3461 6265
1358 905
5797 6260
3468 3320
704 3351
1635 5305
6236 2318
6879 3202
12497 9430
9118 1985
4588 2213
3923 8521
8409 5773
693 1774
2688 1508
2071 4882
611 2789
677 1353
2449 920
1094 2486
2814 1259
4166 6356
1269 3867
12118 5740
6211 2157
1325 4229
1958 1721
3169 1706
1113 2374
984 3969
3383 2488
4021 3111
1685 5817
320 667
3089 2741
1233 3265
1783 483
17616 3869
3591 2328
3342 1333
21129 5009
1706 1607
304 228
2254 2424
8557 2702
1988 9415
4532 10554
10135 5206
1062 1655
2411 1224
2827 972
17591 4370
4645 3140
9832 2652
922 1045
6137 6753
3291 9358
1907 2822
2875 1312
271 652
790 1746
3906 784
2326 7539
4704 2875
2363 8526
5861 3683
4040 7374
8536 2080
1030 1651
3562 10199
2253 5898
494 1179
11834 10518
4556 14566
6125 3702
1755 6990
423 606
10428 3324
2133 7208
9876 4365
212 1012
389 1449
407 990
2148 8030
1952 1040
10677 8626
8119 3658
3807 3726
6973 23864
6203 3919
5325 1678
5662 6413
1830 397
3704 1268
8182 1637
8252 2692
4502 2414
419 1043
3344 4689
5040 2759
4808 1166
1992 541
1215 5174
3989 1705
13533 10218
4129 1646
1529 3138
661 396
2373 1865
4240 7064
1526 1141
2755 3349
3729 8022
6531 1900
11993 3101
7045 2003
16462 3510
7545 4391
5100 4530
1679 8142
1685 1825
9679 3706
657 493
3183 5051
3764 2660
574 2719
18103 3889
1687 3339
6174 5516
2077 4402
10489 3171
2473 4699
4749 3643
9675 2298
5578 3383
3179 1573
4931 5718
6850 10419
4249 2444
490 1711
2466 5942
6997 1851
1932 3073
7059 1932
1601 324
1635 1744
3075 1725
1334 1364
2554 2184
2351 1846
4168 7286
2117 2622
1792 7757
4044 8489
253 151
1554 855
1075 2523
4921 17973
1322 2762
5978 5040
2817 5174
2549 1513
2582 5246
2345 10101
2334 8522
1309 264
7911 14469
2567 8256
22691 4641
3895 1757
2449 1916
1224 2419
3697 1544
4351 8078
8635 5009
5283 7326
5321 9146
2449 1789
3229 735
807 3158
3356 714
2868 4504
3733 4105
8047 3154
3738 12341
2957 646
2443 599
1402 1223
1069 851
2166 3572
4852 4600
800 1362
2768 2657
384 1802
673 1520
3828 2248
3842 6796
949 3554
4142 19253
3846 957
7267 7535
1769 8403
4250 3375
10865 2545
758 2653
3727 1024
545 567
2171 4649
663 543
676 3309
707 1222
1477 4084
19445 10480
8650 4230
1053 4907
9847 5322
12240 20819
2171 3171
5309 5748
2454 3367
2400 2150
2044 4558
1977 8384
5559 3192
14651 6373
249 673
16793 6614
4166 4943
2996 3717
3659 5079
4655 9093
1891 4402
6124 9967
3254 6912
6927 1687
2585 2999
1358 5783
4069 2679
4637 5124
16210 8065
2450 3114
2140 689
9493 3810
1651 6710
3337 2556
5063 21255
6290 9011
7965 1966
20912 5012
1324 6041
1508 1297
4340 11557
2299 1168
4461 2942
9712 2886
2561 2707
4245 12097
1041 2620
7607 6542
3581 12107
2154 2770
6955 1554
773 3304
11227 4049
8472 2422
13801 3288
2972 1422
6827 3842
3323 4869
10955 2333
2371 10378
2177 2758
3345 1039
3787 7084
1600 730
618 1245
2845 2459
20947 4941
3049 10858
6022 2062
3913 17435
1995 1530
1306 6417
1263 3385
3259 1282
4090 5777
929 3913
4111 1246
2406 4405
499 490
5207 2315
4275 4820
1710 2078
5336 11852
3045 792
16007 5953
13878 9822
1198 3676
1318 552
1759 6531
5851 1210
13416 4407
9499 2810
8079 13202
7656 1564
2678 3602
571 558
3504 2493
1523 1454
12231 9583
3254 12531
2279 8378
22387 7813
3860 1128
2907 802
2383 711
2100 6074
3712 7660
1656 4580
2585 6893
16686 3973
2939 3114
5240 9574
10045 2304
4916 2114
341 1232
4107 4579
9838 2242
4041 13703
7573 3347
11795 3161
1229 437
2231 1294
2758 773
10082 3871
14975 4368
372 293
5304 1739
1663 4651
2854 13148
1775 5654
4552 3351
2072 2711
5373 19909
14595 3354
617 1289
2359 1626
1748 1555
748 818
1117 1028
1136 4989
8958 3890
2280 886
520 692
4216 3326
2321 5771
2821 2910
540 1814
12609 3505
4011 4535
3712 10212
2482 4564
4720 1479
2296 4167
803 3650
2022 684
1090 2096
4771 3862
2818 6269
5804 2393
2622 927
3658 1093
1811 3482
9063 17987
1373 4081
9568 7853
4518 3920
7149 2016
938 1189
3068 3983
2574 915
731 606
3915 1118
7029 2463
8361 4542
2918 1059
4037 6391
2946 6331
1483 624
2057 1658
3006 4388
3215 5972
6404 10105
1803 7195
6096 2733
540 1895
2873 3429
1357 4934
3004 3980
856 2872
980 310
1246 2433
999 4653
381 776
1612 7189
5425 10813
2697 3039
1431 6759
20687 6647
3802 1595
1407 563
728 1223
3657 1495
12149 32832
6492 4467
7707 8695
5206 4691
602 727
2303 3333
2086 3116
1251 1953
3975 5958
744 3445
15604 11145
16790 4839
3414 5402
1601 1199
5613 1403
1678 2518
4168 5800
3894 1216
7682 2531
2403 8554
3480 7911
1388 3140
2326 2155
3364 1099
15827 5006
9645 4862
2381 9224
11914 8727
1050 1307
680 3305
1257 6119
1475 5785
4781 5061
986 3905
2999 2319
17708 4652
5778 1878
4708 16034
8820 1829
6621 3748
2333 4448
9858 4306
2238 10488
5229 2159
5397 3718
6461 7860
9232 5797
688 634
10200 3520
11566 8668
944 410
238 343
1322 5316
393 953
3218 2120
2870 10248
4247 5663
6889 11394
4382 6122
4185 20465
1230 867
12496 3225
6595 2409
1663 995
571 913
3903 7284
2763 11114
2147 8661
313 473
25648 6870
1371 4192
2448 2341
1007 1926
6970 3208
17639 3552
851 931
1980 4196
3125 2607
2571 2441
697 1498
6840 21115
3045 9482
12600 4468
2715 751
2312 777
2430 4943
1544 2431
1833 3659
1537 5662
2807 3018
6150 2349
5375 2518
7024 7696
2703 3080
1622 6652
933 2274
5215 1452
1198 5582
2664 5860
12058 16056
2707 5934
3875 4835
2875 12230
3648 2673
5983 8543
6094 14306
1287 984
1507 4812
9118 2955
7953 13651
2842 6660
4194 2938
5903 2061
1282 6111
2663 708
2100 2789
1500 1412
1758 8478
1426 6531
751 1742
3386 12498
5757 12167
12118 6816
12741 4811
1572 3825
3811 952
596 225
990 694
2405 3513
4107 7873
3143 703
3414 1839
734 538
4199 7944
2825 8693
1214 4180
6647 7541
1233 4050
7020 1806
5277 3998
5733 1222
411 380
540 2629
4951 1720
2423 7625
3745 3006
6724 4025
3094 4569
2777 3269
1811 3425
10714 7601
4697 5958
9832 1991
10610 3687
2569 10249
5453 6222
1741 3482
469 997
292 547
706 3493
7235 2027
3924 7539
826 2619
2223 8526
1775 4017
4724 10390
1493 4843
6365 1494
6746 10199
10704 2284
8557 5608
11834 14409
2870 4701
6924 3021
1404 1837
1453 972
5298 4117
1780 3862
1713 2912
295 1012
2316 5799
785 811
894 1244
5879 1889
17095 4434
5733 4862
722 2828
8453 22074
5894 4470
3309 757
7486 2827
2303 1512
1791 755
7676 2055
2864 743
3260 2209
481 834
3578 6413
2480 4527
1780 4401
1974 4094
1322 5174
1539 5391
7748 17493
5216 3470
1636 732
862 922
3409 1995
6676 14552
5388 2113
7082 7003
705 2889
1434 1881
3801 7459
1394 3998
3606 5022
6542 2224
9627 2175
6486 12242
3601 7650
1584 2452
358 426
960 1374
1701 8447
598 2112
4835 1974
5668 2270
15567 11699
946 3087
3594 3227
5443 1418
1532 3426
2903 2855
6752 2824
3811 4344
9809 9837
5265 3411
965 813
1202 2032
5289 3769
1676 465
3950 8644
4076 2393
585 1388
3215 1299
1645 1833
1193 1364
1684 816
1411 5410
20890 4179
1950 451
1358 2217
6079 2246
1171 3195
254 992
4929 1036
6118 2470
12226 2693
9936 4274
1376 5174
466 462
8228 9833
1051 1790
7099 1886
3079 2363
8421 3189
11182 8256
3456 7349
750 1762
5975 3464
1514 3959
1595 4485
6745 2669
3300 9975
6832 5899
2575 1141
950 3279
1139 4197
1550 2013
2201 1086
15561 9762
1157 4105
3541 5525
3090 10843
358 1141
1017 2725
3662 3511
375 1408
867 1612
3713 2230
2139 5869
18198 3976
838 911
1241 1965
3202 4024
3681 2810
2674 3730
4070 5694
13401 5956
6013 3435
1343 3618
933 197
15076 3077
2068 1268
1545 5232
1755 2655
1559 4036
746 210
757 523
737 972
1679 1130
1802 2518
5247 3794
5802 5144
10693 2675
11758 12959
1253 3603
2868 2901
4312 3772
1695 707
1951 2028
1239 5925
8807 3418
3121 6336
1114 341
1438 2832
3575 5387
5172 9238
1738 6141
4201 1307
1744 6998
13267 5074
2967 7122
2553 9489
3280 3744
7269 7723
2492 2516
1985 1870
3506 3120
2199 977
2362 489
2357 2685
1259 1421
2810 4809
3991 12260
3721 1430
8030 3613
5151 5245
9131 3982
1246 3103
1324 6176
2762 5870
891 2608
5263 2738
2619 5446
5229 1945
1293 4090
5384 3692
5648 6160
1985 6024
2288 4185
3104 3051
4402 3768
1942 8925
9534 4155
2949 14441
1694 7456
4377 1050
8978 4039
4036 8379
986 3297
573 153
5111 2643
1153 776
1095 3439
3885 1685
2321 808
11262 3244
1602 1801
9610 3071
4953 1054
7114 4067
628 2017
3557 3880
1873 625
3840 19062
1593 348
10258 3431
508 440
3642 14378
2307 9931
3886 906
5805 9465
1388 463
5363 13861
20206 8309
1675 4793
1033 1218
5930 4620
786 1440
12370 4265
1323 2287
9684 15509
1533 3226
1923 1803
1618 471
2367 1026
1728 5772
33395 8228
1997 9457
3138 4597
11312 7384
6874 2430
684 270
2383 488
2255 3666
4472 5994
2644 7539
6834 2181
4381 3130
6739 3088
7416 8936
9066 2384
5152 6217
20081 5719
1950 4665
1616 4132
6502 11443
2095 3809
5897 3728
531 600
2228 1359
2573 4188
1165 1104
3325 5305
964 289
6863 1372
2378 2903
3963 4448
477 1788
5886 7868
17122 4496
4084 3325
19028 7890
924 1097
237 671
3008 8208
2716 1315
1479 1991
1187 1751
11122 4393
1330 1049
428 260
4229 11567
4261 3894
813 3036
457 416
1790 5567
15289 12278
5637 12480
1851 8526
921 1311
2808 1039
4357 2737
6692 5594
1571 868
2236 3745
5226 1344
3259 2914
459 1805
6987 5457
2758 994
7963 4196
801 467
5316 2966
2528 988
2357 1186
1153 870
1758 6612
5480 2917
1091 969
2175 9125
684 2612
27545 13142
2661 1141
10907 8756
6172 1742
981 1817
8219 4625
10482 7570
2772 1616
8716 10638
8591 12456
8740 11250
787 2095
2957 8852
3163 5873
10239 4664
690 962
399 1565
1425 2381
3887 2926
1684 1445
5465 2255
5682 6625
26336 7479
3411 1136
6815 21618
1920 8074
1094 5309
616 855
2287 4422
15708 3434
6403 11550
10200 3087
3808 4691
2416 619
4754 14547
4227 1130
8174 7442
4318 902
1311 3698
6921 19809
13345 4970
3280 7038
3358 1731
947 3883
7230 2519
14831 3379
13301 10019
1705 6089
6979 9563
2078 5913
4019 4391
3097 2134
670 888
13648 6266
5571 20971
1657 1948
3753 4691
583 1406
4353 3061
1663 2771
260 770
5771 4415
12890 3741
3345 3785
2845 6389
2828 618
4243 12407
4855 1246
3912 2854
637 2761
9858 14591
4975 5462
8041 11216
10659 2327
13637 4757
7670 6177
1029 261
5306 1645
7758 2826
3512 1206
381 1454
1766 3134
105 466
3218 1941
2292 4232
3627 4822
2263 4973
7769 2027
19177 13684
6940 1406
2219 4729
6002 2035
714 1495
1389 813
8099 3065
2222 1162
27391 9040
1539 1218
20174 7342
1159 2968
2095 9183
323 1595
9990 7445
16352 3276
4758 3137
2024 3863
3905 1291
2302 4125
920 1483
6575 3920
1056 4586
4078 16186
575 786
1485 516
990 4557
2096 791
524 2357
4227 4844
1149 1714
1668 1993
4960 6234
6073 2967
5825 5944
4326 7114
3376 2090
1136 668
5315 5797
6332 4276
2229 9791
2940 5728
5797 1666
2354 3987
3231 3351
8978 5305
2545 12344
958 790
12497 4629
9118 10657
2599 1416
3876 6301
2080 3116
7930 1590
2688 6403
2590 3292
606 2009
1294 1353
1018 664
937 4463
4193 1885
16885 6356
8675 4517
6289 5750
3459 8101
5575 2787
1853 1152
1157 1341
772 2239
7752 3969
4494 3227
759 3111
2559 2019
424 422
2107 3787
2040 3856
1833 2304
7065 7505
4320 3135
3678 810
10970 9090
3244 2271
526 555
829 1112
1669 1777
4355 4428
1790 4011
7349 5462
1062 472
970 4347
3226 2073
12768 5460
693 3140
2068 2143
2351 1013
3480 12297
3874 9793
2792 3523
3226 992
270 347
1757 1121
3329 1070
1866 3713
4207 1206
2941 5742
1407 5705
2339 11032
1999 2048
1491 4566
9730 2357
12098 5898
1689 3572
11834 3362
12925 14814
2550 3702
8162 6990
547 506
5001 2320
2077 1532
14221 3958
344 571
340 1609
1799 1226
2258 3856
2275 7584
3322 7354
4028 15149
13318 2700
18378 33204
3275 1659
6558 2034
5953 4201
1013 1313
3383 768
8182 3787
10866 2912
1779 1265
213 301
2939 2308
2637 5950
5655 1172
988 4560
6392 3152
3989 988
7247 10218
2026 9232
1529 1587
201 445
5864 3509
1988 7064
1897 1149
1334 3349
3633 7431
1949 1959
12481 5943
3684 5485
15300 3221
2878 10045
5429 3712
1982 3380
2025 1557
13643 3760
1254 370
1792 5718
2602 12551
1453 2719
7708 3884
2469 3886
17497 6183
2914 4209
4384 15949
963 4699
6314 3458
7182 9746
740 1450
1658 2307
4931 1459
6475 4069
9547 3900
539 815
3672 1262
3283 1856
3311 8644
4427 1782
1601 386
1757 730
1627 2451
341 1364
1153 2113
4133 2321
7599 12923
1850 3139
17267 7757
4320 20171
2117 911
2261 611
1075 335
11775 5007
3393 1236
4040 1890
1196 5174
303 1513
5553 26182
3392 3880
3450 7886
1309 2013
7838 21492
1761 8256
4059 10571
451 1757
1826 4499
9285 2790
3649 5350
3050 8078
20298 4966
5283 2168
3965 1338
2736 1610
1705 7514
581 2528
673 425
4050 5258
2312 4105
3171 3046
4735 12341
2283 1079
4028 3641
1402 1018
863 459
3059 3609
5421 3197
6644 8229
3911 6736
851 660
2973 2109
3746 1776
9163 3638
5538 9683
8558 3907
9839 3775
7267 9775
4623 3122
5966 3375
12873 2592
640 2068
3727 7971
1617 1081
5237 7076
566 543
1277 2451
1177 475
2961 761
15477 5490
12673 3378
2519 4907
14244 6721
29324 25675
2171 1708
3695 5748
2454 725
1229 532
2038 7965
2975 7440
4714 3061
1691 6373
610 673
1419 3917
1228 3133
1912 2767
2705 7443
6993 11832
1202 5885
7143 16403
2137 6791
4469 15996
2062 4440
8433 3445
4835 3659
17678 3768
8634 14325
4213 875
991 556
3545 2421
14949 3426
1969 6119
4667 19429
6290 2777
880 3609
24852 13079
2882 6041
3511 1039
3597 15842
5504 4375
1430 5397
6479 3115
1308 6026
5134 3959
1291 1873
2975 13458
3686 2177
2937 2785
2061 3347
7107 3304
919 3301
9735 2377
8488 32284
5266 1424
2007 3446
1027 4869
8864 2421
3325 7556
7939 5833
422 1895
2841 2546
1038 438
517 423
1198 970
3214 8884
2294 10858
9067 2342
10275 11799
904 1683
11419 6417
2311 3398
3557 747
1578 1192
3972 1189
4111 1164
2874 4405
1037 1440
6227 5833
1795 7877
2468 1259
21954 14680
2007 734
17786 10567
2928 13371
1366 375
264 1285
2176 3547
2700 1179
5559 5150
959 2373
8079 16653
7335 2456
4013 1807
1608 366
1238 3272
755 3062
13034 6000
5281 6201
3099 8378
2380 7813
5182 3148
1365 1106
1989 789
4893 9419
3276 1457
2909 6252
5935 13558
16218 3985
12633 2549
8008 8296
7369 4182
1876 5651
2909 5081
6894 3648
5507 2258
7253 10509
4921 16628
656 2352
1757 4903
2541 765
2758 5707
8853 3275
2139 4290
330 521
2637 1554
1974 4435
4626 13069
1307 3691
24686 10023
11904 4183
5050 15247
13353 2812
1061 1289
964 1259
1184 1721
4969 1132
1094 5157
1119 3718
9512 20823
464 1597
166 239
4216 1260
1940 4640
7642 3226
586 1041
11894 3335
4872 15158
7630 10212
5048 12638
3642 2800
7470 2499
1853 3650
1189 3776
2727 2568
1517 5147
7629 3071
1196 4726
1952 3271
3658 1397
2155 4652
9063 5274
1728 679
1649 8202
3272 1049
8598 5021
674 1910
1683 4523
3534 3273
321 1187
3915 3166
925 1684
3464 8600
540 1843
2852 8433
3226 6153
1483 3277
1244 1658
2047 4388
6913 7637
9491 9345
8607 23033
6096 16114
447 1848
1071 4412
1384 5873
798 3980
7570 1683
918 331
2321 3929
2486 3815
302 669
3296 890
4354 3103
18210 8480
932 879
20687 4526
7140 6371
1164 1139
728 883
750 1495
17340 7049
6492 1925
13816 9641
1485 2046
296 560
8206 4932
4227 1740
12039 3913
5190 6551
1232 3284
4176 5782
6045 2984
3414 1331
781 1211
5613 2313
3599 2518
2056 4795
4227 4992
4433 2295
3213 8554
3480 3836
1349 3860
2007 2428
665 805
7436 4822
2699 10694
2877 8686
7148 3614
1136 1307
7062 3305
9860 3007
1478 2235
1879 5061
4830 3905
1186 2319
7177 5353
2338 1979
5053 7403
2854 3977
1304 5016
6352 7169
3349 9008
2663 2112
7820 12719
7415 4213
11302 3084
2227 4368
622 365
11792 2906
7810 4648
1115 675
1115 673
2552 618
881 450
1212 1106
9284 10248
14986 5739
4431 9182
5697 4804
2382 3093
1230 719
1645 5779
6087 1843
5241 1124
178 736
4196 7945
6264 8924
20679 8661
348 165
3099 9417
1190 4192
9310 9183
3757 1107
10577 4024
5917 7190
685 2223
1954 1497
6510 2656
2769 1822
1913 1447
9917 2961
2628 10319
5793 23594
1455 727
1450 3195
703 1288
1072 3050
4067 6234
2337 5662
6487 5974
6150 3960
5005 18673
9941 5396
4430 2864
4347 2619
684 851
2214 2739
4233 2209
8963 2459
11032 16056
4702 1524
2439 2764
2947 9377
3142 1503
12304 5311
1244 2121
606 2218
5710 9419
5479 17879
4479 10883
2627 755
2929 2585
1543 1602
1238 4267
2663 3986
2307 2789
2266 541
3467 889
2833 6163
2842 2406
16939 9099
8731 2703
12118 3468
8434 2839
4262 3367
2116 3548
1066 2027
990 2298
4013 2245
6130 4313
3640 1307
985 4274
971 551
7604 7944
2602 2378
3695 2204
22173 9099
347 1413
7020 3206
15852 15242
5733 4654
678 603
1814 3489
5275 18662
4419 2788
2692 3299
10135 5942
9157 2257
1503 2269
1415 1914
3321 3172
5145 4712
9832 3135
6024 5036
3225 10074
13953 2943
1598 1736
1316 997
429 547
2547 1489
6009 1717
4152 7539
1020 2164
14202 8526
6772 2154
4641 1692
4584 1659
3994 1859
2087 9692
1897 5120
2339 821
11834 11729
5238 8580
11329 3289
2016 3483
488 1541
1273 4117
9259 6492
1713 3619
532 1012
1839 5799
1117 811
2765 1089
5879 2056
12422 4831
9003 10503
3135 6411
25811 5967
1106 4470
1970 6360
5099 2208
2419 900
1791 848
3499 16873
2864 1824
3021 4366
354 488
9991 14613
2560 9485
5483 2483
1272 4551
1066 4241
5849 5156
14718 8331
5216 6235
1555 3545
862 553
4942 3110
8707 10176
5388 1449
13208 15978
4567 1574
809 736
5110 1360
1477 1487
3606 779
3427 16444
6097 2141
7082 14179
760 3590
6046 3301
358 440
501 139
4234 5092
621 485
5475 2031
4796 5250
10844 3330
3264 2113
3594 4262
662 1270
2848 3675
595 2855
6752 1568
6321 4368
13276 8142
8060 9027
1878 5531
2427 1298
1934 7204
2850 2450
8964 3232
2523 950
1016 677
1694 1175
4284 1221
942 1364
1395 4297
1211 832
20890 4949
1950 2474
3693 4728
3034 3477
1323 6378
699 992
1099 1930
3024 14521
8582 3658
11192 4826
9655 3089
359 1051
6846 2747
1379 332
2576 6868
1353 2214
15749 7673
1982 1418
5903 7242
898 1762
6012 2951
8445 2224
2473 2270
11706 2463
2854 1291
6832 2598
4155 1348
1615 612
1023 5071
7877 2282
1828 415
12030 9762
1323 803
6404 4723
3432 1498
3629 1286
2913 2725
776 2608
227 441
2010 2887
4475 3046
4505 6316
11987 4028
613 556
6458 1994
6227 1902
2336 1763
2666 8127
5340 10128
2266 6685
1254 2513
4587 6949
933 1917
8662 2559
1508 649
10389 3625
1638 3331
1851 1042
865 333
637 550
449 1249
1484 7330
6351 3789
3028 3794
1470 2133
3551 2976
13691 2751
2502 942
5198 2847
1771 3548
1930 517
2673 4519
1912 3118
871 3418
4597 4992
1312 586
1379 4570
2182 10453
2256 9238
4626 5557
4201 3055
2754 4802
6765 9062
1561 1282
4056 7919
3280 992
3950 8576
2814 2516
11277 4007
5693 7117
885 3114
1243 1867
869 3546
11413 3997
2496 1545
11315 6009
2569 2025
3353 896
8127 15592
9131 4614
1265 4767
12600 2926
2742 5543
1482 804
8207 1987
1219 3946
3573 7445
1078 487
1358 5151
5217 3752
2958 6024
12161 6558
2293 3051
6838 1790
13988 4650
13959 3189
6883 14137
1907 9451
718 2754
4950 1877
2215 10378
6169 5294
3681 1895
2421 2241
229 776
2496 628
524 1744
1147 3913
2739 6784
890 927
9610 4439
865 3213
5602 1823
3091 708
2281 1068
5606 1705
8849 4217
1329 3615
4247 1432
1217 1271
9672 6997
5412 2897
3886 840
5801 9465
1657 349
9971 4567
5790 6391
960 739
886 4017
1902 1911
889 1336
2898 6118
3785 2619
9684 4272
6370 3226
5570 1950
1618 935
2375 8582
3712 5772
2463 3466
2996 9457
1657 4047
7372 1909
1928 3879
3070 1200
1795 1568
7645 5493
870 2952
1931 6015
2412 11101
3171 4828
6567 2961
7416 15569
1460 2153
2491 3510
16949 4372
4381 6428
3205 3885
5932 24206
6976 4635
4730 5877
1846 931
311 1359
4359 5697
7043 3208
3027 5305
1223 272
6863 3197
1259 2138
2422 9771
1392 1520
16782 7868
3444 5600
4247 11901
5423 9604
3323 4413
1128 671
3159 8962
2439 670
4016 2787
1187 856
13730 3786
1476 1597
472 137
3402 1669
3041 909
5715 1569
561 2792
1790 444
2492 6092
18479 7873
4545 8676
1371 1636
2338 2164
5355 2112
1540 4781
1571 605
3229 1402
2403 2976
2678 575
772 2198
4778 4391
23618 7340
7963 2646
2248 4171
7176 11924
2528 1233
3080 1013
459 353
3207 7325
6108 1286
3680 955
2792 2603
830 2612
7749 7230
1059 1049
6592 4275
2257 4579
2067 4696
3863 12383
7809 3030
2950 7947
8716 1871
8591 8516
8740 2021
1844 1648
3335 1594
7483 2444
1778 2872
1750 4034
532 1812
1636 4267
1212 1785
493 1445
6500 6599
2511 11698
28489 6413
2316 2330
5628 15570
2024 6613
2462 823
630 1493
6004 1504
7106 2550
4317 20391
4223 2874
1006 3655
2681 668
11803 10486
1403 6444
2753 7442
4318 14590
2056 3698
5181 14520
10456 3784
3280 1609
2283 2274
687 2866
745 2519
3974 6744
16717 3652
6738 6089
9670 2478
3320 7905
1950 5872
856 4253
2469 6975
6312 9828
10228 3381
3163 6329
8666 2821
1102 897
4177 3061
1465 3155
1574 770
1284 5586
1723 2805
8133 2498
4161 8605
2828 568
5518 4367
6026 1315
3912 2196
1569 1863
9858 4725
1853 5240
4103 19626
5627 4678
9427 10239
10202 3763
1029 702
4824 4661
8973 2306
1147 2523
2203 923
1162 3699
592 466
3218 1906
4694 6016
10511 6580
9057 4075
5710 4606
42942 9874
1680 1694
4751 5779
686 2165
1943 1085
1346 4390
3580 11411
2222 6361
2215 1133
463 1410
18649 9634
3245 2968
6909 3029
362 331
5859 8661
9777 7153
2770 3137
1910 8064
2605 5103
964 2839
2860 1462
10752 7332
4825 2377
8412 7225
1303 850
827 3304
3675 809
10133 4626
3631 2620
16516 4616
922 1714
5603 6258
2520 11644
6243 17106
2194 4266
2558 1384
3376 772
2619 3192
8953 5797
2208 1715
1855 6265
1582 905
5797 4659
3468 7517
698 3351
2744 5305
6236 7104
2314 3202
12497 3474
9118 2005
766 2213
3923 1335
4355 5773
7237 1774
2688 897
12928 4882
595 2789
352 1353
2449 704
1094 1977
1379 1259
2116 6356
1269 650
12118 3914
6211 6561
1789 4229
1958 3108
3169 759
1454 2374
1198 3969
3383 739
1128 3111
1567 5817
1600 667
3089 1416
807 3265
1783 7535
17616 3636
6873 2328
3342 714
21129 4515
1706 664
304 544
2254 2995
8557 2336
2367 9415
3173 10554
10135 4997
1062 584
2411 1218
399 972
17591 4404
5627 3140
9832 2291
1429 1045
6137 1273
3291 5839
885 2822
1397 1312
1842 652
790 1246
3906 1003
2044 7539
2012 2875
1861 8526
5861 16598
2019 7374
8536 2052
3516 1651
13867 10199
1254 5898
1195 1179
11834 3419
4556 7161
4188 3702
4573 6990
1830 606
10428 2444
2133 3146
5525 4365
209 1012
6474 1449
3230 990
3287 8030
1952 6544
7818 8626
8119 20634
9511 3726
6973 9340
1722 3919
5325 4682
4157 6413
1830 916
3704 1540
8182 2838
2614 2692
4502 4509
419 368
10920 4689
5040 1312
4808 1223
1992 460
1424 5174
3989 14469
3716 10218
4129 6324
1529 2090
661 208
3491 1865
5913 7064
3862 1141
4488 3349
3729 5394
852 1900
2930 3101
7045 3482
16462 4020
7545 4297
5100 1577
11889 8142
5361 1825
5722 3706
597 493
3183 667
1662 2660
586 2719
18103 3955
1687 4181
17912 5516
2077 2251
10489 12778
1778 4699
11825 3643
9675 5507
5578 12635
3179 734
4931 3318
6850 18468
6788 2444
4640 1711
1489 5942
6997 1572
1932 5571
1283 1932
1601 330
382 1744
3075 1132
1335 1364
3813 2184
2351 3564
3431 7286
2117 5016
4906 7757
4044 11682
253 760
707 855
1075 1063
4921 1861
2071 2762
3798 5040
1406 5174
1957 1513
8703 5246
3115 10101
2334 2833
1309 666
7911 16155
6613 8256
22691 5930
597 1757
5808 1916
1224 371
2461 1544
5453 8078
15095 5009
5283 13514
5321 9660
2449 2969
3229 1955
8900 3158
3356 1853
9324 4504
6446 4105
8047 2423
12028 12341
2957 1241
2443 3042
1402 1293
1069 998
2166 4188
2724 4600
5844 1362
2768 4079
467 1802
673 589
4574 2248
7728 6796
6530 3554
5268 19253
3846 2818
7267 6589
2854 8403
1782 3375
10865 2724
709 2653
3727 810
545 514
3066 4649
220 543
1091 3309
470 1222
1484 4084
9143 10480
4701 4230
1155 4907
4397 5322
12240 4856
2171 635
7190 5748
2454 896
4002 2150
2044 3407
1977 659
8171 3192
3634 6373
366 673
4619 6614
3907 4943
2996 5521
3659 4740
4655 7639
1891 1483
6124 17593
3254 1886
6927 15721
2585 6114
1428 5783
4069 980
13041 5124
4902 8065
1212 3114
222 689
2507 3810
1516 6710
3337 4862
5063 1024
6290 5115
7965 1643
3940 5012
3574 6041
2003 1297
4340 4285
3205 1168
4461 2455
3758 2886
2561 3862
4247 12097
1041 1470
7607 6916
3581 2743
2154 3254
6955 1657
3155 3304
1333 4049
8472 1982
2052 3288
3911 1422
6827 9619
1423 4869
10955 2242
2473 10378
7438 2758
3345 856
3787 6374
829 730
1361 1245
1125 2459
20947 5498
4218 10858
3604 2062
3588 17435
4413 1530
1750 6417
2972 3385
298 1282
2849 5777
7541 3913
4111 2094
6984 4405
499 1221
1020 2315
4275 6625
1715 2078
5336 2828
3045 3090
1779 5953
13878 3549
1198 1856
1318 733
1306 6531
5851 1180
13416 4671
992 2810
8079 4452
7656 2503
2678 5883
1037 558
3504 1293
1523 1256
12864 9583
4426 12531
2861 8378
4536 7813
3860 2020
2907 1063
2383 813
2100 3345
3712 1286
1656 2959
3350 6893
2033 3973
9694 3114
2768 9574
680 2304
4916 4103
2568 1232
4107 1849
9838 2492
4041 6157
1498 3347
1186 3161
528 437
535 1294
2758 621
5569 3871
14975 4876
989 293
1559 1739
1663 1557
2854 1071
1405 5654
4552 6672
2072 1472
5569 19909
14595 14140
464 1289
2359 2804
4419 1555
748 1592
1117 4129
4740 4989
4772 3890
2280 711
214 692
4216 13755
2321 1682
2821 5685
540 539
1450 3505
4011 13835
4670 10212
6845 4564
4720 3882
2133 4167
778 3650
2022 1134
1090 2573
4771 1285
4811 6269
5804 2333
2622 843
3658 4874
1811 3858
9063 11332
875 4081
9568 6390
4518 4955
7149 3005
938 1885
3068 6420
2574 8417
731 885
3915 1225
3017 2463
2489 4542
2918 784
4037 6640
2946 3366
1483 683
2640 1658
2464 4388
3215 5047
3087 10105
6804 7195
6096 2586
429 1895
2873 1011
1357 939
12367 3980
6714 2872
980 2562
1246 2578
1217 4653
2682 776
1684 7189
5425 9967
2697 5441
1359 6759
20687 4965
3802 13092
1055 563
728 462
1089 1495
10665 32832
6492 24207
6109 8695
10149 4691
2080 727
9500 3333
2141 3116
1251 1960
1215 5958
744 253
15604 8664
16790 3915
3414 3693
3958 1199
5613 1147
1640 2518
4168 944
333 1216
7682 1914
1895 8554
3480 1748
1388 720
2326 2098
3364 1455
5848 5006
9645 14003
2381 1370
2861 8727
578 1307
1711 3305
1228 6119
1475 1015
9878 5061
1570 3905
1164 2319
5471 4652
5778 1358
4708 4379
8820 2148
6621 1670
2333 2721
9858 3330
2601 10488
2591 2159
11945 3718
7176 7860
12279 5797
341 634
3433 3520
2336 8668
171 410
238 330
1230 5316
393 555
3218 1403
3096 10248
17583 5663
6889 1906
4382 13979
8404 20465
1230 709
12496 2554
1942 2409
1663 1209
2164 913
3903 5056
2481 11114
4342 8661
313 1068
25648 7151
3044 4192
2448 6842
856 1926
8879 3208
17639 3638
851 2206
1980 3615
3385 2607
2571 6672
3748 1498
5526 21115
3045 3549
12600 21688
621 751
2312 3690
1335 4943
1544 2195
9490 3659
1208 5662
3680 3018
6150 1920
5375 22028
5292 7696
8265 3080
5262 6652
1759 2274
5215 1206
12742 5582
8731 5860
10877 16056
1995 5934
3875 11010
2875 1695
6110 2673
4638 8543
6094 5339
2041 984
4203 4812
9118 3168
7953 7318
2842 2441
8570 2938
2027 2061
9938 6111
2663 650
766 2789
2862 1412
1709 8478
1426 416
6403 1742
6157 12498
5757 3530
12118 12310
12741 12008
1572 404
3811 1155
470 225
990 382
7879 3513
2205 7873
3143 1556
3414 1723
678 538
4918 7944
2220 8693
2481 4180
28094 7541
1007 4050
7020 1440
5277 18630
5733 1373
411 392
1274 2629
4951 19665
1996 7625
3745 8260
3411 4025
1678 4569
2777 3520
1811 1480
10714 3461
1774 5958
9832 2042
10610 2953
4599 10249
5453 8975
1741 3545
252 997
1399 547
1841 3493
7235 3415
3290 7539
826 256
4392 8526
4997 4017
4724 8016
2459 4843
6365 2864
3947 10199
10704 2836
2074 5608
11834 3739
2870 3879
6713 3021
612 1837
1453 569
6362 4117
12437 3862
1713 893
784 1012
1406 5799
1207 811
4541 1244
5879 1521
4722 4434
3270 4862
10283 2828
17358 22074
2996 4470
3309 5603
2333 2827
1541 1512
1791 833
506 2055
2864 605
3260 6972
481 390
3578 8200
2480 6682
3200 4401
1974 1467
4430 5174
4310 5391
5602 17493
5216 6059
1636 6879
862 422
2455 1995
6676 14293
5388 7816
6126 7003
2090 2889
1434 1242
3801 1585
1541 3998
3606 983
1003 2224
902 2175
6486 13571
3445 7650
4462 2452
358 111
4814 1374
2533 8447
598 607
640 1974
1147 2270
6178 11699
781 3087
3594 2060
729 1418
6464 3426
5495 2855
6752 8743
7000 4344
3467 9837
5265 10618
2834 813
2040 2032
5289 3435
1676 1985
2308 8644
1743 2393
585 1360
1396 1299
3057 1833
535 1364
1684 3481
2001 5410
20890 8205
1950 3372
2335 2217
6079 1231
1712 3195
203 992
4929 1187
6118 2843
1224 2693
3880 4274
4670 5174
159 462
3057 9833
3030 1790
7099 2601
5120 2363
7328 3189
11851 8256
3456 3222
3774 1762
6763 3464
1109 3959
1595 2409
4961 2669
7136 9975
6832 15775
2746 1141
665 3279
1139 874
8157 2013
2201 800
4038 9762
1050 4105
4506 5525
2389 10843
4882 1141
1233 2725
5838 3511
646 1408
867 1275
3713 816
2139 1574
18198 3696
838 1769
8520 1965
1430 4024
3681 7624
2674 9507
4070 14277
13401 2869
6013 2223
3244 3618
933 381
15076 3196
2068 736
8844 5232
1755 4932
1827 4036
232 210
1010 523
737 1002
1282 1130
4549 2518
1544 3794
5802 7393
10693 2447
35067 12959
1249 3603
4849 2901
4312 3425
235 707
1951 5937
1908 5925
1503 3418
19011 6336
1114 245
1438 3782
3575 5066
14425 9238
1738 698
4201 9872
1744 1460
13267 5570
2424 7122
3294 9489
3280 2997
7269 1903
3065 2516
1985 2137
2187 3120
2199 2137
2362 7898
4659 2685
1259 2576
2810 2643
7324 12260
3721 1570
8030 7612
5151 19301
9131 13658
1246 2841
1675 6176
2762 2600
591 2608
5263 2640
2619 3203
5229 6666
2939 4090
5384 1459
1619 6160
3312 6024
2288 2373
6250 3051
2239 3768
2277 8925
6319 4155
3934 14441
2120 7456
4377 1704
5891 4039
4036 1999
7061 3297
573 1742
1517 2643
362 776
1401 3439
3492 1685
2321 5718
11262 6112
1602 2603
9610 5029
4953 2159
6601 4067
516 2017
3557 4134
1873 1080
8602 19062
1593 5022
1555 3431
1288 440
3547 14378
3105 9931
3886 800
14275 9465
1388 384
5363 9793
20206 13171
1494 4793
1033 3140
3571 4620
786 950
6605 4265
1323 332
9684 14872
675 3226
4768 1803
1618 1959
2367 9422
1355 5772
2271 8228
3525 9457
8510 4597
15261 7384
6874 1449
684 930
2383 551
2255 5753
4119 5994
3071 7539
6834 14870
7085 3130
5894 3088
7416 2071
1659 2384
2774 6217
20081 4488
1950 1763
1616 2860
4792 11443
2095 6523
5897 2149
1315 600
2492 1359
6989 4188
1165 2104
4669 5305
259 289
6863 1373
2378 1163
12942 4448
915 1788
6376 7868
17122 9737
4084 16584
13540 7890
2399 1097
138 671
3008 4165
562 1315
1479 3166
1187 477
2608 4393
1330 548
428 136
4229 6066
4261 8974
3935 3036
669 416
1790 453
6130 12278
3952 12480
39771 8526
921 325
2808 964
998 2737
5129 5594
1571 1943
2811 3745
5226 3890
2880 2914
2163 1805
13993 5457
2758 6346
7963 3887
1447 467
4252 2966
2528 1660
723 1186
1153 859
1449 6612
628 2917
2589 969
1975 9125
7008 2612
10531 13142
2330 1141
5755 8756
6172 1357
1086 1817
8219 1740
1848 7570
2772 9403
8716 15610
8591 13176
8740 2086
3216 2095
3599 8852
1716 5873
5144 4664
1060 962
399 247
1425 2630
815 2926
895 1445
2586 2255
5682 5560
2153 7479
3411 4172
6815 4879
1661 8074
1368 5309
616 2188
3717 4422
15708 7659
3948 11550
3616 3087
1072 4691
640 619
7049 14547
4227 1641
6770 7442
4318 952
4405 3698
8258 19809
5155 4970
3280 2350
2201 1731
1182 3883
1664 2519
14831 3365
2775 10019
1700 6089
2691 9563
1242 5913
4019 1152
3097 2119
3359 888
13648 3562
4657 20971
3601 1948
3753 7650
3555 1406
4357 3061
1663 3348
198 770
5771 1171
4033 3741
4788 3785
2845 3616
2828 1032
4243 8701
1171 1246
3912 2032
932 2761
9858 3859
4975 1898
8041 1907
10659 2351
13637 16325
5866 6177
1029 348
5306 3016
1215 2826
610 1206
381 188
778 3134
388 466
3218 4853
12782 4232
17180 4822
2263 1304
2310 2027
28750 13684
6940 4546
2219 1050
2535 2035
714 709
1389 5503
8099 2433
2222 547
6115 9040
1539 323
5474 7342
3471 2968
2259 9183
421 1595
9990 12698
16352 3877
3562 3137
2024 5528
3905 8635
2302 2149
5854 1483
5791 3920
4617 4586
4334 16186
2761 786
1485 3321
2685 4557
2096 3835
10799 2357
16818 4844
3978 1714
3935 1993
4960 6668
6073 24545
1852 5944
4326 5633
3376 8416
1136 4729
1829 5797
2855 4276
3087 9791
2940 3050
5797 6024
2354 6850
8267 3351
9568 5305
3691 12344
958 2412
12497 3079
9118 4267
2599 797
3876 3555
10684 3116
7930 1587
2688 1570
12409 3292
606 780
4305 1353
1018 960
2228 4463
4193 1004
3315 6356
