1000 28402
100
384 876
917 35
234 417
815 927
52 908
637 550
967 684
484 945
348 171
549 234
129 621
172 920
582 225
621 487
913 234
112 431
434 134
779 442
612 949
305 826
929 806
288 445
827 52
462 453
80 877
556 373
41 211
886 51
480 854
113 352
458 957
909 760
622 846
130 446
319 811
182 848
8 430
712 830
517 591
4 367
282 362
573 774
961 856
445 523
86 633
983 766
640 817
108 60
876 144
922 416
851 202
554 835
778 133
884 924
298 114
899 787
338 185
624 657
391 234
264 405
338 773
612 826
905 672
232 396
612 314
777 975
781 814
130 300
413 718
87 661
689 471
1 759
471 683
954 948
766 797
342 899
349 486
722 434
529 55
355 35
257 662
322 222
204 586
771 678
551 36
336 325
920 652
858 966
35 550
444 391
451 947
138 933
35 831
808 288
577 874
568 329
517 367
987 793
212 251
581 595
