1000 26001
100
764 54
490 603
694 441
206 938
390 872
687 257
423 768
253 232
160 621
923 941
641 105
593 913
838 578
893 393
123 636
828 347
126 71
548 797
6 422
582 547
993 494
302 871
352 996
229 902
272 71
381 206
470 302
508 510
254 737
569 355
349 913
405 582
207 565
649 613
522 948
799 63
54 464
581 310
959 818
977 274
696 133
874 772
350 477
149 254
275 190
744 880
732 382
750 779
167 194
799 707
101 226
336 148
752 929
301 408
866 624
310 491
840 901
263 134
592 171
186 817
567 376
535 262
717 172
704 57
756 283
458 172
80 386
932 901
398 102
158 383
590 472
55 315
72 133
491 827
169 108
201 202
218 264
905 877
673 274
323 619
827 553
394 633
153 130
1000 740
162 378
896 371
935 619
587 810
830 768
67 36
857 453
534 9
245 19
249 753
580 708
847 118
952 944
365 25
728 198
326 9
