162 1031
100
75 31
27 24
42 24
111 38
65 24
46 19
40 31
57 24
33 23
38 25
52 28
52 25
31 19
26 18
54 23
41 18
70 29
51 18
38 33
53 29
54 29
40 24
30 21
42 27
162 57
41 19
46 25
52 19
34 27
40 25
40 35
70 25
30 18
105 33
62 38
70 43
30 27
74 39
63 38
28 23
48 24
45 18
92 29
45 19
43 21
83 29
38 25
78 54
70 31
25 19
50 23
53 29
55 39
69 39
36 24
61 35
53 33
24 27
53 24
27 19
28 24
40 24
84 68
76 27
47 31
59 25
36 24
43 19
68 24
67 23
77 43
25 27
81 25
22 19
50 29
37 24
75 27
141 38
62 37
78 34
50 34
65 31
59 24
57 21
50 27
51 24
55 28
30 21
98 38
31 18
53 28
48 29
19 17
45 24
59 21
67 41
46 19
114 50
55 34
60 21
