232 845
142
41 14
104 24
33 32
24 15
76 24
47 16
35 19
31 16
53 14
74 31
34 16
22 14
23 16
28 15
68 23
44 23
101 19
42 25
27 25
108 31
72 25
84 36
25 21
23 20
62 21
53 25
90 25
48 19
38 29
49 20
33 18
72 25
35 15
26 19
23 25
30 21
75 25
72 26
19 18
68 30
55 20
72 26
33 25
49 21
61 26
76 28
41 25
48 18
69 29
60 24
26 23
56 21
66 16
78 24
27 24
46 20
51 24
54 14
37 15
57 21
41 18
36 20
212 40
48 19
232 40
34 15
27 15
43 28
68 32
23 15
9 14
29 19
91 24
33 21
32 25
81 31
22 14
53 23
18 15
51 19
41 18
61 19
71 31
82 34
40 25
89 28
63 14
48 25
74 36
36 26
38 16
17 15
50 26
47 28
60 31
75 29
48 23
139 29
45 18
78 29
27 20
30 25
31 19
34 21
19 14
107 23
52 16
31 23
44 18
47 24
35 26
54 26
45 23
49 21
110 41
206 40
55 25
90 29
24 18
65 25
58 24
41 20
49 16
41 20
71 34
29 20
38 20
31 25
24 26
75 16
38 18
44 31
89 28
45 16
76 18
61 29
115 36
49 25
61 26
42 15
33 14
23 16
