1000 29185
100
547 40
596 385
6 287
522 741
574 113
569 754
316 28
485 482
186 131
361 666
237 433
754 61
156 320
101 91
987 32
296 889
637 657
511 948
487 677
48 47
786 389
815 813
795 744
91 423
927 229
704 495
906 411
9 797
999 647
17 403
300 121
795 358
706 178
510 666
396 658
999 90
928 457
790 569
89 64
935 245
384 725
653 498
803 332
38 312
441 508
855 768
522 824
598 83
307 605
783 908
930 213
473 717
751 234
626 835
79 823
944 533
481 878
490 492
87 546
968 758
658 518
123 311
310 718
273 560
827 861
313 487
279 136
952 274
918 986
481 634
373 944
724 780
664 870
281 77
209 36
32 728
345 567
123 556
995 776
752 577
380 287
600 549
678 864
693 375
243 524
528 532
962 895
45 112
755 836
804 511
807 562
387 862
725 630
200 885
139 114
22 983
343 240
693 909
734 313
641 559
