1000 22699
100
483 903
570 212
153 81
624 817
846 988
636 141
540 265
682 40
317 565
213 405
580 794
13 638
165 174
197 391
62 356
978 165
53 363
39 410
464 871
357 182
419 135
470 846
263 62
32 867
553 456
470 488
841 961
444 242
25 47
992 273
480 353
994 695
38 661
128 411
431 27
804 680
457 309
531 910
909 266
247 988
942 105
953 177
119 869
185 308
587 807
758 273
830 503
488 394
54 513
869 695
37 289
491 70
314 931
324 847
369 668
912 54
901 451
844 446
205 78
693 482
492 666
271 350
189 755
754 847
532 185
24 564
514 75
594 672
679 677
815 491
972 606
560 20
438 477
376 123
11 359
391 228
191 613
506 384
857 47
956 960
538 462
634 782
160 746
367 846
574 211
838 167
476 452
875 605
223 58
388 329
970 878
174 190
253 559
589 548
89 964
269 243
195 293
562 607
64 116
780 992
