1000 22812
100
885 599
534 806
534 355
495 719
933 341
532 108
719 535
931 74
763 300
764 433
913 273
226 843
458 461
217 639
391 888
830 96
687 620
634 478
578 399
314 135
604 989
88 584
478 574
383 970
15 203
774 428
23 678
21 133
877 803
844 513
994 880
618 146
249 515
252 781
75 167
925 776
845 5
826 115
382 452
713 340
393 452
13 406
574 175
913 843
132 627
40 556
15 829
171 715
233 754
331 126
81 763
844 516
140 512
940 298
979 154
639 839
677 307
572 475
906 493
447 632
52 642
354 515
535 388
934 281
501 570
21 997
211 271
299 731
910 51
741 389
172 379
711 298
663 80
389 954
42 984
276 397
178 293
318 655
654 556
702 72
327 285
808 603
561 465
116 383
827 494
316 917
209 105
479 677
494 596
476 196
29 350
678 752
267 583
798 249
166 434
406 444
665 966
161 936
96 54
780 964
