1000 26095
100
435 614
997 153
136 677
285 48
833 267
399 928
876 916
538 225
585 36
854 38
338 435
449 568
317 158
95 820
982 974
840 421
631 658
442 570
282 497
490 276
572 375
947 279
869 496
717 118
342 686
366 227
577 388
825 28
68 278
980 565
495 877
218 13
913 165
692 543
39 187
306 117
978 860
388 352
764 978
17 155
406 200
951 239
389 395
763 212
574 191
28 568
621 151
910 89
946 385
957 735
109 568
724 423
509 732
802 376
786 331
664 787
956 884
891 408
583 146
315 834
253 255
64 529
918 165
880 147
214 700
400 422
875 227
706 248
780 565
646 876
308 955
538 205
736 89
886 256
718 906
700 616
620 451
521 243
467 553
225 914
639 545
345 450
909 813
983 615
346 106
773 712
402 482
510 827
802 4
296 826
263 156
92 5
531 604
722 841
677 584
250 446
259 373
993 807
12 778
646 177
