1000 25050
100
319 782
433 262
662 892
325 78
573 825
610 832
165 278
638 297
693 151
641 105
62 118
794 175
200 568
398 794
543 652
48 324
790 990
996 409
396 164
199 977
691 839
969 917
713 997
798 21
824 65
648 161
593 903
6 194
337 138
659 760
843 712
884 962
944 123
249 30
283 266
187 649
642 776
94 98
624 465
352 872
36 763
592 216
166 9
531 971
920 465
526 965
581 156
868 750
396 366
425 875
891 496
706 586
338 983
493 670
929 505
76 441
474 118
758 451
810 501
117 236
211 799
435 765
38 39
131 316
797 893
49 606
408 590
581 59
984 906
463 293
340 766
751 433
568 456
679 206
112 228
148 199
994 212
538 639
875 11
726 466
69 975
74 461
663 226
197 326
822 65
176 660
575 235
953 406
436 777
157 87
242 613
503 103
381 261
725 423
477 454
415 321
30 479
126 824
528 220
488 843
