1000 29329
100
47 384
497 189
972 566
919 469
425 51
67 972
766 634
763 993
533 571
81 180
334 214
301 803
732 921
65 993
899 461
49 818
983 712
518 898
540 866
38 801
783 489
526 994
790 430
22 388
157 77
675 991
274 115
170 170
599 540
660 398
966 271
658 753
245 685
20 712
114 363
186 266
597 282
598 422
998 310
422 684
655 640
336 417
516 5
478 692
537 556
96 82
67 939
14 754
72 180
182 521
721 605
694 706
467 194
847 282
65 421
43 599
458 890
931 307
862 508
373 559
578 453
764 123
294 91
546 408
250 24
948 678
401 382
351 478
606 906
722 174
665 724
525 671
611 390
735 659
880 103
700 505
728 35
361 124
957 889
895 487
586 410
588 862
702 619
870 296
51 434
582 145
718 171
516 394
58 349
257 406
388 152
718 222
498 390
902 783
489 717
683 634
384 542
824 62
685 469
698 477
