1000 6071
100
480 198
167 47
420 346
187 335
383 482
176 23
274 186
280 290
301 333
449 179
88 116
96 383
102 90
371 99
70 270
4 286
325 424
127 487
262 280
360 152
376 322
249 178
467 372
88 250
44 264
193 123
444 494
273 178
215 152
3 226
334 417
478 302
101 83
326 159
486 235
404 204
211 37
240 47
397 277
78 298
59 157
314 136
58 418
315 76
107 125
296 455
137 334
198 210
338 452
33 145
191 342
350 38
73 38
254 445
19 480
427 91
254 428
257 367
71 152
356 302
118 366
80 82
427 435
272 301
166 173
425 315
59 154
252 139
102 216
331 28
336 373
192 215
276 3
223 2
434 174
69 340
136 264
120 360
498 103
418 68
417 392
374 408
488 400
479 388
41 263
259 268
59 36
496 275
296 52
208 117
21 441
344 181
51 422
452 265
12 186
403 164
346 124
376 58
86 468
96 492
