1000 6654
100
166 471
197 103
306 354
40 341
305 482
74 186
494 499
162 470
288 323
374 87
239 29
169 131
6 65
318 159
294 297
480 274
72 50
370 124
372 346
16 42
407 343
171 283
307 436
163 431
20 165
473 289
29 135
479 24
376 496
163 403
241 135
314 480
483 347
37 141
425 168
336 397
369 273
271 395
407 342
100 358
356 282
216 467
32 496
270 334
69 366
210 232
434 492
330 396
235 331
41 171
378 100
232 137
319 368
27 408
339 478
293 28
464 259
215 108
8 234
49 55
114 28
9 162
428 232
399 244
130 68
378 33
236 303
85 55
448 438
150 406
230 361
166 206
89 42
407 208
74 363
441 450
277 352
221 492
195 332
296 245
144 215
493 144
465 29
76 282
135 111
33 407
64 427
30 404
334 187
435 129
391 268
181 185
274 359
345 241
196 153
285 392
308 28
30 439
43 291
444 287
