1000 4225
100
73 265
83 639
6 808
52 723
19 1511
64 82
3 1669
40 173
48 913
85 605
26 1422
83 838
34 1414
57 478
11 1000
74 1222
6 1412
31 1190
18 1240
74 481
4 194
89 1947
41 1685
76 1600
5 80
80 186
51 575
60 770
15 1071
35 1159
4 1077
56 1697
16 603
87 434
64 434
80 287
4 1508
16 1200
33 62
60 1230
89 365
50 188
65 1528
60 830
43 207
87 833
99 1491
24 364
27 1718
63 1410
21 1792
50 928
75 1180
52 50
36 1934
33 1750
46 1984
88 245
91 1743
72 1354
24 948
6 1589
61 1501
31 945
70 1768
6 715
65 1222
24 801
47 857
51 441
20 337
100 545
6 126
10 66
88 241
19 715
90 598
79 1012
33 1531
7 1037
79 1070
18 587
22 925
59 1518
96 395
2 1069
42 1803
29 950
22 1599
62 489
9 229
17 1836
53 721
91 643
76 548
86 798
15 1021
57 1657
19 1384
22 630
