1000 15819
100
70 1101
85 1391
512 227
180 679
406 415
12 128
67 1026
1 431
415 949
17 929
89 1547
749 497
15 8
39 1890
44 497
53 230
466 630
91 651
76 1643
1 1648
564 401
150 299
703 451
39 497
58 373
310 675
7 367
57 616
878 31
666 717
827 925
748 328
482 788
80 1850
863 751
10 1358
981 164
353 474
18 422
31 1252
327 734
85 269
166 545
49 44
500 40
7 215
652 355
735 291
348 641
86 1516
59 253
33 1054
483 823
822 353
50 1054
79 389
20 817
8 1718
799 222
728 959
767 798
804 396
146 805
35 617
85 1232
927 513
53 1333
56 1415
53 426
261 137
556 821
12 689
15 118
26 659
899 74
29 1691
6 1453
96 256
23 1238
98 1463
71 628
24 1073
370 566
93 1980
34 420
213 127
528 492
2 1394
833 726
762 623
99 1077
46 1587
695 385
255 282
73 726
882 776
42 289
911 577
255 447
555 655
