1000 10247
100
82 339
10 499
784 169
805 593
920 105
354 182
66 768
357 740
972 567
128 401
9 176
175 282
20 104
860 100
377 590
554 107
159 86
636 185
23 502
62 577
552 163
189 553
45 895
667 171
14 128
783 46
942 167
643 255
70 53
130 104
835 152
592 29
772 168
988 273
996 203
31 804
880 74
206 117
94 539
240 550
704 167
492 48
21 361
49 400
106 826
82 676
125 237
753 421
247 76
651 84
60 615
99 907
334 182
166 110
116 470
16 101
36 122
325 523
407 113
826 954
139 622
119 954
30 97
9 145
882 27
702 5
177 556
902 66
792 580
872 159
164 420
204 175
956 88
221 114
76 335
215 573
29 788
243 958
796 143
240 713
119 231
137 198
57 103
821 289
746 136
283 485
23 994
841 125
6 386
716 67
167 873
96 71
25 949
2 402
25 771
904 838
536 407
215 183
421 408
363 463
