1000 12162
100
91 303
110 846
809 375
481 567
93 92
352 493
113 112
285 53
46 117
75 609
754 161
505 179
113 767
6 797
907 653
639 122
997 150
545 32
829 120
536 58
145 68
207 633
605 291
147 248
622 946
862 495
941 321
14 94
6 37
970 277
428 156
959 15
787 675
363 806
856 587
972 836
106 89
188 65
658 159
677 63
646 95
44 113
153 952
651 200
118 908
163 5
111 897
317 139
526 74
633 57
722 72
881 155
844 3
128 732
356 488
377 31
153 914
116 588
654 944
136 347
135 102
838 567
89 637
198 867
115 593
966 126
914 110
146 122
39 453
460 146
82 73
8 159
102 706
743 182
838 80
134 88
777 101
166 97
85 436
107 10
733 181
617 83
71 874
190 222
50 105
172 128
104 412
11 400
51 634
50 522
179 921
649 353
471 922
11 830
896 331
874 13
973 163
381 180
228 5
772 337
