1000 13202
100
469 45
945 772
675 195
125 41
485 173
199 898
368 778
932 775
387 67
98 37
19 271
7 989
185 717
808 495
847 62
286 140
155 612
738 182
50 221
718 44
275 103
167 897
13 90
213 64
9 941
494 896
183 341
60 787
3 487
55 945
866 154
121 961
971 319
796 79
453 832
83 813
5 679
723 993
177 94
364 196
150 729
713 12
76 255
52 966
90 472
672 100
261 691
188 942
447 790
81 804
11 96
914 748
929 109
601 50
126 705
417 58
226 769
483 173
814 586
122 468
559 502
121 183
842 746
79 57
178 292
844 152
510 182
393 68
37 784
488 87
34 869
664 192
706 41
35 32
40 183
788 694
647 160
72 567
986 945
20 958
843 118
203 950
483 172
133 51
591 16
6 594
97 206
492 109
190 427
12 50
137 127
979 90
365 702
57 546
685 28
793 23
466 341
694 53
303 145
493 536
