1000 51768
200
394 846
99 38
193 819
411 41
35 228
873 652
28 479
19 434
65 935
842 298
691 462
954 195
990 106
873 80
685 672
824 417
43 702
875 586
58 386
419 995
452 648
594 188
332 674
55 437
990 64
707 311
857 542
547 684
832 52
378 789
238 269
452 841
584 811
863 986
843 926
172 685
657 888
542 173
747 549
134 282
916 318
993 932
233 792
428 561
817 421
978 792
95 643
706 130
988 436
431 263
644 464
184 60
508 125
992 733
406 612
134 204
902 906
841 336
675 294
594 270
240 305
823 928
843 281
776 337
643 202
531 452
845 180
961 584
658 244
564 966
347 32
301 658
881 615
244 646
510 175
438 444
525 786
36 981
176 833
858 112
633 623
766 546
510 10
907 309
264 599
439 578
322 382
638 893
227 439
23 470
355 625
883 657
733 527
851 953
952 275
473 352
789 739
509 179
963 150
17 838
15 338
437 282
186 882
640 617
652 575
562 607
276 311
225 944
522 192
756 140
483 845
153 853
396 382
734 143
252 908
518 248
715 720
653 81
475 596
291 126
697 316
842 195
316 310
497 569
734 103
273 520
453 577
790 340
666 358
713 639
399 225
134 250
540 244
918 805
635 360
26 175
984 694
260 55
42 352
346 834
626 559
360 3
643 774
841 531
228 929
272 281
30 208
888 189
325 305
765 635
377 144
963 763
404 425
743 708
143 764
799 42
556 642
969 684
313 806
903 367
322 511
279 254
960 934
809 658
719 550
75 220
768 341
434 378
948 579
95 61
171 686
597 204
105 121
17 962
740 95
755 818
445 761
738 551
600 869
692 726
504 109
788 59
262 4
990 199
651 849
123 123
583 94
511 787
628 991
675 434
50 863
85 331
14 620
500 106
791 176
999 306
196 857
54 423
864 466
519 180
