1000 45885
200
765 505
467 693
544 793
107 140
165 949
171 137
382 40
391 540
973 642
713 345
514 736
85 274
154 894
985 672
736 609
371 95
473 742
343 632
67 758
329 9
819 508
393 67
891 831
658 26
284 378
766 64
23 589
212 269
706 12
419 890
984 578
658 20
830 701
616 595
194 447
622 137
730 707
180 449
316 273
698 308
737 454
86 464
504 915
152 579
40 58
712 502
23 401
119 275
271 289
870 686
329 644
954 665
546 214
589 336
299 701
648 508
190 925
40 172
63 675
127 232
979 44
903 80
97 442
613 102
924 206
443 36
911 694
274 62
329 63
273 738
396 94
439 590
722 377
584 128
838 42
319 709
978 935
614 9
202 636
849 786
367 164
838 882
337 76
410 642
470 50
69 544
584 980
889 350
553 486
742 44
637 378
261 776
756 948
716 47
913 777
752 592
4 140
463 608
234 585
724 652
646 676
421 819
932 491
639 268
857 47
927 80
936 413
248 830
41 530
715 147
714 682
772 777
154 179
179 506
941 262
611 521
263 244
715 483
470 338
477 696
50 767
616 332
628 983
830 418
498 274
229 313
248 272
175 624
200 234
785 85
937 373
581 627
892 530
537 300
374 148
407 781
384 582
923 299
192 481
217 209
60 223
805 876
119 457
655 890
813 872
561 59
848 419
69 624
117 913
912 693
193 672
67 58
89 171
616 783
503 490
33 787
496 597
481 654
779 29
465 981
720 403
425 23
818 812
876 732
727 572
276 609
693 768
82 187
629 213
991 534
5 404
268 7
858 718
183 288
243 683
621 669
442 364
16 62
286 581
761 428
512 164
417 871
420 351
336 859
920 775
339 151
407 634
539 477
361 999
300 267
60 334
481 289
830 90
167 744
90 991
552 76
984 256
546 536
484 24
281 451
