1000 45435
200
506 64
251 320
907 922
535 391
573 267
421 270
519 68
80 581
782 932
580 514
348 713
301 281
799 339
195 883
321 608
394 326
72 949
693 102
672 33
967 210
490 257
573 530
149 378
802 402
38 774
293 262
594 530
409 168
153 449
50 516
430 415
117 441
410 914
996 795
126 822
89 272
593 51
489 24
642 763
391 125
248 745
8 370
159 380
711 39
936 449
227 158
697 829
698 308
663 203
925 522
312 434
759 180
628 619
820 902
31 183
183 101
863 690
495 271
684 441
437 722
95 4
82 568
198 697
685 284
858 942
468 337
221 410
264 611
90 601
535 225
498 722
624 480
88 55
674 281
16 587
484 759
346 383
928 604
551 520
940 668
301 555
649 181
225 181
471 923
138 381
501 298
416 672
45 555
282 243
584 158
20 579
886 111
328 313
823 468
3 32
640 55
13 37
969 666
9 168
613 225
435 878
894 178
848 558
79 318
524 196
416 22
668 350
588 436
662 634
294 366
384 434
456 579
498 959
754 185
565 227
596 944
135 420
935 444
833 942
175 320
291 760
152 979
447 985
397 431
334 949
661 221
847 631
600 612
316 411
31 764
779 471
513 726
843 641
832 261
328 350
979 283
221 358
84 233
215 265
218 58
477 647
487 759
895 759
659 51
990 286
228 976
921 873
957 330
456 739
650 953
676 648
165 458
868 766
439 753
815 181
850 856
292 299
31 828
365 355
914 311
290 856
202 897
919 397
875 246
643 344
555 949
268 595
496 511
173 593
768 253
387 936
112 369
146 349
161 545
727 660
813 104
353 741
126 784
261 151
674 397
523 24
300 399
180 668
364 671
241 804
882 629
782 322
50 877
30 848
560 165
158 402
967 316
685 854
947 606
424 30
906 646
908 506
61 453
543 150
356 889
