1000 49965
200
218 186
249 665
801 365
889 436
407 991
401 263
401 834
1000 8
465 473
413 497
282 487
276 131
232 682
496 782
424 971
288 266
108 321
670 971
202 587
372 26
221 330
302 373
567 459
798 689
134 825
163 531
40 587
634 661
139 971
402 870
557 579
796 857
220 697
66 14
16 858
579 115
339 393
339 524
309 28
621 89
243 315
617 529
733 48
751 652
200 704
354 982
440 157
163 624
777 688
263 517
230 166
17 697
726 426
654 149
711 594
962 456
168 994
354 624
859 454
769 440
81 912
462 23
501 693
811 120
142 466
922 993
799 528
781 929
938 666
176 650
682 996
338 880
865 180
624 430
743 180
113 926
315 871
363 673
652 480
811 209
987 979
613 601
703 115
848 491
697 779
882 551
625 291
544 782
650 934
439 416
880 398
874 59
900 534
934 153
34 874
676 144
848 950
735 349
79 449
907 178
582 693
567 794
639 831
647 987
681 668
965 500
330 76
823 607
691 134
680 830
517 235
757 64
47 71
271 593
11 37
914 536
372 958
626 439
756 485
685 349
40 956
111 922
39 826
65 606
123 355
688 80
900 464
802 769
63 838
478 970
356 154
9 432
171 385
180 644
337 203
578 267
532 293
406 109
925 967
554 219
590 949
494 356
346 935
119 767
211 642
24 949
90 948
788 576
204 271
251 86
588 64
944 546
930 691
755 501
794 293
344 641
280 463
505 227
433 369
241 828
353 463
670 165
260 249
485 476
581 572
300 108
628 539
503 614
646 643
218 652
601 749
271 565
623 91
150 674
583 531
63 653
847 738
302 536
904 993
979 838
275 562
795 126
463 277
958 785
283 952
69 882
651 288
837 33
112 564
28 557
642 818
403 581
919 249
584 88
609 535
461 804
447 715
194 608
916 480
757 291
