1000 47991
200
210 338
289 920
303 808
786 971
863 2
525 649
377 652
951 202
718 182
913 803
483 167
346 639
43 902
977 758
951 452
914 77
550 994
986 198
748 60
532 828
296 878
766 763
612 788
377 566
213 374
595 66
391 915
622 527
519 945
755 333
119 674
318 172
290 380
985 747
595 893
757 575
900 635
130 353
742 542
589 763
684 290
823 352
633 978
2 46
315 142
877 131
214 391
250 527
192 758
103 182
33 138
173 933
241 201
505 791
142 214
371 400
350 569
956 893
626 97
484 989
883 725
193 917
940 681
50 536
677 213
513 644
66 690
495 870
712 79
243 460
35 615
623 145
28 370
973 182
100 23
732 543
573 185
777 395
874 390
61 240
288 811
25 989
735 537
200 362
246 12
460 419
353 402
250 268
719 194
285 770
317 717
659 408
569 215
611 936
590 633
340 424
985 798
684 679
381 167
319 8
146 838
312 201
556 849
249 865
918 49
25 267
925 3
239 651
682 254
580 174
564 903
969 453
475 191
296 399
54 489
457 419
55 85
797 542
519 312
677 394
514 597
612 829
416 803
531 23
598 100
180 496
230 760
458 721
274 99
62 696
765 73
43 796
756 143
328 359
990 547
439 916
343 825
164 792
316 3
113 344
151 820
809 102
610 156
790 462
722 666
937 803
457 878
101 421
321 698
761 451
827 379
61 115
612 619
451 205
725 55
491 604
314 578
414 733
46 273
77 735
80 409
698 666
281 978
485 7
420 739
383 553
682 15
996 834
989 927
259 175
193 294
790 881
478 568
108 695
536 901
940 387
122 942
502 626
932 803
178 151
270 192
971 39
131 186
71 537
406 565
944 933
629 853
875 538
374 266
130 306
203 4
320 665
160 685
584 391
364 815
800 843
570 172
892 644
243 32
496 856
