1000 51023
200
86 824
42 259
511 110
198 872
36 753
953 462
213 20
876 72
705 6
257 715
752 377
415 968
524 622
987 864
97 286
944 695
685 342
251 284
779 321
629 207
108 851
675 956
622 39
337 12
652 791
880 939
844 852
870 404
664 909
925 956
298 487
685 873
42 368
618 304
203 361
754 177
18 713
592 738
596 534
935 73
97 40
78 33
128 316
956 979
490 188
119 477
961 419
957 363
628 348
623 210
853 60
718 586
957 990
346 317
458 186
526 412
752 456
408 767
327 537
466 860
675 962
66 962
996 22
652 407
490 691
535 694
808 221
185 563
442 286
64 589
540 743
679 936
780 126
643 511
928 158
843 528
962 847
742 964
946 335
227 69
722 926
684 417
903 543
741 371
793 615
163 136
163 532
610 485
813 213
702 400
302 844
586 266
302 648
694 335
833 511
5 807
627 918
602 14
49 638
73 711
524 606
14 659
145 656
903 78
3 592
50 454
131 801
34 508
433 842
456 731
157 843
297 259
22 198
470 667
515 227
824 234
736 249
399 620
925 641
650 334
307 863
810 530
599 232
866 570
53 732
235 872
873 444
580 167
470 874
212 722
737 701
614 751
189 930
193 986
342 774
41 792
380 773
397 735
482 943
707 96
702 309
443 805
896 91
428 650
53 353
554 86
445 772
189 597
596 272
836 29
583 208
36 224
329 735
603 392
799 117
150 971
461 988
929 526
856 771
2 927
526 846
672 450
55 887
468 482
352 662
867 261
187 771
793 403
425 374
629 652
829 118
651 478
814 630
676 862
476 569
96 721
568 92
54 330
514 560
854 45
345 974
447 592
788 114
860 399
734 868
295 392
434 627
279 809
152 274
572 281
543 477
87 405
63 389
627 792
950 254
939 768
163 386
848 650
882 459
986 826
