1000 43478
200
445 634
382 980
776 980
969 982
518 308
838 946
76 912
498 978
722 885
395 44
252 909
715 973
279 336
67 990
722 376
806 26
81 602
669 337
353 747
395 382
629 665
511 13
420 403
397 581
653 930
25 52
245 250
209 994
278 684
644 124
456 507
974 900
808 40
363 890
849 374
111 231
432 628
231 508
368 260
206 319
16 315
293 495
706 593
592 249
12 335
214 816
681 183
776 983
930 391
22 353
983 423
1 373
404 470
947 22
417 843
525 335
503 208
210 804
41 164
500 639
524 57
990 47
676 93
21 920
634 843
571 972
696 308
322 554
853 926
995 101
297 283
231 60
950 802
282 676
70 964
674 447
738 282
482 496
95 58
167 316
455 494
500 591
721 317
243 624
325 785
79 765
773 355
430 12
114 849
634 496
704 923
220 171
57 456
228 939
943 624
25 626
635 964
571 380
660 957
650 541
242 823
199 529
799 698
319 799
420 874
308 885
689 989
128 941
752 554
139 257
509 252
366 477
263 863
720 197
221 441
840 817
219 623
588 59
266 530
275 977
218 502
553 303
521 30
19 74
160 502
767 278
610 4
799 308
630 280
888 62
106 246
830 919
154 51
630 835
197 758
242 466
601 517
29 83
177 925
57 56
75 729
235 699
31 22
127 544
696 325
600 624
13 423
840 174
874 6
712 28
821 163
116 201
185 323
76 756
628 109
488 176
131 465
442 206
355 536
825 376
293 749
216 790
383 379
496 111
597 389
618 203
840 856
753 28
920 897
709 811
509 939
473 24
533 442
643 592
163 432
290 553
145 125
192 578
616 249
88 223
355 291
599 857
246 205
648 202
147 517
621 255
377 384
951 121
785 579
533 711
77 454
721 156
351 172
726 282
402 324
45 710
960 934
272 546
185 40
634 202
