1000 49346
200
236 66
579 322
386 45
878 122
808 281
493 210
45 439
633 682
579 579
575 332
440 47
942 171
94 370
378 543
587 470
704 895
383 85
1 114
25 190
422 269
954 439
205 560
585 338
174 208
979 321
378 162
181 708
367 376
912 620
455 537
689 341
727 230
950 217
892 153
606 323
324 782
658 609
371 283
304 977
905 253
442 629
695 625
954 987
524 719
772 717
602 706
67 804
542 399
417 207
834 182
615 381
828 710
460 138
256 343
265 768
577 329
279 143
509 311
306 559
328 338
399 449
852 510
988 227
838 865
772 230
580 300
104 936
247 99
601 355
412 663
199 449
969 843
402 875
158 563
255 506
518 882
541 99
294 307
938 471
711 281
468 825
774 169
671 732
54 831
889 272
32 202
268 235
629 964
391 337
934 139
621 238
749 564
25 207
73 226
924 360
489 703
351 439
271 450
754 866
649 806
295 808
982 951
686 451
669 844
486 852
209 126
302 7
841 265
620 296
963 739
640 416
900 729
148 885
689 294
945 48
575 606
445 355
789 267
452 222
826 157
348 473
425 914
818 157
936 395
438 889
696 903
431 226
695 100
949 475
827 849
405 94
114 251
952 577
569 854
750 852
546 230
214 358
212 677
356 826
318 493
389 84
703 899
96 239
122 268
577 557
68 681
191 679
784 210
687 219
356 506
817 710
346 491
190 381
307 537
931 616
910 463
191 275
405 819
398 993
2 881
87 64
229 593
171 719
941 358
492 113
880 119
250 945
200 17
937 323
520 641
354 915
1 801
241 810
938 172
662 955
287 517
709 602
213 578
870 366
571 285
95 845
618 844
258 442
847 835
969 638
716 162
244 503
295 499
355 755
57 646
534 277
731 691
295 151
372 951
408 263
312 881
643 603
996 508
927 828
82 177
