1000 55759
200
823 956
560 691
861 191
39 930
967 158
552 778
383 235
608 131
657 536
110 495
116 631
685 713
487 916
967 735
345 71
751 551
718 397
687 670
65 946
390 240
749 971
839 98
401 322
417 348
195 93
525 239
752 884
74 798
905 869
431 259
345 836
810 412
941 952
396 220
534 368
302 77
3 16
62 590
369 248
313 757
543 740
709 934
112 634
503 294
107 858
441 9
264 790
913 284
471 762
974 549
877 314
739 543
757 335
403 36
562 813
895 213
951 878
493 171
298 12
490 31
845 451
280 551
411 175
730 875
75 389
615 337
977 767
731 860
994 997
306 269
871 759
851 130
422 810
50 908
277 783
357 249
4 842
680 34
567 708
944 14
972 939
563 717
716 398
53 439
491 329
25 204
683 774
231 334
521 806
728 472
988 79
188 393
588 713
577 443
748 727
606 280
600 701
269 502
380 423
971 34
395 769
261 263
876 522
300 707
627 319
156 243
90 590
813 875
424 978
175 609
630 805
843 739
192 297
928 976
808 715
125 335
572 553
555 85
249 255
818 271
562 504
603 328
559 906
580 208
77 629
76 919
733 614
667 395
53 432
752 174
53 561
342 385
120 872
890 402
816 580
732 340
539 365
984 835
712 217
276 269
172 689
663 875
504 923
616 20
329 231
916 339
963 491
348 875
521 905
21 401
854 772
527 476
581 15
58 483
608 391
991 322
63 359
303 820
799 565
716 374
470 857
993 211
384 685
347 177
485 154
359 258
767 459
480 775
138 918
659 547
251 863
950 650
821 3
397 468
60 504
70 598
442 397
765 899
631 844
158 940
628 985
42 986
373 224
769 267
391 440
380 727
239 23
608 762
925 333
119 482
913 424
23 908
4 63
481 533
650 158
706 74
955 70
258 63
64 764
853 665
