1000 51161
200
609 219
461 871
901 326
222 667
845 15
55 501
564 573
7 551
959 109
385 125
653 920
670 737
413 900
29 274
436 642
181 831
435 681
88 569
950 835
192 457
395 477
439 543
846 917
853 775
389 297
887 676
260 491
816 956
194 119
202 406
510 146
723 280
492 306
453 237
754 100
807 516
488 220
876 171
290 307
607 540
398 692
55 548
390 700
19 257
427 750
522 247
150 79
801 190
315 851
52 306
768 846
368 232
232 992
78 42
464 185
776 113
512 636
287 353
800 966
8 790
810 369
620 404
395 23
327 500
711 187
267 14
351 992
133 179
470 325
704 241
119 532
313 757
942 307
747 902
742 887
820 923
978 838
79 509
974 814
885 254
607 20
117 482
921 574
866 394
164 618
522 390
256 405
374 966
282 925
519 327
927 270
378 183
779 578
821 557
174 458
569 594
876 626
674 771
688 982
311 103
222 336
29 870
569 388
474 201
460 293
533 249
235 611
830 399
210 199
210 692
792 660
606 933
812 48
791 210
152 312
474 155
711 837
203 989
934 452
100 453
398 253
461 609
964 833
377 956
619 565
479 667
460 185
905 349
580 873
1000 169
99 31
516 961
950 589
450 106
259 492
177 806
779 206
989 614
234 445
297 676
393 203
633 453
795 399
741 708
373 162
234 621
389 782
10 333
920 925
593 494
179 437
689 544
80 13
424 211
876 462
415 585
831 508
153 596
668 580
306 907
416 913
676 580
297 657
460 503
410 84
117 117
914 751
133 874
509 260
601 974
650 233
417 811
652 395
856 442
942 602
222 906
588 209
493 852
362 821
26 748
833 645
720 55
254 562
332 785
270 866
264 551
522 420
532 10
116 160
295 75
602 924
330 845
40 352
950 931
727 651
835 54
787 854
42 373
62 871
717 847
