1000 51201
200
501 661
86 373
407 887
875 603
470 630
844 889
924 494
809 8
525 298
318 260
688 279
48 606
500 36
55 25
147 400
443 107
884 723
431 397
434 918
538 916
740 122
101 855
5 112
874 698
192 778
726 321
339 299
333 444
645 768
224 679
720 346
570 238
39 523
824 627
378 244
333 19
618 105
41 905
882 971
388 302
569 582
252 436
824 997
109 935
4 961
517 44
877 794
903 538
289 392
476 394
831 571
797 727
683 197
75 403
340 970
874 464
936 745
475 294
950 362
936 481
124 104
421 369
665 406
477 707
930 204
553 702
614 659
847 204
382 535
622 324
347 605
503 593
649 638
808 628
349 334
82 985
27 253
442 663
178 108
780 489
146 117
501 959
786 133
878 468
353 439
769 873
61 381
264 54
682 536
987 837
492 824
581 865
860 130
303 961
848 914
930 723
447 44
958 505
132 290
341 315
598 553
721 687
739 284
888 340
45 644
195 123
764 127
142 993
859 779
485 450
469 93
815 91
938 980
624 246
87 358
416 634
174 631
172 446
516 974
873 809
638 10
349 595
722 9
421 336
640 407
700 350
814 611
831 168
254 375
417 48
322 165
522 400
657 961
474 471
58 894
6 652
173 12
522 14
511 516
883 927
854 16
55 254
915 767
430 862
714 758
320 332
272 828
615 655
451 97
862 86
361 205
362 705
286 980
937 461
418 665
212 384
209 662
384 286
334 483
265 582
948 718
885 581
845 74
889 201
934 398
955 587
249 539
412 581
285 844
884 751
851 394
68 722
785 470
10 659
474 787
339 51
197 770
295 166
358 517
936 525
66 991
527 724
349 937
277 357
324 261
432 431
511 440
536 10
488 918
892 524
727 748
949 304
911 352
723 996
577 388
204 666
573 9
27 365
484 866
312 68
