1000 42988
200
37 424
629 273
686 417
912 16
68 75
60 508
193 231
467 592
43 812
434 127
585 538
159 386
481 197
147 132
892 747
347 608
515 450
247 221
477 492
896 891
837 855
471 473
434 598
440 618
120 912
362 139
331 762
415 694
137 884
975 651
173 664
384 772
466 446
349 525
101 38
417 700
130 475
735 915
635 889
362 513
656 142
928 613
152 998
567 104
83 218
307 431
981 13
855 510
318 293
239 27
911 589
7 560
691 322
258 501
791 194
668 970
712 41
91 77
223 531
518 645
432 918
924 395
411 342
220 410
185 1000
80 375
19 519
677 574
727 458
529 790
603 153
82 857
719 148
112 585
983 315
243 308
167 124
63 573
43 626
141 481
87 62
44 47
62 837
505 467
348 67
396 389
494 132
400 287
907 125
600 477
337 106
616 760
41 640
41 29
1000 834
300 967
851 471
55 575
439 385
531 368
618 87
601 937
824 569
898 57
265 515
467 702
345 309
364 277
414 731
454 102
222 846
780 520
618 272
770 295
76 224
115 1
782 610
176 191
397 594
270 628
747 972
626 184
420 548
76 305
12 698
814 879
493 199
705 132
652 154
259 941
230 640
99 489
909 702
4 639
257 48
153 396
430 749
588 966
76 445
458 118
610 701
996 13
158 256
663 884
303 124
184 673
608 797
937 316
443 847
398 829
120 715
593 944
235 448
771 641
133 541
964 598
844 859
95 353
507 737
290 801
976 8
707 541
401 793
657 428
782 536
480 101
154 268
928 510
577 759
138 207
450 625
611 697
797 572
70 136
202 890
724 386
341 251
624 333
363 511
739 457
605 616
998 649
789 67
388 469
190 209
161 188
444 750
258 750
223 348
284 494
430 289
70 443
858 326
907 552
158 681
409 229
495 520
716 550
200 865
496 327
