1000 51310
200
591 729
245 689
664 303
103 962
258 975
678 605
561 218
400 977
281 227
842 285
508 530
70 921
895 633
833 21
359 812
970 421
297 156
17 961
981 518
662 136
11 945
888 896
546 976
933 213
394 989
657 767
735 768
371 797
454 905
174 260
62 766
132 424
98 976
940 777
907 439
795 660
147 351
310 568
548 885
358 436
596 672
341 114
27 205
528 310
19 74
780 22
730 210
585 462
4 664
511 468
231 816
863 547
913 331
440 219
738 527
795 213
941 954
36 612
138 7
457 437
323 894
803 992
317 441
298 828
735 800
615 474
811 594
740 583
846 449
982 35
373 75
572 499
751 653
764 310
797 724
301 402
205 756
146 301
492 80
86 263
997 105
37 307
753 863
233 119
60 988
781 697
725 422
997 269
728 605
236 633
636 800
182 676
264 61
450 429
923 945
990 647
652 122
836 214
572 529
389 128
705 603
122 116
185 845
590 761
422 188
896 114
165 743
745 283
374 319
143 261
687 62
502 390
968 552
80 900
715 651
294 103
33 78
289 436
745 319
430 342
887 982
174 748
518 577
791 373
82 828
501 607
139 258
582 313
509 141
242 796
180 449
744 402
548 35
915 833
834 442
669 836
813 905
144 802
886 42
72 880
324 36
521 150
519 555
182 201
48 789
26 618
610 608
119 823
561 288
101 332
990 206
631 611
301 461
935 314
660 814
277 376
908 190
942 613
937 803
79 430
72 775
391 111
25 343
631 45
816 401
537 337
479 813
452 57
792 763
46 921
187 50
40 133
959 520
258 270
817 790
378 122
723 93
718 547
248 491
674 146
47 11
596 758
851 998
585 94
198 432
308 862
381 222
623 249
82 563
411 807
135 432
914 518
639 424
323 493
520 131
115 661
915 410
743 64
605 820
349 866
