1000 11714
200
114 448
267 334
330 416
213 440
334 135
363 471
245 370
355 131
260 41
159 289
93 64
187 39
196 284
406 147
51 347
332 119
96 229
12 100
316 51
204 87
421 33
194 350
8 347
430 377
88 32
300 428
340 460
302 79
192 192
62 4
381 156
282 402
50 75
205 242
152 493
12 187
237 187
490 469
100 278
204 329
250 216
18 420
322 387
261 442
424 279
364 456
421 279
433 331
47 35
8 366
28 419
432 360
256 266
163 457
492 368
455 256
96 401
280 107
413 118
252 195
134 360
231 196
134 215
104 457
101 25
324 31
454 275
242 343
213 397
245 209
455 336
432 415
256 37
320 211
289 238
269 22
332 10
315 427
265 84
145 321
391 243
90 400
24 412
422 277
60 287
383 165
62 189
412 320
44 311
121 188
238 165
430 35
114 273
135 466
299 484
355 476
40 290
58 269
391 180
242 73
353 244
385 59
410 356
242 279
148 376
114 275
12 365
95 213
62 457
181 88
71 289
69 499
140 208
56 391
267 190
477 122
56 99
27 60
129 452
56 464
96 11
284 33
302 477
31 231
313 112
9 194
361 408
352 90
343 366
358 487
105 59
387 297
107 476
448 235
313 38
24 322
237 463
140 307
170 432
104 200
290 350
127 153
16 37
373 186
79 494
487 243
34 101
256 161
465 97
195 400
436 66
8 246
349 203
498 80
174 118
489 327
463 309
192 413
96 105
267 212
211 408
172 255
337 3
79 148
472 352
452 19
8 380
155 16
20 494
266 435
413 17
415 228
233 281
302 179
161 347
339 131
207 236
319 334
44 500
87 346
196 226
100 17
250 38
59 386
221 487
437 486
241 408
331 132
205 4
16 63
410 401
459 420
83 30
33 227
347 164
256 206
361 362
75 294
80 131
484 399
