1000 21387
200
298 2
82 99
188 198
421 326
392 368
253 59
34 463
74 31
274 70
275 434
360 266
338 994
176 225
412 419
454 377
551 724
491 392
331 56
338 308
221 71
84 370
359 184
11 342
199 413
225 412
356 144
461 144
179 395
42 231
454 240
312 436
261 445
156 411
242 815
322 57
479 863
127 79
484 235
125 264
130 450
130 103
324 30
801 637
116 71
248 216
364 497
385 152
106 359
965 319
482 117
292 659
449 98
398 463
45 15
449 21
207 106
600 439
338 181
813 207
16 339
220 286
57 332
721 600
316 255
26 319
321 421
457 23
61 326
41 249
279 301
986 244
55 174
338 412
475 281
374 375
586 193
154 199
147 500
651 67
353 201
245 298
561 816
326 414
598 289
231 66
153 309
120 476
248 171
98 302
453 244
86 304
17 60
44 100
264 366
212 484
144 31
637 564
47 334
863 1
165 492
50 419
60 615
324 23
474 84
158 489
140 470
241 629
134 24
477 585
459 94
132 151
316 247
158 369
385 893
821 325
426 197
254 468
97 435
437 103
343 293
194 166
560 964
257 51
274 395
104 393
34 25
568 548
226 439
489 721
223 176
409 567
598 275
148 51
883 17
288 180
397 84
50 457
85 170
128 441
370 123
573 122
650 595
101 146
332 373
933 750
298 776
198 264
452 211
455 376
254 227
162 271
306 4
463 276
125 349
703 359
237 261
94 307
212 181
337 227
178 397
119 307
611 207
274 70
331 65
458 120
80 358
912 485
130 23
356 493
831 157
375 147
275 232
231 467
900 632
47 128
845 536
225 11
232 164
558 23
195 169
148 417
254 471
167 489
611 232
297 184
333 446
197 754
136 72
404 396
130 55
303 48
432 354
313 358
328 731
97 444
61 342
471 465
160 292
432 863
588 807
