1000 22494
200
981 559
59 438
158 313
610 406
522 51
279 190
394 320
442 350
577 491
279 193
494 16
26 167
918 999
410 825
204 495
248 225
165 407
245 233
37 477
60 92
409 301
493 413
372 324
268 241
494 463
801 141
262 705
190 440
289 287
275 348
245 327
426 919
171 428
102 233
196 197
207 135
359 149
158 380
225 160
465 126
78 264
62 383
491 487
199 472
131 241
235 172
63 229
114 464
469 458
40 31
253 168
484 398
805 827
180 261
5 3
538 39
81 363
175 660
221 447
331 125
194 250
966 211
43 347
302 74
272 265
80 21
17 103
443 158
250 360
723 145
346 493
414 486
29 87
442 440
74 226
450 994
497 333
118 176
830 21
50 297
154 117
88 108
375 180
360 492
25 168
266 17
36 392
447 331
471 248
310 688
231 456
286 13
390 360
211 413
445 462
320 253
348 67
373 491
142 49
172 351
169 443
119 231
417 391
422 448
690 963
321 168
203 438
34 435
463 1
200 277
470 57
105 476
148 126
682 962
386 320
397 314
723 328
254 287
244 447
396 165
127 117
258 8
25 206
7 460
101 311
225 363
967 935
79 480
2 438
44 817
147 463
692 173
247 469
596 471
78 30
71 101
381 52
68 235
166 376
204 342
275 375
45 330
488 169
945 286
710 333
23 367
303 32
202 322
228 32
203 432
556 15
100 302
525 796
10 250
15 476
273 225
197 447
455 371
245 987
398 182
791 180
485 409
489 286
353 474
421 303
267 357
488 23
37 350
284 481
560 749
433 487
401 914
312 174
88 142
17 76
465 291
932 843
46 154
361 318
224 167
959 277
456 338
910 411
501 74
11 24
331 450
26 403
488 275
234 270
259 245
446 483
92 259
49 332
286 110
227 7
245 218
202 305
438 254
147 144
101 273
