1000 10039
200
34 176
32 1455
46 456
19 1786
42 673
17 1802
29 1319
58 1987
95 1229
90 719
47 88
7 1208
40 431
59 946
45 958
66 1162
95 1345
61 854
88 26
17 1429
57 957
46 1328
83 391
45 822
26 1853
24 670
83 716
79 742
74 872
85 54
69 600
8 1729
52 775
44 1440
6 1211
29 1243
93 151
63 324
80 853
71 1622
8 1447
66 1339
80 280
54 1235
91 1929
10 1440
48 1227
91 413
2 225
22 330
13 240
44 634
81 6
85 1960
16 1994
8 1194
44 739
97 439
7 1281
49 1212
18 765
14 540
72 1245
53 1560
46 1967
4 288
88 1286
19 951
68 576
50 1368
10 910
91 1519
45 1744
53 1988
2 907
34 1396
58 799
92 589
78 690
44 353
31 1960
56 1210
97 1545
39 1205
83 556
49 1310
84 232
38 1239
96 1483
41 584
53 1178
81 77
92 75
10 237
50 1229
35 181
67 1790
46 602
31 1783
76 1164
33 774
74 649
72 786
27 952
13 748
71 1819
71 1722
5 1636
29 1065
58 69
90 777
41 468
84 22
75 753
21 544
75 1754
34 266
7 593
5 721
97 1332
8 866
72 1195
92 68
92 1641
64 956
85 1524
3 505
27 1284
6 995
62 401
52 1536
79 748
86 763
76 1585
80 1848
59 1461
59 763
97 1918
1 1096
60 1502
9 1130
41 315
9 1302
67 439
72 127
35 1930
69 1793
38 1055
90 817
68 1697
64 65
84 1382
48 389
60 1756
24 359
44 1430
37 423
27 660
52 1525
72 716
89 433
13 1035
36 1460
71 1889
78 1625
15 463
23 1239
45 621
52 1949
31 781
14 1086
93 976
2 932
56 154
76 693
26 764
54 1762
32 1268
24 176
67 211
34 1985
98 1836
70 2000
51 1841
86 898
100 454
53 1209
19 1008
10 560
19 702
5 1375
58 1024
11 993
8 692
5 1849
58 1359
11 158
75 400
81 1591
81 344
