1000 9771
200
21 525
35 503
84 4
24 1744
68 847
12 322
52 1861
69 1075
6 1750
11 1846
39 841
5 625
59 1948
80 1728
73 1501
43 1895
64 493
2 154
14 482
64 990
13 1465
43 88
60 1110
79 1881
24 969
67 1848
54 1164
80 1503
4 595
91 50
95 1025
13 115
94 505
58 1599
41 286
45 1012
83 569
44 1060
6 748
88 1466
37 123
48 1326
70 560
8 274
45 1164
75 1496
17 513
74 537
17 217
96 1913
3 1330
48 1408
26 739
31 1073
86 513
67 1541
42 589
39 1843
37 1600
100 1006
57 627
28 945
33 1086
60 1247
43 1088
95 1906
46 970
66 1219
98 91
39 658
82 540
33 502
35 732
14 1547
23 1513
42 1828
29 17
75 315
90 886
80 580
59 1133
75 743
94 763
13 1343
76 1131
59 838
34 1318
3 27
10 1673
81 162
41 428
47 1413
49 551
69 815
93 568
54 518
91 1836
99 778
67 1476
26 362
79 577
80 1306
3 938
66 1701
12 530
68 1075
32 417
16 247
27 1798
4 1617
90 710
78 1185
61 1848
41 1731
38 296
40 58
6 507
63 1145
7 898
48 1752
55 1821
14 1376
57 216
95 887
83 135
49 1310
63 1893
4 1857
16 173
27 1170
37 472
37 1098
7 242
15 1797
72 832
8 13
19 1379
48 440
56 290
81 691
6 1416
53 1651
24 693
100 1086
95 31
63 963
41 291
97 290
71 504
28 946
49 201
86 109
37 1523
27 461
67 454
59 794
25 1086
84 1468
22 426
44 1121
39 251
13 197
17 1569
3 1233
82 333
52 1428
12 190
18 1216
36 125
96 773
9 1526
96 1844
36 1183
31 826
46 854
13 181
49 154
26 1297
86 1358
83 1795
60 381
88 339
47 1211
10 1936
86 166
54 1612
61 1727
3 764
44 17
82 1778
82 1377
69 1815
68 1653
68 1364
100 440
69 1259
83 1357
93 1932
83 1693
10 253
