1000 30066
200
12 873
84 1754
303 631
823 319
461 908
633 476
17 762
295 192
801 465
25 1098
15 318
373 858
74 944
26 170
573 602
21 876
17 397
456 96
556 317
79 212
11 1345
380 427
870 63
524 277
151 75
43 227
89 344
6 1131
105 424
500 238
263 670
42 1328
56 322
411 785
85 697
669 643
332 913
84 1718
682 404
90 495
851 971
109 722
652 702
22 1043
110 133
78 1231
47 1516
846 808
403 596
43 572
521 646
191 154
541 846
4 861
98 1696
16 1042
921 189
75 761
223 804
62 849
38 1435
67 1522
647 959
996 296
657 890
10 1004
612 859
553 687
65 83
55 901
304 197
752 129
865 727
68 737
270 639
629 200
11 434
954 518
501 520
815 542
171 400
13 1200
257 277
94 1014
58 222
661 905
77 1741
478 409
362 394
16 167
287 598
196 48
716 774
43 770
591 459
59 421
69 229
65 1822
13 746
83 76
35 1224
428 914
87 1695
31 709
626 857
92 1821
41 659
5 933
637 296
8 184
11 521
946 408
34 1928
13 1337
148 492
295 17
72 660
32 925
80 26
99 1812
21 1718
543 476
92 1996
99 689
34 1125
951 659
323 867
461 591
775 159
6 1570
19 1461
66 1982
51 1300
90 1390
9 264
796 351
278 323
6 1696
76 919
156 40
353 948
397 364
141 723
68 1232
79 3
128 904
508 568
111 733
765 310
11 22
444 661
439 615
10 1903
16 819
22 141
43 145
15 935
67 693
191 503
241 292
54 1866
6 1481
87 1528
85 590
495 797
67 274
929 224
521 648
771 657
141 621
8 787
515 532
39 1392
25 1885
910 282
16 1666
196 891
52 139
54 100
180 889
340 982
314 479
686 944
595 17
493 756
56 1989
109 666
29 92
42 414
565 963
65 1006
888 266
184 212
607 371
82 473
11 714
57 1146
47 451
357 567
57 719
