1000 26245
200
385 184
17 788
171 902
113 70
230 82
974 587
182 84
100 200
876 145
229 76
927 267
597 108
85 977
579 345
177 188
977 193
119 390
575 319
98 267
94 234
525 256
816 508
522 978
249 116
45 595
999 423
219 31
125 334
144 146
206 165
77 697
354 425
840 174
940 637
746 825
196 457
4 199
549 675
324 78
634 127
97 285
821 61
963 508
19 522
198 175
503 521
537 193
147 21
316 133
117 159
174 537
673 780
940 500
431 243
55 550
124 949
198 124
77 12
356 791
843 112
60 748
258 78
553 103
871 54
145 251
778 162
967 87
995 83
162 160
761 860
57 694
8 978
251 372
120 568
159 201
32 250
587 644
592 59
141 782
607 104
86 6
37 445
285 800
191 189
356 40
635 225
224 61
314 695
423 492
31 702
804 31
908 34
908 25
897 154
220 34
951 5
612 40
999 748
362 125
191 477
8 936
133 463
43 711
151 289
187 570
29 1000
108 876
104 583
197 180
76 703
187 299
534 409
362 54
90 28
896 151
670 779
766 615
18 455
143 172
280 419
860 735
481 517
155 642
357 169
57 12
598 2
987 660
149 89
40 45
307 153
825 121
126 69
321 591
174 755
61 284
322 168
615 26
667 309
476 795
111 987
609 17
133 540
17 92
666 931
7 602
786 111
147 45
531 33
798 33
14 39
652 15
141 995
585 939
227 128
946 969
3 213
127 235
376 234
194 911
523 97
87 29
746 362
773 761
136 647
561 159
815 154
723 920
793 16
80 517
159 579
131 19
513 186
178 65
75 904
833 461
74 252
285 538
475 101
255 885
84 813
764 194
195 712
128 626
149 954
615 48
155 363
734 285
924 26
682 952
178 344
79 870
762 1
772 2
193 138
80 160
223 340
901 665
340 548
158 404
1 136
