1000 22481
200
170 867
151 189
558 194
59 775
667 169
193 6
584 150
822 48
116 421
197 5
382 154
495 70
197 220
151 755
578 74
178 159
121 812
26 911
596 345
259 185
878 558
114 452
63 532
579 45
143 52
953 755
178 875
684 153
840 519
32 567
184 13
641 151
273 167
644 107
196 9
564 737
462 133
25 479
74 723
853 71
94 363
461 10
58 804
273 4
326 870
339 43
125 770
405 68
100 431
405 63
457 45
924 147
861 206
142 12
410 485
130 367
123 290
862 185
229 65
3 240
771 134
174 379
25 874
158 23
224 806
694 133
6 457
55 168
903 145
289 563
111 290
25 959
18 897
953 53
502 119
286 861
679 130
869 400
601 93
96 152
13 900
694 129
316 191
142 81
50 421
171 128
854 300
81 447
162 378
757 26
31 500
710 186
50 482
319 808
29 825
630 166
986 68
48 218
123 286
473 189
750 42
278 526
177 193
199 131
795 74
71 954
283 63
131 147
779 613
138 756
320 165
848 399
627 984
668 291
356 224
54 505
460 414
23 595
425 195
172 187
428 979
391 101
440 807
912 843
105 479
344 623
997 75
267 554
9 366
345 114
348 836
86 116
466 844
80 75
171 15
551 79
267 174
973 227
111 674
186 80
424 87
124 359
191 248
827 61
370 159
131 454
781 555
512 154
564 834
99 197
959 175
129 648
217 623
20 282
811 997
14 52
343 410
10 67
530 132
158 111
381 57
84 751
195 953
131 839
131 136
494 10
493 830
468 925
92 352
128 46
40 813
21 752
140 625
201 423
753 958
931 50
228 695
387 29
246 395
856 196
196 887
143 856
86 768
166 380
969 510
93 59
480 8
463 241
26 285
32 420
955 182
990 418
123 583
195 72
574 793
914 169
755 22
771 60
378 105
165 980
