1000 23750
200
27 841
612 109
664 836
190 229
694 135
16 787
444 123
572 704
28 642
195 740
544 30
809 393
472 125
987 567
640 579
188 599
466 23
13 966
943 24
183 82
611 887
764 107
528 86
112 943
930 480
832 200
558 134
638 198
85 200
618 705
949 69
466 160
577 665
813 393
509 963
629 935
95 332
748 177
852 144
401 524
317 656
179 452
823 11
189 524
110 746
286 66
646 186
183 920
851 67
168 162
655 193
911 171
171 795
942 832
7 154
164 537
90 181
135 153
821 850
236 120
15 955
184 58
100 172
64 120
278 13
109 654
135 50
308 183
14 669
418 925
9 76
802 381
34 279
6 67
948 10
958 223
182 113
6 278
967 814
40 11
899 8
64 815
188 814
500 176
24 268
137 519
144 587
532 224
61 418
138 412
747 803
58 783
112 226
402 47
200 195
319 26
68 681
695 194
112 146
160 908
32 293
611 54
145 319
652 48
471 129
4 66
816 31
7 873
534 186
993 109
514 43
457 591
968 479
75 786
835 70
117 214
373 732
257 96
57 407
47 207
317 687
537 49
86 583
715 193
102 876
666 1
86 512
171 434
130 847
144 70
329 860
912 10
117 482
998 978
72 61
187 971
152 6
643 46
195 198
130 581
59 933
18 559
12 989
349 157
304 130
515 666
501 119
251 11
963 375
571 773
32 476
10 610
37 119
674 556
591 791
103 80
285 67
105 156
179 30
125 810
273 31
522 591
313 28
908 58
241 386
326 509
38 677
40 747
405 177
22 795
91 618
401 684
336 451
165 810
104 349
11 39
25 594
173 535
62 309
86 377
183 52
242 137
107 473
226 134
42 528
998 404
227 64
193 877
133 333
120 50
104 263
579 3
136 448
106 396
135 540
456 675
507 566
636 163
104 70
48 589
