1000 21881
200
121 803
107 634
76 645
5 970
5 337
26 550
388 84
574 33
681 94
115 438
38 315
71 444
465 979
35 510
280 47
108 532
120 449
602 132
145 970
161 371
33 919
178 271
246 184
41 369
27 247
170 102
648 2
884 588
31 585
16 696
850 370
583 104
650 81
137 632
104 176
168 925
282 116
186 308
72 18
37 124
244 65
10 469
863 53
166 272
55 614
39 114
101 963
496 132
138 137
38 992
181 418
118 676
72 413
523 842
418 83
155 256
163 815
131 301
188 849
32 493
85 268
691 80
630 132
57 19
183 345
81 590
36 299
995 419
150 841
291 91
198 963
368 190
299 693
60 399
59 478
8 9
274 66
580 55
162 981
159 610
144 304
273 146
298 938
828 12
218 522
233 546
1000 667
101 554
796 44
797 13
991 95
81 838
111 241
637 705
771 15
758 35
979 70
408 138
138 717
72 962
936 720
859 937
147 55
410 141
370 111
285 516
996 957
841 514
494 305
40 216
64 305
88 607
122 677
498 46
227 84
194 984
35 400
115 344
517 819
30 858
918 739
76 830
52 143
963 336
532 607
600 55
54 128
487 197
143 67
50 756
79 679
120 637
49 344
58 428
79 335
118 528
72 889
34 164
38 828
968 460
145 653
15 221
114 99
406 96
128 42
193 197
147 555
127 121
764 960
1 683
379 38
721 583
130 705
597 127
967 35
22 46
103 888
472 27
990 165
448 147
30 66
827 356
390 3
196 245
578 752
122 527
189 928
527 109
228 249
146 106
139 819
316 861
258 114
845 80
29 176
20 180
296 446
475 324
332 50
971 270
131 310
17 495
387 945
248 139
705 127
89 669
548 585
457 518
350 121
458 602
10 480
191 223
593 962
495 145
571 73
52 341
70 658
674 180
398 28
941 488
