1000 124657
500
378 531
191 91
25 420
977 111
669 546
117 319
503 515
133 321
856 562
491 850
275 93
334 802
587 183
540 336
945 302
819 41
752 545
339 774
891 189
371 352
926 972
970 78
721 358
454 460
46 781
514 231
764 299
243 482
258 340
420 665
190 730
145 748
86 525
996 528
661 423
961 101
613 243
569 98
958 860
824 320
108 322
971 884
977 787
979 311
720 679
594 720
350 397
184 165
390 57
101 792
411 248
79 712
605 928
134 182
182 933
352 764
699 813
913 249
895 171
657 914
520 728
592 228
822 18
56 123
15 712
768 885
518 859
116 26
397 900
823 687
698 647
262 168
553 444
853 287
756 347
531 282
583 307
82 563
539 541
594 4
502 765
214 650
631 650
108 753
316 992
571 832
760 601
504 348
985 321
260 666
564 148
866 130
866 969
761 700
178 107
585 613
460 580
537 273
95 532
496 275
256 577
165 339
777 89
699 411
899 783
491 497
424 927
684 149
163 129
599 640
652 185
680 491
540 300
62 303
868 179
751 46
856 936
167 594
639 666
962 570
9 294
697 499
937 122
686 311
965 55
696 846
130 734
282 257
691 159
720 891
183 784
660 162
162 379
96 647
674 484
259 330
379 827
615 900
200 723
815 608
833 752
988 860
675 584
402 771
636 496
678 475
522 393
436 122
75 772
357 637
675 40
434 5
307 297
351 447
667 587
999 516
287 283
55 156
251 229
589 99
231 695
821 702
126 826
285 166
977 1000
682 628
526 801
437 926
577 168
730 487
301 51
302 875
986 529
475 167
481 464
786 365
627 919
879 168
217 852
954 113
684 747
285 485
724 511
974 718
509 831
124 634
450 425
326 902
346 284
772 178
823 310
221 705
721 56
365 658
270 865
16 72
347 403
885 435
330 656
973 451
385 401
837 270
40 354
541 475
646 436
623 447
459 410
455 311
368 605
118 785
709 63
441 280
683 288
552 612
977 533
289 119
703 143
718 105
610 268
447 367
246 520
355 630
806 220
78 217
792 596
89 613
620 210
764 612
3 143
623 381
333 211
181 10
60 109
949 302
902 209
912 710
141 305
362 420
403 351
821 528
314 934
951 430
540 1000
446 321
857 858
50 242
194 466
925 242
1000 948
827 706
707 942
103 319
653 472
763 702
224 672
938 931
302 716
83 831
272 154
28 994
8 191
484 435
888 598
14 721
382 301
892 709
501 495
444 101
727 665
411 667
609 639
371 232
805 698
62 13
950 957
98 457
222 436
960 311
374 427
713 928
156 322
800 487
140 991
279 838
769 291
922 981
232 109
67 183
543 975
897 152
407 303
143 983
15 192
53 14
18 973
829 396
636 362
551 928
507 643
563 996
379 134
222 579
52 900
24 443
885 511
987 219
651 3
306 141
564 977
654 188
603 781
170 57
767 785
878 262
550 4
743 247
604 685
132 772
31 557
481 494
563 156
436 64
904 474
584 652
386 755
115 25
216 766
880 855
798 85
580 12
634 660
706 873
720 175
191 475
739 894
62 802
275 454
733 154
47 633
903 190
767 797
856 645
190 545
322 683
289 514
164 808
902 317
85 696
230 185
789 652
104 772
157 424
816 900
538 755
24 137
1 913
131 281
601 586
860 327
601 141
30 913
847 223
506 78
234 388
139 48
874 485
510 701
979 236
123 232
838 397
106 411
210 240
161 409
258 811
979 934
615 488
919 437
582 284
840 127
845 35
33 253
3 844
976 921
268 312
467 254
979 472
717 148
423 162
719 39
82 207
177 26
619 117
996 925
317 469
793 106
107 23
161 327
211 855
518 462
933 537
135 159
287 95
702 207
372 587
266 664
27 752
93 834
410 782
469 347
853 226
720 442
985 989
414 353
13 130
654 796
847 256
385 750
942 710
302 349
609 896
470 252
173 711
373 141
597 364
765 367
798 8
410 41
28 230
642 494
985 734
760 570
527 458
515 219
324 487
515 12
874 867
239 741
755 975
51 37
728 834
749 479
799 38
204 134
122 200
695 600
752 670
16 53
936 746
733 624
693 610
791 722
364 189
886 435
44 188
240 743
531 78
865 106
706 911
715 93
104 942
787 407
8 304
836 270
236 711
341 983
215 633
294 157
194 804
924 579
366 43
357 493
287 844
705 624
361 888
331 623
806 972
544 895
719 1
397 573
108 394
237 324
25 273
828 583
124 232
33 688
578 429
51 930
424 920
480 611
231 404
808 47
206 450
457 237
892 249
218 399
922 471
31 603
312 69
117 405
617 318
