1000 124988
500
817 996
890 516
361 582
538 292
724 588
662 379
435 228
981 788
872 649
861 326
358 173
758 947
312 935
207 965
871 733
505 11
713 284
77 358
717 465
5 99
27 304
952 905
263 203
323 410
958 891
318 585
502 772
72 941
53 904
526 69
629 461
586 296
41 993
33 822
954 330
574 65
153 292
306 827
776 870
824 689
721 878
196 437
877 604
448 168
814 881
374 378
806 235
766 242
813 96
435 449
475 846
488 240
958 298
140 692
111 965
675 354
826 756
335 569
866 92
312 432
962 147
250 196
574 126
426 575
422 668
1000 293
821 965
183 93
308 546
797 483
731 518
107 361
672 38
260 625
795 885
236 575
282 424
49 744
272 587
430 773
102 954
836 33
535 919
782 491
342 759
383 443
770 505
390 776
327 921
774 902
515 560
238 913
129 386
78 148
989 665
822 645
614 239
758 391
769 322
971 574
733 844
45 430
641 12
544 651
168 520
564 976
955 172
780 453
227 256
599 865
91 323
246 516
616 229
7 632
349 44
578 4
474 151
183 957
495 403
893 777
565 932
363 706
187 222
730 456
494 90
847 509
264 438
335 181
389 180
521 301
868 305
995 651
932 22
578 937
466 215
145 25
138 902
486 941
950 92
862 730
39 605
993 138
561 573
893 995
376 299
89 414
387 120
171 977
167 201
797 170
287 107
125 244
208 279
395 605
855 596
871 694
91 566
583 357
612 510
261 469
889 30
145 292
798 504
563 802
793 426
438 712
517 685
908 902
352 943
619 142
963 992
137 503
729 310
843 914
644 920
268 416
408 420
212 755
976 398
85 26
35 457
411 1000
459 873
75 873
985 12
419 861
598 359
257 297
825 943
812 579
283 77
960 418
232 410
459 831
312 683
385 619
466 144
36 37
970 498
738 477
520 926
856 748
80 980
863 468
328 14
907 743
499 446
909 971
289 257
131 219
569 916
115 205
682 540
111 636
198 548
757 202
148 132
961 14
717 801
34 788
909 492
651 816
158 377
323 13
314 946
567 459
279 857
138 723
608 721
74 149
76 606
968 69
15 680
223 469
635 691
483 689
437 823
204 857
284 796
723 184
401 302
185 752
2 569
191 797
162 574
464 30
730 902
908 866
387 196
286 822
878 746
795 435
765 491
405 949
374 989
286 967
977 26
621 475
350 434
704 301
124 483
491 440
282 752
838 476
186 23
86 861
47 385
150 562
787 615
860 222
324 186
213 621
220 751
943 313
603 450
659 787
424 178
420 748
286 752
553 790
432 449
114 898
610 338
200 849
137 413
703 399
11 344
880 966
491 11
643 595
208 452
904 463
513 245
605 66
846 108
3 401
206 504
424 325
95 996
29 533
291 402
412 144
425 725
87 238
934 943
923 674
740 952
351 920
465 222
178 455
963 591
984 347
274 617
756 483
200 662
605 347
887 908
72 316
762 394
886 612
118 344
808 725
41 228
423 353
890 1000
560 86
628 69
894 155
535 748
407 566
287 125
555 808
269 268
376 402
905 758
818 256
669 608
278 408
899 342
459 75
751 935
261 954
519 265
244 746
743 871
801 696
439 824
848 104
56 766
839 620
478 663
336 533
24 994
169 519
584 35
370 382
468 522
553 81
659 83
712 434
513 526
454 973
132 782
52 563
339 871
283 573
158 539
320 11
390 857
630 230
625 496
578 460
941 536
886 488
826 491
571 95
183 321
509 980
221 764
178 228
539 123
119 25
72 446
440 736
72 81
419 358
736 123
625 713
438 154
253 84
125 484
690 314
484 342
672 566
605 63
629 294
818 648
56 328
599 492
725 134
216 655
430 851
473 88
799 176
915 403
516 369
544 741
906 908
34 29
425 365
150 28
423 726
772 883
715 195
729 473
647 421
695 521
356 39
349 364
999 195
331 281
736 576
580 842
256 309
429 717
238 627
62 665
593 873
297 531
940 606
810 502
675 182
837 45
329 345
985 993
71 87
910 329
681 374
395 775
411 93
144 938
644 767
148 413
418 850
595 918
722 626
970 567
546 829
400 612
262 182
777 423
550 883
111 536
64 552
562 734
140 258
224 604
50 35
290 307
663 892
501 271
581 625
977 404
353 559
294 5
705 594
887 831
339 419
503 626
88 160
394 896
182 615
948 97
462 933
540 333
28 283
250 815
751 308
747 708
256 454
521 128
952 82
764 297
815 299
789 312
24 810
745 373
990 424
357 921
714 602
724 726
947 176
533 419
638 75
778 382
43 286
531 679
278 495
495 33
740 960
