1000 128472
500
511 911
133 517
728 20
805 654
273 793
617 111
337 903
119 891
647 770
766 768
290 856
486 850
91 461
941 416
972 839
995 768
538 603
630 923
244 344
55 376
479 63
87 661
811 100
555 580
334 552
959 565
6 963
73 163
683 690
326 865
700 844
159 147
407 44
150 529
272 444
8 125
337 424
876 561
966 764
455 514
926 705
98 495
374 40
898 612
749 760
779 781
503 346
935 996
235 298
527 584
363 934
910 681
84 674
787 653
527 912
764 671
922 175
233 168
365 647
940 697
810 78
918 934
675 85
619 260
382 378
888 72
398 647
585 45
200 262
162 191
48 759
749 633
882 174
846 740
70 83
852 749
577 112
735 85
532 275
106 632
686 689
298 218
883 126
44 955
41 593
121 188
515 901
258 316
334 821
944 870
538 725
894 833
59 722
223 451
608 206
824 411
786 986
227 940
401 897
337 892
660 180
134 126
784 957
20 199
197 905
177 997
936 105
987 709
20 181
635 838
479 313
9 861
19 972
779 569
339 604
245 775
906 83
877 531
731 663
710 974
377 610
358 145
201 148
341 847
804 250
329 774
909 795
496 915
796 893
352 966
637 182
372 772
838 702
328 125
700 64
61 358
233 89
859 434
565 131
55 647
668 809
939 739
181 188
368 387
813 22
326 842
554 715
111 297
181 782
990 99
44 978
493 739
706 854
113 461
332 605
561 696
796 236
490 169
514 441
807 669
774 715
248 300
237 632
876 964
192 384
104 778
82 194
380 481
137 45
488 175
266 890
946 343
393 390
295 132
649 834
802 793
465 504
580 754
450 645
246 895
630 194
465 302
907 688
26 728
482 925
141 583
20 29
606 885
784 36
690 455
335 544
581 122
553 479
136 956
11 549
519 197
401 650
300 967
588 993
756 960
22 957
952 111
90 726
71 699
517 960
623 522
889 46
333 231
278 476
970 810
227 55
819 421
259 8
176 818
477 224
949 404
129 859
969 909
563 947
317 575
367 472
610 901
452 872
911 650
302 618
5 350
405 553
900 300
163 916
738 665
30 163
820 90
142 887
318 492
553 648
81 388
913 24
636 888
649 747
880 681
746 98
30 376
582 322
553 179
732 36
542 454
633 638
311 320
838 860
347 678
809 232
842 36
366 900
805 66
228 813
277 770
139 102
251 512
874 903
171 956
870 426
261 744
864 479
752 545
675 524
260 198
366 716
283 573
597 811
400 736
5 449
852 677
277 996
276 531
897 542
410 9
94 752
255 279
733 255
108 532
633 936
580 574
928 878
336 564
613 730
985 575
981 119
837 446
496 841
376 253
15 627
405 185
247 47
696 932
251 877
989 942
343 221
669 53
535 781
489 66
765 971
227 41
684 386
835 111
412 582
421 939
120 844
669 71
647 324
176 218
422 130
478 940
270 946
439 212
820 459
311 301
915 525
185 444
151 985
145 199
855 461
119 315
873 484
149 811
504 818
263 981
356 79
258 118
402 704
439 566
412 227
18 5
597 235
791 472
377 615
545 52
783 1000
244 410
602 170
612 982
585 544
180 460
143 186
201 165
71 635
450 858
712 523
103 511
603 485
780 582
915 66
264 821
254 261
797 46
689 10
320 858
540 551
557 464
716 967
143 866
231 947
613 140
241 458
134 20
871 596
860 650
908 497
140 887
110 128
347 507
130 370
900 127
414 403
58 844
129 12
156 82
976 359
973 637
599 906
865 835
759 535
690 411
299 81
644 361
844 363
665 785
240 596
377 342
874 125
947 369
786 422
451 117
828 589
386 435
523 734
888 103
277 451
875 497
144 143
676 166
17 955
255 217
264 502
787 383
1 537
170 418
595 653
61 786
496 867
870 84
988 796
43 81
353 337
901 32
865 716
647 672
403 724
453 610
394 510
541 604
581 380
893 474
40 713
250 620
79 244
734 201
125 617
473 564
582 871
167 665
317 881
395 135
636 787
228 146
788 237
805 116
668 515
862 975
438 53
726 810
905 693
181 595
271 296
799 409
626 970
317 95
177 889
107 160
131 319
146 977
993 603
922 437
320 505
44 422
713 902
461 347
623 962
90 800
994 317
802 349
483 708
633 331
402 114
731 904
527 909
460 401
332 727
580 918
514 491
376 726
981 66
747 881
952 941
368 578
31 956
702 88
580 461
655 282
158 635
319 855
663 38
635 769
593 488
388 856
366 120
313 743
187 913
962 891
409 817
588 666
213 792
271 405
912 31
506 48
964 698
585 944
27 520
23 563
751 518
786 659
