1000 143797
500
754 742
804 585
814 15
738 972
331 792
84 181
32 741
625 450
517 660
343 512
637 702
93 413
216 217
492 203
199 646
396 630
77 18
376 328
12 560
989 754
625 667
875 543
551 582
30 88
839 356
732 217
920 296
309 517
57 638
471 715
638 720
21 472
431 346
721 117
183 340
497 893
930 386
72 386
174 235
669 874
711 869
891 561
618 498
74 803
106 54
788 712
130 925
374 614
282 993
649 508
68 167
328 482
523 575
150 430
778 7
159 900
794 486
94 325
747 385
985 819
830 15
620 69
681 929
522 684
901 724
986 267
48 809
12 841
760 515
196 764
743 669
905 899
789 236
953 473
260 467
39 832
948 940
549 537
55 739
63 214
32 131
49 469
36 475
169 236
106 257
127 604
521 360
324 253
891 916
510 499
40 185
859 574
100 305
751 164
538 355
467 268
984 567
569 825
155 508
820 601
486 740
360 596
142 704
697 71
220 87
476 903
578 701
609 511
968 803
476 374
631 305
647 372
982 602
517 596
569 979
731 77
975 700
63 97
713 794
76 668
70 881
471 898
493 441
678 995
409 385
300 649
403 758
924 792
435 232
771 970
458 34
179 864
897 65
585 147
423 701
271 464
857 894
885 896
839 359
526 736
767 784
768 100
802 599
972 801
278 358
823 807
942 32
207 242
641 557
817 68
528 77
541 330
156 825
58 806
736 543
937 306
594 409
413 127
602 127
578 354
28 471
872 182
112 533
328 829
545 640
894 854
739 971
22 968
635 260
652 597
895 252
899 845
241 795
694 509
99 227
694 118
146 967
388 605
80 864
58 244
648 332
506 271
204 253
612 45
482 80
868 669
132 375
220 61
632 476
774 261
700 875
821 974
310 748
633 914
353 749
324 227
79 5
483 209
551 565
853 361
714 635
111 533
335 79
996 75
432 924
625 959
846 617
763 133
972 886
335 763
930 194
24 418
910 558
598 751
838 349
405 1000
425 912
52 521
918 84
281 1
149 711
615 785
46 142
733 240
496 599
713 858
570 907
654 791
803 222
695 851
100 850
851 518
844 962
299 764
99 765
292 278
885 199
161 571
540 80
661 992
313 357
865 866
130 601
512 106
236 735
854 339
116 197
985 771
341 153
596 925
217 598
17 343
495 664
953 835
587 20
239 511
793 699
654 964
392 554
841 750
944 476
441 298
248 415
730 319
128 415
334 361
651 162
352 154
342 374
924 829
363 603
959 198
463 484
38 570
748 667
477 826
553 250
755 255
298 71
785 520
140 350
689 411
880 672
129 690
371 107
147 2
165 420
708 773
585 973
528 674
887 161
885 322
705 612
363 681
511 919
708 594
949 307
833 735
619 9
916 158
962 651
997 615
962 414
431 114
148 325
362 891
374 830
789 708
359 52
947 376
182 832
51 316
890 506
168 911
14 311
921 465
491 762
990 464
544 229
195 203
124 315
743 117
489 917
316 334
944 348
49 736
927 519
892 382
512 752
680 969
918 535
356 348
827 522
827 101
832 721
381 364
153 870
760 524
648 873
575 234
654 394
108 216
405 299
162 877
643 870
923 714
515 992
644 274
465 869
182 543
886 198
415 99
291 445
663 155
601 506
796 611
475 621
164 266
113 774
156 954
137 903
338 458
186 404
761 498
375 583
30 325
142 719
666 244
80 867
127 493
192 668
43 857
891 794
752 533
503 926
744 369
633 670
285 459
583 177
349 87
796 486
1000 690
621 55
178 905
844 191
717 942
294 403
513 433
247 794
637 843
563 366
899 690
115 597
268 630
583 514
189 106
626 78
332 202
397 375
976 334
854 549
878 189
554 477
978 40
214 950
984 859
794 919
757 201
975 564
178 946
993 614
282 554
75 824
690 818
620 742
478 107
463 755
401 35
28 302
796 891
976 476
664 258
570 768
331 288
555 81
488 196
4 925
798 147
941 765
85 395
590 663
29 602
561 928
112 35
292 948
22 145
779 520
528 709
381 909
349 84
452 579
89 259
510 933
651 122
831 690
661 428
953 532
631 943
508 607
69 783
773 79
407 112
391 265
465 227
431 511
431 582
607 914
251 638
637 788
914 731
462 145
672 865
977 735
638 500
507 153
741 706
623 120
945 35
856 971
452 565
342 255
351 149
438 618
537 189
256 133
947 600
625 628
171 916
268 110
807 469
491 59
767 198
590 240
68 70
840 851
654 566
410 669
512 361
547 534
423 563
833 859
840 587
54 931
104 756
967 862
649 854
976 319
535 890
639 165
254 356
