1000 126849
500
292 655
607 858
934 291
166 731
211 974
775 508
135 798
749 994
174 985
894 581
842 362
727 389
88 907
749 26
41 964
579 349
161 383
391 268
55 846
372 646
877 216
879 212
533 489
321 25
971 983
72 34
602 917
229 163
616 551
519 779
375 822
928 904
980 999
85 98
727 901
614 525
877 201
805 753
987 319
203 881
529 248
289 916
246 595
468 375
222 552
286 276
665 22
824 75
18 649
557 351
96 53
511 871
574 797
476 607
674 595
629 915
748 370
595 118
926 625
807 964
674 887
55 646
108 27
987 974
291 714
687 220
330 423
461 311
754 738
779 619
787 219
360 151
591 499
93 153
753 47
313 304
406 815
107 788
124 431
846 505
984 6
434 501
955 862
24 701
944 764
127 872
550 721
600 785
929 218
737 28
162 283
504 330
1000 409
696 490
793 403
142 802
697 277
374 809
407 140
140 832
317 696
796 763
677 267
373 664
106 281
261 182
558 902
400 517
898 532
730 165
756 580
993 125
618 769
336 94
329 930
162 688
466 107
735 187
798 357
667 861
238 863
580 653
840 466
426 322
159 965
814 844
763 203
492 680
470 880
278 587
548 701
489 523
373 166
363 981
936 255
65 22
45 492
210 434
174 143
7 90
624 856
583 796
468 202
627 341
32 588
131 965
38 235
363 128
38 43
86 732
51 173
624 360
121 197
841 308
677 233
424 772
720 166
599 504
313 106
107 531
811 336
560 291
29 814
35 729
631 917
818 86
744 548
260 884
381 799
412 215
266 631
35 417
785 634
419 659
466 198
326 289
308 269
522 428
17 305
987 663
500 183
200 840
335 164
621 883
142 592
478 417
344 379
237 200
920 333
867 946
731 293
633 143
469 434
923 238
445 91
58 915
263 267
888 586
284 839
748 789
508 333
869 985
609 244
396 752
713 229
258 235
925 300
394 910
141 99
200 960
944 23
68 429
222 376
977 695
778 903
448 978
986 608
57 674
559 709
36 920
841 731
618 398
400 731
245 696
65 340
648 889
206 324
659 390
590 456
699 939
926 399
444 375
878 374
694 281
776 800
457 982
685 200
540 456
174 70
217 194
44 749
35 797
382 790
819 425
379 399
574 118
482 262
751 502
825 700
469 909
822 199
414 493
826 513
539 229
680 537
368 906
909 508
166 626
177 743
249 408
835 982
369 71
36 672
557 409
127 437
378 64
319 448
534 212
749 145
602 365
64 7
135 530
847 930
399 488
536 856
785 254
536 991
308 594
160 629
38 22
155 620
485 197
431 377
962 35
748 230
313 941
578 585
244 974
706 161
201 647
113 234
382 435
774 999
616 480
486 413
466 302
369 852
731 631
614 28
42 300
382 849
184 251
649 519
834 19
797 817
425 561
405 896
959 158
994 808
512 561
923 436
401 351
95 580
233 821
389 665
382 529
692 940
353 870
937 345
295 688
993 390
752 653
17 186
587 821
626 881
100 13
548 513
431 117
696 943
421 727
484 257
436 501
9 987
246 904
705 267
197 654
885 336
257 881
37 727
539 275
184 842
26 925
52 152
780 700
611 953
129 466
761 363
585 47
851 168
374 779
308 334
419 151
349 17
359 215
595 200
629 982
649 934
731 576
540 887
32 830
129 463
899 296
911 133
447 277
814 22
868 803
621 892
694 32
893 626
800 55
986 117
41 75
576 77
379 570
465 1000
54 713
726 346
438 861
196 287
426 916
627 532
267 146
466 396
606 944
814 452
251 559
115 919
693 1
515 945
507 710
906 741
512 350
936 556
66 358
231 204
819 327
742 772
87 805
713 83
53 111
921 829
646 519
238 75
375 891
723 307
416 289
610 337
835 532
932 238
982 599
506 279
872 297
122 788
364 292
710 203
960 518
559 829
241 639
180 689
911 138
390 425
149 240
25 686
469 719
297 280
960 204
624 795
246 254
744 510
446 372
638 971
114 249
454 494
480 515
130 729
570 124
843 659
602 957
500 136
682 376
997 48
787 492
835 234
792 584
799 163
879 713
308 941
644 187
740 736
928 828
905 964
785 426
174 13
199 861
971 793
785 598
574 719
713 979
498 922
961 939
616 588
306 894
384 246
317 84
591 69
558 360
834 779
219 608
943 670
415 264
329 298
322 527
924 88
390 67
960 846
939 685
161 734
466 675
669 965
221 821
57 499
460 784
529 618
313 736
726 534
683 836
120 297
708 788
358 617
111 801
454 659
218 274
170 454
296 719
518 97
533 483
335 555
553 782
231 77
197 707
