1000 132792
500
476 436
99 799
727 606
172 476
412 689
466 774
786 963
989 25
993 471
164 685
700 978
354 801
991 778
731 113
588 612
333 576
316 991
462 345
456 931
26 122
594 525
156 987
896 13
141 81
219 761
186 693
718 53
903 252
923 324
327 211
952 511
724 165
43 899
417 506
28 119
592 431
507 707
98 131
719 403
826 559
844 302
508 16
921 498
93 139
971 167
503 11
308 661
587 339
917 748
1000 606
785 71
351 355
17 216
3 677
307 799
125 724
827 875
799 1000
100 74
118 724
529 43
97 302
53 294
700 694
241 55
332 291
645 762
384 253
914 729
642 120
13 784
958 151
706 304
566 710
860 930
707 470
135 336
973 885
951 166
47 525
265 322
12 367
206 560
360 827
371 593
748 728
460 62
344 790
207 760
997 498
95 861
512 40
323 14
684 699
229 598
318 610
116 50
917 275
261 662
463 596
149 4
160 804
734 516
297 993
991 238
852 79
547 714
313 153
994 270
781 932
12 462
981 900
509 488
128 988
956 980
93 193
516 333
115 709
446 888
253 888
24 177
455 301
59 532
46 500
635 399
83 854
261 601
4 773
3 720
60 624
171 272
442 897
384 500
615 649
198 443
367 837
76 679
228 4
378 469
745 214
28 468
172 13
757 750
684 485
545 14
320 804
55 343
208 848
436 125
527 313
585 859
791 90
669 268
251 980
627 275
854 905
745 384
356 16
244 558
905 935
47 286
662 474
772 504
179 452
895 551
895 83
480 516
216 99
120 46
461 786
658 349
605 514
774 655
701 824
811 856
733 38
13 208
26 651
856 168
682 600
521 235
727 686
793 924
482 738
378 27
907 880
614 457
818 176
586 432
599 376
540 757
945 111
971 257
979 83
318 757
314 193
789 497
294 885
682 405
42 142
499 971
960 816
550 148
383 402
969 431
180 659
459 497
567 572
371 949
656 886
986 834
424 450
58 222
295 60
266 542
699 653
908 382
751 671
936 676
135 968
852 974
303 934
597 760
553 85
680 810
872 316
927 504
51 672
512 296
501 763
96 522
604 211
492 54
44 546
2 884
693 806
414 487
762 559
345 836
821 792
122 491
847 650
839 895
630 659
838 581
136 429
291 572
25 765
940 210
712 798
867 329
139 599
819 901
546 833
957 82
460 473
530 969
22 297
585 536
397 277
951 137
418 50
364 75
542 912
923 917
856 851
749 135
953 700
576 872
602 949
407 137
856 34
670 978
143 226
671 484
491 583
956 264
928 877
742 226
867 411
194 668
316 891
28 349
56 374
752 925
630 88
764 483
733 535
261 557
37 946
844 336
203 695
240 708
186 679
995 447
421 345
65 127
359 981
239 981
791 580
201 140
948 791
570 702
644 88
296 692
127 755
456 194
925 435
298 272
645 548
265 327
206 356
672 736
352 248
212 356
597 341
739 677
974 653
673 429
897 914
151 458
491 926
178 409
927 763
926 363
925 307
377 552
974 206
744 652
510 346
463 499
415 756
518 251
973 123
80 503
598 69
94 940
489 525
410 943
21 737
865 234
687 780
13 424
133 240
664 391
37 120
715 810
552 556
957 482
613 593
134 438
758 343
811 165
67 210
983 376
135 585
881 791
601 870
38 771
220 110
341 598
297 891
83 291
820 688
325 221
834 729
958 405
317 592
590 455
91 849
915 710
51 940
371 273
235 159
45 429
338 282
739 96
303 61
517 492
553 53
950 413
692 667
644 583
264 463
943 82
809 201
518 473
939 633
576 717
881 954
828 810
258 469
834 915
342 832
993 73
661 583
150 860
313 906
596 842
832 498
300 739
983 296
213 791
107 245
867 843
325 957
751 880
663 683
667 744
682 496
108 729
31 255
300 310
229 760
873 171
566 163
679 868
578 26
419 224
436 765
511 842
263 643
511 648
383 778
388 66
397 365
984 452
635 312
124 578
464 878
404 100
599 468
908 722
811 139
799 813
136 944
624 153
707 896
598 132
259 199
518 657
934 201
91 144
410 675
188 562
3 150
980 163
864 943
425 680
182 556
784 309
369 918
295 283
648 539
207 691
85 365
771 685
502 718
812 451
380 684
614 10
825 992
205 569
120 469
839 959
472 973
880 933
114 125
984 664
695 24
869 440
560 700
891 768
362 942
634 521
415 270
903 929
219 549
956 450
968 554
430 471
253 382
73 854
700 517
297 363
869 834
68 711
347 964
633 315
172 214
110 902
156 745
676 981
861 140
435 16
252 863
764 855
82 597
620 199
230 420
