1000 122228
500
539 599
8 154
312 663
574 134
946 639
109 275
728 400
747 415
552 132
93 12
505 225
359 640
141 668
742 504
48 388
320 7
838 84
405 526
137 883
203 517
695 249
494 207
191 40
174 5
61 193
10 741
629 902
502 62
22 917
66 845
434 885
131 526
217 500
13 796
597 542
509 110
411 45
37 599
103 282
828 147
743 903
458 743
587 780
83 954
404 90
93 690
388 444
487 255
835 219
846 223
970 593
172 538
270 764
18 155
647 287
108 729
14 234
975 308
383 865
811 237
391 402
769 942
948 340
924 255
766 695
49 125
377 623
201 55
750 51
376 986
463 928
887 842
932 301
544 205
832 939
327 296
309 464
287 196
250 782
749 955
339 706
712 396
801 770
589 695
280 257
367 786
699 646
795 773
529 646
731 218
154 65
692 575
200 883
424 369
432 513
778 933
379 393
838 231
41 81
114 816
511 604
322 146
425 731
192 781
556 379
198 932
522 705
344 896
700 433
605 803
518 997
915 118
314 755
521 845
43 921
477 646
42 947
117 615
231 518
767 773
968 72
664 671
878 875
35 656
505 393
216 52
126 839
965 295
411 2
226 341
221 885
346 778
456 55
365 84
863 399
33 143
652 662
466 351
296 225
944 284
637 704
109 310
461 460
342 388
97 951
899 830
876 395
959 249
648 347
985 409
991 219
389 460
437 146
140 67
677 829
747 130
521 92
700 511
569 378
609 961
989 983
376 692
954 623
521 590
399 357
22 303
370 908
634 351
758 290
55 793
91 900
399 37
173 40
241 966
533 93
889 569
973 178
488 503
127 916
189 3
443 966
259 498
559 872
295 938
386 252
623 558
327 89
981 941
84 512
972 118
4 416
733 715
858 374
644 338
487 354
142 356
417 196
290 220
553 476
370 873
751 281
631 559
638 70
534 17
114 287
785 818
625 16
826 751
679 937
969 571
237 61
265 760
257 945
764 169
993 496
909 997
267 272
221 679
295 966
175 846
763 967
217 659
995 567
992 237
655 648
47 847
587 289
620 513
653 249
831 442
397 304
939 380
888 1
764 427
247 633
444 840
151 311
432 545
8 534
44 55
966 509
752 477
777 140
923 159
112 262
694 29
986 531
79 696
597 461
33 218
838 135
916 639
404 598
83 77
246 598
424 985
718 422
279 713
827 618
848 128
641 662
84 983
830 117
844 90
532 917
755 809
5 835
822 535
783 965
118 436
463 196
393 571
122 73
835 506
683 87
442 547
286 235
790 626
375 94
307 560
1000 599
6 345
280 291
883 561
951 555
936 722
848 899
48 69
654 214
99 319
646 799
360 436
994 149
956 503
916 501
34 477
543 648
209 963
854 759
85 738
457 416
537 679
274 222
925 3
793 326
827 458
622 145
513 62
28 645
943 464
333 997
184 385
275 859
590 144
722 875
346 219
223 414
501 148
502 670
52 435
766 564
994 250
849 928
173 234
825 795
662 748
876 712
30 675
139 523
546 560
432 510
792 329
78 290
139 947
320 354
436 607
286 959
656 735
488 490
234 56
167 131
378 850
26 309
635 457
119 778
124 142
171 144
696 789
487 451
911 524
99 963
9 266
893 399
209 670
926 441
103 500
615 502
878 211
238 262
178 36
176 885
233 623
981 648
699 302
200 267
467 483
171 774
708 918
101 795
213 85
167 312
899 681
77 741
198 841
632 496
949 850
941 444
718 943
47 388
615 307
490 82
118 116
875 383
219 924
748 398
331 60
428 462
964 339
338 978
181 645
564 900
88 1
735 77
409 652
578 832
933 673
441 941
70 997
321 705
228 457
693 903
832 530
418 265
850 153
23 527
535 416
462 329
925 465
707 287
383 698
183 367
306 859
547 781
782 626
488 555
304 187
209 962
529 312
127 89
369 952
75 753
961 191
221 858
570 987
465 216
47 840
5 846
906 819
319 252
471 227
984 756
101 555
284 126
684 45
388 793
949 61
3 861
492 971
345 319
944 777
861 892
29 178
793 415
436 365
742 396
857 424
823 361
905 906
669 120
205 778
287 553
676 702
429 172
497 307
612 604
454 739
817 925
672 996
341 617
840 290
196 994
351 859
10 708
979 740
939 705
293 394
61 903
483 792
832 36
225 752
300 591
276 631
522 722
499 44
13 519
860 373
585 389
949 904
324 607
94 650
790 452
615 671
660 743
624 570
305 185
693 634
311 860
842 941
475 403
524 961
845 120
90 401
374 352
897 615
687 553
862 930
71 150
55 187
152 211
243 794
