1000 116189
500
57 840
514 941
164 95
227 687
892 58
217 856
812 536
701 548
191 600
862 930
644 254
851 629
544 594
613 226
483 421
382 438
981 113
240 1000
323 485
518 711
184 797
681 137
612 449
679 926
351 780
362 927
475 865
996 55
654 764
260 459
105 65
502 780
885 814
782 739
253 539
435 777
691 518
56 307
39 501
3 429
808 758
445 244
244 465
440 566
43 993
254 331
372 940
365 168
899 181
19 885
535 744
486 272
5 60
667 632
995 324
753 900
408 397
942 697
874 581
668 843
534 820
385 101
589 624
587 669
456 54
535 225
79 634
96 43
524 737
961 193
731 769
437 288
427 435
411 680
938 487
706 727
732 48
614 195
163 796
967 426
594 91
375 405
805 167
672 751
15 704
914 925
680 84
164 408
659 19
513 438
516 344
315 907
223 683
719 152
643 628
222 368
481 894
679 178
207 455
904 41
858 749
344 663
944 775
63 923
309 19
865 637
267 442
548 408
915 700
745 486
405 69
987 618
668 338
718 600
970 958
154 479
510 413
164 968
766 68
191 771
391 898
106 386
541 843
598 446
339 82
544 199
603 384
673 91
556 611
529 121
286 590
333 436
174 810
96 525
602 526
603 742
619 335
558 41
994 192
335 221
399 550
991 841
259 256
727 127
110 978
322 299
851 534
223 952
135 240
759 13
90 154
183 716
648 432
83 246
536 543
478 233
509 292
908 558
902 926
421 633
457 662
50 763
798 403
808 96
323 334
28 827
807 974
965 633
522 830
95 257
361 54
169 42
888 659
628 234
668 822
135 566
26 668
329 346
453 691
50 778
658 273
708 905
124 1000
31 45
404 94
935 187
20 512
998 685
631 169
652 704
328 751
346 723
650 434
692 527
55 441
88 728
640 375
377 180
797 726
967 229
648 986
988 98
44 255
281 232
670 227
415 782
294 722
202 628
125 880
581 975
715 17
228 411
820 226
887 567
740 146
237 199
528 993
901 736
506 963
311 855
441 320
43 266
718 268
237 234
561 316
173 832
205 107
646 86
724 248
226 988
488 941
193 421
938 273
399 825
713 868
866 814
57 394
527 394
122 84
901 510
103 946
176 695
467 782
27 757
388 658
287 78
436 519
356 746
228 906
202 746
477 642
446 919
988 167
736 572
917 33
261 229
757 616
768 820
930 161
98 742
113 696
455 791
545 235
656 757
192 241
104 736
445 331
108 757
395 947
166 116
82 577
195 314
768 511
865 708
273 10
778 341
544 988
69 244
245 632
241 29
373 698
249 287
416 203
430 766
429 969
547 421
656 126
331 10
982 166
861 826
50 720
52 758
926 559
67 413
866 242
888 46
247 113
131 56
404 110
78 647
348 384
727 948
400 474
689 176
887 584
275 209
277 34
519 572
401 144
867 643
707 833
340 371
265 636
243 329
578 91
974 424
252 130
346 507
606 455
161 352
612 883
826 548
215 513
424 505
158 579
786 417
294 708
804 294
8 569
252 11
501 322
242 121
216 260
85 583
368 633
300 249
99 519
853 818
918 722
609 829
353 139
579 358
225 614
966 231
445 64
577 898
683 630
26 221
370 529
14 251
260 544
398 897
887 555
23 567
293 856
983 429
627 253
326 976
108 842
577 79
946 194
746 349
829 74
62 110
853 480
597 689
957 388
648 920
507 367
101 709
760 856
887 417
232 456
581 205
971 799
96 58
359 662
914 45
210 449
597 994
253 433
733 427
828 275
506 842
216 711
147 321
921 891
56 341
766 470
833 281
982 1
213 221
856 991
274 968
913 935
425 883
977 76
171 69
867 583
615 576
475 896
486 248
478 415
555 458
618 487
895 125
633 616
691 462
409 899
70 17
836 124
902 972
378 179
12 455
315 290
176 338
543 292
91 362
994 596
459 646
88 365
502 226
380 405
629 11
948 312
343 420
435 887
227 751
30 521
553 940
558 481
801 525
183 581
91 175
347 868
761 343
812 879
676 969
172 838
300 303
303 122
812 192
207 681
25 457
73 271
432 2
392 855
10 959
505 457
151 126
112 406
634 465
978 868
724 427
174 527
899 436
25 119
810 786
483 128
508 114
280 655
352 406
815 79
91 618
592 982
638 797
245 216
556 89
567 711
296 466
135 107
123 219
441 21
215 409
184 99
110 199
403 760
115 657
308 85
739 101
669 388
155 329
890 165
273 921
180 181
429 683
890 32
978 772
652 786
328 508
311 808
617 238
38 498
809 946
675 563
689 264
120 709
392 654
335 26
507 172
