1000 132294
500
275 447
939 816
138 745
263 197
195 80
210 692
227 797
739 115
371 257
10 32
50 204
323 735
945 553
589 892
376 305
760 193
521 668
39 120
277 943
685 915
638 230
856 399
537 357
690 244
911 863
783 69
447 243
595 416
365 428
186 800
353 885
963 332
168 481
698 74
133 732
743 278
721 873
943 460
942 978
436 892
644 979
740 610
17 307
737 522
226 567
384 169
972 926
888 900
892 228
102 366
339 70
892 900
386 98
349 131
535 707
551 672
18 220
398 118
152 897
924 529
299 136
384 271
470 890
965 782
832 328
12 395
23 680
304 533
440 619
906 678
896 863
12 36
595 567
411 794
408 709
464 408
337 133
655 702
107 373
71 876
983 138
144 154
30 639
132 969
627 630
85 624
537 898
875 153
659 796
868 610
192 568
496 258
791 704
257 117
620 224
486 804
464 818
612 330
835 927
441 483
557 947
801 486
977 595
318 322
231 43
828 387
464 536
312 93
879 502
306 679
812 105
681 565
864 880
887 204
857 855
491 343
364 546
332 206
405 895
832 346
83 56
675 430
594 722
832 80
78 298
400 529
337 649
663 203
656 133
425 659
772 201
55 609
328 636
788 122
711 346
772 867
473 809
860 456
405 861
170 414
58 189
882 269
224 75
879 301
679 995
669 923
39 426
701 576
917 473
349 607
530 757
104 335
851 43
898 868
548 350
739 51
644 770
800 494
703 140
889 276
313 536
920 401
34 701
703 737
323 426
722 595
811 840
958 526
138 622
691 51
145 885
528 781
875 990
796 346
382 712
125 715
942 631
924 716
203 404
821 775
32 136
860 792
331 846
14 356
618 872
374 997
873 170
322 140
817 358
331 626
303 221
581 92
248 737
614 631
190 100
203 912
345 894
72 35
459 483
775 703
951 277
678 511
210 639
572 795
783 239
91 146
983 656
747 491
160 40
367 826
191 566
148 556
213 57
384 736
869 333
710 813
260 695
715 225
875 192
972 836
902 860
16 123
301 125
306 490
203 19
875 566
672 656
600 37
698 732
503 469
817 97
25 357
53 189
430 153
916 409
315 356
582 370
342 642
833 391
187 423
826 208
178 542
623 715
660 592
986 895
661 10
995 756
788 732
45 473
326 182
269 250
723 191
171 336
364 561
123 76
137 98
724 105
523 181
516 33
946 430
486 60
626 777
121 704
332 781
564 110
991 834
30 874
800 466
506 827
609 742
723 241
890 438
180 681
780 413
914 203
333 44
745 345
802 486
822 373
898 699
68 413
375 839
324 763
886 273
660 27
780 497
175 272
40 490
338 429
971 637
651 622
618 600
934 358
797 617
134 752
76 706
952 496
209 263
425 852
792 224
231 719
682 162
509 76
566 688
175 49
192 362
906 673
694 570
875 426
362 773
456 950
922 312
515 833
527 558
338 301
403 658
254 329
767 904
982 140
221 415
924 359
634 935
947 374
667 512
164 132
283 632
429 18
624 766
161 729
490 640
250 20
269 21
668 927
239 121
966 382
307 90
702 490
936 847
840 102
464 908
154 952
313 768
615 992
246 954
841 114
687 852
975 347
714 540
65 453
277 347
758 557
124 970
559 824
488 524
81 257
771 735
412 399
982 65
161 974
119 156
1 854
847 823
218 907
176 938
73 685
350 886
694 893
159 675
152 881
380 890
977 596
737 772
129 675
419 523
380 653
197 316
357 930
667 410
255 361
730 677
901 468
847 261
854 99
485 422
514 148
690 485
461 928
396 36
833 650
537 839
167 10
748 530
194 744
888 363
269 817
32 38
595 481
349 112
228 870
43 48
124 40
144 823
553 113
973 6
747 777
604 313
380 326
723 404
635 751
368 101
630 912
200 192
826 561
722 452
580 215
755 487
405 714
36 163
334 32
124 80
592 74
700 540
886 342
602 326
937 559
947 497
831 84
286 353
654 581
278 373
862 568
992 105
895 310
408 329
618 286
731 834
416 422
594 958
39 163
673 787
810 749
826 899
619 315
804 943
399 938
3 368
371 490
313 543
271 776
753 739
68 905
416 350
685 816
772 470
610 435
687 932
816 91
715 262
297 169
255 404
589 888
852 864
511 680
738 672
360 809
62 318
442 587
142 993
606 262
231 958
753 621
424 734
923 81
12 442
208 311
916 579
335 34
240 667
595 100
363 224
667 889
744 681
601 572
505 222
256 301
380 364
266 977
292 514
203 395
872 919
408 337
743 342
542 122
595 258
845 460
686 171
356 989
309 898
425 91
204 553
