1000 32354
500
412 333
215 256
405 415
236 206
195 74
252 96
158 86
20 259
400 465
429 264
40 478
484 60
478 487
459 379
125 271
140 273
283 15
116 338
239 489
469 366
341 273
99 455
366 248
492 95
12 52
248 313
433 190
438 350
185 160
450 406
336 297
41 127
439 397
461 317
416 367
401 165
332 139
147 223
269 422
309 162
249 63
433 420
496 85
84 7
115 92
145 164
50 239
48 300
403 170
56 228
482 175
437 265
31 174
368 390
118 249
301 485
431 454
295 374
324 279
131 346
54 59
341 497
200 466
96 67
171 313
393 249
115 98
37 119
183 254
3 344
403 424
143 421
77 33
337 225
336 27
250 35
166 41
353 363
162 365
460 119
179 165
32 131
465 286
17 397
242 233
104 15
438 273
399 256
304 80
466 298
250 278
317 154
372 28
178 249
270 67
388 322
235 354
438 441
262 472
68 179
184 5
95 496
275 59
394 283
486 479
206 317
193 82
74 266
381 304
407 464
40 225
348 365
31 74
259 298
10 361
122 76
228 27
319 234
294 21
319 481
435 115
78 451
377 164
120 405
366 243
309 314
254 238
413 252
254 148
469 227
274 81
491 140
481 369
460 401
332 243
25 290
377 337
292 268
470 54
12 44
192 285
19 102
271 73
159 267
451 249
214 22
398 41
316 470
65 181
467 66
20 442
154 188
175 191
119 325
121 131
260 319
281 496
360 94
324 72
142 55
376 123
196 184
423 303
439 113
469 256
12 320
193 237
82 339
484 13
112 72
422 27
424 267
53 440
491 210
198 368
492 236
436 308
446 280
353 33
44 211
19 192
246 20
263 471
82 215
40 64
334 218
71 87
273 495
11 343
480 253
267 149
467 41
359 449
209 472
26 96
487 29
300 135
326 324
402 230
19 50
80 371
15 465
289 103
78 317
299 170
156 14
114 368
269 355
157 333
105 34
299 218
173 307
356 38
358 279
37 301
191 106
451 323
191 469
245 334
48 100
200 455
442 264
381 366
7 438
288 228
399 353
444 480
227 172
385 249
31 389
309 136
54 106
436 173
465 456
35 232
181 227
322 478
248 278
430 195
279 220
202 165
451 181
145 180
195 443
289 394
19 109
473 443
121 331
100 68
371 397
23 411
113 448
109 427
305 486
248 222
125 119
399 218
49 113
354 262
226 458
467 61
34 216
184 161
130 219
144 124
186 125
163 454
229 309
463 214
269 308
350 98
438 218
439 252
422 259
169 202
61 482
323 463
34 448
202 440
174 363
262 424
76 457
402 4
151 370
35 388
371 87
447 110
458 317
149 101
247 271
28 244
498 372
442 56
126 268
227 108
66 386
479 300
119 349
296 380
169 371
315 271
224 260
208 129
282 224
89 399
27 172
484 248
44 227
478 252
28 139
197 170
490 20
287 150
111 8
55 377
339 57
11 264
188 162
193 451
65 85
495 93
192 59
26 459
275 462
175 279
307 488
198 227
82 347
333 280
24 307
302 11
461 324
190 235
237 170
299 417
49 206
377 66
197 45
110 256
76 65
332 275
205 490
6 113
453 475
325 253
352 182
243 378
244 359
289 137
324 350
78 26
74 309
449 495
324 43
55 13
378 27
6 98
374 54
49 38
294 430
499 384
305 476
79 450
29 174
448 114
16 343
265 417
86 56
63 416
418 253
28 447
207 187
235 487
66 477
348 455
297 94
182 450
203 98
212 153
371 414
296 230
195 60
155 215
328 60
469 19
236 374
167 200
432 79
309 208
367 278
490 87
220 78
178 394
435 266
457 370
451 308
178 316
346 309
442 302
78 319
240 19
458 416
221 373
291 471
341 465
286 302
305 474
342 44
168 74
12 123
111 58
394 463
252 80
481 412
29 209
489 100
237 346
429 418
496 173
117 93
399 209
458 498
290 41
289 312
352 239
98 372
360 19
322 251
466 497
240 414
284 147
9 137
99 327
128 303
251 416
295 3
292 252
128 74
230 321
13 494
136 68
201 171
354 301
467 218
399 465
278 164
107 259
189 488
444 336
189 210
422 199
490 445
222 253
241 323
280 181
189 174
91 426
148 21
415 9
257 493
478 497
416 96
360 399
137 355
217 463
495 468
91 338
130 326
292 342
71 63
379 224
89 209
128 386
211 368
493 226
249 483
334 380
116 273
435 147
375 465
66 2
312 75
461 406
203 42
437 3
473 99
33 275
42 145
67 432
385 67
306 230
359 305
171 90
16 27
32 357
465 320
334 473
105 360
340 169
95 499
