1000 33101
500
448 221
497 1
318 267
414 198
44 56
313 411
58 430
169 203
25 52
27 87
88 364
6 98
1 497
63 120
286 169
88 157
268 194
490 425
236 104
296 403
327 39
288 456
40 174
202 82
89 40
375 45
354 150
423 229
239 428
200 318
382 280
315 230
349 190
444 120
270 479
245 466
93 418
494 246
434 193
31 84
327 446
413 47
205 93
262 75
496 330
270 65
59 270
258 498
473 38
288 181
252 397
277 248
207 154
236 194
361 273
359 167
498 415
236 319
75 441
232 137
307 150
280 27
52 197
44 482
256 279
235 409
426 122
181 298
493 397
403 228
68 32
177 334
194 395
133 384
10 86
404 369
214 190
34 38
190 34
292 392
243 153
159 37
98 492
133 449
372 279
36 200
449 238
271 150
332 31
327 261
265 476
185 132
388 120
94 262
326 441
322 346
288 234
417 125
101 160
33 386
83 378
354 479
152 223
283 455
40 281
88 219
458 95
481 400
285 209
235 281
465 195
498 400
42 444
347 173
350 236
160 386
341 175
73 361
233 345
479 397
58 87
34 414
319 108
331 104
43 126
465 142
22 99
453 404
279 272
262 479
100 370
303 300
365 184
234 278
62 72
400 23
434 39
8 474
319 304
7 244
117 303
295 64
271 101
288 414
321 444
224 154
144 480
2 335
227 127
204 282
456 75
216 100
16 113
384 256
258 53
168 86
413 416
458 206
43 111
120 60
173 32
319 49
287 485
439 376
453 101
371 55
87 185
310 491
33 15
451 497
34 88
9 269
481 219
225 132
445 339
428 412
42 406
176 304
242 408
409 444
408 456
158 237
86 163
400 413
458 66
46 170
367 332
446 111
422 15
300 253
286 434
125 477
199 243
390 403
352 444
302 6
174 263
76 444
498 40
415 379
110 348
33 491
288 119
94 432
133 496
335 271
230 94
264 116
329 358
160 17
277 277
361 454
276 396
111 28
70 499
475 440
214 285
344 52
401 464
373 301
126 317
432 168
142 347
343 379
465 438
386 213
34 31
468 491
268 313
83 90
162 484
10 378
113 368
109 146
139 89
307 460
499 134
172 370
493 240
264 80
292 365
3 481
226 397
481 164
423 135
283 27
79 183
33 268
448 492
420 125
20 4
255 347
85 45
300 140
246 375
365 232
40 440
59 353
324 409
191 120
141 361
344 467
28 94
11 212
492 119
352 138
358 404
427 209
399 347
186 435
4 417
439 474
396 268
426 103
113 21
148 243
355 223
340 169
120 57
99 387
313 419
169 156
35 149
254 279
237 420
215 155
443 155
57 311
213 115
465 229
122 61
176 279
316 455
406 250
205 330
10 437
19 359
348 312
16 156
484 85
493 28
50 198
293 139
490 321
267 363
400 306
442 62
214 17
119 77
130 149
213 373
464 243
442 443
437 107
488 197
169 62
396 471
99 314
284 40
134 373
13 393
354 136
148 424
188 181
363 61
495 474
295 209
496 370
491 240
429 350
376 379
319 354
383 354
77 70
84 166
130 417
272 327
329 204
229 122
138 14
246 334
83 375
332 318
47 288
356 368
437 288
305 308
400 305
96 487
431 34
270 328
227 62
10 326
71 348
130 459
223 371
493 46
409 326
59 342
303 147
403 383
425 361
154 113
249 370
393 39
473 258
320 414
416 5
15 41
451 6
73 311
278 402
257 98
63 290
363 417
398 449
404 4
469 270
469 398
314 105
390 459
266 453
292 428
140 131
1 266
14 347
161 346
470 29
24 51
348 463
212 476
372 56
387 90
437 435
361 394
34 126
235 277
238 142
242 230
380 30
133 488
426 185
334 449
159 458
106 191
138 52
95 282
269 10
444 450
301 56
236 436
202 258
134 181
489 327
361 186
373 406
89 489
468 363
316 382
434 298
416 491
360 282
223 62
330 476
412 296
43 19
169 431
199 10
370 74
492 22
440 347
51 449
43 143
244 135
225 151
428 223
326 287
321 379
431 277
388 132
191 48
217 187
113 42
117 390
453 106
229 63
399 399
267 434
221 335
500 275
384 452
438 448
364 27
398 321
348 473
42 489
339 458
482 458
407 302
356 190
27 164
24 130
463 91
109 59
382 87
439 289
445 67
229 18
431 165
494 28
163 365
99 303
337 153
372 86
43 109
10 195
366 382
242 311
325 403
373 211
487 120
20 265
106 234
416 91
96 121
201 155
359 442
119 382
378 259
460 453
183 222
125 417
47 390
161 492
202 185
316 151
123 320
378 82
83 100
459 25
