1000 26077
500
72 324
6 1604
79 1575
27 1363
59 1012
100 1596
93 546
74 493
46 1054
2 1828
31 1133
31 1743
10 1068
99 1030
18 1744
78 1743
100 1151
47 325
36 294
14 561
49 1860
75 958
25 158
67 1781
16 950
57 649
100 1072
38 1483
68 1534
38 631
36 837
97 1028
48 276
88 1156
66 1558
25 1000
50 941
53 1572
26 1559
28 666
49 1930
73 1905
45 930
67 1765
65 884
58 35
77 603
26 487
56 1990
15 871
9 377
14 1410
73 1269
35 291
63 1530
12 280
77 1389
92 1195
48 1826
16 1462
94 1511
42 902
76 1116
89 1959
36 1213
30 1446
86 370
85 304
88 976
41 582
22 468
99 182
74 920
7 1815
14 444
67 16
72 130
86 1590
64 1140
20 1080
44 1729
96 204
91 1370
89 1714
58 1825
57 655
1 416
26 847
43 554
63 1302
19 1606
51 1706
11 588
92 63
72 217
74 1970
59 825
10 588
16 1581
22 1508
23 185
32 1234
9 429
38 653
56 810
28 1514
43 1980
64 199
73 399
98 1836
96 834
2 1988
79 769
97 1319
78 941
48 1808
7 850
31 641
65 537
100 487
22 1406
78 704
43 1429
69 1339
62 1258
14 539
74 927
87 1379
75 1914
67 217
45 824
16 2000
56 1636
87 436
73 1506
87 1417
54 1677
94 1130
29 990
46 1461
99 148
81 754
97 779
26 151
65 223
97 1051
44 772
88 1107
86 275
28 383
76 920
49 1290
52 1834
7 1949
99 1589
11 1494
77 1847
80 41
90 1674
20 1558
59 704
16 947
99 652
72 1710
64 317
9 567
79 1427
1 1808
80 188
54 1584
78 1547
49 1424
58 1319
79 571
13 1055
13 646
50 1708
51 1400
50 407
76 885
12 1772
52 374
32 710
21 12
19 450
45 1003
97 1459
24 765
18 1171
93 811
11 370
33 959
15 197
29 977
84 958
56 1205
56 1956
75 1897
80 1227
23 1228
61 1627
30 1590
92 168
21 1247
87 72
51 370
72 719
4 371
60 385
92 1664
51 796
24 51
34 822
81 582
62 1203
80 635
71 167
4 77
59 1651
41 1021
95 350
17 1186
8 1252
20 1305
94 1265
80 772
59 870
40 308
63 864
40 1656
24 958
51 1225
1 108
24 300
81 285
85 1027
65 1955
46 865
81 1952
83 588
43 1045
15 1624
91 895
50 572
70 503
88 1746
54 1588
62 1594
64 198
92 149
78 1044
38 947
95 1843
4 1149
60 1551
98 1225
46 1839
42 1999
7 1673
22 834
92 331
18 564
71 1294
25 837
19 1040
7 637
12 1821
53 139
9 1383
79 407
13 278
8 610
89 170
51 1312
78 604
44 1082
8 192
54 1103
96 488
61 1150
68 451
28 544
90 179
50 1679
38 704
36 968
19 1400
98 499
47 1112
69 1679
98 728
42 348
17 1143
72 1802
53 575
77 131
8 904
9 1542
50 1636
39 146
74 1547
59 522
2 1846
96 1763
1 1462
71 1025
28 1777
86 122
2 249
31 1810
84 294
87 1940
10 1081
40 1757
35 112
63 1602
40 1657
16 866
52 1479
5 1293
35 1800
59 176
2 158
65 632
10 210
96 535
86 274
75 766
4 802
18 567
6 1416
60 1480
34 418
18 308
21 486
1 862
9 744
15 1173
81 1142
19 1752
85 982
51 62
93 1956
66 1742
37 1281
76 768
60 142
86 1224
37 1203
13 710
45 1788
79 1033
58 124
88 1427
32 914
77 1542
45 1938
29 64
53 440
18 1347
54 1446
17 1984
94 1731
42 768
100 271
44 1308
10 895
65 1362
37 478
20 691
99 1513
7 616
84 1658
55 1217
75 1487
32 237
34 1957
18 249
35 702
18 658
91 1912
19 332
81 1906
88 199
80 1849
51 1878
30 115
17 396
56 463
95 1912
29 302
45 409
72 1068
17 793
78 1486
46 401
5 1088
93 167
95 1851
53 1978
80 1518
97 603
25 836
39 712
46 1982
43 1329
46 1598
20 333
73 1569
27 1670
12 585
49 1814
42 773
70 1320
8 1557
55 161
18 1205
70 585
39 1008
8 826
90 1960
48 1182
20 1578
94 1130
98 1990
40 473
89 70
70 853
36 1741
4 49
97 157
61 1114
44 1241
9 1931
9 1954
67 393
89 418
78 1042
89 461
22 1444
37 261
8 638
12 1999
13 1165
14 200
90 378
1 1881
37 625
1 1356
48 1394
62 170
60 1379
78 1974
71 299
93 686
10 1915
10 220
72 787
95 1702
91 482
61 1895
39 1339
15 270
34 841
85 1932
17 1331
26 1477
10 321
95 71
76 1151
36 1532
68 612
8 1727
13 329
57 914
18 563
80 1829
36 165
25 1364
60 1616
83 530
14 1206
37 1731
40 1750
73 671
66 1407
80 147
19 951
92 518
48 1831
11 1175
46 1845
98 638
67 984
88 1691
29 1823
35 1069
61 548
50 1602
35 1742
