1000 79350
500
73 597
933 328
519 918
991 783
732 640
52 779
47 1880
268 958
710 877
934 407
524 48
404 737
77 702
92 1117
76 665
2 359
77 917
53 578
21 348
793 743
45 687
77 1663
78 1669
18 1002
64 605
24 1255
7 255
60 998
37 1015
985 341
4 1571
64 584
826 674
622 563
758 725
38 1090
474 824
274 983
12 976
59 1056
170 265
893 493
632 452
77 1822
20 60
16 1722
1 456
871 297
779 980
848 501
396 497
196 502
91 970
40 562
171 465
34 1360
37 1675
123 191
68 1460
9 1556
13 1174
759 586
435 309
749 755
95 1886
420 216
283 271
18 197
712 300
285 156
81 309
8 667
122 482
883 609
46 960
100 1466
195 490
449 330
5 1037
77 1950
83 963
638 406
52 1787
331 174
427 477
314 166
36 1957
47 765
827 433
10 75
888 228
20 714
331 377
447 844
52 1760
189 758
93 730
71 234
31 624
588 743
69 27
55 1405
119 528
462 466
857 982
55 149
60 399
95 436
33 1909
8 1006
47 855
76 1456
744 239
38 1384
355 824
732 716
23 675
97 450
741 934
894 393
398 302
60 1591
595 503
84 4
63 1976
31 245
70 1351
81 1603
825 230
38 173
550 61
100 755
35 366
55 763
571 255
7 1646
62 661
43 1518
71 1859
214 614
9 664
77 1629
160 982
73 1739
368 961
710 859
829 520
21 594
62 1713
704 229
889 940
52 1115
15 737
45 349
33 1137
90 1514
44 584
717 311
580 904
51 1688
56 34
728 360
27 996
511 495
661 696
32 271
90 1234
862 205
340 145
35 1175
191 784
115 702
43 1048
42 1764
756 884
137 743
496 321
31 1780
70 957
214 151
132 736
609 869
323 634
29 1677
688 555
41 794
41 1786
74 1767
81 1116
218 344
406 726
515 315
69 8
81 66
220 793
421 349
18 752
44 1323
33 831
949 614
752 87
96 58
100 1904
108 465
121 595
53 1487
1 1428
56 786
906 254
81 1363
487 190
50 722
356 164
8 487
84 134
28 28
802 513
599 349
653 656
632 932
98 101
67 812
491 612
925 724
563 699
76 633
467 751
531 204
69 1155
76 1067
22 1759
751 574
63 946
7 1419
84 221
298 996
724 295
31 1029
92 917
466 644
949 828
1 1254
30 1072
46 1335
409 204
346 265
86 764
690 168
544 383
86 370
14 978
829 833
42 775
51 841
99 473
996 388
1 1978
502 905
35 1606
34 1033
84 65
71 1042
53 1180
212 847
19 1299
48 213
455 729
77 1452
894 379
34 1507
266 235
550 885
865 68
481 598
62 387
19 1605
168 725
959 863
84 499
61 152
721 578
91 41
30 950
47 1797
46 679
60 139
766 475
849 367
208 8
254 206
97 531
486 916
68 1726
282 240
93 1489
81 1144
24 1732
329 806
936 564
29 659
229 114
832 55
28 1368
62 16
38 1546
985 707
140 164
747 930
531 447
17 231
885 965
578 7
588 843
119 602
613 732
159 400
212 670
167 831
88 1147
5 1860
15 1019
71 1533
970 267
701 525
74 1021
33 562
790 140
70 329
971 717
68 1779
692 302
798 428
67 2000
29 1089
383 859
966 184
11 1215
237 259
14 1423
99 336
99 899
587 815
28 134
344 515
3 718
38 280
66 1836
30 370
72 670
647 368
86 1350
67 683
40 1877
631 389
725 210
71 102
611 244
69 42
26 708
917 329
266 886
546 25
42 1552
36 1413
22 829
72 850
83 292
21 1555
273 405
76 1643
46 1003
116 346
41 1880
58 1160
820 690
971 163
23 1727
896 323
328 622
944 246
943 117
62 1057
884 725
248 251
15 467
256 110
38 1920
949 280
17 1875
84 1121
645 775
12 1250
39 1390
90 1348
10 234
71 849
98 877
56 1224
52 295
642 83
750 83
57 1694
53 23
37 1036
43 1413
30 1097
368 453
407 100
891 556
566 922
811 412
29 437
16 243
412 198
422 355
86 1558
27 801
18 296
389 669
20 181
53 813
396 518
64 250
150 166
52 138
893 921
713 839
48 64
210 996
32 1782
989 740
63 285
911 771
71 1437
85 1758
15 1445
271 780
771 663
79 989
597 110
27 498
830 512
27 840
84 848
331 506
635 674
9 795
72 518
90 872
51 917
26 1847
61 96
735 604
16 462
619 560
597 199
477 590
7 971
11 921
58 674
363 96
1 879
752 640
659 784
7 1803
640 71
186 406
1 1125
20 140
707 849
283 870
668 838
74 1730
903 863
37 1887
52 879
860 578
21 330
22 1193
70 383
989 970
494 802
68 1279
84 566
72 1249
41 1300
90 1468
91 671
29 1855
173 757
52 1191
433 222
74 115
660 763
44 1264
70 629
92 1365
666 427
206 899
3 1034
