1000 56621
500
679 132
849 93
79 259
94 364
110 427
39 209
47 621
269 43
760 808
175 152
177 942
920 63
144 184
137 271
841 289
39 73
922 296
657 179
565 23
576 195
894 140
118 143
225 197
885 885
423 868
160 858
140 857
856 837
156 90
352 74
338 217
219 811
438 198
925 860
812 577
771 109
729 839
66 103
724 32
137 137
11 189
117 957
349 721
129 307
249 115
389 110
93 764
931 14
762 823
12 977
804 105
59 4
555 34
995 553
430 18
43 734
45 674
165 131
613 529
196 113
366 48
798 155
832 579
938 139
319 160
891 154
223 182
496 84
684 45
730 300
749 593
300 42
96 303
157 16
264 850
167 699
496 247
744 92
172 348
741 19
8 485
148 811
125 60
59 270
345 66
134 990
349 26
134 638
907 73
354 729
21 44
9 720
504 109
917 47
125 612
677 180
462 337
177 993
196 943
7 107
306 417
313 102
81 932
820 93
163 180
458 96
474 99
499 454
47 869
569 91
60 794
172 37
687 55
20 75
82 728
440 740
335 358
112 147
97 207
776 939
16 610
130 842
772 164
924 712
431 148
556 304
997 827
174 179
5 457
661 37
480 42
802 896
806 105
205 172
895 109
95 56
356 39
351 104
396 12
179 254
309 708
813 265
652 226
182 414
161 788
862 166
36 7
24 631
116 725
176 512
459 613
403 109
169 909
176 472
802 564
96 81
96 161
83 630
943 86
268 50
106 935
233 182
99 192
140 385
140 79
849 2
918 131
54 982
4 34
919 129
877 99
158 528
518 74
102 112
171 827
202 680
187 738
33 195
96 75
372 757
175 16
667 401
366 114
219 120
68 171
361 813
121 113
198 999
80 698
998 148
131 190
809 505
37 827
36 630
461 18
64 8
23 656
461 809
886 141
50 972
663 5
259 125
125 689
578 2
513 156
520 134
698 6
31 580
742 660
172 400
929 71
121 316
73 21
847 45
86 479
315 38
796 697
803 308
260 144
685 525
69 44
155 740
81 969
850 492
28 583
383 415
150 986
150 927
152 519
382 768
76 655
140 38
31 895
985 830
422 402
634 672
626 147
306 59
638 549
80 96
118 6
191 605
55 838
370 136
192 130
330 123
652 103
717 100
58 800
313 582
976 65
89 610
37 129
137 123
755 33
135 95
171 76
96 795
91 768
774 146
87 198
24 893
39 858
273 89
472 335
104 150
87 410
48 1
76 198
837 29
45 9
47 331
22 694
443 115
367 942
55 449
120 102
294 8
761 315
180 832
69 695
135 187
5 170
298 392
580 455
58 156
3 433
877 123
167 462
46 37
349 188
630 634
154 490
102 676
623 820
458 90
710 93
131 325
441 497
24 532
351 17
533 146
296 832
180 651
184 715
931 143
974 293
621 123
876 91
407 31
564 2
77 645
818 358
139 783
115 740
197 691
211 533
38 24
333 29
831 373
134 997
477 767
181 62
55 167
18 22
455 964
671 64
31 638
825 52
316 6
566 117
942 328
376 28
131 316
397 356
996 2
293 185
302 21
122 818
587 124
533 302
416 50
143 429
68 62
976 2
633 210
608 134
120 445
150 746
921 312
70 769
160 20
266 117
233 682
469 280
948 580
714 824
37 221
4 940
17 583
237 706
183 945
964 162
132 717
187 717
141 108
101 122
327 857
185 60
437 344
791 19
688 171
207 909
649 194
712 69
904 74
895 113
170 485
624 896
172 434
433 92
142 642
358 12
866 836
8 167
241 119
137 823
198 293
714 154
965 342
333 108
264 96
594 527
91 695
217 173
104 623
954 174
169 764
112 558
59 127
182 535
61 241
511 180
159 234
37 594
199 902
139 911
189 254
318 436
166 90
24 444
24 34
179 399
41 514
960 713
640 10
200 249
982 32
779 284
913 351
293 441
509 78
147 895
896 894
826 607
183 120
248 30
793 55
927 65
320 589
198 25
871 141
362 688
532 149
831 176
770 200
815 825
27 796
843 450
95 574
216 74
35 882
890 209
364 678
112 25
418 421
117 233
389 215
856 24
51 262
168 332
4 834
939 694
311 169
16 253
151 896
36 83
540 668
464 734
194 109
109 63
19 304
65 35
37 62
38 461
764 131
742 54
156 434
38 5
455 145
773 68
269 39
739 106
630 105
701 58
153 785
995 74
331 207
12 766
448 798
256 92
849 414
160 206
908 99
702 26
664 132
21 729
851 60
106 901
447 179
240 182
387 509
137 126
89 886
320 169
181 80
491 8
39 628
314 138
28 785
