1000 59663
500
576 89
897 287
3 740
682 90
62 592
848 617
22 601
256 459
144 183
644 614
182 416
720 293
103 354
152 798
876 287
388 822
104 821
391 106
833 30
219 46
769 651
577 726
742 97
131 29
90 920
426 777
958 157
198 28
106 663
354 125
31 353
910 443
47 697
17 109
794 540
163 201
370 66
338 786
110 229
668 560
13 7
716 486
729 322
335 193
219 991
857 382
704 111
757 695
98 79
156 933
57 529
75 921
902 91
278 102
657 100
663 149
43 219
609 69
897 161
13 168
73 480
160 240
81 888
12 922
64 525
200 817
902 188
30 757
90 788
40 263
70 269
157 232
666 35
529 64
165 749
235 112
632 254
120 890
195 546
941 294
742 134
845 179
31 513
82 612
920 64
826 200
266 85
961 684
351 663
934 510
476 246
81 16
46 597
159 733
983 96
199 960
623 178
521 176
598 580
36 437
77 270
509 4
670 193
137 313
103 43
47 573
166 166
546 60
83 100
333 93
75 691
513 14
795 195
484 161
974 140
172 849
816 61
721 140
607 184
12 602
553 172
20 960
499 425
195 960
190 50
149 866
10 378
166 986
852 756
173 402
94 845
61 5
999 97
245 64
606 592
26 967
675 779
9 185
200 257
136 319
25 727
61 220
15 322
199 46
148 918
45 635
10 759
40 721
300 123
447 65
345 590
338 92
159 966
514 884
157 467
712 594
75 153
76 645
152 471
991 59
607 59
952 127
936 711
652 219
479 959
161 868
764 992
77 341
434 166
673 2
43 117
88 601
75 98
744 52
371 310
102 184
144 685
200 560
952 18
48 414
520 280
101 139
189 316
365 124
518 11
141 798
698 183
793 240
70 541
177 939
85 515
401 110
85 240
843 983
185 159
554 148
378 353
5 598
76 475
210 617
122 607
949 836
350 145
796 171
675 108
91 529
492 456
23 400
182 220
108 158
453 369
119 132
145 556
416 111
649 118
43 377
34 55
89 223
901 843
826 366
136 695
528 460
89 252
303 60
461 313
645 134
540 16
767 500
153 563
165 12
28 805
138 676
716 867
8 991
769 22
241 443
36 432
501 89
935 20
458 839
18 211
93 412
37 386
30 215
419 61
438 174
235 2
30 356
531 526
741 186
101 587
27 420
386 4
874 117
128 477
454 24
22 688
587 866
582 83
170 438
50 101
870 66
836 81
727 193
220 285
105 572
623 37
327 920
724 126
215 45
619 780
345 37
123 129
66 568
820 120
15 267
390 938
889 158
154 49
809 553
700 141
879 55
500 124
169 179
336 156
152 567
205 83
153 142
18 203
597 137
889 351
147 828
664 207
25 814
946 102
187 705
622 110
130 330
940 922
323 53
519 679
95 273
185 914
361 396
200 173
81 841
113 814
145 281
170 53
516 139
755 439
778 66
792 476
91 411
129 36
21 796
387 27
73 168
627 681
21 928
2 179
427 871
67 631
403 198
472 390
162 59
197 932
498 175
948 180
639 30
659 856
176 382
471 517
405 53
191 414
19 899
50 344
13 786
701 400
155 60
967 886
886 795
817 425
642 199
139 866
986 36
14 688
151 745
833 35
531 79
375 27
878 86
283 112
24 901
350 58
198 231
56 169
819 839
539 21
204 998
97 626
123 675
56 162
832 119
505 119
153 114
487 702
559 119
804 974
356 1
131 78
133 858
285 941
107 302
22 901
189 579
179 353
115 280
110 647
824 927
53 848
133 359
783 69
744 49
315 78
49 563
210 265
838 240
13 957
394 401
277 974
17 410
95 410
462 291
645 21
59 584
23 116
843 667
353 163
403 107
383 105
784 203
214 164
780 119
343 22
168 636
244 861
351 859
596 12
45 432
181 227
261 961
244 925
54 60
142 598
694 136
226 570
97 926
51 102
287 97
976 968
782 169
72 221
240 175
587 583
29 102
519 1
963 262
546 310
31 90
638 134
138 901
385 824
106 65
55 859
10 154
10 113
131 30
166 633
58 181
250 475
704 17
659 3
182 452
851 113
14 407
138 50
689 832
20 838
835 81
859 117
795 557
759 509
129 406
782 135
102 17
26 401
606 933
650 8
116 771
153 919
89 601
511 964
86 337
91 491
88 433
410 117
784 165
11 172
10 931
332 51
48 124
156 5
522 56
296 140
65 317
41 551
31 13
860 38
634 142
174 847
271 803
320 183
136 876
975 172
745 513
5 676
58 320
276 580
851 90
151 392
64 885
100 946
148 53
709 60
899 401
220 89
667 144
467 808
40 646
