1000 252684
1000
390 926
4 585
71 959
414 688
384 135
348 404
527 42
540 732
976 838
543 405
168 639
191 41
625 287
408 832
21 996
297 855
341 350
578 232
220 403
807 355
361 593
664 338
126 125
109 544
935 699
539 361
744 575
100 955
11 650
942 458
52 784
632 822
527 945
944 201
203 4
311 277
235 429
667 1000
336 196
928 15
43 818
198 542
750 309
765 666
530 990
169 793
160 783
837 367
643 873
555 684
129 394
429 517
641 747
65 849
137 833
186 498
317 177
193 746
336 739
1 264
189 672
105 592
712 966
324 715
491 426
124 852
113 400
513 634
692 739
768 827
644 141
518 262
419 743
93 398
640 531
775 453
351 809
362 721
836 34
361 541
311 538
841 317
36 59
923 51
759 685
351 54
332 666
127 300
936 664
283 460
302 64
957 353
999 176
217 729
439 320
785 344
165 168
859 765
573 95
474 655
497 655
713 328
666 782
123 958
879 285
571 637
919 700
396 638
667 897
555 831
453 885
330 735
386 235
795 89
379 629
440 609
710 954
329 709
105 153
857 209
424 747
112 217
148 506
33 397
370 464
279 450
349 973
807 512
139 45
769 993
888 245
710 652
102 761
303 911
369 160
132 799
953 688
367 712
765 495
92 26
98 816
128 512
117 174
433 314
154 398
20 704
784 891
641 73
63 771
693 555
781 338
859 245
156 846
895 879
62 725
877 89
965 29
22 370
14 680
714 676
506 567
949 472
818 1
106 791
779 994
399 690
117 808
603 120
777 158
407 523
956 295
195 498
708 888
531 49
944 490
185 423
550 314
361 402
931 295
917 815
528 832
228 545
41 789
913 318
272 839
796 975
178 621
21 373
742 177
270 52
613 805
171 928
267 231
527 650
677 285
336 813
912 814
608 603
66 289
155 466
769 523
367 291
844 371
612 33
744 834
291 137
839 882
651 202
302 783
961 969
982 737
133 843
161 347
488 411
263 274
640 143
488 202
301 979
365 997
175 504
142 336
50 671
278 628
365 499
290 55
552 269
769 661
260 267
234 973
547 900
372 374
789 73
608 948
730 841
178 779
671 448
509 607
252 401
845 224
348 818
118 831
355 647
135 231
455 667
234 426
548 901
310 847
841 650
191 142
87 166
832 673
390 711
379 531
265 459
430 341
725 673
330 958
894 285
731 974
404 465
577 694
243 875
940 164
632 131
966 730
874 868
28 317
340 917
530 469
52 841
966 845
664 957
766 90
887 940
349 818
38 398
814 85
263 322
378 383
110 954
520 508
410 618
614 820
403 320
19 595
275 528
759 314
819 925
958 100
27 629
320 916
929 35
916 962
432 885
719 473
300 732
804 388
786 868
7 704
828 749
47 150
391 236
271 214
300 495
590 681
196 530
699 728
645 623
980 149
641 194
7 435
477 136
740 391
135 333
289 62
242 667
62 200
116 837
128 303
561 230
440 481
305 52
114 53
275 648
986 679
943 213
821 745
959 566
501 306
610 927
405 943
673 157
123 366
82 455
222 160
474 588
369 536
534 176
835 104
874 485
504 850
744 360
791 403
74 555
622 301
681 652
80 509
643 67
459 671
382 574
483 871
848 239
136 333
409 431
748 326
131 155
376 134
869 903
179 420
754 854
768 643
475 391
210 439
926 757
239 132
419 90
940 391
171 451
4 330
282 864
850 28
468 177
408 49
117 177
307 133
837 484
418 195
370 226
64 47
130 488
439 543
547 999
14 848
146 29
500 333
998 877
377 993
81 5
399 283
213 411
746 802
177 613
225 65
340 860
820 396
238 598
477 106
71 567
414 864
937 535
97 261
213 108
264 689
933 792
228 232
490 809
712 766
208 470
264 560
604 380
300 583
672 551
316 626
306 943
591 919
547 20
19 527
74 632
825 684
523 909
686 366
648 403
567 381
314 100
696 47
198 108
573 699
505 498
734 48
16 513
685 692
818 888
823 874
871 882
858 407
839 942
435 859
460 752
552 252
636 505
627 527
855 141
36 637
954 995
535 294
321 29
612 544
461 411
951 107
308 584
603 271
571 13
854 899
499 816
200 182
704 649
433 184
46 407
889 668
197 140
313 810
559 868
298 253
836 369
881 902
954 285
824 376
806 12
656 914
779 299
324 154
38 381
821 196
773 502
379 529
857 462
957 140
43 849
943 532
235 57
731 943
4 877
701 832
768 138
569 380
393 535
904 479
427 649
537 958
391 858
749 177
458 396
969 977
924 365
910 767
728 785
704 169
175 15
125 945
467 467
538 917
671 344
331 694
740 702
854 799
496 967
810 756
180 843
138 187
95 624
285 885
80 811
238 266
215 257
713 608
720 26
56 731
923 721
445 164
356 745
519 462
505 934
345 593
369 51
799 138
224 968
566 384
538 962
285 56
426 67
263 192
164 732
373 566
468 290
881 641
203 344
515 455
664 652
575 488
887 530
922 163
613 302
814 649
795 222
378 927
322 281
738 444
208 862
736 1000
515 121
692 514
760 456
884 962
780 746
4 381
711 359
670 73
419 731
419 832
408 505
409 244
515 413
873 151
930 806
216 324
858 433
953 50
483 180
357 355
93 791
87 228
91 909
911 349
928 11
717 41
573 941
425 272
496 154
472 510
945 725
182 557
944 729
683 135
71 42
877 724
79 654
548 369
773 375
920 600
833 730
203 743
118 429
837 833
886 161
114 10
236 208
248 342
392 634
975 439
941 886
727 95
259 494
603 990
432 807
892 570
612 247
844 757
275 400
579 81
155 667
942 819
964 908
948 557
128 662
856 531
280 355
758 250
693 413
275 829
498 640
805 704
564 532
855 590
110 486
658 451
121 624
648 858
636 911
774 867
352 567
735 946
499 720
847 697
575 291
322 538
352 41
207 545
543 925
813 202
877 796
590 133
913 449
742 775
101 779
824 756
685 431
600 128
592 550
105 289
315 480
227 247
556 500
578 493
961 897
66 83
507 852
735 364
172 673
304 590
789 621
195 512
770 707
530 605
289 359
129 132
946 488
657 741
592 484
243 559
679 451
833 395
275 364
29 136
80 610
103 641
443 953
740 633
208 30
609 180
345 270
949 801
292 528
634 513
986 339
854 155
899 208
11 78
571 15
713 393
536 493
690 294
675 352
230 574
45 857
219 638
65 869
187 506
667 971
547 850
872 783
755 922
190 460
992 801
66 666
179 757
24 817
776 798
955 223
950 964
294 76
377 820
557 304
86 445
39 756
725 319
111 593
687 806
471 573
378 465
273 677
637 165
335 624
252 832
292 249
191 567
600 394
883 550
884 482
303 599
236 839
897 621
777 920
309 989
220 759
830 980
971 528
696 413
219 802
524 551
278 66
674 947
594 286
116 179
795 737
107 16
229 710
441 898
544 92
479 215
284 280
502 648
545 969
31 911
492 46
579 26
781 757
390 313
376 932
983 189
16 432
872 876
164 196
958 409
669 656
326 959
831 178
898 666
888 743
257 58
251 797
605 484
872 510
401 877
233 100
552 827
765 585
944 21
975 386
747 82
879 579
396 864
96 541
338 499
405 555
732 440
897 594
431 342
752 993
406 398
448 572
47 580
222 521
520 800
968 148
365 959
68 362
4 705
357 61
858 790
56 363
535 642
231 564
97 974
142 194
291 225
776 140
895 255
400 349
705 108
704 578
838 810
858 949
388 531
87 760
524 89
633 764
610 802
48 67
859 101
636 863
926 626
22 630
361 576
115 603
184 583
634 258
50 783
468 699
430 838
793 239
984 425
500 249
805 479
335 179
611 166
155 755
187 968
744 145
676 878
913 797
923 225
403 619
960 766
662 526
894 585
586 493
454 751
544 246
79 166
960 661
776 547
808 132
945 834
271 111
413 869
439 199
875 459
496 962
456 990
189 974
665 932
175 692
613 46
344 969
189 730
182 122
256 251
30 632
196 773
845 992
841 311
397 738
345 984
524 72
369 330
471 44
197 549
546 48
65 394
788 259
932 662
623 340
918 332
591 235
674 558
912 347
376 445
947 941
722 468
309 277
493 504
328 616
7 866
733 727
604 351
888 471
170 719
289 241
541 918
958 756
640 749
723 469
819 965
313 90
264 51
106 303
577 830
892 332
36 126
461 568
819 259
780 67
195 953
417 186
794 99
689 227
122 119
508 847
498 742
158 331
434 465
968 62
65 839
846 529
414 760
355 46
323 772
444 286
733 49
469 8
882 729
940 622
240 115
848 502
666 52
173 181
619 71
486 673
669 661
179 117
643 237
76 16
908 80
950 740
703 92
850 696
501 279
194 589
750 200
136 484
271 656
914 224
730 338
349 142
135 995
469 816
335 93
46 391
191 74
314 299
273 578
8 814
27 471
378 583
203 254
174 721
1000 580
463 263
166 59
928 573
928 360
549 196
64 682
15 594
948 39
954 467
150 34
429 866
339 87
249 311
328 16
804 154
340 227
61 335
433 300
328 767
911 877
360 846
744 572
142 319
498 701
941 837
482 20
102 521
161 630
697 304
604 40
946 847
85 388
207 476
