1000 258820
1000
547 724
979 582
658 880
362 605
243 14
483 506
170 478
896 114
910 218
943 661
638 306
614 411
575 358
996 399
367 916
668 349
706 776
819 952
451 388
27 849
242 19
580 598
36 969
99 21
380 988
729 644
648 231
921 165
282 883
527 109
194 586
549 899
912 691
105 97
312 25
526 662
580 23
521 900
71 912
788 994
748 877
289 381
95 632
446 870
765 215
619 710
970 616
450 933
120 532
730 369
900 890
415 210
960 996
995 849
957 197
309 999
434 828
326 848
996 260
230 733
874 146
339 381
995 593
532 903
356 708
771 224
296 560
502 607
291 979
214 84
164 560
345 734
529 836
588 44
537 147
250 251
645 345
239 118
599 968
718 783
235 177
48 920
119 489
691 627
885 983
216 642
451 166
877 317
465 323
993 103
762 245
399 284
693 992
891 153
697 883
772 849
520 543
612 107
100 758
102 30
325 774
44 437
419 252
839 97
770 593
855 145
650 80
28 912
139 81
762 699
949 385
884 660
999 167
930 740
966 66
49 34
896 478
260 81
401 347
929 731
917 986
283 535
204 140
525 318
285 390
199 104
83 193
572 263
984 167
199 928
432 4
823 632
708 816
537 499
326 835
738 595
147 468
708 90
568 526
430 822
375 699
238 1
78 842
5 606
752 733
233 113
954 155
475 456
204 708
807 901
774 610
721 342
442 783
106 763
483 985
72 126
241 135
957 58
257 739
788 85
20 429
603 858
617 734
12 334
481 160
748 791
452 469
705 956
950 774
21 406
809 863
246 719
538 640
629 723
288 129
463 453
189 418
694 839
104 767
28 744
63 831
596 505
353 751
58 556
70 13
992 373
536 210
835 1000
954 584
335 552
933 936
14 676
261 567
121 739
137 291
104 313
207 505
854 646
438 37
613 816
975 734
733 2
368 664
752 430
267 177
776 669
423 418
249 1000
964 443
456 935
728 844
980 929
320 855
790 424
866 990
555 405
397 288
327 83
978 200
828 378
66 626
194 955
435 415
997 143
29 993
411 572
880 212
724 989
488 584
407 754
446 209
577 379
88 492
14 536
690 497
133 141
325 493
328 754
700 841
491 825
725 633
194 254
793 495
794 220
660 658
161 811
434 209
353 666
554 10
500 509
543 966
186 858
155 5
119 374
952 621
296 329
145 8
727 916
873 863
147 629
377 206
748 697
648 255
326 813
494 757
370 624
244 85
115 31
92 947
442 268
569 1
884 443
703 897
403 863
486 633
977 493
989 348
832 213
847 356
692 718
279 493
790 346
951 105
284 658
116 204
718 133
511 606
745 115
266 132
516 688
839 85
416 909
685 610
881 517
484 252
129 644
338 977
979 753
17 199
598 586
964 322
745 131
290 622
400 934
437 921
860 161
926 167
80 973
827 531
33 9
201 683
707 725
107 849
183 975
878 552
16 19
556 651
222 91
315 967
939 574
964 539
48 533
251 399
646 242
416 990
710 383
255 805
706 837
806 248
544 415
983 709
235 437
953 232
21 515
214 529
941 616
284 476
961 742
951 992
967 312
883 237
829 851
177 530
354 257
394 489
80 832
695 848
289 430
249 358
923 378
675 463
986 627
576 748
292 365
732 312
336 880
961 919
760 178
264 313
788 909
427 321
680 277
863 31
690 242
215 677
894 398
761 182
158 326
779 986
580 999
626 822
968 439
528 293
999 636
360 685
710 962
740 787
178 706
409 542
509 384
137 314
822 811
66 853
760 197
632 259
552 636
11 955
773 772
656 980
360 575
341 238
894 394
659 703
863 637
15 98
8 19
886 934
922 467
995 320
868 343
413 370
304 415
479 647
559 421
810 985
396 713
710 527
17 771
602 40
162 702
699 163
117 17
257 836
269 174
22 508
338 456
873 402
291 38
665 469
737 801
887 710
892 45
459 623
504 118
486 956
227 18
478 974
552 204
162 416
962 723
535 436
548 493
535 241
187 267
663 675
356 55
150 37
400 306
764 247
931 869
857 955
40 994
791 30
808 781
875 473
915 814
231 123
304 959
117 358
621 849
163 118
463 521
648 46
942 345
890 339
660 915
954 292
712 103
818 880
540 189
531 635
205 787
343 468
422 730
185 44
212 643
342 973
133 7
224 371
383 141
889 17
440 827
494 193
428 52
812 247
151 214
883 599
916 755
324 894
282 256
709 215
274 599
431 223
153 910
553 598
657 122
204 860
560 819
230 520
565 143
592 482
602 684
718 934
651 786
745 46
187 947
6 750
99 914
537 469
631 893
488 947
598 606
55 701
120 406
78 162
366 963
115 376
575 417
878 816
503 653
454 638
943 37
34 371
880 876
407 183
278 452
166 925
822 524
103 586
780 932
809 156
801 693
441 577
356 837
671 943
860 936
657 490
629 763
20 11
806 624
90 234
152 80
315 297
952 482
191 439
569 503
318 669
434 259
421 754
306 700
748 208
295 305
653 880
42 976
454 686
895 734
838 574
345 334
66 990
675 845
484 928
909 768
748 829
816 522
850 875
800 415
57 816
168 989
432 830
152 866
64 445
909 497
150 445
149 485
95 670
644 203
197 210
980 246
446 996
906 900
102 191
257 747
663 922
81 107
60 23
835 612
635 488
70 283
787 530
314 1000
200 846
721 194
477 200
547 290
501 983
888 127
256 618
593 516
721 731
239 541
954 757
454 612
253 391
549 576
962 816
108 526
720 908
147 270
835 538
133 319
340 51
456 499
235 134
331 870
432 664
39 109
179 174
248 680
364 953
996 231
284 899
458 484
174 490
837 410
480 102
988 73
606 300
815 195
499 575
72 130
319 949
270 348
573 371
299 342
819 913
479 502
250 109
581 354
595 261
625 852
590 625
94 172
555 816
137 763
748 404
290 408
1000 648
762 276
619 160
56 2
858 532
221 181
991 338
634 495
810 260
355 647
829 312
756 318
606 989
809 15
728 574
656 117
463 199
579 155
731 383
591 574
782 483
452 546
152 135
459 673
360 725
873 825
875 598
858 792
56 324
930 289
971 391
338 292
899 339
307 575
524 828
297 146
278 782
994 808
435 147
535 315
427 995
477 30
355 208
836 65
48 740
313 431
623 805
142 392
831 179
399 21
477 177
312 188
670 355
581 811
638 893
946 642
896 743
188 574
153 566
407 704
509 369
96 643
965 566
968 708
915 57
380 22
998 576
677 153
700 842
622 538
42 683
22 825
302 174
395 440
762 1
926 716
468 905
755 175
402 407
782 407
155 669
756 254
841 511
518 905
175 193
640 295
229 70
943 738
946 468
961 32
814 319
861 543
165 220
312 701
855 571
72 241
431 35
51 308
464 571
650 143
622 424
223 556
901 172
864 644
884 959
357 669
735 202
304 87
24 3
456 113
911 55
600 446
290 956
155 504
300 685
545 738
230 737
645 345
949 426
919 534
372 958
917 96
659 982
216 810
546 993
5 504
535 995
639 599
46 113
338 74
567 311
977 558
585 86
160 858
312 958
499 162
143 394
919 217
265 264
396 371
833 464
947 972
844 641
518 497
70 626
341 31
124 855
638 84
45 940
911 902
47 617
555 757
179 37
251 380
169 292
667 682
848 524
739 399
959 291
224 172
130 800
50 597
353 515
566 486
820 240
675 55
930 646
422 110
314 834
19 63
696 383
765 537
663 156
315 817
524 996
563 2
798 19
390 822
829 474
303 361
343 93
731 268
727 271
16 363
547 745
467 769
911 897
796 870
837 373
531 206
570 2
483 741
231 328
234 706
762 618
126 955
454 62
333 13
555 327
358 374
934 202
14 230
930 871
351 782
475 422
381 724
123 903
147 82
194 162
967 155
834 319
802 498
760 128
202 101
183 132
919 38
961 117
379 603
532 832
682 614
918 390
162 67
465 664
65 954
316 638
867 156
731 46
854 879
813 932
684 979
454 614
981 161
359 772
306 228
205 540
247 591
96 723
471 569
303 517
24 477
615 493
943 991
319 197
407 910
398 860
234 359
589 474
672 383
995 912
276 823
443 675
709 777
994 20
801 392
769 418
183 354
497 598
335 703
316 8
933 806
616 849
638 462
975 814
162 951
836 729
368 70
71 786
906 207
910 54
61 168
165 786
398 45
444 881
904 329
327 74
612 765
145 119
431 624
581 742
335 430
917 274
895 599
59 647
994 49
197 155
10 644
694 898
141 493
928 44
340 685
565 265
207 426
296 150
722 968
261 188
611 907
556 666
714 180
488 615
297 165
836 668
712 527
418 217
953 870
497 878
542 256
898 748
278 126
737 647
178 970
140 162
357 513
770 244
570 313
38 945
519 416
311 776
679 915
82 28
179 244
194 37
77 835
62 10
533 649
413 877
869 571
794 68
186 822
351 865
558 820
436 40
836 504
390 601
799 318
102 984
898 516
556 368
280 582
114 437
824 397
277 543
54 654
75 260
956 713
953 612
762 171
460 195
41 632
446 818
832 280
994 161
259 271
920 988
536 405
6 531
849 534
496 349
950 13
596 253
956 135
539 151
808 75
554 959
375 269
