1000 249944
1000
519 750
801 40
874 178
726 836
605 862
887 881
792 786
51 935
782 412
14 362
73 256
501 409
171 474
384 985
901 768
168 148
645 754
820 881
159 214
274 734
297 37
684 915
240 855
462 774
185 453
715 647
129 731
364 103
374 366
875 494
758 995
341 919
750 664
208 14
12 759
964 302
752 776
518 624
401 520
857 419
215 73
168 657
637 964
577 954
975 708
711 886
493 377
315 771
484 45
739 653
29 397
222 533
923 805
567 908
985 93
197 339
993 334
100 333
733 244
433 254
714 261
930 836
621 480
250 366
242 608
313 55
879 922
648 61
575 713
411 988
232 521
369 457
573 795
703 9
577 577
647 162
7 262
30 983
57 599
93 598
891 535
420 256
473 464
143 275
242 259
250 968
936 775
436 411
203 834
885 848
574 596
785 841
335 387
222 682
552 523
757 253
735 489
769 476
180 661
27 683
30 320
526 323
982 379
465 421
680 234
603 263
119 326
185 399
643 784
930 330
755 64
864 108
745 445
899 485
352 692
263 957
534 392
147 147
893 815
805 35
681 514
118 663
894 722
547 686
751 125
518 550
58 498
252 998
137 802
164 665
223 453
187 850
583 997
2 180
451 104
584 879
449 172
737 30
763 205
308 898
566 143
841 765
59 422
125 551
322 133
730 118
266 351
991 984
410 463
874 697
177 79
546 53
688 1000
461 362
38 239
953 218
178 496
584 263
231 995
106 685
823 162
786 3
46 211
134 714
821 308
589 349
401 729
223 253
550 519
854 372
68 638
649 200
42 685
822 126
852 874
831 115
729 93
766 654
42 469
654 459
251 927
698 138
688 277
34 179
287 268
962 727
908 457
265 548
63 465
694 385
836 637
851 425
919 472
297 559
861 117
113 694
730 573
74 162
9 839
129 819
808 353
860 509
684 535
354 201
303 736
357 254
570 897
299 980
323 17
273 751
226 202
995 525
597 193
208 267
755 813
698 226
179 868
114 884
618 448
725 34
963 357
310 630
366 967
853 387
90 699
321 604
429 90
537 920
370 544
310 259
743 421
820 695
809 565
938 89
843 440
234 125
155 536
636 339
583 381
631 212
937 499
807 734
40 17
439 414
16 756
537 555
457 952
344 54
62 130
500 293
26 370
607 317
860 699
532 526
571 42
832 485
601 635
944 272
890 481
725 746
977 628
460 777
292 572
888 745
369 512
299 79
574 379
398 231
904 496
321 633
729 178
339 709
669 735
647 227
603 412
829 457
236 359
180 851
292 751
650 29
186 78
595 448
603 486
808 206
110 432
918 888
753 201
93 302
205 680
917 274
187 953
995 957
368 102
323 843
672 503
454 877
370 552
754 723
853 848
298 818
305 26
514 528
471 243
790 128
358 634
751 675
944 176
465 728
473 488
960 90
875 152
847 942
897 381
724 658
810 443
661 960
564 454
769 428
220 491
282 936
300 915
434 862
369 860
667 383
447 380
70 908
482 804
28 909
98 153
250 991
649 251
889 140
999 95
443 528
130 808
593 818
977 189
936 849
293 332
749 491
335 943
180 439
211 526
202 404
153 764
744 431
311 329
610 529
78 934
260 806
812 874
134 43
161 35
397 865
52 782
196 869
513 978
801 378
582 894
454 363
877 395
366 970
850 736
262 736
947 789
285 734
95 360
310 447
974 438
760 866
528 931
539 543
621 463
159 675
80 209
163 724
411 388
47 914
49 587
993 15
488 913
339 578
640 59
430 167
956 823
103 253
355 895
99 965
748 872
60 786
693 731
790 991
626 131
284 350
324 329
553 359
545 799
725 95
317 62
801 775
816 572
19 95
60 973
325 989
619 169
946 921
632 64
969 651
120 864
83 781
76 383
422 450
675 452
533 819
995 623
895 543
124 154
220 268
184 150
75 407
853 27
513 730
870 702
184 918
297 860
356 424
771 869
322 199
520 275
939 583
534 678
355 424
193 267
967 369
908 868
558 314
68 480
748 809
756 107
25 527
193 28
571 16
922 979
927 866
373 619
703 343
32 664
669 62
857 628
591 495
146 755
269 54
976 487
647 761
349 691
705 871
837 898
275 968
802 117
493 802
836 605
548 859
30 137
850 768
284 751
355 777
953 858
831 370
541 578
706 530
711 440
738 781
9 593
35 389
162 111
10 417
246 795
974 703
301 547
256 457
563 350
634 908
695 235
201 917
960 815
129 241
220 54
419 261
509 682
998 477
46 111
224 255
180 365
233 224
975 755
363 611
358 432
139 153
144 191
375 506
628 669
454 557
104 28
780 550
589 996
223 503
738 179
5 559
796 626
108 444
460 181
212 500
113 852
762 380
26 863
810 52
578 764
313 278
85 962
79 427
548 207
506 102
639 145
476 137
387 828
218 657
941 682
840 320
325 360
294 69
446 72
358 287
571 288
492 72
197 391
393 859
254 434
54 339
934 242
145 402
484 45
119 470
426 942
634 998
330 103
911 209
922 276
689 323
240 61
309 537
867 903
998 661
333 549
100 552
399 823
355 891
765 701
50 461
508 30
932 679
181 447
399 271
987 694
867 144
971 787
79 673
578 215
905 936
504 494
829 968
972 575
211 984
322 309
980 333
67 432
87 653
80 580
365 819
188 542
880 176
693 626
713 381
470 540
958 869
530 200
403 567
29 858
406 409
626 311
715 834
502 522
769 218
235 227
229 323
454 781
43 983
925 653
896 257
44 973
274 766
650 849
24 540
393 434
589 289
761 555
820 987
942 726
462 959
52 147
32 6
823 415
456 353
88 523
584 793
266 663
247 800
541 270
563 833
937 410
159 924
181 205
794 164
837 369
73 788
493 627
187 752
192 643
491 143
695 408
781 666
18 488
933 996
801 294
991 63
556 326
866 354
155 411
184 133
362 956
886 627
900 63
38 104
914 566
590 798
873 456
839 291
558 906
299 635
584 540
630 811
85 374
638 348
529 778
296 715
28 706
779 447
696 386
900 526
393 597
180 92
165 426
359 13
177 187
999 283
83 646
368 618
568 228
623 867
274 267
906 159
622 647
68 58
424 716
122 360
342 678
836 78
337 333
140 435
825 613
619 732
189 837
440 735
518 404
780 629
399 460
69 658
290 453
417 104
181 262
452 665
174 866
454 124
296 812
278 787
245 432
971 64
675 916
891 120
281 312
555 822
63 708
230 864
860 432
289 515
922 83
267 700
448 705
149 891
224 9
614 43
663 239
420 177
442 376
413 898
111 853
974 196
837 394
603 965
5 119
405 340
995 217
262 478
214 223
663 165
444 955
90 95
662 191
260 291
588 865
472 830
824 264
677 952
759 820
661 300
196 455
133 348
464 47
707 976
983 864
969 138
259 673
202 107
993 484
459 218
211 371
348 701
996 589
142 80
4 268
144 432
42 202
424 667
192 384
761 296
769 943
524 933
579 839
492 404
598 725
603 794
440 716
858 552
642 515
884 179
529 208
372 664
98 146
872 260
847 620
991 525
728 568
63 164
499 796
242 962
18 364
945 263
490 909
405 791
156 213
51 623
335 307
48 749
301 138
769 700
414 274
722 882
35 935
777 334
564 184
929 414
122 500
802 519
745 835
813 582
890 239
425 904
994 864
360 624
380 854
705 921
70 131
953 920
831 735
76 193
270 9
885 247
763 948
173 167
897 628
547 110
886 884
765 462
47 213
228 494
213 567
36 421
91 426
336 483
137 465
321 571
935 462
496 960
345 358
416 657
284 83
917 221
152 995
334 428
861 856
215 472
19 893
207 509
596 797
16 502
877 147
700 134
739 869
969 12
339 378
491 350
51 36
176 572
416 695
364 66
231 317
644 296
665 475
728 561
156 238
298 175
17 546
193 638
815 99
981 644
663 460
4 760
981 784
785 96
941 240
840 949
119 708
493 285
739 982
23 704
351 508
961 328
741 174
190 155
751 40
404 864
520 960
403 966
963 543
698 345
726 241
648 446
416 149
413 711
830 184
80 554
637 388
445 357
343 574
684 844
509 148
829 833
786 971
241 260
604 320
156 215
683 512
262 208
164 399
200 637
975 18
268 43
981 652
9 522
436 163
427 706
587 604
877 786
18 466
771 384
179 101
681 512
548 866
291 699
21 734
86 181
44 58
67 973
957 750
109 791
782 900
135 124
476 28
221 780
512 8
691 23
105 556
214 373
582 238
885 402
805 131
761 44
87 65
783 878
809 400
242 708
825 449
284 297
856 606
859 826
759 119
296 19
286 246
786 658
429 177
80 835
171 301
655 882
673 537
646 67
125 785
203 871
273 194
397 558
752 341
217 317
885 705
262 894
323 149
112 448
489 840
489 837
543 215
943 1
609 24
808 176
253 818
264 915
983 64
625 642
881 790
553 910
728 658
116 430
956 611
786 419
356 354
169 595
676 466
890 697
998 469
246 610
925 780
962 759
744 119
332 845
198 528
344 211
500 992
270 23
211 742
270 688
620 737
971 530
762 958
253 887
980 647
421 482
386 837
742 302
876 89
826 930
188 396
330 634
535 396
779 294
