1000 261070
1000
385 456
248 985
630 251
264 334
645 624
316 105
541 514
403 132
904 977
964 819
863 668
940 477
829 569
778 543
299 548
559 456
108 935
208 763
85 458
409 232
539 242
147 139
132 107
913 482
962 429
818 510
116 1000
254 842
374 530
810 97
536 350
355 298
701 104
243 648
852 87
254 704
545 471
67 233
938 561
747 280
119 752
297 464
556 482
867 950
570 875
565 805
886 494
398 897
368 449
710 145
567 113
668 206
598 897
870 465
777 686
727 875
914 416
336 484
652 263
673 528
600 177
673 488
163 147
787 843
307 169
788 761
913 473
514 472
791 663
900 479
275 145
996 759
532 815
221 696
576 240
26 44
364 525
472 739
230 509
894 433
572 701
785 601
63 474
350 851
882 320
414 784
941 119
323 113
897 288
353 968
418 444
699 564
525 961
502 487
601 789
499 132
174 928
512 729
167 476
49 457
187 759
971 721
585 161
475 745
436 893
502 879
508 348
447 516
433 545
376 35
942 165
591 10
420 163
570 868
239 213
349 437
731 458
158 707
330 94
651 457
363 230
479 731
617 889
467 559
660 866
851 44
935 910
408 93
335 344
453 312
250 839
253 316
602 930
336 790
236 838
862 185
898 872
83 473
439 386
642 599
211 709
201 738
433 643
435 219
841 101
23 537
430 195
532 862
139 920
796 707
58 478
109 171
42 695
293 629
731 549
741 743
746 96
209 355
975 319
737 608
687 242
224 445
193 884
905 940
473 644
916 218
502 447
737 54
518 918
453 987
698 156
466 872
864 222
196 776
99 707
535 739
981 436
820 152
461 287
9 354
593 34
571 102
240 153
158 103
769 420
201 415
605 431
89 895
966 957
326 46
545 449
581 779
301 593
528 410
859 661
628 109
311 996
153 797
842 20
229 624
292 114
568 677
965 910
934 100
925 216
131 485
562 65
946 283
988 350
173 606
300 735
904 948
796 704
723 14
970 46
515 859
498 878
922 648
222 466
959 712
20 191
387 508
773 523
459 994
196 49
221 383
512 188
872 612
114 62
426 419
50 251
318 613
342 460
880 775
252 582
848 129
29 355
50 213
491 887
895 699
760 644
975 252
500 927
834 423
574 961
929 293
276 150
425 122
512 216
26 461
475 900
502 677
371 470
726 684
588 33
138 946
983 919
940 128
187 413
789 638
638 737
331 255
722 240
234 581
898 671
880 578
227 100
995 933
862 120
642 639
301 511
255 170
243 108
861 718
690 408
710 119
364 111
939 926
119 246
881 277
243 268
697 801
449 932
198 719
851 243
216 675
299 292
819 285
600 827
4 589
118 781
573 831
769 708
212 699
902 418
544 852
127 888
532 504
548 544
104 492
913 543
857 179
307 171
211 983
118 713
922 638
740 549
446 607
831 676
138 435
404 525
74 660
182 31
703 703
959 129
518 238
958 371
14 146
280 885
857 159
229 192
540 944
809 670
58 193
912 2
832 887
423 276
485 870
678 754
952 133
884 956
455 598
716 87
295 747
37 918
866 160
476 664
823 731
223 488
43 322
701 995
107 231
927 253
814 271
951 93
851 585
451 636
643 143
292 931
63 434
152 503
652 679
249 307
310 588
703 431
271 595
304 907
985 685
585 519
956 61
470 229
527 419
320 865
802 198
264 94
195 933
213 680
159 105
395 779
768 477
880 429
981 829
519 616
891 362
576 321
970 926
927 251
229 638
844 386
811 662
226 635
151 116
332 578
211 758
67 943
366 728
549 288
273 141
432 621
632 104
882 292
289 824
757 207
548 127
140 334
337 388
580 461
709 385
918 629
583 371
703 283
592 848
374 208
91 953
701 965
772 259
975 149
337 836
574 304
41 735
663 672
280 766
553 878
706 88
150 96
189 756
71 842
915 248
309 711
24 592
797 101
554 186
385 406
830 843
658 735
13 729
102 233
30 786
933 931
263 748
723 855
81 441
147 323
298 83
277 176
159 917
102 775
741 350
645 584
301 744
36 287
533 754
341 924
357 329
847 972
293 431
183 274
754 517
903 740
550 590
572 877
629 350
406 354
832 635
678 786
384 361
811 388
252 66
926 581
93 460
545 379
878 123
974 507
315 97
119 277
271 230
537 791
752 512
12 600
47 910
682 718
572 286
197 376
910 5
666 151
415 265
983 924
962 935
329 293
35 394
590 997
950 949
195 40
197 693
996 942
149 141
516 949
838 530
128 696
568 761
939 656
190 176
697 394
905 217
715 163
482 219
14 130
400 299
906 378
386 339
61 278
901 180
373 161
556 576
583 200
736 68
519 971
439 143
296 472
931 22
469 118
815 414
582 881
521 47
248 77
896 382
870 751
243 942
160 766
991 704
892 990
560 392
466 795
422 123
3 919
104 282
811 749
432 808
931 94
611 602
290 867
724 909
489 729
256 831
343 189
951 469
548 822
118 614
750 455
208 539
405 97
674 837
923 710
713 372
417 217
532 346
689 870
533 75
859 620
643 374
305 859
682 752
396 469
513 522
12 963
884 437
858 232
797 469
398 186
712 503
290 644
187 467
391 380
65 351
760 585
502 22
727 751
645 907
936 566
697 657
431 174
773 711
985 983
770 118
488 552
690 566
46 408
67 458
867 160
813 570
395 590
569 494
870 236
879 920
351 544
26 875
906 945
271 381
469 277
562 75
681 931
791 107
328 677
901 483
647 244
154 743
335 405
791 866
925 224
139 838
272 653
904 8
665 667
92 846
23 31
854 435
1 407
786 196
444 680
180 447
637 968
271 901
968 93
422 335
724 936
342 327
469 215
412 631
516 355
159 995
544 71
639 92
555 94
305 293
90 32
888 701
65 534
725 638
284 427
135 960
763 245
666 587
218 356
459 277
781 152
892 123
855 770
675 626
572 952
539 862
783 190
490 634
421 570
580 78
990 313
14 521
587 505
292 234
737 698
805 743
334 658
857 346
217 727
282 415
493 669
342 319
522 475
856 856
514 50
288 165
919 687
552 311
934 411
495 641
166 103
759 216
768 179
813 845
662 1000
455 261
777 898
206 452
784 469
370 769
458 448
211 409
237 673
708 244
935 239
89 168
400 548
581 108
314 197
493 868
793 60
898 925
1 95
491 255
723 259
260 533
218 180
316 534
264 923
751 187
177 625
735 208
906 586
277 516
563 87
654 734
942 940
803 829
837 788
987 344
339 383
143 901
384 668
624 806
877 552
964 45
2 324
913 62
351 558
207 80
628 120
875 991
1 610
808 366
724 340
239 539
732 290
87 869
278 833
147 21
704 798
526 180
253 539
205 783
707 466
451 939
425 99
812 760
752 786
395 897
561 563
675 835
128 662
986 418
517 167
395 706
948 43
830 8
748 512
685 615
628 991
730 969
254 837
259 266
145 791
985 816
524 810
124 755
10 945
247 498
674 206
501 359
756 59
697 41
62 383
203 775
255 714
195 334
692 511
624 213
815 933
84 121
837 848
743 370
646 685
262 797
487 626
826 235
494 491
157 813
364 234
588 325
717 206
750 395
983 152
518 665
742 849
758 138
635 433
562 148
216 503
869 514
975 678
958 690
379 798
605 957
770 471
205 465
615 415
247 614
745 827
312 424
748 905
459 301
554 334
709 388
166 693
976 75
393 570
628 735
264 751
802 878
361 219
877 626
141 342
404 389
71 94
737 1000
390 874
756 312
539 681
228 904
61 673
631 147
495 581
386 641
700 128
642 120
87 860
368 482
321 405
581 400
308 529
971 753
971 95
365 102
167 616
629 796
840 684
374 432
218 966
493 419
834 762
304 594
31 966
866 336
252 318
96 592
902 960
613 667
354 173
936 97
521 228
614 603
879 697
668 277
182 588
928 778
31 740
632 73
492 174
729 716
176 376
58 334
473 583
206 316
442 753
813 57
857 95
241 823
231 401
571 530
578 402
869 921
926 162
560 66
337 693
344 635
305 532
32 850
69 542
378 567
9 203
193 890
610 165
483 498
837 865
530 904
111 525
847 728
365 991
741 727
231 58
966 570
983 450
305 72
263 720
668 185
868 979
743 480
295 250
159 1
136 813
137 184
164 643
275 333
608 374
250 213
169 796
766 258
389 665
223 576
903 915
141 214
281 164
204 725
124 518
372 357
632 821
305 723
998 445
610 782
208 19
788 973
521 702
1 330
518 683
682 534
24 897
216 218
497 894
47 816
618 631
123 998
648 440
219 660
688 233
600 585
533 42
964 482
825 861
467 385
28 713
5 719
134 616
767 627
192 882
536 725
628 565
490 756
692 776
685 291
51 223
503 580
863 287
466 636
357 309
507 133
193 398
83 112
581 568
334 296
76 348
968 644
520 580
37 329
811 141
265 178
171 237
104 950
674 876
238 628
319 898
283 857
354 522
103 482
639 306
863 394
8 651
228 2
50 331
298 900
882 849
881 294
608 161
206 84
449 661
614 893
916 845
884 443
667 986
194 867
747 815
497 413
855 589
676 799
978 132
466 713
602 166
489 670
100 777
440 761
383 769
603 857
125 507
51 888
