1000 245770
1000
53 889
725 380
383 957
904 338
552 336
237 103
833 214
599 249
559 732
443 669
719 205
186 997
214 440
179 443
792 492
183 718
807 195
918 953
534 497
874 183
488 827
915 396
986 354
704 202
82 959
497 688
438 35
926 569
347 114
564 810
471 673
79 574
484 858
507 602
20 298
143 592
95 399
54 501
602 135
543 941
644 309
274 861
731 396
467 10
645 146
957 565
599 122
827 916
683 979
484 872
951 808
944 213
736 841
275 230
931 238
123 906
238 103
818 104
50 17
150 538
909 660
149 419
146 31
737 242
311 51
388 64
670 350
621 628
566 384
290 129
276 157
849 814
712 459
736 674
159 82
269 177
867 161
784 179
367 782
708 16
98 456
895 133
788 617
614 445
777 434
768 532
240 409
57 868
260 147
81 114
913 265
329 876
937 55
779 809
730 176
12 417
91 122
668 514
633 15
212 808
898 17
844 739
643 594
213 488
393 238
697 757
894 254
843 325
935 400
559 3
75 709
602 645
355 123
444 264
849 339
189 723
752 982
42 325
777 839
279 916
386 278
221 460
698 744
629 665
728 303
621 102
103 46
581 899
863 431
500 960
284 602
718 401
913 124
626 506
688 801
380 431
842 891
465 222
288 302
284 18
672 975
51 916
881 575
5 984
455 69
125 638
254 715
348 623
94 54
792 296
924 135
512 288
810 399
655 48
915 5
426 703
798 747
152 526
261 117
896 719
829 365
966 838
414 435
222 467
645 639
59 764
6 116
998 587
736 870
647 646
388 844
536 677
455 393
198 64
93 207
388 860
507 72
195 296
511 184
853 106
540 347
400 478
539 97
429 599
829 359
33 371
5 728
399 241
758 513
503 259
7 954
818 837
69 473
269 425
456 42
271 135
22 267
514 168
442 605
881 684
103 52
824 893
194 755
630 875
158 810
685 533
133 173
204 818
101 348
918 132
744 102
582 755
485 895
120 856
44 988
181 795
293 725
961 918
605 912
748 406
458 484
693 877
727 16
325 10
536 93
897 934
615 663
894 200
557 945
341 744
727 880
978 277
786 7
182 721
548 167
689 884
902 152
429 49
179 198
582 408
871 171
283 234
792 460
625 586
709 634
9 791
552 11
827 721
17 995
145 516
472 158
820 663
553 188
74 211
610 677
482 417
71 263
724 440
446 155
403 12
835 798
405 447
587 934
282 424
937 760
715 802
761 374
803 437
110 182
155 694
401 304
751 415
493 548
790 13
780 116
846 710
530 837
185 230
60 606
896 299
300 269
538 913
253 185
223 321
826 617
329 200
28 312
4 836
263 458
531 277
492 658
842 794
365 933
11 95
306 251
30 372
788 34
653 645
295 757
8 741
695 529
824 720
483 576
181 511
547 856
789 712
691 806
991 899
552 643
405 37
230 523
171 416
160 727
855 932
193 465
541 500
362 358
840 722
938 838
857 258
100 540
297 694
847 846
191 345
331 736
495 803
152 228
498 571
667 431
787 238
537 98
378 469
518 301
913 372
712 353
832 395
575 939
11 101
65 300
591 148
145 575
159 319
375 226
180 491
585 881
156 536
845 1000
425 16
813 493
193 850
877 156
444 531
241 54
809 335
185 773
303 928
996 53
54 623
946 846
484 215
753 289
349 694
273 711
654 761
506 767
412 259
74 806
630 509
72 384
768 720
378 124
37 78
673 420
675 434
812 278
902 965
649 74
238 450
714 304
882 289
299 968
594 675
911 60
65 860
629 269
880 224
888 726
229 850
71 41
20 714
915 504
375 305
364 986
108 183
653 848
607 338
92 39
209 625
108 952
162 197
302 530
401 426
456 392
361 698
852 221
649 423
718 578
538 254
963 122
528 951
210 721
731 508
428 816
347 616
28 687
60 44
947 235
63 640
506 99
345 96
594 491
4 566
146 742
316 821
52 576
958 285
407 676
409 117
719 811
175 214
198 167
724 541
459 888
758 240
283 64
184 431
529 435
329 4
727 958
990 772
636 420
926 260
994 65
242 70
371 128
265 757
664 383
203 205
45 57
658 990
566 922
353 494
919 440
535 356
478 793
624 353
314 626
662 137
335 853
534 537
716 74
217 895
641 558
624 731
143 154
243 131
269 669
727 809
930 313
828 745
238 950
835 366
457 53
744 700
740 674
276 682
585 140
394 51
574 101
212 742
916 751
170 431
669 160
250 587
168 337
407 841
903 759
490 941
901 403
302 553
620 534
756 300
866 108
441 55
614 354
309 954
744 488
364 855
976 973
399 736
534 838
604 621
570 284
668 73
941 456
406 438
635 54
327 61
161 193
321 449
486 472
418 503
417 993
949 987
188 626
980 384
354 432
758 1
972 70
100 370
516 148
799 118
858 388
213 63
549 554
170 294
892 723
885 632
355 168
210 656
613 639
632 446
321 633
388 473
887 397
544 809
19 212
746 766
99 41
792 970
652 843
895 416
457 516
386 748
718 861
617 159
193 26
896 460
162 390
896 205
956 740
995 586
183 622
36 682
512 596
485 687
287 710
275 943
817 794
872 857
307 651
396 417
655 788
289 390
392 752
353 567
16 427
936 638
400 49
228 848
457 225
14 308
390 10
969 616
138 394
764 660
90 235
506 874
96 25
576 65
590 507
19 420
944 383
461 684
3 522
436 749
500 741
460 235
482 504
257 46
926 630
421 847
28 61
622 68
663 61
802 906
109 34
243 455
443 444
880 267
481 24
405 397
996 853
821 55
319 566
727 892
470 987
1000 820
756 796
216 278
760 161
432 130
350 222
841 560
587 72
374 595
536 729
362 104
902 681
303 721
792 443
696 240
809 971
23 335
93 577
366 639
511 246
685 590
323 792
739 44
586 25
335 945
103 476
272 243
427 554
15 357
617 292
922 176
618 200
101 780
477 851
214 738
505 878
252 795
206 46
298 211
802 859
107 342
606 67
814 459
940 618
418 192
377 728
736 522
689 283
146 923
264 218
411 354
900 942
703 437
663 823
807 412
405 963
148 510
601 412
438 343
662 760
463 585
476 497
53 992
593 684
175 559
333 607
487 658
197 491
526 160
998 30
442 904
518 772
748 156
888 895
937 393
661 779
300 500
402 891
951 11
524 760
640 272
909 867
415 215
104 902
547 451
569 884
165 318
854 754
568 802
267 296
855 57
744 623
558 189
551 418
499 587
175 953
422 979
670 888
896 399
436 522
498 528
284 584
803 481
924 41
256 763
758 207
102 627
640 565
801 652
280 16
635 547
134 941
653 204
492 31
863 530
660 286
167 526
88 62
396 371
532 931
747 253
291 593
418 486
283 797
666 178
719 142
228 664
337 846
224 200
295 420
399 23
597 899
522 677
715 737
163 343
877 204
511 125
605 68
134 251
900 702
950 924
109 57
845 487
196 106
95 711
424 494
501 442
136 509
466 597
606 959
920 258
160 194
6 509
422 880
476 23
19 702
866 348
678 883
811 165
323 823
434 665
974 675
180 910
477 599
37 750
299 912
361 341
200 810
636 228
699 318
330 208
346 984
807 894
597 238
731 479
765 590
97 445
836 193
910 440
298 263
405 200
426 219
219 114
583 987
549 359
899 632
4 839
471 219
608 300
336 770
830 22
275 807
417 656
793 659
808 284
902 625
214 34
175 66
21 193
625 178
46 702
277 666
485 969
947 86
467 109
939 323
290 283
326 907
883 871
814 895
894 458
781 669
551 174
979 898
247 173
675 740
670 997
743 341
570 673
454 154
777 380
323 913
291 254
754 731
397 277
949 828
461 608
750 906
328 598
686 630
828 432
327 826
733 670
890 429
725 599
66 190
17 110
154 475
673 784
109 280
416 96
143 650
293 12
196 798
800 381
958 736
916 407
807 240
330 283
380 584
62 828
958 727
963 581
426 675
953 538
640 69
440 544
457 621
326 178
818 572
47 930
535 721
849 934
394 125
481 166
958 527
88 334
796 274
339 371
546 551
297 929
275 497
969 487
256 86
781 636
153 109
50 244
569 747
151 250
399 853
639 926
968 38
975 421
255 204
134 673
892 166
807 269
158 216
374 712
365 443
510 810
18 959
818 684
932 778
70 65
292 139
786 531
495 920
265 327
734 104
895 664
200 178
75 615
125 240
520 560
946 288
115 615
883 185
982 868
738 241
781 111
166 670
323 755
338 198
986 699
283 747
383 903
513 727
643 588
415 744
835 196
741 516
369 237
867 19
292 318
585 931
625 225
978 768
712 369
89 26
253 958
411 149
746 673
954 152
465 225
382 146
991 576
568 53
547 654
372 15
476 436
159 549
972 822
772 322
854 623
974 663
510 976
242 707
548 6
127 176
481 408
478 163
86 985
484 624
838 889
269 94
627 2
95 866
422 405
15 983
417 150
999 846
818 584
545 220
179 295
824 7
759 305
680 597
143 804
686 309
158 820
894 674
873 811
149 364
794 213
824 124
374 217
972 190
192 396
516 278
968 410
658 805
823 985
784 21
226 422
484 292
25 617
308 433
305 706
357 43
864 334
220 818
811 302
