1000 247913
1000
303 865
178 618
124 397
173 5
73 155
525 813
776 134
7 281
307 600
391 802
809 415
144 682
501 119
862 111
440 462
120 786
748 930
61 450
322 897
58 481
358 670
154 456
824 926
666 40
285 752
257 963
122 201
94 100
74 459
129 834
63 978
52 766
407 637
158 20
357 287
694 3
597 899
907 781
45 243
838 959
907 798
262 513
496 150
509 860
61 956
518 824
318 789
566 562
351 545
142 612
472 479
569 964
900 200
498 598
442 22
219 947
748 638
309 2
71 353
491 663
523 719
638 63
432 159
311 558
978 868
656 142
561 687
3 322
913 356
897 694
188 217
109 288
507 423
971 962
132 856
872 712
644 365
80 162
751 537
108 285
206 532
677 585
569 309
345 375
411 206
406 924
582 338
75 831
664 171
844 284
95 919
202 979
873 13
796 791
221 298
983 33
69 412
264 447
850 143
451 110
684 488
272 10
319 620
339 588
316 97
331 75
216 970
253 174
88 698
811 140
957 152
127 207
529 902
181 500
761 522
505 742
790 172
514 939
188 648
169 663
326 286
720 127
990 381
969 310
857 55
307 593
967 48
110 231
739 981
296 321
150 820
184 839
195 879
915 669
110 329
396 604
113 70
917 608
755 950
143 834
740 262
70 520
352 57
353 478
644 978
709 123
462 311
32 737
495 157
731 172
890 322
775 121
487 76
633 312
643 24
253 79
380 131
898 325
402 729
177 721
201 835
927 281
403 465
777 750
706 228
290 449
93 350
980 297
620 237
847 348
633 675
188 22
490 905
737 314
940 378
302 819
101 546
568 722
379 448
931 557
590 392
135 265
336 769
270 612
311 993
269 89
771 723
512 607
735 900
540 228
540 332
83 965
46 480
225 401
544 807
704 237
999 512
343 450
924 299
945 605
158 944
488 191
740 676
503 639
966 349
426 668
219 921
280 805
134 999
901 147
271 793
279 352
525 24
179 47
108 745
810 751
564 878
664 230
351 742
438 586
623 693
739 693
899 513
238 848
689 124
131 515
475 212
868 167
743 830
58 296
683 480
479 245
966 532
85 762
847 892
986 885
545 664
285 4
511 129
487 829
680 622
771 687
532 499
68 700
791 3
798 642
728 378
291 379
12 906
225 613
227 913
104 902
708 772
626 211
121 766
571 563
52 964
960 527
165 6
290 329
53 406
37 128
229 304
353 791
669 564
409 222
988 587
563 452
551 387
640 749
852 158
665 502
69 935
468 710
501 82
39 659
912 77
444 588
427 797
332 234
108 13
51 794
818 974
730 576
923 680
60 861
318 634
922 589
687 982
933 799
285 675
157 583
928 782
408 82
675 609
652 758
901 739
667 880
936 914
896 808
905 110
727 278
126 837
337 17
600 698
878 974
958 662
428 785
37 316
922 366
143 715
823 743
411 563
67 645
443 503
489 369
910 96
22 102
213 911
762 542
789 95
429 26
832 749
264 769
143 857
629 757
12 820
275 702
995 734
532 959
8 16
662 248
947 32
490 270
446 980
490 308
780 366
638 328
641 315
471 543
991 317
95 93
721 875
127 71
758 132
384 556
599 230
639 623
203 242
741 714
708 507
725 675
448 13
915 169
80 959
895 457
54 865
946 82
397 529
422 686
394 277
224 980
176 325
998 160
19 400
339 337
267 430
704 666
325 421
59 265
411 597
454 532
532 55
663 775
677 177
961 279
634 389
825 992
121 549
821 95
300 337
678 832
719 252
568 930
944 587
588 424
838 745
742 524
582 743
198 483
599 707
751 694
953 111
38 171
483 880
544 322
166 908
678 287
447 271
488 778
102 468
365 986
71 631
945 609
629 834
697 453
408 870
799 852
365 221
598 286
581 86
188 392
254 500
174 149
469 122
526 269
561 308
491 12
870 16
347 886
609 732
759 171
736 920
446 827
110 286
800 49
118 299
980 129
332 597
924 67
793 485
377 940
72 871
543 258
631 469
465 395
397 87
578 168
608 548
620 790
24 745
28 695
544 584
478 626
279 552
349 919
579 134
795 681
567 913
105 342
660 156
288 899
821 502
197 551
836 11
687 571
725 245
849 41
323 275
759 879
495 90
133 74
386 243
510 241
620 173
131 862
111 719
191 375
195 658
213 179
394 883
85 767
343 59
831 761
808 912
862 347
543 677
6 195
575 77
801 446
899 749
435 722
900 896
857 683
540 837
962 688
536 574
395 585
976 711
248 928
445 954
244 559
153 36
923 579
500 686
27 201
808 255
88 575
879 954
809 877
261 583
751 188
292 857
603 453
309 445
790 345
662 136
126 899
12 25
321 808
298 153
575 277
385 278
411 424
809 877
883 352
49 823
899 688
971 533
725 540
346 324
986 838
922 98
222 266
229 593
167 994
753 708
507 998
529 372
629 296
44 38
665 125
502 548
715 416
811 777
460 453
740 642
183 161
209 397
535 896
629 474
691 396
903 143
396 490
333 40
737 634
362 557
379 184
920 221
271 905
795 821
329 42
149 55
930 967
487 501
774 874
284 642
99 955
865 835
1000 369
835 990
249 837
372 978
742 814
166 885
742 433
807 184
932 900
646 984
114 727
621 910
174 246
29 755
170 74
645 555
966 680
57 39
976 728
763 129
210 589
562 471
996 463
629 786
515 660
270 981
777 802
980 457
787 147
137 784
693 54
873 635
565 140
484 694
632 380
92 185
713 344
852 910
972 532
848 924
677 389
324 509
549 291
431 624
21 628
299 589
135 130
580 682
908 509
445 966
790 970
954 339
688 684
483 996
959 19
350 492
191 396
564 750
339 862
219 845
228 640
253 174
157 406
681 999
603 889
517 720
155 30
314 103
680 286
122 827
823 631
643 278
271 701
276 436
591 756
920 829
847 169
436 882
458 625
29 317
788 711
899 767
949 389
893 352
99 12
367 708
520 140
382 954
134 94
201 839
111 562
327 421
267 880
890 434
643 473
287 638
788 640
252 584
207 405
639 584
828 473
317 935
738 978
106 14
260 575
622 147
574 228
108 111
153 204
92 282
6 712
193 3
327 118
731 162
433 817
444 892
213 618
918 854
753 652
99 565
63 817
811 167
811 759
803 789
536 227
664 90
10 172
75 430
453 46
550 655
45 341
593 133
244 450
482 152
474 54
514 551
965 798
220 397
628 887
976 916
387 75
479 145
344 828
152 878
59 281
869 606
951 436
363 23
186 738
886 773
403 576
211 319
990 398
663 976
845 379
743 96
412 532
289 808
161 594
593 857
194 655
558 83
56 735
695 471
927 646
5 713
985 95
187 226
859 276
514 832
416 740
742 651
805 198
993 429
525 718
69 126
655 561
368 780
738 721
639 80
375 860
689 99
428 579
558 670
318 283
251 81
226 690
433 857
412 983
249 811
959 559
626 256
358 925
996 561
618 591
747 356
393 127
735 263
126 376
308 772
107 389
804 977
116 9
47 196
93 968
195 786
448 33
480 438
386 437
211 479
752 197
531 337
398 58
973 514
82 197
521 67
242 310
490 386
684 412
163 454
352 14
984 686
404 292
355 175
535 936
663 154
127 801
170 163
697 474
781 699
792 206
193 6
489 897
899 164
796 758
851 96
427 232
708 123
598 710
420 707
896 445
274 461
27 463
282 487
945 952
886 68
811 186
37 160
943 703
534 528
624 603
117 640
981 490
736 637
318 898
700 794
916 537
493 253
246 125
407 398
98 338
338 759
528 530
544 603
79 244
25 119
918 4
280 994
783 988
678 647
885 319
217 952
597 642
317 742
664 648
476 541
28 771
536 712
315 195
376 254
285 344
920 422
974 304
930 991
575 406
723 558
483 704
917 216
3 597
30 700
200 668
785 973
724 215
986 27
173 672
967 485
102 797
686 648
957 106
890 107
113 588
612 715
448 313
923 720
414 419
527 493
892 928
513 20
485 162
239 445
678 293
525 805
787 469
876 975
285 844
206 303
573 243
463 163
126 475
49 915
151 332
126 289
995 249
482 850
93 154
587 391
441 548
77 601
86 251
356 149
790 25
588 854
950 276
605 925
165 860
363 98
803 1000
304 696
452 133
739 558
329 534
658 73
901 829
208 26
707 981
104 327
406 319
596 321
146 58
90 818
749 204
213 371
794 315
755 177
162 39
321 513
983 439
882 754
742 232
581 435
425 218
677 737
212 498
355 803
620 174
390 246
611 234
751 757
288 38
262 141
907 916
733 414
646 806
555 667
162 13
822 101
458 12
16 214
336 525
703 84
409 252
927 81
112 987
200 337
597 961
486 542
639 267
789 96
549 728
374 869
490 997
465 867
444 279
748 510
535 346
363 29
750 376
335 612
928 45
892 345
257 177
282 518
81 715
774 510
99 923
684 230
415 153
535 259
407 43
502 891
619 199
943 127
89 653
892 847
513 765
535 696
960 419
199 496
360 505
877 392
389 324
644 640
654 654
780 562
203 228
535 752
56 66
83 374
815 573
555 512
719 570
555 149
217 361
278 987
243 913
249 678
162 981
905 596
813 172
91 106
936 913
