1000 252475
1000
725 973
531 487
548 514
190 253
311 731
984 417
441 546
361 694
613 412
813 183
639 121
982 568
827 57
840 346
346 181
858 735
504 190
918 767
723 159
960 572
289 846
975 549
203 921
978 199
695 973
173 188
663 688
373 448
668 649
995 405
715 502
980 104
351 941
973 455
703 88
257 114
477 380
503 317
445 495
568 456
319 908
43 458
7 178
764 523
754 308
948 304
649 117
401 111
972 506
439 563
676 659
938 223
25 506
697 98
940 302
918 189
370 659
165 586
688 839
628 571
294 320
595 151
474 1
815 797
674 394
95 298
324 859
186 273
283 174
458 741
862 593
565 507
731 849
24 545
967 234
558 166
594 974
514 166
158 190
265 61
885 608
410 337
896 70
118 345
901 329
980 177
415 178
759 27
224 945
288 725
673 443
327 831
300 605
570 705
885 984
3 519
987 227
675 804
607 214
84 50
347 218
135 577
906 544
261 366
870 465
260 208
993 462
185 764
81 884
507 112
733 678
627 94
528 960
163 632
951 718
301 551
497 417
389 319
398 775
303 801
694 328
654 35
850 647
516 724
23 167
232 548
964 222
711 956
937 917
205 131
4 683
699 343
243 23
741 16
629 53
745 348
33 76
499 295
379 8
896 794
254 237
608 188
301 7
423 609
641 795
59 296
594 448
691 645
351 721
720 367
726 127
396 153
36 960
764 531
170 748
903 935
503 777
764 476
73 345
69 914
178 998
104 414
285 867
162 752
94 244
567 985
271 81
81 701
873 500
271 596
363 328
645 434
50 210
746 73
598 631
696 508
92 126
837 597
698 778
963 893
252 476
258 98
735 629
86 642
810 701
546 144
892 538
402 334
757 542
864 885
520 385
222 749
628 309
529 89
932 481
798 656
389 78
570 223
590 845
205 892
900 609
391 308
113 79
985 656
848 894
368 847
20 737
677 822
461 465
620 230
179 367
37 435
535 242
716 129
159 105
848 667
457 646
970 444
800 490
680 422
733 658
611 931
663 337
89 42
36 230
451 433
276 661
135 13
62 364
951 649
841 543
594 210
683 669
180 347
456 906
295 861
832 379
669 475
735 394
665 234
204 617
210 17
330 516
827 722
514 438
82 732
788 214
899 937
1 31
608 617
850 57
203 116
195 59
977 67
250 845
670 429
173 623
48 982
779 315
270 748
178 242
618 753
736 884
339 487
707 149
803 232
320 877
583 880
630 26
853 559
482 658
614 923
761 69
560 107
942 892
361 922
728 847
709 469
329 935
147 195
949 52
364 470
674 599
330 776
554 165
698 41
822 666
22 993
826 35
816 195
883 774
891 996
214 175
647 662
185 405
493 352
162 295
854 736
194 605
611 158
71 303
278 59
198 974
504 814
510 657
887 342
211 928
580 691
180 624
302 418
741 955
838 645
516 638
724 467
702 503
185 521
456 783
83 889
687 167
71 711
956 800
798 722
538 489
168 770
146 428
75 208
678 475
715 259
403 234
607 202
750 715
50 65
646 914
676 426
681 260
957 104
70 325
505 440
632 687
162 690
119 408
814 679
960 130
309 468
440 248
866 780
164 219
748 321
203 192
551 244
205 360
812 218
477 273
549 903
925 140
184 820
919 303
720 553
994 290
533 718
104 540
303 283
559 224
263 467
202 48
800 915
641 567
381 771
153 149
829 569
65 693
272 461
327 246
960 733
823 8
961 194
601 846
309 57
930 591
453 684
752 207
861 501
449 805
511 755
721 75
345 720
46 698
7 755
634 718
64 440
568 444
937 976
661 361
450 966
210 245
592 824
431 605
812 467
27 319
8 386
330 280
359 489
376 93
249 654
538 162
575 422
342 212
165 817
650 551
243 675
522 19
819 182
381 410
319 433
780 205
181 449
334 208
542 939
33 540
517 497
979 849
198 739
11 996
743 991
32 686
657 558
685 943
351 11
168 915
513 804
601 432
812 635
110 581
678 548
451 958
925 312
940 250
177 197
896 832
641 734
989 85
411 130
393 135
744 648
322 908
544 634
264 939
720 221
762 410
3 850
731 104
703 90
63 462
680 889
231 709
474 154
217 801
189 886
164 118
645 587
431 492
16 470
428 109
255 718
65 260
918 766
151 610
301 467
90 237
695 877
599 471
901 70
807 244
430 621
983 987
402 901
19 177
293 672
789 196
339 956
331 31
416 407
455 819
406 931
311 243
802 581
776 624
907 506
949 955
866 252
408 261
848 671
222 268
653 920
673 335
418 376
4 766
238 273
721 378
882 445
689 433
427 240
682 743
268 189
62 567
124 400
431 795
92 326
672 648
986 85
462 65
312 955
275 40
428 171
253 170
138 414
137 825
639 423
245 856
260 160
37 251
342 81
945 964
908 161
928 375
982 784
551 745
446 134
43 695
494 468
783 367
507 342
287 268
17 492
457 549
798 756
231 118
367 978
216 787
445 713
392 192
977 766
351 821
103 930
621 234
367 411
641 680
295 797
845 559
658 134
221 587
583 788
736 10
165 94
375 536
349 134
903 115
557 508
678 217
903 233
655 687
159 78
61 572
221 705
181 649
497 389
755 48
918 608
137 248
929 298
326 260
458 709
95 70
130 353
783 377
949 845
523 750
476 273
360 452
9 13
172 655
913 370
650 873
727 286
146 194
848 91
247 185
472 891
19 649
389 838
110 983
432 789
635 114
816 498
505 64
272 736
279 383
569 98
163 108
334 674
9 760
349 431
459 727
39 336
144 531
905 278
237 270
245 972
139 867
541 52
61 753
575 841
580 371
506 275
510 94
992 747
928 616
820 842
435 217
28 330
487 529
273 365
930 242
69 204
750 324
335 484
789 737
39 152
516 416
383 439
667 526
573 670
440 483
373 442
699 618
505 734
145 798
560 903
503 695
433 349
79 739
791 557
268 355
254 475
255 82
957 402
850 666
444 166
420 895
807 19
492 376
587 457
338 814
581 364
818 469
131 955
516 817
120 570
671 287
813 858
599 921
429 127
713 319
999 667
91 372
483 831
157 968
93 343
779 143
697 745
191 217
748 895
81 280
663 192
940 352
372 392
50 593
488 920
297 992
714 601
812 632
537 977
627 54
749 179
964 666
400 904
787 962
665 935
763 174
951 889
844 428
313 847
855 875
450 890
726 93
79 699
387 343
544 2
305 808
735 358
516 776
59 938
977 61
142 855
488 938
113 261
34 242
42 194
535 561
118 215
856 773
771 923
574 721
771 116
698 488
342 3
577 293
142 177
843 187
932 377
207 146
275 837
268 247
297 292
390 194
958 925
953 309
884 324
895 477
984 699
493 870
356 90
417 596
444 484
453 246
172 725
112 248
899 201
918 733
114 508
477 33
567 614
90 297
453 16
292 848
770 819
171 839
470 125
205 130
967 517
167 610
318 422
174 391
733 438
243 700
935 162
170 301
449 944
255 313
294 309
424 329
517 696
720 393
433 539
334 143
222 409
570 528
549 402
660 674
657 654
767 408
378 615
360 748
736 177
866 763
798 453
60 541
812 456
934 78
287 503
255 808
700 778
548 420
777 845
689 328
700 582
593 215
506 229
369 828
215 358
983 444
250 945
300 542
811 879
307 92
945 99
768 180
557 970
971 777
692 361
325 974
916 991
427 356
35 735
840 713
899 866
751 128
319 211
698 46
118 692
613 903
60 671
373 12
485 758
8 977
878 89
858 141
437 900
697 88
451 117
569 361
826 931
187 20
282 178
189 137
509 282
21 887
742 123
653 300
992 810
210 272
965 46
522 294
405 727
991 146
55 581
748 76
607 802
591 867
68 768
66 329
250 29
650 419
65 768
800 620
176 342
152 838
556 324
494 70
686 716
671 226
800 239
536 674
245 476
951 702
124 167
800 940
736 981
706 725
174 856
123 317
287 39
563 200
761 585
697 198
959 317
277 757
621 437
337 382
530 96
857 133
935 374
617 124
397 653
478 25
139 885
294 786
689 71
848 975
979 290
205 744
352 132
895 675
720 570
911 89
296 51
522 865
136 915
816 920
119 20
733 271
621 535
355 221
541 689
711 432
138 256
509 896
705 359
38 286
294 572
890 171
493 195
320 923
162 923
792 78
729 357
613 981
793 601
455 904
559 959
312 907
497 901
438 17
582 826
782 241
673 837
739 410
521 642
602 356
136 214
538 168
773 614
259 982
876 978
946 55
842 716
442 394
505 17
935 120
251 964
132 139
274 83
420 636
326 812
421 748
747 113
695 638
517 11
436 406
847 885
649 536
176 55
987 975
323 772
933 77
867 861
726 747
272 84
668 534
231 625
304 697
371 717
134 163
362 846
642 889
741 322
923 360
741 764
891 638
994 870
146 717
957 788
25 779
13 85
249 716
177 567
591 676
743 559
311 909
241 943
373 889
61 839
428 463
364 315
518 288
868 825
669 982
154 33
17 377
186 808
209 266
884 804
230 22
918 924
116 884
769 833
374 424
151 619
599 364
705 645
626 718
132 471
271 566
833 643
197 835
195 246
297 109
179 239
710 452
361 350
