1000 248440
1000
399 428
983 761
828 905
15 173
168 154
18 638
449 774
271 960
113 403
612 632
465 361
541 227
652 43
677 733
864 786
529 539
298 337
867 503
718 889
77 607
271 290
857 743
991 144
544 299
406 792
804 484
212 887
505 644
900 358
959 93
99 501
287 280
710 752
30 143
107 366
825 987
418 26
822 310
867 987
54 748
513 12
247 207
674 941
307 795
145 365
663 364
20 740
570 611
752 593
109 447
646 120
52 803
758 668
888 473
221 847
476 213
558 952
90 413
160 148
172 306
469 32
317 139
886 884
751 606
982 519
353 264
359 423
158 304
439 129
797 595
300 413
714 34
994 391
463 335
223 30
706 933
892 256
785 783
514 826
155 220
312 891
970 927
327 597
128 880
946 365
432 583
374 647
798 383
359 655
181 224
691 953
140 433
668 710
974 235
613 564
286 436
513 56
356 768
18 145
599 878
711 270
331 84
525 196
953 113
615 994
740 744
117 244
360 322
74 551
2 561
313 533
151 197
576 377
285 357
202 950
463 769
947 946
592 297
831 247
722 722
952 984
487 327
76 685
938 838
639 574
396 448
56 812
136 428
611 116
995 3
839 752
580 423
768 500
777 455
233 935
294 897
829 369
799 767
135 386
194 863
520 348
74 756
374 959
286 242
202 217
804 949
979 96
2 211
735 349
888 257
782 192
24 677
699 65
822 810
237 688
547 18
189 606
55 951
626 485
176 960
400 727
960 373
238 30
461 171
239 515
680 738
244 356
321 8
763 723
588 701
937 383
950 908
889 535
554 482
725 34
594 185
303 177
31 431
342 823
813 852
579 598
944 572
419 470
365 340
805 107
245 263
760 756
641 102
814 240
435 244
277 311
725 762
999 912
459 139
579 290
263 400
856 625
285 625
858 209
575 231
963 197
805 490
642 249
398 865
410 366
144 850
414 238
601 502
549 16
563 472
58 256
789 373
639 848
360 475
821 847
234 432
90 638
976 209
525 218
371 895
801 567
950 994
464 1
48 230
27 779
659 718
897 96
962 649
587 779
401 856
168 359
312 231
893 64
734 91
150 607
559 564
117 696
994 608
723 827
998 981
270 294
643 308
81 389
75 361
914 2
404 763
505 406
242 447
348 215
929 978
733 460
8 576
111 585
293 271
212 480
671 781
692 642
178 715
290 790
695 824
841 509
966 271
498 646
754 396
71 630
874 11
782 549
273 307
48 74
853 926
123 660
362 187
272 839
868 558
85 11
794 200
806 136
849 514
106 514
152 746
342 189
414 861
65 96
654 392
430 661
125 154
733 167
677 552
545 131
950 772
66 521
922 375
227 193
710 28
515 547
667 228
64 218
844 730
239 201
611 325
445 853
95 175
414 893
818 928
428 997
923 689
585 346
202 523
855 892
744 145
91 810
774 593
812 750
258 728
164 628
338 115
424 701
627 214
623 732
191 857
14 524
562 154
230 403
848 190
477 305
780 37
830 458
638 14
325 825
67 73
755 97
849 977
715 157
40 179
462 553
295 820
397 977
706 745
142 815
802 86
491 410
921 801
421 280
633 804
850 146
170 450
501 801
549 187
726 868
715 219
230 128
98 11
61 92
311 440
270 163
662 82
220 804
24 770
582 822
449 150
462 330
904 111
402 873
977 404
866 103
501 586
358 279
740 183
348 786
151 119
614 515
897 335
242 758
579 964
495 633
520 676
523 802
464 624
379 511
3 273
579 629
30 18
869 362
541 716
973 313
174 158
427 415
286 994
59 825
61 421
517 845
600 436
779 844
806 708
828 332
78 524
662 943
427 796
375 910
348 666
271 268
672 556
364 905
776 247
605 756
240 75
120 976
814 327
692 293
542 67
906 653
255 999
369 17
310 141
882 183
112 726
84 143
40 818
560 825
498 288
279 498
764 982
504 390
659 604
981 676
253 459
497 304
498 589
649 653
740 975
360 846
134 264
859 429
840 341
43 368
359 498
266 851
49 944
652 180
488 106
513 952
384 527
316 190
676 326
404 535
696 765
737 55
942 284
667 127
206 48
925 40
700 75
87 944
937 810
638 994
481 635
869 728
147 979
961 304
912 638
676 518
133 879
750 794
513 568
637 29
80 142
815 421
664 119
192 920
455 680
634 172
246 801
278 690
165 885
501 880
690 775
586 681
803 164
921 723
591 1
967 894
754 758
449 957
441 642
641 569
479 859
325 478
848 732
11 627
840 39
814 271
428 961
670 359
276 664
102 735
590 920
714 276
944 616
158 5
871 406
143 473
722 119
380 973
484 627
857 561
685 352
161 619
232 277
605 901
965 921
631 191
864 501
997 40
926 299
851 27
545 303
789 986
728 589
96 922
954 793
328 455
927 599
272 359
989 974
716 51
458 64
295 650
992 488
474 950
128 477
979 903
749 189
250 330
534 454
354 278
650 115
233 826
909 347
135 413
822 16
999 377
254 806
679 974
664 506
568 144
610 264
9 488
68 839
98 469
894 209
116 291
833 964
395 870
592 3
576 766
689 44
792 437
75 856
986 829
571 709
478 179
381 503
989 230
124 995
948 347
773 753
797 255
764 582
455 887
49 850
500 264
331 716
212 672
586 231
614 390
348 731
898 856
436 809
517 501
271 624
884 246
618 422
8 949
717 225
441 586
792 288
737 911
386 797
476 996
371 427
975 867
228 443
716 159
949 495
214 629
210 682
123 260
185 577
8 595
147 905
524 214
902 222
239 597
280 600
332 1000
325 927
306 900
800 964
243 235
167 649
341 805
959 345
418 397
567 809
205 221
806 537
923 861
885 143
504 509
792 21
754 417
960 219
13 622
447 856
327 949
942 850
269 247
437 785
843 657
356 672
798 707
800 665
29 115
32 366
932 657
224 274
939 108
258 105
223 833
302 26
352 473
617 965
957 716
95 618
98 531
795 546
957 416
213 978
368 45
904 621
446 329
669 594
600 105
370 880
6 591
470 733
818 131
39 467
347 920
891 149
431 572
53 388
336 990
657 120
374 241
13 346
956 823
82 187
906 10
393 919
304 639
868 188
360 832
786 66
163 363
280 873
583 633
461 614
236 483
215 402
824 427
58 144
737 779
298 669
340 265
40 985
650 137
810 981
352 777
507 698
668 890
833 847
83 954
515 805
203 329
248 717
823 433
366 891
713 191
110 952
119 249
913 685
19 346
755 499
944 398
347 412
950 687
729 762
956 525
19 456
892 861
380 153
909 435
654 510
368 264
545 685
427 236
882 424
555 177
13 810
358 468
983 350
174 612
543 385
310 908
159 974
81 869
216 554
314 970
280 530
377 232
964 532
730 490
732 511
708 847
168 867
146 209
808 332
661 12
948 944
906 26
547 184
838 434
11 989
519 985
598 256
665 521
517 808
183 517
602 563
825 524
741 369
509 578
789 341
288 742
3 371
623 360
967 381
994 761
729 375
117 136
689 313
858 401
444 754
144 624
888 897
543 313
373 727
539 305
952 174
965 765
39 140
220 449
628 520
286 490
608 552
641 548
348 576
886 618
600 471
472 238
903 30
828 129
238 967
49 946
538 271
899 386
507 337
204 566
208 295
6 603
582 823
485 408
182 82
97 529
731 390
587 628
785 852
119 944
794 982
547 990
669 947
584 850
826 325
260 385
247 270
941 348
333 654
448 384
689 285
502 875
641 139
532 32
45 697
277 738
42 659
253 765
985 273
388 262
567 576
545 389
733 497
61 80
365 424
919 471
460 495
498 595
560 431
465 708
526 356
910 272
371 977
856 612
549 276
453 27
652 905
703 211
956 590
76 651
58 422
848 909
860 627
183 137
232 27
996 22
880 151
873 69
374 111
150 423
73 253
418 597
222 948
383 177
957 785
598 535
118 74
253 554
270 209
133 505
814 843
554 986
151 25
367 175
635 746
546 183
913 421
941 342
351 752
175 589
23 633
271 84
525 228
15 581
19 164
93 90
645 846
58 584
824 323
499 896
618 4
679 305
651 10
276 98
428 411
926 522
319 699
158 688
637 700
280 645
552 562
898 349
410 768
129 96
530 880
72 720
743 614
217 821
486 823
473 983
329 786
830 604
178 767
985 312
746 96
813 106
968 411
13 162
167 898
456 14
32 833
488 999
663 726
393 819
584 244
43 405
250 230
288 903
49 664
140 992
678 143
861 58
991 370
432 259
149 791
846 517
499 427
427 680
373 963
596 945
62 141
637 529
331 283
599 540
305 66
350 616
425 731
440 79
37 806
570 691
188 339
202 734
229 196
175 582
111 124
755 278
254 396
57 810
378 956
541 833
78 828
594 428
550 495
325 693
304 189
172 882
816 187
865 501
175 691
847 633
156 521
985 846
477 17
983 709
965 76
861 341
536 729
309 786
921 313
131 583
785 230
269 965
425 374
545 46
419 940
452 880
832 659
605 129
131 455
460 127
519 163
822 626
468 128
538 583
712 339
492 808
7 497
77 463
600 91
63 770
86 392
235 459
532 36
629 413
473 425
704 960
352 56
260 695
110 595
161 890
258 837
