1000 252168
1000
401 830
564 441
227 307
589 419
747 847
790 132
671 735
134 202
792 711
772 364
803 456
642 946
404 549
294 731
430 593
851 352
965 974
718 767
315 260
774 383
984 383
507 639
247 374
801 907
162 61
355 922
909 799
631 1000
864 603
512 188
32 824
16 809
721 195
59 855
274 598
603 428
480 693
89 202
221 725
16 388
194 274
982 755
971 892
799 121
97 214
193 639
877 547
956 527
403 24
232 58
895 748
233 583
318 14
633 665
635 2
368 993
330 553
927 71
219 420
346 986
599 447
230 473
398 379
829 6
83 818
379 283
374 74
191 343
122 794
120 665
39 630
846 397
250 727
51 566
1000 818
946 650
458 722
264 910
919 475
470 351
626 117
746 856
827 419
283 371
458 563
453 9
580 177
62 766
946 5
722 201
894 578
167 491
185 797
561 941
610 16
356 887
554 537
199 658
430 28
856 960
184 894
307 164
875 445
875 507
726 236
783 650
811 383
844 45
706 346
738 607
178 673
696 468
906 542
198 481
622 301
859 673
977 518
331 441
844 226
981 854
728 997
135 690
773 370
104 613
378 748
743 56
71 84
130 251
463 555
159 780
777 531
480 925
406 290
650 29
570 110
920 913
798 441
920 228
35 535
873 428
178 576
202 578
543 690
701 820
923 817
807 962
757 252
131 836
749 807
200 315
279 225
492 647
893 978
447 531
78 605
522 264
395 804
33 572
602 628
974 148
17 330
304 441
898 41
939 337
169 736
884 303
150 235
41 416
916 249
871 722
865 719
440 930
65 56
203 659
293 555
391 447
463 383
252 867
29 864
178 527
6 54
670 976
421 309
471 131
463 797
242 99
915 825
548 929
531 696
46 46
714 188
281 18
734 720
561 709
309 440
297 255
163 98
846 500
44 266
431 13
756 72
897 660
444 952
369 780
346 499
961 840
491 531
369 646
951 409
693 252
284 770
411 671
612 878
351 290
800 816
981 405
565 934
500 343
615 912
384 791
799 844
617 593
87 506
860 445
40 415
875 455
593 121
4 331
889 57
918 311
947 687
323 445
214 678
755 432
309 200
964 455
414 204
915 940
377 905
703 737
350 705
716 853
252 145
4 613
246 473
722 231
93 709
793 271
512 91
239 522
303 638
530 762
61 145
373 486
343 509
360 979
1 212
21 109
272 287
457 587
351 168
825 55
812 953
902 467
688 677
468 877
258 722
646 549
886 180
242 273
354 175
795 645
534 36
373 721
632 445
745 83
327 22
520 897
860 269
549 863
829 30
48 900
334 583
802 832
526 11
800 395
671 619
161 890
220 822
752 929
260 978
43 94
448 659
58 665
285 510
930 786
189 697
352 93
422 612
801 130
144 135
529 716
405 504
910 406
653 550
769 364
851 517
278 371
244 687
805 196
638 32
994 927
828 494
283 550
87 290
144 672
491 722
488 869
748 900
107 825
747 793
432 651
451 822
927 943
51 774
803 288
734 646
442 549
703 347
23 884
207 94
304 479
548 971
382 776
329 46
857 828
926 546
419 369
133 916
646 653
145 741
349 793
839 359
644 754
229 976
483 736
998 16
286 428
732 461
305 339
95 112
728 151
388 176
808 479
991 306
682 692
394 297
581 820
889 86
578 100
599 310
808 601
926 128
324 649
641 644
482 345
208 334
7 368
938 65
366 22
731 747
70 30
400 999
46 855
693 918
52 460
227 148
373 375
240 53
646 559
60 100
66 685
855 716
76 944
400 618
403 927
579 946
285 201
369 948
123 524
1 66
951 63
399 239
235 354
894 636
89 845
214 753
149 574
990 147
546 694
664 106
357 275
500 214
319 597
906 921
412 333
721 602
305 675
18 577
195 620
447 242
141 843
733 667
431 680
648 574
608 428
875 626
958 325
503 187
387 132
258 80
131 141
163 831
95 297
104 54
3 946
247 85
62 606
370 488
423 87
860 440
504 371
869 49
531 428
305 157
975 449
222 241
343 126
562 785
542 398
374 21
101 667
600 935
130 623
601 16
483 989
602 262
961 156
299 703
780 804
984 712
11 64
849 557
168 213
72 919
837 952
522 424
251 439
907 557
983 84
522 687
162 457
515 986
377 105
800 858
611 658
189 124
291 838
175 323
44 884
16 264
252 84
311 241
259 32
36 429
901 888
669 384
175 869
160 6
249 208
51 697
507 254
865 527
908 146
982 40
196 586
435 290
425 530
926 530
909 265
744 242
107 277
514 766
316 42
457 923
695 368
263 986
548 898
800 160
217 34
782 744
311 633
999 743
956 559
333 578
755 248
532 974
749 467
418 490
30 574
296 68
700 88
600 85
718 708
938 551
749 967
522 293
8 222
888 477
155 895
303 26
199 359
884 62
354 356
467 173
872 622
864 432
843 173
52 465
277 330
316 618
426 485
599 708
147 732
583 719
694 380
750 703
912 236
969 44
820 276
234 341
907 386
372 666
415 189
687 744
128 74
610 196
423 9
840 481
739 566
551 388
803 919
823 586
168 881
232 138
892 906
817 956
805 572
972 750
831 863
309 67
202 884
46 238
529 746
96 687
165 115
4 971
969 544
172 393
373 852
249 52
6 940
617 462
250 100
489 753
730 872
49 502
669 886
303 755
201 156
4 8
513 30
834 737
732 68
764 177
729 845
662 163
565 952
321 535
983 371
650 270
759 822
158 527
374 959
641 489
514 660
153 794
828 824
200 13
12 242
555 998
671 749
477 256
857 739
88 426
471 765
62 925
497 274
826 525
589 936
951 69
679 977
525 722
690 880
599 754
627 251
703 50
1 83
447 121
114 303
651 575
730 206
548 679
900 713
716 995
950 851
179 752
381 990
424 861
912 558
86 127
788 200
276 950
353 345
719 609
645 454
15 740
931 326
602 456
177 146
733 10
318 767
391 972
553 591
44 308
60 420
859 292
779 683
471 777
617 33
985 720
193 522
400 718
56 568
628 228
750 517
33 861
592 508
301 921
628 872
471 223
817 895
59 872
869 803
227 64
654 521
251 409
329 298
454 289
372 943
280 574
143 737
716 197
505 344
176 467
162 790
451 47
18 497
357 710
866 217
467 885
786 418
180 371
51 916
86 770
783 359
112 722
156 194
508 246
172 637
18 66
12 606
641 569
251 494
225 728
65 419
271 851
848 649
451 940
461 801
953 646
156 952
904 874
679 284
843 457
266 146
850 617
963 132
119 844
195 179
232 439
40 588
675 912
424 791
244 338
670 50
467 234
554 572
991 623
256 145
839 552
960 599
522 185
689 687
583 516
232 1000
435 912
188 937
191 278
625 709
563 619
900 159
902 873
565 440
656 145
257 794
23 638
183 869
705 192
529 222
6 373
65 919
979 954
803 720
174 911
842 493
799 643
480 784
463 892
718 21
732 914
65 929
168 545
756 575
815 929
33 728
80 670
793 997
83 905
846 38
107 705
17 409
356 987
230 879
812 180
303 138
21 89
773 374
444 189
819 989
724 329
508 111
838 659
206 70
159 905
956 385
146 719
398 156
924 366
33 814
83 100
930 601
931 192
370 35
203 912
711 457
386 274
337 220
554 705
934 425
589 461
571 772
549 826
949 868
920 776
123 54
330 233
25 861
123 388
426 966
831 498
466 617
788 957
34 965
726 55
513 758
588 231
52 716
171 540
713 50
477 605
299 67
264 676
591 518
409 987
70 112
209 237
542 454
563 966
974 139
531 770
991 485
553 585
928 81
342 65
403 224
665 478
870 97
748 137
213 723
902 162
204 471
283 31
469 646
784 21
265 172
950 38
220 278
588 928
930 275
846 374
523 189
622 930
15 794
285 554
886 235
648 481
272 143
147 243
226 372
140 836
904 767
817 732
940 373
443 813
488 546
626 725
20 776
302 982
458 355
877 407
386 151
172 58
502 684
586 265
914 434
697 871
539 125
330 885
399 902
418 746
328 197
717 918
469 857
561 15
26 599
538 839
778 773
535 14
50 764
304 63
51 49
599 174
896 300
756 277
325 212
670 164
818 841
473 28
16 765
946 381
665 14
771 489
941 746
879 322
859 899
334 101
36 322
101 863
197 96
859 399
872 882
699 943
191 87
830 340
463 289
566 997
618 445
41 282
945 940
264 735
175 882
871 210
603 504
572 944
602 492
309 220
508 268
339 319
970 778
923 714
99 891
819 196
782 908
248 67
863 848
245 410
699 467
355 38
750 243
623 635
607 322
426 215
374 798
808 217
544 889
146 371
754 926
566 352
624 109
702 449
811 59
409 11
988 568
857 641
821 10
745 906
144 654
820 685
813 231
811 980
998 892
878 446
26 801
410 8
957 369
280 533
686 66
834 740
830 596
632 136
608 130
566 145
280 731
23 926
675 11
834 315
892 429
893 453
17 761
774 133
953 756
602 424
896 257
119 830
260 874
5 556
854 681
972 941
148 335
206 293
940 109
381 379
628 463
169 519
781 646
192 944
166 914
155 242
143 345
540 366
477 888
110 437
86 571
150 37
494 115
759 313
958 435
690 165
995 472
