1000 260793
1000
288 834
967 590
987 327
246 883
444 688
809 111
430 395
818 496
616 401
285 812
84 998
944 105
446 848
927 523
330 870
290 857
631 149
616 995
146 738
878 580
359 988
681 152
787 195
7 746
101 344
740 888
486 592
480 382
585 218
579 844
465 593
798 963
447 453
1000 105
490 575
17 559
544 283
324 324
522 497
387 850
206 830
124 858
292 306
513 781
702 734
167 701
826 287
978 971
607 320
283 150
139 379
219 50
921 300
897 716
991 55
876 227
711 499
696 830
525 167
920 81
955 981
159 577
8 767
769 947
676 672
792 891
738 229
631 181
239 591
342 468
365 124
15 580
828 971
140 862
176 27
875 607
441 548
428 870
823 109
989 135
328 70
107 352
228 263
556 288
131 244
15 852
302 467
246 197
729 254
748 832
22 650
260 290
334 334
48 274
153 340
271 582
118 540
344 966
451 950
775 352
699 201
762 969
346 62
280 282
797 160
189 748
903 298
334 152
839 109
119 764
596 848
910 154
328 953
615 799
382 266
903 690
868 98
668 145
177 999
866 47
825 537
878 805
460 410
332 606
361 73
791 387
457 386
89 411
395 779
953 434
796 379
203 653
873 500
806 838
645 405
614 477
590 712
147 659
508 422
169 829
233 184
549 775
751 685
569 94
292 685
923 670
896 402
806 730
953 114
651 470
639 463
694 184
996 493
206 597
874 841
230 526
416 782
723 55
648 800
268 985
951 960
407 316
134 198
748 246
802 678
685 658
974 689
329 179
448 891
676 788
448 626
532 446
473 839
203 97
634 714
137 917
320 682
173 988
756 398
915 804
850 182
625 346
33 691
285 51
182 489
283 706
469 809
439 499
154 744
784 317
851 514
211 761
494 842
286 493
117 821
128 406
718 445
265 282
658 677
934 484
535 160
604 952
307 840
361 551
139 761
409 772
156 409
957 988
253 289
517 173
957 761
197 671
680 429
132 75
347 278
48 418
241 514
793 159
129 708
469 584
458 531
931 80
311 832
353 366
55 686
742 764
142 412
321 665
981 863
31 857
512 834
954 43
846 314
20 458
340 674
159 630
908 797
163 433
971 418
368 386
758 91
339 949
611 452
953 266
811 456
333 194
68 90
366 62
256 775
998 348
467 16
195 572
571 206
317 235
379 623
878 460
962 331
492 323
177 763
457 457
145 488
643 605
596 338
476 986
953 50
810 290
539 239
305 707
638 884
22 556
207 296
596 781
371 255
829 976
224 263
177 31
875 654
215 202
71 178
963 812
887 284
546 453
401 888
476 878
242 533
397 388
56 174
549 835
716 993
746 308
791 610
213 598
859 80
565 767
754 254
524 956
858 643
57 160
941 466
895 616
193 518
520 167
404 872
432 623
755 492
984 388
771 400
146 27
133 208
550 707
867 619
586 940
88 970
238 415
65 924
247 706
754 865
747 27
361 371
579 746
615 952
911 355
968 692
709 471
924 692
940 941
660 439
443 67
99 358
908 487
793 413
891 770
36 985
384 703
257 465
384 37
454 761
979 216
3 796
152 864
321 216
330 368
565 550
376 279
719 260
176 441
71 99
675 546
347 288
203 354
110 467
544 430
952 321
245 278
156 415
600 898
851 926
424 82
706 277
839 374
998 276
23 382
628 135
537 688
142 143
938 829
571 468
220 695
496 593
706 619
253 555
795 123
731 318
800 45
790 994
361 535
444 103
955 631
22 612
187 89
318 153
842 971
419 855
950 130
788 526
248 302
460 527
638 622
145 988
603 603
585 418
63 447
761 41
945 795
209 672
841 644
320 941
193 234
405 894
528 73
384 304
332 778
593 951
656 196
533 397
202 760
49 769
139 551
232 369
837 159
241 189
894 923
967 386
595 444
757 695
856 633
751 956
534 804
34 284
680 245
5 738
40 489
456 435
536 580
158 297
657 430
634 748
316 678
675 653
664 188
775 157
4 461
773 410
236 342
553 931
820 762
707 195
491 658
814 862
361 643
529 305
421 555
272 357
866 226
62 718
938 510
294 931
707 632
728 258
791 287
897 200
762 412
304 736
9 531
892 540
645 542
208 994
919 153
29 477
824 496
793 73
706 169
380 554
802 702
377 434
967 308
77 253
534 629
55 925
339 568
491 148
52 353
465 836
115 134
974 370
433 390
449 468
315 505
828 273
320 567
413 732
305 686
347 725
245 378
1000 429
178 606
798 383
97 133
677 238
397 188
450 457
528 518
966 543
293 275
614 333
912 457
171 35
321 779
992 499
767 171
241 647
62 105
585 52
589 257
433 687
908 8
156 671
517 730
203 370
789 211
947 289
380 743
421 494
29 181
665 631
804 800
332 662
34 413
502 57
769 454
322 891
350 222
862 248
870 786
893 514
228 658
34 792
834 248
106 896
282 458
793 922
304 254
327 118
889 869
916 543
859 892
500 128
6 364
422 869
119 316
841 14
193 813
544 565
892 695
449 900
165 241
348 789
553 898
296 594
257 19
763 603
883 642
781 633
545 538
724 701
630 749
655 413
604 382
726 681
788 287
914 77
536 529
726 34
869 342
20 256
160 139
992 527
264 535
185 134
551 241
884 497
666 224
14 879
683 373
44 767
53 616
306 187
687 672
806 786
426 213
83 100
883 966
211 856
643 112
118 111
81 827
143 875
187 975
927 479
51 539
902 282
983 39
279 988
238 228
956 707
690 315
214 624
249 770
245 506
565 581
922 626
67 843
807 120
531 205
350 78
622 899
77 98
22 269
85 345
669 442
670 660
900 627
619 182
915 228
970 621
962 711
375 857
451 99
101 875
252 484
246 281
567 808
901 881
33 334
241 484
304 487
295 622
859 663
605 79
799 389
856 174
418 468
951 939
893 921
202 164
674 783
861 106
512 292
493 730
209 165
627 157
575 956
62 242
575 772
251 947
489 138
802 77
5 336
144 799
44 313
546 922
717 268
211 389
915 143
444 973
376 395
534 604
903 468
475 115
845 118
986 916
713 89
733 225
384 630
607 964
507 638
403 854
190 659
714 36
438 161
130 674
136 814
929 988
486 789
246 388
561 414
732 469
325 686
553 30
656 575
880 211
53 100
62 589
528 505
770 38
488 143
432 111
941 572
69 199
775 667
537 630
975 946
838 426
916 633
784 7
46 482
385 175
244 578
516 57
699 855
193 208
503 983
728 460
469 345
616 451
571 891
758 38
657 699
231 444
321 906
736 174
575 705
97 236
155 28
156 75
590 591
285 489
948 494
259 559
157 589
124 717
441 823
383 322
905 256
985 957
449 240
590 979
523 536
475 466
688 944
884 587
683 141
402 377
793 168
458 933
719 854
114 361
201 135
486 386
573 110
859 177
310 295
626 106
601 432
628 375
544 584
579 885
47 668
788 943
133 989
945 924
817 624
877 171
967 322
737 263
529 135
852 704
552 689
889 92
794 123
696 436
704 711
413 167
10 362
540 758
556 922
794 382
699 785
177 860
278 411
950 871
270 812
712 551
652 655
947 784
793 2
654 182
704 327
266 177
857 774
411 678
464 811
593 416
741 24
849 931
28 510
577 860
373 999
80 915
88 711
232 448
385 635
859 708
917 298
945 541
569 155
589 513
165 240
682 274
937 841
701 243
207 203
397 450
900 335
77 392
75 101
287 157
9 989
645 607
387 284
526 893
29 473
40 204
884 596
930 11
272 59
190 562
21 455
440 228
67 815
727 389
50 579
441 845
382 562
520 974
283 86
782 174
636 743
203 985
944 387
264 859
620 747
543 855
263 392
836 334
644 30
183 298
512 652
309 600
399 287
521 313
257 811
863 415
352 66
667 77
741 782
485 767
148 790
770 496
113 758
768 852
800 180
867 548
924 705
993 394
317 774
171 327
302 878
148 248
439 801
556 717
444 685
136 2
418 698
267 78
322 151
937 356
86 347
723 795
365 950
44 982
306 332
160 57
604 88
586 604
664 902
546 915
715 113
756 861
748 261
432 893
479 939
748 671
299 351
461 686
162 726
516 845
595 282
849 550
114 440
478 506
622 235
583 845
617 70
220 327
552 806
794 879
976 189
570 531
321 574
226 421
221 445
998 869
600 994
677 526
916 307
478 181
570 789
56 684
634 703
281 477
50 162
662 511
371 294
711 244
474 686
822 966
917 809
171 356
226 700
339 809
303 135
106 983
257 395
699 821
719 139
530 919
406 670
54 24
724 845
807 289
171 284
989 873
872 638
935 718
766 25
808 615
338 589
629 245
799 237
703 139
219 591
151 450
690 43
127 701
694 756
200 322
819 945
388 712
712 322
17 284
810 744
980 94
325 98
941 408
940 596
783 708
602 345
952 117
303 293
792 49
206 883
757 379
729 651
900 492
416 66
552 883
608 604
508 617
817 799
19 91
642 611
84 488
880 751
891 161
607 734
142 310
340 598
965 900
967 742
759 457
93 75
41 87
523 760
813 53
132 154
298 989
586 247
174 748
254 92
476 445
228 695
82 325
522 706
220 105
881 767
867 669
138 503
752 878
573 957
