1000 265586
1000
712 572
308 423
30 966
711 564
118 920
444 131
583 781
806 513
433 482
483 948
974 925
10 990
168 833
705 846
65 591
221 890
209 762
65 812
212 140
331 932
715 349
989 875
528 428
64 213
729 743
244 712
165 904
928 191
874 709
162 187
117 574
925 368
337 242
406 36
30 7
681 185
231 520
593 762
269 246
820 974
417 538
880 343
446 691
46 130
316 313
270 432
563 88
498 595
668 588
509 918
71 874
953 681
693 332
558 605
89 92
245 603
27 577
652 2
87 226
341 203
990 750
625 354
736 117
329 377
696 892
237 171
45 985
442 760
280 83
49 213
343 514
274 820
48 303
507 945
644 832
453 65
162 365
274 96
962 320
824 601
59 672
208 335
65 581
663 170
27 494
491 832
296 235
157 558
609 938
357 515
454 546
70 157
443 519
279 330
423 633
505 626
645 624
447 796
351 442
606 250
565 808
656 116
683 248
571 701
887 570
735 417
623 531
761 235
702 564
957 299
894 655
44 100
436 755
376 291
994 888
94 279
822 591
220 278
71 228
917 535
8 320
75 352
1 848
996 179
476 188
826 913
282 831
373 899
301 360
95 482
834 253
381 139
83 475
422 853
821 913
666 989
111 677
286 617
675 84
767 975
695 559
280 595
880 953
990 357
47 661
83 624
391 23
588 270
635 698
831 868
285 365
246 533
654 750
937 258
605 44
442 715
818 573
861 661
380 91
970 73
206 689
491 810
655 602
191 851
308 731
660 17
230 687
131 203
796 264
845 870
828 467
193 480
724 719
259 711
10 194
716 780
726 888
152 802
771 321
772 487
798 587
68 593
522 405
257 506
792 409
405 672
697 357
41 123
752 582
886 151
491 36
772 45
580 519
111 572
413 635
452 615
195 684
288 594
576 304
806 80
451 679
777 417
731 51
848 103
387 864
103 327
683 994
906 944
323 129
670 737
221 312
415 604
464 981
315 272
163 922
637 105
597 12
734 537
802 865
137 33
800 765
253 528
984 881
169 105
659 332
245 69
144 532
941 328
719 835
554 962
710 699
54 900
640 600
774 269
301 195
525 315
398 661
593 312
359 623
424 405
98 755
677 284
738 849
696 666
750 358
686 551
583 989
953 494
680 664
95 702
737 931
210 263
694 120
470 940
881 558
511 407
792 110
993 592
399 888
612 839
602 270
645 884
516 887
301 623
820 155
211 431
597 35
279 703
748 920
864 3
205 569
598 947
421 739
177 6
929 601
276 422
350 798
933 872
1 54
110 672
627 789
348 921
527 765
973 873
931 821
430 696
723 782
255 186
599 1
598 816
277 277
980 797
995 504
489 235
719 561
795 351
664 568
397 209
242 313
666 667
348 491
197 522
525 450
11 393
649 683
188 615
865 268
711 947
219 342
230 753
558 874
361 199
902 392
199 734
593 563
917 381
850 288
587 69
486 457
621 674
377 698
237 837
262 54
78 642
661 799
423 175
270 569
763 69
927 482
86 627
878 693
116 277
65 871
986 951
326 552
633 184
626 48
745 397
816 186
868 492
258 416
477 60
833 811
858 386
872 811
79 374
632 31
646 899
637 494
350 613
295 416
452 728
952 15
632 775
342 179
199 293
273 586
46 533
590 983
750 482
977 332
435 555
565 801
663 176
504 848
25 607
169 279
566 330
685 88
159 555
816 709
377 315
143 116
140 103
126 570
18 419
738 433
181 851
606 395
32 650
949 331
695 776
321 910
84 560
947 398
910 114
848 790
962 764
413 621
104 898
374 640
398 11
498 871
136 263
69 386
689 113
298 222
596 279
800 326
364 811
206 289
333 464
705 578
747 192
816 343
882 455
495 754
382 291
386 981
830 451
842 706
212 448
893 415
195 819
321 99
85 318
909 242
24 381
190 902
420 68
874 938
204 830
816 372
401 301
844 896
769 558
570 376
474 786
780 941
793 525
73 492
974 776
699 894
328 813
467 961
194 416
84 667
780 210
820 793
52 439
975 337
478 76
845 28
365 822
395 443
570 876
451 568
958 506
389 643
773 831
454 436
653 620
553 174
823 264
237 162
213 472
831 857
278 808
920 542
569 300
892 76
321 263
701 526
222 543
971 747
139 957
863 875
440 668
598 200
838 829
380 852
943 127
149 64
173 965
190 647
589 868
316 126
806 928
590 648
844 771
589 808
701 639
602 928
431 198
136 422
221 336
490 254
606 737
830 573
431 546
345 145
387 545
942 795
178 622
648 310
143 664
16 335
555 116
969 76
920 685
554 127
110 840
627 682
593 295
513 596
317 958
44 182
737 158
526 348
154 729
647 442
57 253
474 827
792 399
879 542
328 87
463 458
22 789
482 222
950 262
242 917
369 827
587 185
546 871
289 94
524 78
493 137
53 827
212 280
325 214
408 16
385 609
329 541
349 657
189 365
802 477
529 232
357 684
74 626
710 205
838 381
577 284
472 413
165 881
402 255
996 309
867 683
374 238
49 428
644 445
293 440
502 724
979 136
495 908
501 436
871 552
931 24
586 19
217 193
462 317
946 38
928 832
599 994
984 84
133 873
901 199
807 518
543 572
987 7
915 817
892 954
950 535
603 687
570 268
795 700
870 56
401 412
78 80
963 731
929 651
808 243
875 511
341 845
384 813
167 520
7 23
239 622
353 520
568 614
638 361
917 708
526 652
231 91
987 455
827 193
511 726
15 242
454 571
186 56
30 873
872 407
165 997
776 217
834 745
644 546
42 958
895 559
278 595
96 974
911 367
29 806
641 990
504 271
225 504
616 979
962 463
287 150
846 499
468 596
757 722
678 904
432 340
610 572
571 182
263 108
843 886
185 703
518 953
577 195
777 918
485 253
714 823
473 600
509 158
858 958
182 514
694 780
585 180
185 282
705 696
933 534
458 375
808 414
965 960
909 563
710 276
822 443
276 767
335 387
22 525
336 211
646 943
496 726
524 616
43 927
839 354
45 703
677 695
28 301
110 41
283 983
147 165
437 747
510 387
231 717
215 763
111 840
173 231
689 600
430 673
559 400
200 892
343 909
418 173
175 923
36 997
192 907
363 666
836 932
973 42
582 523
383 772
820 676
704 564
787 598
749 727
963 414
754 945
792 390
697 873
486 491
41 396
300 367
910 827
384 473
771 272
498 127
581 822
717 294
629 298
802 46
387 557
622 44
342 495
419 131
434 212
746 103
273 296
516 67
638 917
764 657
730 257
559 788
73 865
695 252
35 523
765 796
305 261
53 640
654 261
403 220
320 596
84 347
698 80
945 564
352 461
430 454
872 740
589 569
807 440
518 762
61 650
224 112
94 524
70 27
7 858
718 221
735 156
737 431
740 19
154 36
776 809
668 754
636 223
442 313
321 142
551 778
437 444
975 996
93 995
437 414
490 985
670 96
739 493
862 404
544 543
142 557
561 6
802 136
516 30
851 937
469 828
432 958
538 208
838 996
89 350
896 233
541 682
281 696
816 825
595 667
947 775
138 70
266 557
356 315
629 826
885 351
695 103
41 64
847 134
561 728
543 393
58 28
669 683
863 416
432 95
475 596
217 976
129 523
334 560
181 95
173 446
498 830
815 366
607 267
741 471
523 391
854 236
170 926
847 348
973 451
42 786
497 346
704 72
517 684
717 578
816 986
186 734
616 734
950 543
805 533
723 899
480 672
924 43
80 937
93 765
311 648
162 369
158 734
669 459
10 710
694 543
612 404
553 374
602 934
921 631
595 943
719 332
994 999
454 275
154 60
455 310
610 540
204 457
986 260
180 193
85 705
775 757
768 717
890 261
894 674
368 967
958 381
533 376
595 731
804 416
998 741
973 483
747 850
629 134
312 907
705 65
91 456
29 542
718 356
284 716
564 343
88 680
442 961
949 460
74 548
847 138
900 187
315 365
62 944
869 582
234 19
381 859
571 646
1 893
637 2
853 522
607 886
365 695
195 709
585 2
358 868
200 298
905 976
661 937
791 768
488 504
939 724
311 871
941 466
709 703
452 806
558 777
44 59
309 502
879 363
684 773
394 995
625 13
486 708
441 83
717 509
880 363
904 952
621 698
80 219
847 161
314 626
57 766
779 344
591 890
828 664
110 734
381 873
24 474
781 440
11 316
808 10
617 172
181 621
385 893
567 15
916 799
786 271
737 222
514 883
481 346
682 393
740 19
804 556
326 284
926 604
64 80
723 975
664 717
538 184
339 159
144 274
960 824
899 455
58 165
120 262
483 416
697 8
623 699
933 654
797 179
267 271
254 518
296 789
375 678
297 390
471 60
998 273
140 28
990 209
165 176
412 342
533 701
830 159
178 97
918 704
330 92
734 365
172 714
659 777
532 444
679 176
51 641
602 941
410 337
80 695
93 464
960 257
378 74
422 209
842 844
723 542
157 688
447 34
472 500
664 880
435 260
274 342
511 133
17 612
938 674
938 713
598 958
286 780
615 170
732 403
277 888
147 881
403 517
355 939
798 790
543 90
86 774
205 24
358 554
616 422
236 722
121 74
295 572
