1000 111219
1000
149 286
324 256
920 452
417 194
361 373
533 642
486 157
164 212
566 380
83 212
293 428
88 409
318 17
395 149
404 317
110 403
150 286
498 298
184 131
116 189
736 231
284 208
337 90
258 329
370 52
78 69
299 34
351 971
174 301
977 717
278 209
88 195
32 495
167 369
694 408
811 85
100 216
47 218
444 81
256 262
40 383
287 801
375 108
440 90
344 134
490 135
449 429
404 400
41 417
51 167
356 66
189 257
151 467
408 370
238 129
94 158
187 450
433 142
55 127
103 316
14 165
108 109
245 268
125 283
368 495
480 353
169 128
72 234
601 446
127 214
495 372
115 122
417 95
476 75
182 133
22 245
508 111
62 424
122 239
188 314
218 319
264 124
338 677
276 402
54 316
35 296
433 412
302 387
860 69
187 89
223 113
984 286
542 499
414 308
282 648
314 415
232 412
122 35
19 205
173 481
468 270
580 130
85 336
21 149
202 19
380 155
205 285
122 287
112 1
490 10
409 888
402 396
249 151
34 230
376 74
362 174
143 386
41 719
169 432
109 443
17 48
584 705
275 387
353 441
393 111
332 67
71 152
607 833
124 181
206 211
39 534
210 74
947 706
222 394
249 457
178 625
389 172
809 849
449 271
31 376
570 180
73 447
8 182
431 763
175 253
64 460
471 110
43 376
12 168
306 369
457 277
216 369
192 436
14 211
127 322
377 294
162 42
357 5
237 306
97 200
46 23
409 866
229 60
82 192
111 439
286 334
439 773
464 195
299 296
293 41
38 948
384 623
990 490
785 181
58 153
829 343
762 987
493 372
207 114
598 455
66 392
334 241
180 287
28 312
199 34
481 148
98 867
458 66
335 129
394 243
283 433
104 482
104 500
23 496
301 271
351 359
461 942
259 334
386 134
33 98
587 316
38 378
361 94
934 600
318 145
517 363
435 375
460 17
982 359
119 255
478 392
257 296
102 105
231 159
137 988
431 253
824 772
175 683
81 48
468 923
3 470
101 97
82 419
299 418
266 478
887 232
19 81
64 454
168 442
579 782
352 458
442 650
182 125
462 147
463 389
209 418
357 437
459 46
123 11
3 215
440 448
409 317
293 232
448 951
223 34
62 174
261 386
175 408
943 887
868 779
125 351
489 58
930 86
983 694
416 958
312 243
282 247
154 224
356 127
785 107
282 250
172 267
320 217
381 192
291 209
401 250
171 260
431 75
473 52
571 304
182 275
995 849
105 249
437 487
497 320
134 79
303 29
127 488
205 250
957 747
698 308
32 215
135 379
797 870
68 128
521 517
433 513
80 216
190 297
392 333
249 485
208 184
359 165
7 381
190 401
224 224
633 825
372 251
324 57
623 929
135 55
416 260
328 129
178 742
385 740
295 427
119 164
501 672
417 38
282 32
141 76
320 197
355 487
295 243
106 31
289 368
236 308
440 237
609 133
456 249
242 333
212 121
259 796
340 477
490 173
143 307
33 240
42 173
373 344
248 347
390 423
493 359
360 450
477 479
339 875
235 25
247 247
125 16
301 426
711 713
284 108
215 500
239 108
32 251
307 160
381 971
135 5
243 310
422 96
471 130
491 168
33 337
106 11
117 156
857 913
896 524
844 797
491 75
369 67
252 308
894 800
769 719
389 436
190 133
119 617
54 245
23 143
334 29
53 451
334 404
40 41
249 400
132 460
233 751
83 270
62 121
279 174
301 98
486 130
910 496
336 406
474 107
724 760
235 55
382 384
198 179
80 415
113 965
941 788
98 412
66 151
340 165
193 163
434 304
152 53
440 500
271 116
485 165
412 375
438 332
74 57
144 179
94 114
483 12
249 345
187 196
168 203
101 498
21 344
465 227
133 101
588 671
189 440
143 172
421 158
391 249
250 161
489 183
440 283
170 474
306 236
356 208
304 291
74 23
379 65
183 4
319 29
17 254
107 352
769 50
210 395
65 177
85 129
406 27
934 371
244 83
481 209
768 67
429 889
354 82
947 808
324 158
466 378
862 309
119 163
21 259
209 486
350 108
156 143
455 58
984 513
425 336
125 971
83 149
837 888
92 423
213 170
32 401
669 351
376 283
339 316
85 192
272 452
303 75
456 41
157 442
161 287
59 427
76 90
796 90
397 194
482 94
85 1
877 716
238 333
273 419
119 293
469 279
223 720
419 516
153 240
321 123
372 22
182 192
126 29
391 298
156 389
983 207
42 396
408 186
6 265
313 377
606 695
74 432
401 148
448 931
159 58
709 14
683 94
341 403
248 976
750 730
88 119
418 2
26 216
140 448
184 751
78 227
45 19
300 379
270 280
43 325
186 253
358 61
237 228
542 971
362 126
338 498
453 66
52 365
292 330
38 313
239 84
62 494
30 323
921 106
377 464
114 378
87 260
233 489
258 318
94 282
211 416
89 186
69 165
65 372
127 286
226 229
15 356
29 414
321 76
493 157
38 258
31 241
464 266
313 265
84 84
199 271
497 355
253 98
712 90
313 417
484 133
391 477
903 316
448 108
112 465
850 678
5 283
381 264
123 298
300 461
257 405
350 99
86 140
867 897
387 159
432 446
258 677
355 745
477 133
5 208
425 146
3 96
220 361
376 352
664 821
436 479
993 139
378 229
299 330
19 159
228 251
211 155
143 159
325 343
842 106
128 260
270 160
417 402
259 195
82 307
37 358
392 41
537 848
394 332
214 88
577 34
70 319
258 140
479 343
47 170
425 194
379 580
95 482
763 492
494 327
349 373
463 209
446 377
100 469
426 180
143 424
334 50
152 540
382 380
460 482
53 847
344 91
209 291
395 963
1 487
344 503
161 112
73 331
333 364
439 248
212 328
283 331
633 455
180 442
72 68
424 415
334 77
162 470
103 201
20 65
22 83
442 313
650 750
978 480
84 240
858 574
340 20
418 114
460 328
107 376
916 856
228 191
148 453
90 784
460 482
477 363
267 466
294 113
468 42
132 459
411 466
99 211
287 122
238 358
370 189
242 351
227 32
300 80
362 351
262 245
58 276
490 48
160 577
36 411
845 436
269 171
336 457
333 298
292 253
99 306
184 117
322 451
215 166
95 329
248 71
181 217
435 123
26 306
44 181
236 47
490 78
219 585
238 48
102 266
58 304
407 41
81 106
227 23
343 364
289 120
493 27
10 98
138 96
416 177
141 366
379 94
390 997
731 298
121 491
40 104
198 491
255 140
705 448
294 154
233 51
494 755
21 479
67 17
8 121
819 68
360 466
404 392
261 179
56 205
123 479
969 646
417 377
310 41
401 51
921 681
941 998
872 90
231 402
118 273
312 200
682 526
179 380
131 591
119 23
167 426
295 316
213 168
240 471
593 276
21 183
108 213
216 444
949 821
336 20
269 188
445 427
75 405
237 318
544 324
249 215
144 493
216 312
490 203
431 407
315 709
438 6
391 464
74 301
439 93
36 127
475 385
226 357
484 148
195 88
103 248
912 557
887 770
247 7
62 204
8 60
243 29
979 216
89 312
308 289
457 31
441 220
158 15
521 89
148 409
170 153
217 155
465 232
222 29
227 301
55 63
206 220
131 295
391 454
178 479
331 324
131 359
450 104
31 124
77 292
316 25
406 378
92 50
184 158
491 326
389 349
441 137
479 35
326 119
155 454
3 96
550 966
198 347
475 746
152 159
303 426
244 271
390 110
19 465
306 52
126 482
864 640
740 750
581 697
4 257
11 27
880 984
244 90
409 222
189 200
451 27
132 206
166 242
214 230
372 225
401 424
410 363
310 384
110 335
299 353
358 400
371 436
135 239
205 101
450 249
312 355
39 249
440 171
94 400
289 391
411 976
384 17
560 724
248 261
10 303
30 830
359 84
721 816
441 222
927 687
458 387
470 50
15 155
402 6
99 419
676 114
978 283
52 393
295 455
131 480
485 496
544 424
424 90
27 314
447 381
179 367
85 103
228 702
288 186
846 428
315 218
185 147
87 386
89 362
28 2
80 453
494 381
277 220
11 484
447 318
271 364
984 762
91 261
468 428
314 287
64 370
116 354
74 498
8 158
400 309
28 156
96 15
8 248
278 18
316 17
978 436
245 372
120 267
104 398
584 591
294 237
279 252
365 628
186 434
151 216
278 580
297 847
11 183
419 332
75 361
242 149
753 575
418 366
146 181
36 96
46 403
403 408
158 371
230 264
207 448
43 281
366 119
439 16
46 78
98 49
6 471
405 261
208 252
293 212
141 85
297 294
384 196
421 100
400 274
332 253
222 145
145 156
548 924
355 58
835 431
554 161
38 142
282 219
207 429
417 8
373 406
74 106
482 169
49 165
176 188
617 562
8 219
642 616
378 34
403 237
194 188
261 390
189 259
81 207
239 65
366 353
148 422
279 366
47 180
218 427
242 139
355 59
288 217
458 276
265 245
84 960
159 391
105 448
979 493
461 225
872 97
337 81
245 495
352 135
7 413
251 439
964 627
163 62
89 165
399 323
632 543
414 338
425 425
170 390
25 298
303 238
335 82
47 208
359 485
