1000 50437
1000
15 438
84 193
14 1142
11 1305
70 282
31 707
50 961
89 901
77 765
33 683
8 561
7 711
63 285
89 1095
71 1364
8 297
33 1873
84 719
70 619
64 1595
21 1444
4 1530
57 1007
55 1662
16 1046
54 1954
100 521
26 806
36 827
48 668
37 696
5 1102
84 489
87 1152
92 1716
5 494
87 46
52 304
57 512
33 814
7 7
51 1530
7 1414
79 1129
3 1601
24 346
84 1512
62 575
87 1613
82 1662
51 675
82 590
92 1490
74 1208
77 258
22 1508
28 153
81 1304
42 462
69 1707
6 671
43 795
88 364
98 262
1 541
4 1835
47 1146
35 856
47 667
18 1197
29 78
80 335
59 689
93 557
52 851
1 1039
16 397
75 498
100 117
32 1591
6 616
48 1827
87 97
66 48
71 1889
5 739
4 1532
66 1233
52 402
88 1374
81 276
81 1080
85 468
83 327
38 1591
74 137
72 1991
64 492
87 828
75 1813
12 1279
24 57
67 1131
14 1511
47 288
56 1200
9 1522
42 1273
15 1384
22 308
93 1613
86 842
94 183
5 801
71 124
76 1013
17 375
31 387
6 1964
14 770
17 1996
86 538
8 951
87 1517
3 1659
92 1851
27 244
65 490
59 1118
73 558
47 213
17 185
97 1460
86 999
85 1820
21 86
86 1072
70 122
13 714
6 1677
1 512
35 335
1 1509
23 1262
41 632
43 1527
54 188
51 404
73 1307
59 1645
36 1503
89 1157
29 825
99 1669
61 626
87 1672
12 787
65 1236
48 1903
65 1711
73 1763
31 996
84 1064
43 936
14 1422
83 1366
43 1393
28 1967
30 1164
87 1820
86 289
51 1283
42 834
41 1761
15 1198
63 1668
28 1856
18 441
30 477
30 1623
51 1077
78 580
22 874
11 824
20 815
25 1595
11 555
57 105
34 889
66 632
84 891
82 1309
8 1477
44 817
13 1737
10 1659
11 1883
4 584
31 841
68 1547
77 516
23 1881
79 671
78 597
7 1500
69 1810
11 1134
96 639
87 819
31 1253
48 1714
98 696
56 163
84 761
21 1729
83 1947
55 1240
16 164
14 45
42 500
20 946
56 1823
40 1191
79 198
54 908
13 1333
8 338
73 1221
82 941
76 1815
70 1877
28 786
70 1846
89 470
24 1787
20 1273
12 1722
46 612
84 409
58 447
14 166
76 1086
11 1947
7 1939
16 936
2 1030
18 726
49 1045
47 521
76 103
89 704
74 1105
48 848
89 115
78 1435
2 1737
67 983
49 945
100 1242
19 609
63 1001
30 1969
19 305
74 1621
6 907
1 1352
67 440
22 1408
40 868
34 539
17 652
86 168
67 877
70 28
92 522
97 764
37 674
31 1735
71 245
83 17
88 776
6 1663
87 491
56 1983
41 331
30 151
74 296
64 193
82 23
98 346
75 1454
29 359
70 932
33 544
85 1108
76 581
48 1724
21 728
38 1960
38 1049
60 1965
78 609
88 386
2 1796
49 37
8 1701
47 1851
73 393
100 384
24 268
4 1596
8 1932
100 1805
88 1358
46 1539
95 1799
30 714
57 1041
45 424
64 274
21 83
67 136
78 1661
66 1628
54 60
17 344
68 1724
33 1521
53 734
93 829
37 449
41 71
5 1275
21 1424
41 1553
78 286
15 1006
87 1611
84 1884
61 1943
17 1963
32 311
30 643
57 1117
96 1700
64 1018
60 1338
71 1129
71 1097
44 1470
93 1104
9 1907
94 1268
89 1851
21 1434
94 954
66 578
27 1216
3 990
27 182
53 685
93 754
98 1825
51 918
50 1916
10 280
23 919
48 1503
8 117
38 68
25 763
63 1708
97 1949
40 1284
24 992
28 1212
68 1611
58 389
4 1740
56 1550
66 1233
85 500
4 1739
87 1505
11 1210
14 531
31 330
73 1489
8 574
42 1725
40 538
75 57
18 207
82 1453
30 780
20 925
51 298
94 995
67 1321
65 419
21 65
96 1087
69 253
73 1376
72 72
35 1043
10 978
44 766
99 1147
81 1754
67 341
48 472
70 921
77 241
84 1578
92 1757
95 1772
49 1661
13 455
87 73
6 1547
19 1094
77 485
13 71
46 1181
62 1973
31 1612
16 1998
44 506
100 820
65 1866
11 783
38 929
3 1047
61 414
45 1737
66 1622
44 1021
74 1820
93 1266
49 66
89 1093
73 901
66 1161
2 1245
87 1919
68 1528
5 1522
10 1706
95 1626
28 1812
85 205
48 1016
5 1255
71 74
81 1152
63 1953
62 1646
41 21
94 380
73 1334
48 1284
78 457
44 77
27 280
71 340
80 740
58 1156
51 855
8 366
5 522
51 914
53 1534
79 1957
70 1306
47 1536
52 427
72 274
86 1938
16 437
39 883
55 27
79 1178
67 1240
81 250
61 1412
18 1942
67 673
40 248
32 79
51 1150
5 1936
57 1357
45 848
66 1136
69 1721
47 1301
55 1868
5 1019
22 1863
96 1611
74 1787
91 1951
33 1887
42 271
5 170
14 1734
67 590
10 578
12 1444
69 128
50 890
84 79
68 1394
53 531
49 315
9 1086
28 992
59 627
1 379
55 1293
56 462
37 966
96 986
14 1391
9 1876
28 1860
21 1356
5 388
99 437
5 852
70 1672
86 943
85 750
90 465
7 756
25 1601
6 531
77 846
6 572
7 143
5 1068
30 809
80 1705
81 810
29 1678
86 546
54 1913
61 6
66 142
8 262
66 587
15 265
14 336
30 1679
42 533
45 1752
83 59
67 1557
3 560
36 519
58 635
94 1819
59 580
90 764
69 29
9 637
50 1992
41 1526
65 768
55 998
30 921
64 575
53 1384
41 1986
99 349
50 1113
67 357
32 1417
76 1114
48 1969
17 1660
65 1028
50 559
13 14
75 512
100 709
4 371
63 681
48 273
47 444
41 768
70 248
39 1583
66 1462
51 1149
79 1561
85 653
61 1202
39 541
44 1729
12 620
85 339
82 735
30 1635
99 1715
39 1834
63 577
99 478
68 454
57 1976
4 1465
58 211
72 1058
93 1738
54 1334
30 1784
29 29
13 654
2 94
88 1060
13 1233
19 738
65 596
6 1975
44 1950
91 1017
5 1199
80 91
2 148
58 604
30 1060
86 1880
61 733
26 365
100 1744
89 1343
57 785
58 561
94 1816
61 681
30 278
59 74
62 1533
88 1855
30 427
16 862
65 451
97 1254
15 1361
49 1487
23 1698
62 1663
100 192
67 1618
77 30
70 156
2 93
93 1073
98 1301
70 512
26 546
32 1910
89 476
69 123
85 1409
97 741
55 1008
95 126
66 353
82 775
21 455
100 822
80 1385
18 888
40 655
91 1460
5 1311
58 1919
2 1689
55 884
6 1731
47 1295
15 652
23 681
84 1633
72 402
93 941
15 1356
68 465
63 1783
5 1607
74 160
25 881
6 1901
15 1521
75 196
42 1498
27 1089
37 1283
90 1194
45 95
8 1260
12 1843
22 1305
29 1968
10 1308
62 318
76 1488
73 933
32 123
51 1757
82 152
10 396
37 1450
67 557
48 585
63 1942
47 1371
14 1491
47 1257
88 1839
84 1051
8 426
88 1464
81 550
27 1811
11 1266
30 609
11 193
65 706
10 13
9 360
100 845
9 1823
93 1642
40 1706
67 808
69 1971
72 852
64 435
34 1846
18 1541
7 170
58 1472
46 1417
97 1588
94 680
50 1177
80 1778
7 781
43 1384
100 1810
60 1211
16 484
60 967
13 1569
18 1333
19 664
26 1300
72 1461
24 875
42 1829
6 1098
92 1841
38 697
36 134
72 780
80 362
60 1689
59 924
91 1672
36 1357
75 807
11 818
91 1435
23 1306
9 490
62 1156
51 1922
77 51
64 1575
84 468
9 1281
38 180
72 104
59 1740
45 182
91 1099
91 271
3 294
53 1268
53 13
23 58
36 1790
5 1314
26 1884
47 1458
48 1473
73 1033
8 765
3 1659
24 1906
10 1740
68 960
2 1282
79 1246
94 1499
23 905
59 765
75 461
97 124
12 1728
42 304
39 1886
85 602
76 1365
35 1857
90 1648
81 1119
83 1016
78 1958
50 1382
13 862
34 788
92 859
1 1954
19 1987
9 799
5 793
17 560
18 823
66 685
100 1796
91 1553
68 1761
42 1915
74 1370
42 769
3 1310
59 542
73 545
72 1060
97 1457
30 38
95 730
84 1376
85 1949
40 1704
64 616
18 104
78 519
8 255
78 1489
13 1828
1 686
97 203
92 164
56 784
65 907
5 767
6 588
6 405
97 1076
55 1775
43 18
83 1653
47 666
14 553
65 11
33 114
51 1485
76 428
57 1519
13 1814
43 673
44 1046
66 1808
89 1495
6 1272
75 1995
23 892
14 593
100 1535
29 476
72 1914
57 1455
30 132
15 1052
36 356
13 1389
32 1170
37 10
1 1505
59 569
64 1358
52 462
71 1242
21 1558
4 569
5 529
78 406
73 1565
13 746
44 1715
64 111
37 814
30 915
22 562
52 1482
11 1911
69 1367
35 1251
85 1218
17 140
84 1904
76 781
10 234
22 1394
86 1761
65 1969
89 445
55 1028
16 315
45 1500
98 1546
51 193
90 107
67 638
63 957
88 1882
49 1270
73 123
38 1254
80 1935
67 758
16 1928
48 1770
37 643
40 1687
28 366
1 289
7 1740
27 1305
91 843
18 1118
69 1755
60 552
39 1428
64 1235
58 131
64 32
18 657
8 446
3 1086
58 1592
15 1981
49 1521
46 1543
84 607
26 1894
47 1490
64 183
78 1392
33 1283
48 249
43 466
97 1399
43 1038
79 899
89 980
17 1131
38 791
83 1619
51 590
55 974
81 1606
3 691
91 805
7 227
57 889
13 120
87 1483
76 1332
89 1976
67 64
80 703
66 192
66 274
25 353
67 1370
90 1948
30 566
31 1945
90 1040
90 1696
19 341
16 1628
47 803
63 609
