1000 145119
1000
830 714
833 410
350 404
314 193
426 70
937 849
480 962
84 571
85 1452
39 1220
444 287
62 1875
56 149
29 285
963 437
91 457
227 980
933 548
827 473
620 44
712 240
148 422
29 481
332 949
24 1167
98 974
52 1782
848 370
5 1538
97 659
831 498
863 10
923 610
639 464
21 945
689 76
49 1038
56 561
93 78
466 662
84 1331
3 1102
361 964
42 1687
972 597
251 862
14 172
3 832
2 1882
48 263
10 1832
45 795
94 890
2 994
97 162
75 73
632 798
646 636
100 764
74 1111
566 515
969 926
467 80
43 22
94 1693
72 1700
509 390
90 1429
228 256
708 923
5 373
400 37
867 501
82 1665
112 130
53 84
312 368
608 263
51 1591
81 448
99 1754
63 1491
236 561
79 1582
73 817
67 343
91 1185
296 347
13 956
164 831
53 1465
374 246
67 1164
142 705
97 755
14 1292
738 338
86 342
88 236
90 213
654 703
33 296
80 894
668 75
24 1198
687 107
5 534
28 1222
33 367
38 574
25 1194
38 1095
71 1817
28 1192
62 609
700 769
419 275
572 235
375 127
61 919
366 152
76 599
60 1076
60 165
16 360
99 787
113 756
48 1568
842 764
909 559
81 395
365 583
602 154
990 496
2 960
24 1257
845 572
52 1842
809 321
57 404
301 652
545 687
9 769
87 111
63 1733
55 1943
604 703
103 600
28 1374
87 1300
337 110
452 730
76 384
71 927
967 990
886 605
61 1313
35 1481
616 433
66 1619
10 185
90 1834
752 662
489 396
50 1668
11 1559
12 856
31 1233
66 729
58 88
66 1924
81 1267
71 1416
260 705
826 208
72 1137
89 69
86 489
14 355
262 464
42 537
368 41
38 876
786 733
663 957
289 554
5 1117
89 1562
9 1236
91 8
544 334
88 70
19 1652
31 319
98 1209
811 470
60 1302
37 1700
95 1088
868 983
757 305
79 1191
102 82
62 436
80 1486
47 1517
675 434
77 695
77 38
737 766
81 438
90 1014
8 8
851 619
35 1495
11 676
11 1252
118 392
81 406
5 676
869 467
701 104
66 1224
100 1698
322 954
54 1293
6 1898
12 978
919 820
38 97
61 771
42 522
904 312
808 439
46 1890
741 793
192 121
17 1564
31 227
20 193
453 564
11 1202
57 819
412 831
93 1939
51 967
3 1024
33 1204
2 882
512 787
46 1092
954 574
396 319
19 938
86 1816
978 366
29 18
6 1200
22 1297
969 973
26 771
12 1002
875 521
21 910
21 824
27 1254
319 157
334 951
531 564
100 324
298 513
318 704
957 85
783 954
52 379
856 792
50 241
78 1786
68 1694
584 131
628 126
537 604
94 778
803 647
36 508
766 813
156 668
819 779
381 398
22 779
32 671
39 824
797 456
62 700
825 697
16 792
373 261
713 531
65 1369
61 563
242 590
506 474
95 1016
29 510
82 1390
16 439
56 1939
319 975
948 651
91 597
74 421
52 831
318 217
4 1992
43 1330
717 171
71 1232
130 263
84 790
43 619
82 216
15 133
361 655
415 555
103 81
126 954
577 829
13 1941
153 339
298 127
51 564
88 311
503 580
79 1327
938 640
309 605
894 335
51 103
825 971
819 455
723 587
1000 85
3 35
13 1138
31 887
779 640
27 1807
4 757
7 32
32 423
809 118
53 1982
51 446
54 625
984 652
47 938
57 904
634 255
71 683
26 1695
17 400
64 1625
232 230
24 1416
915 854
71 831
175 237
80 1876
701 235
91 259
20 816
352 454
93 1374
595 883
44 541
637 540
941 679
932 115
774 372
292 727
436 208
287 176
45 775
10 1652
622 16
57 555
240 360
36 1319
134 436
96 1247
97 967
663 47
400 405
63 1716
4 717
23 1158
367 573
41 1789
1 701
52 1977
325 692
48 950
373 988
876 474
380 733
20 929
950 623
62 1054
561 250
18 454
209 11
385 788
18 404
694 872
33 1804
45 332
76 684
770 683
14 1843
809 404
98 901
46 733
230 521
487 900
54 705
6 34
914 445
12 845
432 410
49 1260
52 150
42 1439
81 1579
558 183
38 1071
98 1251
166 307
700 482
552 272
17 1614
160 291
55 1625
226 116
237 551
917 676
83 279
16 330
6 1695
93 1614
884 77
81 136
745 666
34 1040
277 590
340 986
45 1822
912 550
40 1110
32 323
74 861
45 785
79 1730
9 1991
38 887
995 812
22 1867
21 226
47 1651
861 142
405 762
75 1565
15 1838
16 898
6 1932
452 566
9 1310
22 268
52 732
990 196
88 1062
921 472
891 405
863 352
30 1982
9 1492
676 337
34 1738
834 305
78 167
779 640
59 1402
138 767
631 321
492 826
16 823
38 1129
106 633
587 456
304 387
85 371
116 757
365 901
750 271
18 1461
56 405
569 966
85 851
423 48
563 141
270 618
12 1542
521 822
96 1621
91 24
899 237
659 506
371 178
561 274
78 1346
28 753
95 1293
496 393
37 1183
958 491
244 133
1 52
976 408
735 438
62 1187
639 854
266 17
491 859
80 576
2 221
34 1497
66 441
209 564
88 1325
135 765
64 11
87 1834
13 1878
334 382
177 815
63 1123
138 813
29 1280
8 346
17 954
407 117
42 26
8 1178
120 123
680 51
69 21
52 1201
1 1154
375 245
45 724
21 1945
301 792
725 211
3 1908
68 391
175 452
99 109
38 109
88 231
10 1856
926 488
9 631
31 1214
829 91
21 323
100 1131
154 636
399 383
58 1529
687 487
76 438
642 903
76 30
96 709
66 1948
898 917
13 707
67 1910
538 379
32 74
7 1722
98 343
826 64
57 1137
655 628
334 517
989 854
127 971
88 251
108 664
285 658
44 72
100 298
22 154
49 1832
480 264
792 972
124 937
68 1471
63 58
731 219
5 1355
33 882
45 1250
837 149
73 1462
813 257
655 230
94 1832
30 412
83 1831
56 17
23 1271
60 1371
551 414
25 737
902 811
81 877
65 1540
73 289
61 863
40 1385
921 203
967 191
402 691
69 303
84 728
800 58
465 419
189 477
84 1811
25 110
304 528
20 130
935 147
2 699
11 271
91 261
43 1182
13 1894
20 1532
661 383
449 81
581 173
328 788
81 274
777 184
143 184
148 274
261 941
46 1255
522 434
38 1367
22 526
53 603
6 1163
758 355
224 664
69 1397
2 663
42 419
387 171
62 1485
773 140
110 219
988 675
612 205
330 432
62 217
823 578
666 975
77 1120
644 812
41 170
70 1450
62 1058
535 37
262 212
20 241
494 665
803 178
76 1179
50 1979
999 231
77 1676
15 789
17 472
87 340
47 1586
247 350
32 642
167 283
71 875
91 686
956 532
995 423
229 914
185 751
42 734
61 1318
74 712
92 1852
3 944
10 231
6 1195
100 436
77 1673
158 711
52 1460
698 991
376 433
84 1764
27 1766
602 70
74 226
42 261
70 995
85 671
84 852
4 1718
28 1249
40 1430
21 278
733 406
9 355
20 1512
442 339
69 1622
78 863
16 1830
64 1330
210 667
82 201
799 602
96 1250
31 1425
336 374
95 1073
145 68
596 501
63 1602
253 523
76 1374
10 568
53 1467
77 420
85 995
58 628
276 520
60 1376
515 312
607 195
920 172
191 529
548 994
21 265
9 1270
153 83
79 954
24 1506
65 1409
883 588
252 836
16 317
10 923
34 860
31 1346
743 399
8 1337
71 980
72 1245
94 1435
663 375
78 243
33 1336
76 1983
922 815
8 1861
341 444
24 1861
83 63
65 1411
33 315
155 275
63 1582
838 948
418 929
47 186
779 650
752 323
760 537
12 1175
217 332
55 919
71 752
85 1747
91 1532
45 1924
709 787
100 1041
80 945
36 1280
68 214
38 1487
27 1356
808 540
334 25
561 722
372 750
517 836
822 169
73 999
920 21
42 1371
757 933
55 829
638 297
50 1099
53 1938
856 820
554 308
495 741
598 968
863 168
5 1016
723 936
11 247
819 836
532 740
871 880
514 839
95 291
449 569
757 559
17 1874
2 566
314 190
999 789
454 407
724 892
593 203
26 222
178 310
43 347
23 564
49 454
893 276
68 1073
922 933
62 1336
51 1417
51 747
99 1753
65 1273
15 1635
83 881
23 804
25 969
94 1132
94 677
87 55
70 374
92 683
28 510
327 21
91 521
77 495
68 551
375 523
66 1691
14 804
819 590
530 42
630 523
31 299
20 1584
64 968
505 551
96 1174
165 365
9 226
435 659
56 201
5 1959
64 1435
245 389
19 382
695 724
67 583
439 318
54 763
21 1060
52 1195
49 1162
18 893
88 717
48 518
979 135
550 742
83 795
995 605
158 628
66 1382
71 1266
109 988
154 412
14 595
14 1300
3 752
61 835
983 639
335 937
69 688
58 487
431 508
565 59
13 519
16 1230
81 1207
483 457
85 1756
61 1487
308 63
804 405
963 573
54 302
434 786
30 17
56 1
20 1556
794 854
271 94
52 1458
67 1854
38 715
184 624
225 503
88 1443
51 595
40 870
692 680
74 250
881 493
69 1667
272 900
87 1994
154 152
364 685
38 902
80 1581
18 385
302 259
46 1943
70 94
17 886
401 771
22 681
602 617
32 9
810 215
6 1819
63 1777
29 225
27 1362
608 524
43 411
904 220
164 186
161 87
74 1302
87 994
89 1935
913 57
497 628
394 822
535 695
48 1488
487 145
273 10
866 371
33 109
20 1525
24 13
105 24
437 711
141 630
100 499
568 594
4 1422
998 985
35 1448
