1000 519791
2000
283 435
120 109
184 679
194 286
256 703
52 314
592 300
772 320
919 512
174 672
81 723
302 257
750 475
713 171
101 601
640 2
189 925
451 735
466 373
145 545
129 519
751 439
70 509
803 833
649 749
879 596
4 123
471 967
582 626
249 228
490 321
32 322
327 913
30 426
953 64
708 599
144 987
205 616
394 563
56 406
891 440
659 174
307 689
166 566
438 456
615 939
567 131
479 927
940 211
690 696
724 78
5 837
750 572
548 216
568 411
750 870
742 689
841 698
162 826
917 889
192 989
918 499
64 327
895 34
931 745
314 494
907 858
156 671
71 853
104 179
382 412
236 65
719 802
40 462
686 198
980 648
322 653
821 83
711 576
291 180
426 656
772 775
691 459
711 909
901 43
328 276
273 374
354 586
958 157
916 178
10 194
115 775
578 333
463 962
413 309
595 67
397 327
609 394
807 609
935 975
340 435
733 513
677 263
920 583
280 474
331 561
368 662
876 439
354 117
176 377
992 227
801 131
390 468
382 21
474 731
823 365
673 34
959 260
182 644
145 205
902 923
166 970
82 172
951 990
683 477
669 864
923 720
664 877
29 166
361 687
846 539
867 391
747 546
684 604
767 647
355 592
188 800
600 780
638 651
601 58
950 659
822 734
742 209
645 246
968 859
857 103
927 852
453 358
314 557
444 265
214 523
997 566
504 435
274 513
442 480
855 240
926 331
950 431
533 379
626 640
729 174
239 166
529 436
629 781
721 813
207 107
27 25
883 8
676 584
673 34
629 25
448 220
190 742
56 448
399 370
83 674
278 347
822 317
389 873
909 840
236 376
230 438
787 435
189 990
789 618
252 38
271 747
690 984
881 508
134 668
344 954
471 578
828 434
821 622
203 309
1 81
956 781
693 23
388 264
529 502
980 737
436 50
871 95
201 801
700 744
258 393
683 201
149 152
996 870
708 760
760 497
254 592
39 437
678 63
911 881
176 537
79 951
558 930
421 656
603 479
662 877
530 328
48 360
7 347
159 980
996 459
181 449
486 863
938 148
325 172
514 905
378 188
465 655
167 238
197 262
747 303
518 7
872 310
196 930
742 798
736 609
95 979
827 839
344 559
395 9
253 993
914 770
459 5
860 765
673 680
945 301
511 321
490 439
455 327
469 281
11 311
530 122
468 671
211 814
592 221
707 940
742 304
799 170
551 681
37 422
246 201
466 826
957 601
637 957
175 442
256 468
517 586
657 447
401 188
703 34
311 22
610 606
824 459
195 610
766 663
358 927
42 40
543 96
382 264
656 452
960 645
280 444
263 532
813 890
586 736
947 678
839 302
398 853
131 504
771 81
713 358
895 874
779 492
497 346
794 711
894 977
672 202
609 442
977 270
966 909
936 588
403 443
137 862
427 913
848 380
109 23
855 593
454 999
112 608
602 839
657 13
408 277
534 963
482 632
764 941
853 990
423 845
149 797
471 716
351 712
955 835
896 753
646 352
768 837
581 67
392 960
784 90
401 161
934 782
947 18
527 628
127 581
957 253
166 887
643 88
247 671
61 676
562 634
239 759
880 39
71 136
419 517
163 364
198 25
671 603
137 448
787 535
666 253
775 866
524 743
278 763
598 897
250 111
779 505
996 892
87 887
725 455
661 130
294 388
679 363
402 631
661 553
689 858
475 26
206 981
735 416
352 561
694 998
643 576
592 167
783 196
761 161
545 232
546 509
758 379
970 965
673 333
336 603
959 3
632 113
961 382
379 680
588 33
745 630
450 312
450 752
300 306
473 764
363 981
801 944
582 43
755 890
650 235
140 327
284 432
217 362
653 168
779 723
566 945
841 521
667 844
877 359
304 372
719 481
20 590
503 319
317 684
836 600
242 662
940 952
899 560
127 870
840 816
41 699
673 894
412 216
748 792
991 844
290 809
461 966
881 1
105 576
464 613
787 349
781 74
567 160
751 865
470 846
637 169
703 325
989 281
652 802
231 120
96 911
960 746
932 791
402 545
112 622
994 789
953 810
411 157
591 586
402 311
323 185
231 465
766 335
169 276
11 431
328 330
38 643
765 86
586 501
664 934
218 895
436 616
196 74
108 291
862 256
555 955
696 26
609 448
603 547
852 66
881 819
929 279
700 130
438 161
789 651
866 842
371 479
880 638
656 824
646 768
733 728
731 440
995 612
929 692
477 281
454 831
18 677
747 108
561 522
115 593
512 864
632 422
108 82
485 808
62 119
691 113
740 160
611 153
959 218
896 864
404 924
245 584
830 168
998 819
882 4
917 190
344 561
13 27
328 976
82 578
451 200
294 989
46 113
69 231
183 655
288 592
361 87
843 278
195 431
254 589
997 295
533 575
201 526
755 109
926 384
366 749
111 643
579 587
184 854
167 126
718 463
898 383
951 418
753 108
392 722
315 483
471 401
298 59
356 848
947 669
750 195
380 303
175 606
732 896
39 218
769 792
347 706
34 104
433 285
162 45
54 366
334 878
619 718
507 926
737 714
801 291
322 652
27 240
776 57
58 157
207 141
850 801
750 764
942 889
623 619
523 839
694 529
139 919
543 61
105 971
915 266
453 878
155 621
918 395
680 19
308 76
804 127
427 731
896 574
563 903
298 128
8 471
869 458
709 720
327 300
593 319
801 613
147 354
162 267
11 368
690 901
527 815
595 447
588 736
709 939
351 916
396 554
8 469
751 928
203 448
157 493
228 40
424 255
879 50
171 601
872 33
203 971
271 492
884 710
573 134
714 644
508 881
560 381
300 966
480 743
188 911
731 187
820 631
413 44
648 475
204 832
837 957
732 383
239 603
902 859
161 398
17 876
831 647
897 427
103 331
948 5
950 376
179 607
123 890
660 460
341 125
331 319
747 901
181 684
335 354
1000 46
121 652
665 497
791 694
804 1000
343 394
702 384
61 99
620 444
643 18
92 647
217 929
215 496
536 295
863 790
376 101
827 294
645 278
991 670
435 452
571 501
753 942
732 986
102 5
318 525
946 901
299 126
206 103
197 842
189 42
780 278
236 471
136 260
186 459
879 619
697 981
737 80
675 573
297 593
542 187
9 302
755 425
266 563
635 168
849 395
232 516
740 970
790 442
116 572
104 662
321 191
529 458
532 603
443 714
890 182
219 933
392 858
536 249
716 879
786 457
694 105
894 936
317 294
163 339
715 208
652 538
990 840
652 456
414 109
527 875
865 537
129 841
418 14
280 446
760 951
307 284
210 155
528 300
311 685
656 33
311 937
294 820
358 952
504 223
725 372
390 329
913 284
342 819
743 148
909 6
32 565
862 401
874 221
375 860
932 438
257 468
159 793
410 873
456 355
464 495
690 622
395 489
309 916
71 90
855 18
77 356
2 867
314 12
831 655
250 956
773 682
809 58
644 16
738 347
663 897
781 208
459 982
598 174
85 608
681 499
747 791
616 448
521 907
289 977
322 878
955 273
595 525
296 491
40 335
425 976
180 505
641 603
565 187
373 820
80 833
222 710
146 423
901 94
183 339
434 794
137 632
612 157
1000 168
813 440
423 321
933 851
472 611
435 60
212 792
196 162
179 235
376 883
594 112
754 888
756 74
255 712
722 696
90 839
98 682
678 169
928 490
304 823
456 163
975 336
555 246
271 19
115 433
20 518
519 539
179 434
736 32
984 555
492 612
797 625
408 861
252 89
394 463
23 422
548 32
611 367
397 636
15 274
769 80
15 751
440 265
205 354
515 121
475 653
70 133
308 292
223 240
431 187
253 227
324 952
636 202
672 910
49 699
567 791
211 750
363 394
27 925
649 322
685 510
127 4
863 860
600 540
686 59
54 498
800 892
615 365
575 635
85 803
683 312
126 319
456 358
614 851
978 173
657 363
9 296
684 195
912 107
510 846
741 441
259 679
123 569
578 134
480 548
23 564
559 205
663 994
704 287
916 639
908 888
756 407
539 868
516 533
266 491
19 574
246 274
544 152
844 563
534 6
725 266
593 498
124 468
477 423
31 384
987 932
865 253
877 629
771 279
776 257
663 899
954 184
698 575
992 884
869 437
680 834
790 192
788 66
654 38
471 551
821 424
79 620
104 657
727 976
90 874
208 265
429 991
776 167
956 202
513 718
274 848
443 310
266 874
211 738
959 172
446 434
528 841
452 797
700 69
264 279
425 247
605 99
725 995
105 236
551 120
61 885
641 592
713 140
195 545
944 485
769 431
227 632
375 41
57 105
573 871
388 467
364 198
829 76
799 826
507 528
206 643
811 257
339 357
361 40
277 691
470 560
904 588
539 1
743 324
681 148
450 574
749 828
25 990
919 974
217 513
487 253
774 632
948 662
840 884
995 72
998 512
648 746
606 862
336 145
776 114
840 993
113 669
350 176
223 20
526 47
980 648
777 246
454 449
789 188
908 760
345 856
20 681
387 195
116 268
132 699
260 442
879 569
297 547
865 102
709 404
514 868
200 955
471 940
850 152
765 574
563 317
566 990
429 790
737 114
655 918
230 670
225 527
608 784
265 644
712 557
680 224
422 267
746 372
853 631
799 173
194 663
968 153
238 182
785 557
165 518
535 605
328 217
793 322
786 579
455 309
652 676
275 696
731 568
407 871
117 575
341 40
97 895
668 852
864 931
609 492
741 993
145 200
171 3
250 527
57 41
257 98
519 338
672 648
377 742
956 704
30 614
730 777
368 914
309 606
401 579
53 145
583 32
258 943
245 370
615 735
901 763
435 703
926 297
503 315
19 865
242 825
530 402
461 476
215 232
261 608
142 906
494 638
565 827
633 219
877 118
464 188
374 870
345 397
773 536
304 348
481 628
382 194
379 638
22 494
300 699
865 955
263 981
347 879
348 430
972 281
534 846
115 533
538 635
919 564
384 68
560 942
753 295
372 127
701 20
841 960
827 414
479 101
419 539
457 1
790 331
405 766
204 510
88 624
599 471
355 642
999 899
53 67
93 113
382 317
564 642
204 783
778 613
60 754
192 615
306 334
563 832
815 98
202 625
225 979
676 140
813 895
71 190
659 346
164 713
765 380
393 460
122 200
42 70
461 542
895 363
562 786
22 820
990 275
92 626
880 735
85 720
500 413
244 440
412 893
530 558
660 169
103 856
396 373
174 540
916 368
718 867
745 752
197 918
938 286
638 641
480 474
772 851
420 845
360 307
503 64
524 563
397 375
84 157
472 777
547 881
177 179
191 906
730 857
131 88
767 904
52 587
748 321
703 193
755 532
277 678
886 773
87 59
254 684
460 743
443 375
123 165
84 193
948 880
483 422
17 299
712 503
329 494
125 835
604 500
330 760
792 744
574 332
42 373
331 985
744 393
282 121
855 188
993 774
204 205
171 565
760 660
81 835
421 460
187 177
476 888
188 658
812 353
494 35
333 462
893 211
371 706
408 286
265 430
959 311
483 413
744 615
523 332
3 690
510 487
549 211
119 381
954 769
747 86
415 628
701 162
469 638
981 305
209 830
195 839
70 31
699 314
479 20
828 742
390 380
497 168
326 804
830 259
959 812
885 635
217 676
365 47
299 768
541 681
999 237
150 359
821 512
364 285
510 902
386 433
84 163
264 133
728 865
178 436
209 244
140 534
955 871
464 940
202 672
375 257
530 669
388 408
634 44
476 219
49 501
525 938
182 176
466 831
794 264
54 444
801 970
919 323
909 792
494 217
450 363
497 439
557 65
247 686
931 379
569 977
665 608
784 281
260 508
196 483
740 20
227 422
109 198
828 393
313 607
231 836
271 760
739 661
493 89
938 490
198 231
157 725
295 958
934 928
75 138
670 887
794 953
190 102
845 805
919 746
590 268
764 845
472 775
787 578
283 136
945 30
41 188
922 406
251 808
196 888
574 87
365 488
437 87
696 213
487 12
521 498
719 366
107 210
623 356
321 488
198 483
361 150
557 525
185 787
358 773
617 638
647 540
351 425
526 28
946 960
1000 762
83 117
741 415
551 230
196 225
487 436
747 839
250 523
151 745
311 991
905 965
308 507
54 427
295 711
265 696
378 912
746 327
158 898
396 888
583 901
235 78
314 47
17 205
609 636
827 39
833 653
34 693
830 203
315 741
765 999
234 333
82 948
680 475
790 998
189 574
328 980
44 5
265 429
973 606
183 15
136 143
860 886
959 555
556 830
873 901
41 635
312 921
183 95
290 152
915 966
601 493
791 895
514 913
337 422
549 385
653 385
299 470
6 327
687 416
89 576
771 161
317 495
261 576
224 125
303 986
861 391
272 802
151 572
296 9
131 665
925 853
378 804
504 328
826 193
4 421
721 59
895 741
127 443
804 928
259 405
420 691
505 289
561 543
400 508
97 124
9 985
585 289
169 752
324 377
478 293
597 298
122 125
418 713
87 274
846 319
917 710
602 501
240 34
668 755
369 641
676 808
639 3
524 448
634 291
53 813
177 168
828 718
232 515
773 459
382 592
205 203
734 828
218 632
970 968
979 966
240 162
901 70
940 276
792 818
349 488
711 870
668 37
429 903
255 468
184 67
894 855
152 691
330 972
470 496
184 729
727 74
156 434
937 768
199 558
719 600
870 486
122 435
400 994
591 288
959 668
924 450
49 483
972 480
354 179
355 991
693 536
450 875
248 476
668 67
177 975
540 994
251 742
35 25
59 763
331 713
377 935
813 652
457 730
581 243
3 294
873 781
236 641
607 490
591 959
332 701
13 818
694 6
263 274
414 460
759 73
914 296
713 460
155 643
752 306
723 965
217 426
420 756
775 795
658 539
600 77
505 538
83 778
668 150
854 525
379 837
368 12
873 913
847 777
590 677
386 741
543 698
668 590
843 8
678 623
549 897
220 68
253 925
252 103
32 865
967 339
156 16
511 957
929 605
456 784
459 697
772 596
447 855
704 102
256 473
131 263
323 637
432 308
228 976
232 572
308 685
59 513
62 134
194 531
850 719
403 481
697 376
653 31
442 906
902 81
366 663
584 205
165 603
31 601
871 197
484 566
400 76
29 283
525 414
78 38
580 105
514 742
92 496
482 22
637 310
664 79
763 744
463 884
459 738
928 522
355 278
651 806
972 691
751 979
671 106
845 345
348 690
506 948
981 852
860 932
233 190
474 123
399 660
222 669
977 255
421 263
237 68
327 356
755 126
774 585
875 315
740 394
459 430
506 380
548 946
961 458
482 907
304 209
531 979
944 207
270 407
750 933
767 631
911 545
978 66
363 667
266 658
345 287
520 711
781 36
487 526
302 434
246 671
544 556
366 7
429 436
131 904
867 860
789 13
476 369
460 338
124 271
511 273
855 938
228 967
679 461
621 638
757 530
633 90
382 800
233 558
441 295
760 674
393 594
340 866
713 536
484 725
911 817
438 883
923 941
88 575
710 150
843 465
977 488
828 211
322 987
823 567
887 599
421 559
729 49
892 653
729 170
953 906
43 181
839 837
710 858
911 431
821 571
151 560
50 545
595 383
796 982
837 777
92 179
370 307
859 782
804 501
504 656
921 283
580 466
193 974
122 144
462 934
362 369
711 991
287 98
226 199
80 705
139 483
249 781
835 600
879 558
869 923
665 351
385 560
112 225
433 247
706 704
629 623
362 474
475 703
879 325
967 467
799 478
164 154
119 665
411 975
451 494
297 418
791 790
877 970
305 232
711 529
282 984
986 965
152 587
407 735
187 7
355 727
335 119
239 278
197 752
281 338
470 7
592 10
235 515
547 395
864 130
554 557
727 47
55 789
20 711
387 721
915 382
607 95
199 62
950 768
508 121
352 874
630 95
108 453
936 261
457 640
521 172
702 946
537 761
344 414
589 322
959 409
510 738
576 859
927 879
872 462
980 937
975 767
676 673
645 965
81 903
498 722
584 677
288 998
277 912
228 580
919 79
943 250
799 59
900 863
513 954
638 617
433 34
550 630
124 495
170 418
33 15
933 427
6 535
77 412
650 941
241 495
391 237
106 905
863 477
113 327
181 615
977 348
353 828
777 652
2 815
504 746
743 644
88 212
79 251
137 818
720 308
573 815
938 168
243 377
949 569
492 153
427 852
399 848
552 395
814 798
451 733
384 608
720 998
43 980
361 917
886 620
353 908
162 353
223 705
699 743
488 913
229 777
159 219
13 519
312 169
748 572
482 823
15 342
486 175
308 266
827 587
694 150
21 777
198 406
233 457
699 250
642 883
268 361
976 350
313 701
805 912
80 728
821 808
887 962
796 422
287 223
488 999
435 650
42 550
470 792
599 123
479 350
753 870
628 169
847 958
670 141
647 50
397 938
321 238
305 343
903 672
526 618
193 700
896 815
187 663
486 632
375 662
976 828
227 586
66 827
91 938
770 397
371 187
10 828
912 858
211 523
345 80
311 214
68 208
653 111
736 738
476 496
610 894
295 149
863 154
689 949
640 742
875 219
254 386
871 993
185 610
665 417
316 912
352 466
32 820
639 276
261 36
388 640
6 375
370 558
629 970
646 430
70 553
675 697
205 317
587 287
904 445
276 550
655 980
133 295
931 829
207 230
274 644
848 913
532 743
18 185
831 286
216 127
287 157
928 457
159 892
75 522
817 592
518 127
259 734
185 43
879 721
341 258
368 142
966 560
127 598
242 880
899 452
92 30
200 949
599 573
693 750
626 716
416 284
473 533
933 767
466 975
984 713
548 277
606 174
923 797
290 305
416 63
343 565
535 860
975 156
74 896
470 421
413 849
782 777
739 547
395 656
310 691
576 644
152 357
710 574
671 230
939 598
593 291
476 204
977 195
435 428
353 235
224 35
808 758
197 488
696 6
710 641
136 54
60 471
871 676
201 692
401 49
485 952
981 505
834 449
297 406
181 738
243 805
61 135
669 643
387 984
463 785
722 878
517 983
766 856
570 219
781 653
921 467
736 529
230 412
959 218
821 685
817 359
72 283
628 889
38 897
254 27
988 376
183 438
430 309
553 426
518 232
11 624
925 128
952 922
791 69
936 583
604 277
101 264
670 786
922 486
936 60
9 915
179 856
324 817
860 924
139 768
6 88
954 920
