1000 498893
2000
103 300
185 170
911 330
815 99
637 454
992 797
418 234
592 958
191 777
172 655
633 289
984 34
194 248
209 332
323 89
466 911
555 917
870 929
168 196
179 56
566 379
897 459
326 66
52 243
678 123
645 877
163 865
172 903
807 938
360 965
847 807
695 338
828 449
476 984
599 738
71 768
898 645
505 933
415 277
973 331
118 40
615 999
784 474
211 456
955 444
378 525
270 46
139 29
1 285
364 722
348 255
763 640
922 893
904 859
364 547
779 485
638 926
408 618
305 397
15 380
634 796
355 921
866 450
149 235
275 458
802 528
22 318
380 661
872 329
815 206
457 253
492 757
436 276
479 276
385 677
699 554
809 813
27 918
380 823
586 784
35 946
33 715
520 331
21 166
121 973
124 361
66 993
812 912
329 138
668 825
655 23
89 794
755 622
234 183
243 806
999 644
74 200
739 213
27 481
745 427
337 267
853 849
19 920
193 742
806 953
356 406
182 874
27 377
690 415
627 202
492 15
330 281
453 295
193 445
504 662
963 658
348 847
220 563
105 618
436 54
147 980
935 507
831 348
123 805
609 947
901 380
233 531
696 914
71 704
181 941
79 790
422 233
916 70
369 998
350 849
64 649
11 515
171 868
199 574
335 349
352 604
351 762
731 358
321 102
994 640
34 729
464 622
995 102
687 635
115 10
554 8
802 551
579 686
36 307
256 698
672 41
501 846
487 28
433 276
515 891
541 73
565 25
311 380
782 942
565 781
844 853
458 863
470 63
741 886
15 712
153 936
23 534
464 901
239 568
872 974
33 294
297 746
324 263
116 309
679 385
261 870
559 677
343 198
707 747
125 361
635 381
956 79
343 16
433 146
458 199
797 560
550 328
104 258
139 305
84 491
465 982
381 47
562 144
337 91
883 876
943 87
720 366
980 161
126 271
863 470
12 416
367 544
693 704
782 235
878 73
227 98
758 642
406 466
948 168
101 955
359 870
689 805
934 114
698 664
284 557
92 369
703 550
622 149
358 770
409 735
370 120
157 384
613 361
899 503
904 185
9 349
352 134
918 849
405 520
559 896
894 882
446 78
220 136
320 461
920 459
816 651
698 895
628 438
316 284
90 668
152 364
718 935
482 726
515 64
217 546
636 225
158 323
244 213
398 285
738 71
382 725
331 135
42 245
235 361
317 990
72 39
49 327
590 95
840 903
558 757
781 990
300 781
428 98
465 162
466 330
54 424
40 888
839 515
725 473
988 286
972 812
299 35
358 3
458 925
321 205
554 127
524 443
236 440
930 372
733 6
159 335
904 633
383 992
11 819
747 742
467 509
31 536
75 841
552 785
333 690
491 730
635 433
695 10
334 737
846 38
944 459
672 6
346 247
877 286
521 633
322 853
561 710
450 263
602 191
486 69
268 787
237 122
572 635
685 978
467 796
779 154
30 952
725 342
279 484
437 943
408 564
990 598
707 525
632 465
110 137
835 629
783 731
992 525
248 521
928 630
335 656
930 49
825 982
900 22
106 221
277 525
367 576
718 13
661 754
912 925
350 359
661 52
199 959
567 287
535 380
516 215
19 403
963 906
844 340
509 361
954 391
163 527
105 878
273 359
995 77
260 865
706 92
684 113
665 849
656 495
467 868
141 314
648 450
523 863
693 290
231 302
472 3
695 861
853 350
208 97
756 268
160 149
525 699
249 47
586 801
536 239
681 348
252 543
455 677
966 734
219 225
633 688
334 954
560 996
99 976
155 485
943 529
988 859
747 896
453 412
482 713
982 831
841 871
251 320
392 213
477 206
227 13
450 929
387 752
362 415
419 271
716 823
351 468
554 327
562 903
77 317
305 502
388 383
21 875
109 898
515 339
777 65
631 452
428 559
669 664
397 608
256 389
215 447
361 832
253 754
297 373
890 27
404 149
563 845
11 439
349 20
229 220
679 109
136 72
727 227
798 467
163 771
199 761
376 700
752 683
420 428
823 567
300 337
765 777
482 226
641 380
920 402
354 287
25 758
341 105
799 672
891 254
545 187
879 131
735 564
12 992
247 343
456 187
685 845
441 575
206 790
347 683
369 428
666 2
492 303
19 610
752 704
270 501
98 125
18 369
9 967
502 524
326 449
629 521
597 386
77 118
452 610
775 122
100 578
550 783
468 995
125 695
665 596
981 221
760 60
21 775
212 566
114 796
658 694
943 134
364 735
994 983
617 829
791 113
600 989
434 730
318 654
832 124
885 379
285 846
3 434
446 597
625 677
660 750
312 820
639 197
219 309
820 477
808 217
481 957
82 73
101 195
309 184
779 56
354 748
104 304
740 474
275 343
234 960
486 108
276 484
961 555
728 89
935 460
462 348
602 757
952 911
843 728
388 534
151 312
130 681
617 796
865 793
16 964
486 575
525 359
838 832
836 129
255 285
965 806
951 773
562 515
261 449
918 433
593 834
112 108
150 802
755 732
489 413
319 365
51 752
642 708
261 120
305 469
238 411
799 331
341 69
37 920
893 984
150 340
184 368
582 251
834 878
170 723
173 570
759 213
230 81
46 548
405 64
555 929
154 993
641 741
984 886
318 561
303 45
964 914
623 875
376 461
64 703
341 10
379 244
180 874
162 158
418 973
590 469
492 241
502 770
936 263
700 110
378 978
357 148
207 678
847 815
573 54
382 620
953 836
138 526
859 605
187 528
251 713
86 742
492 146
442 274
344 798
972 762
621 573
143 623
906 250
432 190
566 761
750 701
767 154
468 561
163 826
321 334
761 491
145 453
216 154
437 767
860 317
650 264
958 719
965 247
792 376
174 963
700 4
792 963
183 606
381 17
932 929
473 14
106 205
326 668
172 916
844 593
383 519
659 345
481 297
156 547
65 220
186 786
15 892
881 171
892 303
20 207
707 239
814 315
729 269
345 420
356 196
728 627
993 372
291 550
940 448
872 873
596 883
971 694
89 99
325 650
353 908
560 477
341 339
633 632
746 914
956 820
429 267
126 39
781 7
591 837
736 274
845 972
226 762
163 796
859 666
417 471
53 724
314 452
630 588
481 446
139 32
911 684
489 199
405 354
399 54
485 291
475 928
174 626
356 379
304 976
66 262
809 967
62 420
5 58
489 134
591 674
967 137
136 821
79 364
411 718
905 168
509 372
246 713
417 785
902 667
338 415
915 910
596 250
944 59
254 435
790 926
168 937
327 593
288 102
787 404
173 578
674 524
210 323
284 231
710 458
357 722
146 662
561 165
641 337
652 378
672 523
955 969
93 1
123 945
867 886
845 933
993 348
131 901
300 802
61 819
748 78
150 99
612 418
252 546
865 600
643 192
580 209
703 594
314 169
479 252
885 816
868 126
804 372
893 482
63 70
133 207
267 641
139 986
603 438
931 264
510 626
219 371
97 639
659 240
223 459
705 39
910 955
90 727
122 132
993 353
440 135
917 70
861 326
373 722
711 558
185 789
175 779
19 691
437 973
369 522
883 274
699 841
12 377
373 981
964 621
564 843
337 974
703 53
81 102
273 431
103 134
792 353
554 759
139 426
760 858
804 390
644 66
797 785
314 940
632 313
424 804
23 574
216 560
658 304
523 544
239 693
476 586
566 742
538 314
736 369
549 749
998 775
925 728
861 28
661 799
556 187
878 107
815 322
656 835
965 395
636 597
697 89
592 299
673 15
22 299
398 472
393 643
503 526
222 984
319 560
776 339
110 675
100 239
929 332
48 587
568 527
354 407
751 227
434 932
963 208
83 529
674 153
4 705
410 200
444 825
316 500
603 480
912 126
417 282
190 360
568 654
272 108
872 491
929 150
458 201
822 732
887 886
769 542
162 891
694 692
351 838
454 863
76 375
401 899
964 59
198 424
456 573
230 450
257 626
825 266
433 386
241 761
227 164
740 840
682 263
175 251
491 390
661 86
467 766
132 580
956 621
359 435
656 356
405 796
184 595
505 39
58 453
910 506
703 685
394 483
436 724
43 928
833 560
714 527
565 514
518 550
957 464
648 344
290 379
801 996
408 56
356 515
300 9
124 248
5 108
491 75
573 740
59 201
88 322
642 629
782 53
8 605
187 998
116 547
495 814
66 948
24 855
365 459
779 13
216 732
989 827
271 48
248 79
527 590
652 989
487 738
77 41
144 400
410 186
351 802
788 490
392 300
77 492
185 655
67 346
289 203
537 500
769 319
539 832
298 356
933 117
9 608
397 497
400 225
897 292
568 417
457 627
982 349
781 871
376 804
791 371
607 506
797 63
159 117
349 606
468 755
163 125
250 475
203 57
533 149
230 2
158 494
641 834
824 614
747 732
127 152
632 434
288 494
82 97
186 990
824 560
777 517
79 330
697 950
763 210
665 568
787 259
847 707
735 925
100 216
716 33
818 553
358 155
936 89
747 571
744 534
284 340
982 332
165 260
779 516
850 573
185 696
319 986
713 171
324 185
916 602
817 364
722 656
22 700
864 565
354 73
795 578
387 981
210 993
262 126
970 114
446 381
360 826
568 870
266 814
989 480
89 151
169 838
286 414
208 39
389 779
373 556
256 631
575 446
8 295
31 805
840 838
735 746
578 810
40 594
934 499
756 900
343 516
896 220
637 522
200 756
197 992
945 473
864 497
706 771
238 174
827 909
706 85
649 176
555 885
232 680
800 550
251 206
372 586
943 572
486 297
99 438
207 866
143 780
707 584
384 694
705 48
610 779
249 176
640 486
440 806
487 853
54 952
649 386
537 612
359 844
532 747
152 359
207 848
617 25
961 240
535 932
532 472
23 712
7 870
466 301
940 400
87 553
819 852
274 260
633 424
223 588
229 24
192 445
877 894
369 824
398 166
671 439
194 34
623 485
812 631
12 422
162 9
269 93
684 165
113 120
527 124
522 717
881 760
486 279
512 553
511 352
112 911
556 44
768 895
21 619
343 924
912 980
903 552
796 962
556 606
403 903
852 194
939 211
356 580
351 342
479 18
392 37
169 921
533 723
390 221
697 791
6 696
51 602
691 245
489 195
875 111
80 473
785 821
795 556
440 247
788 860
651 523
893 546
632 530
687 329
116 141
245 139
433 459
573 896
1 985
784 262
798 127
301 136
745 469
466 463
430 726
220 571
763 894
468 193
702 627
388 487
713 645
235 556
85 176
452 96
961 613
503 874
1 89
950 958
255 171
107 85
908 506
526 829
417 887
874 210
21 300
487 463
256 739
733 969
863 75
812 315
326 676
836 769
736 873
13 353
363 700
987 681
92 399
308 889
678 905
826 993
639 693
456 654
205 208
946 555
937 475
601 815
241 58
942 890
569 267
338 141
747 165
483 773
285 315
502 108
3 832
435 934
906 939
257 379
422 383
69 673
100 699
388 745
564 956
617 677
632 196
985 505
42 148
724 589
788 709
475 866
309 813
937 227
935 84
316 51
227 880
247 522
41 856
585 658
584 267
585 203
296 165
166 694
222 66
556 255
806 683
810 927
844 840
122 509
128 95
933 69
490 785
66 119
281 578
693 216
607 29
357 272
29 250
757 100
263 968
732 561
458 739
119 396
509 524
820 210
20 872
207 764
362 833
472 585
589 203
482 286
108 528
564 994
23 392
724 93
790 226
172 991
980 672
733 830
321 800
497 431
425 602
104 370
428 826
924 486
217 429
721 490
538 29
43 310
68 800
813 999
691 730
862 474
401 964
319 115
486 347
69 42
278 443
106 284
739 473
836 447
936 331
28 993
354 161
209 118
441 39
763 617
109 540
212 621
884 842
676 827
514 576
297 781
59 652
804 646
676 270
105 207
942 34
407 159
380 894
224 392
381 290
228 596
882 481
949 161
450 666
193 850
739 358
74 646
761 602
531 658
656 24
62 363
549 800
312 963
274 864
198 467
661 248
888 375
609 5
866 937
926 159
799 261
558 486
423 894
265 327
900 570
103 532
288 785
148 703
944 887
228 791
63 953
549 812
748 819
989 690
514 537
156 152
386 476
763 903
407 512
62 753
47 594
8 851
904 859
452 875
233 322
303 583
326 133
87 904
839 984
988 154
870 897
990 942
379 965
315 833
921 422
769 660
627 850
383 792
501 619
908 259
179 79
691 558
328 61
851 971
419 540
854 429
683 965
675 121
730 557
673 289
153 677
658 794
332 132
222 530
716 58
796 960
661 593
420 429
420 229
338 307
615 991
632 840
958 379
623 816
418 449
555 621
539 927
193 842
86 691
348 747
899 941
642 747
22 101
345 603
367 139
371 454
426 951
798 711
951 618
914 265
508 568
968 970
450 57
629 510
49 907
799 474
760 806
803 456
222 997
968 748
261 314
679 688
51 731
41 532
246 644
94 956
939 462
601 711
163 893
783 149
129 374
951 110
557 198
226 647
487 458
885 577
213 607
61 469
688 677
735 500
579 867
373 246
60 780
302 194
731 442
497 777
227 857
606 934
235 506
253 213
488 712
492 845
818 658
344 268
515 503
134 742
484 993
305 333
813 585
472 319
578 190
463 697
257 10
674 735
783 384
430 970
109 816
798 559
934 303
430 769
172 7
178 162
122 710
33 76
153 833
514 405
609 596
992 342
475 663
966 502
563 436
972 911
18 433
746 985
225 151
585 387
420 506
294 92
159 944
561 193
880 202
254 63
3 377
710 283
422 959
610 999
889 476
791 701
969 828
781 54
939 710
657 605
581 754
746 564
843 970
268 824
467 249
531 31
313 632
424 327
904 611
862 376
595 406
358 866
13 464
370 267
82 850
416 288
927 108
280 119
827 505
187 368
365 748
343 184
180 595
682 375
711 933
994 381
600 790
940 906
633 19
47 506
418 593
107 152
161 892
648 146
656 839
606 997
792 596
215 163
857 498
133 664
853 651
385 412
29 901
370 577
989 232
155 924
641 496
729 209
534 351
737 472
751 700
880 927
737 311
177 843
627 703
147 637
20 671
798 521
971 708
728 850
466 391
6 127
141 673
641 998
112 68
648 928
421 278
400 254
236 803
708 336
203 153
952 94
583 967
765 506
539 718
727 725
533 577
354 158
509 20
338 903
945 607
448 224
247 486
945 946
929 817
762 456
35 883
996 70
474 942
445 423
469 254
857 240
162 794
457 860
380 531
105 482
157 669
963 951
113 31
244 307
277 507
192 663
488 321
650 687
50 937
129 667
569 931
235 386
459 878
489 21
420 823
190 692
900 69
169 176
4 209
175 69
142 108
153 626
464 380
123 440
999 552
873 918
329 585
390 483
732 746
613 312
644 820
975 949
764 106
835 771
365 952
176 730
670 115
813 388
644 364
762 758
808 341
17 480
638 303
745 132
623 209
61 968
93 825
652 926
903 210
182 610
213 786
872 995
291 693
358 253
716 411
714 464
772 475
396 444
477 184
490 504
721 42
128 516
536 156
799 229
519 167
512 831
162 815
663 5
820 375
600 184
345 584
589 154
169 559
862 219
836 856
653 794
313 496
258 490
100 112
191 557
861 225
863 33
465 562
244 169
184 44
16 367
493 330
275 761
577 582
816 663
171 667
769 327
779 48
776 224
279 795
696 457
693 619
472 935
561 76
867 521
557 585
162 870
771 1000
192 223
987 376
126 186
279 374
289 247
801 732
838 390
473 921
876 754
37 224
189 602
405 279
341 672
842 205
156 356
880 613
431 359
373 27
382 486
443 934
980 965
194 725
19 249
811 531
745 654
767 946
341 244
489 284
312 906
394 881
401 814
587 100
780 326
79 32
112 585
95 791
421 84
645 634
246 863
549 720
589 978
667 416
228 529
227 735
391 983
153 506
113 723
652 640
508 34
496 584
969 276
993 786
905 798
333 918
175 629
859 490
870 513
294 402
461 904
324 139
44 338
879 394
674 950
336 228
428 863
606 563
394 549
785 462
743 123
329 769
1000 24
652 276
962 39
147 676
27 125
179 204
632 233
288 10
697 660
953 627
483 560
991 230
417 825
291 194
294 714
584 445
233 564
378 440
937 993
912 993
588 272
620 440
592 709
253 398
167 505
563 986
888 797
865 557
885 632
753 14
285 483
522 343
58 832
886 955
593 450
799 634
404 683
842 744
173 576
250 431
272 148
15 43
737 469
892 287
698 714
758 819
318 51
479 643
178 305
705 215
181 690
451 773
147 949
790 215
706 574
261 887
395 465
460 735
239 643
601 13
515 969
887 927
516 418
115 865
290 115
443 233
420 71
926 60
720 872
513 41
85 556
376 974
357 338
101 459
873 272
232 33
673 109
817 489
95 780
89 59
145 8
697 277
768 184
63 6
180 754
281 198
655 658
104 845
930 153
724 935
708 612
406 85
281 244
931 61
661 530
391 386
659 402
156 66
24 495
352 271
58 607
102 193
198 735
710 853
192 669
944 879
873 96
738 410
225 591
347 607
682 234
784 613
93 156
21 410
786 430
71 874
269 851
852 495
676 925
5 189
864 470
814 291
109 210
444 899
242 882
175 788
565 501
953 753
781 430
382 309
330 165
790 639
233 338
981 193
339 755
718 668
467 765
145 372
383 497
873 985
361 318
285 412
788 468
689 861
665 599
943 108
443 638
901 58
669 282
273 539
534 577
609 853
772 319
931 717
784 538
199 909
42 693
336 677
453 323
597 495
332 632
603 187
86 415
743 396
315 117
392 95
323 906
125 174
357 851
765 712
959 341
384 168
704 115
20 645
656 401
18 541
134 770
70 657
59 716
513 65
219 24
801 399
463 301
304 773
475 583
644 733
649 883
799 671
968 527
912 626
947 285
889 53
400 252
325 53
524 460
518 435
168 208
32 844
572 724
55 373
295 920
773 509
915 842
289 346
884 773
290 634
773 528
196 937
165 124
641 509
206 508
696 36
404 696
765 4
755 217
272 396
657 938
375 452
812 743
69 956
955 746
964 369
244 508
107 271
735 595
245 880
110 941
321 630
295 673
107 347
461 670
207 700
93 208
659 527
927 823
200 932
63 799
527 829
877 314
838 390
212 125
192 279
527 82
62 414
949 165
597 854
453 855
855 753
280 782
286 793
991 300
772 974
