1000 511934
2000
578 624
728 622
160 902
770 176
944 880
97 649
132 168
348 535
820 696
800 138
824 662
543 263
881 965
667 2
97 205
623 566
247 62
778 466
679 878
100 739
900 30
964 812
1000 485
595 854
852 629
168 489
196 255
127 476
731 761
344 49
39 648
519 321
935 424
188 570
431 30
891 546
670 11
580 141
656 891
24 639
873 962
70 38
437 927
367 850
777 417
51 233
591 799
745 249
406 70
44 461
357 304
914 536
759 132
813 800
802 407
673 361
874 809
464 604
550 218
185 135
318 244
41 115
534 797
219 975
34 537
327 690
988 873
124 362
569 489
950 278
302 475
866 614
852 596
517 285
243 781
415 22
317 108
622 75
69 327
462 283
888 514
561 564
188 3
794 659
500 364
236 129
289 715
366 435
816 456
155 385
950 186
333 391
224 393
456 877
392 498
193 754
656 301
393 59
583 656
934 964
10 577
334 499
103 910
447 505
202 347
409 632
639 282
898 353
95 101
359 183
426 976
897 414
271 965
125 927
920 262
737 123
540 213
844 95
314 778
437 204
458 516
290 182
707 402
292 469
10 978
722 764
804 655
664 764
360 76
824 246
222 182
511 447
552 904
525 517
536 206
297 505
779 603
169 589
657 843
720 176
575 34
189 758
877 249
770 823
542 400
734 598
395 307
903 331
930 344
216 869
764 894
865 444
663 469
706 437
53 823
839 301
321 953
124 875
345 562
83 126
246 258
667 869
647 597
277 740
711 632
701 979
533 727
681 41
409 547
120 760
893 23
835 831
900 287
956 268
698 862
221 384
180 525
144 145
791 845
237 326
184 257
426 319
1 75
246 936
729 432
919 401
925 534
222 815
218 560
285 440
534 103
243 372
752 728
388 709
640 126
370 463
368 904
306 873
674 401
232 130
19 535
34 436
853 226
170 556
942 156
753 277
265 241
159 88
695 943
337 940
315 460
878 281
712 192
82 500
633 456
91 914
192 40
400 386
381 255
914 66
848 50
961 167
350 349
531 821
485 210
739 31
577 711
773 595
153 116
663 443
232 114
300 911
804 511
573 235
315 126
356 532
593 864
558 542
747 344
404 832
380 425
127 934
589 963
780 851
372 663
908 275
567 67
258 198
20 821
581 738
342 734
622 4
551 714
254 785
418 185
914 184
664 371
170 368
797 850
978 239
978 581
596 879
503 948
870 577
865 624
119 933
306 971
897 129
143 895
306 829
611 421
846 630
585 445
519 134
99 683
866 620
889 378
849 328
764 392
310 186
174 561
500 424
132 52
163 635
660 359
889 497
506 141
410 318
210 945
792 451
74 21
281 780
366 22
1 87
416 824
496 194
889 558
556 880
840 493
668 6
904 609
706 991
612 369
610 277
325 798
456 356
125 885
591 703
921 425
582 777
678 562
525 513
637 714
85 289
81 556
289 113
379 993
876 741
8 725
30 830
218 484
362 653
465 241
117 502
679 331
650 467
613 322
551 312
243 4
235 750
705 134
566 805
824 969
935 784
556 639
701 329
461 381
971 300
245 684
533 65
217 868
829 280
602 245
151 75
535 789
819 230
577 904
984 834
197 573
146 78
568 898
290 528
481 576
943 663
741 593
75 287
100 364
229 709
501 652
633 210
871 142
78 200
457 618
295 315
16 160
895 935
681 583
272 880
232 538
405 549
245 394
175 589
699 839
490 956
434 781
570 430
1 788
28 573
230 472
796 754
595 28
768 833
263 733
508 24
493 538
122 944
751 990
679 569
395 981
421 583
305 65
203 642
273 673
909 176
774 390
1 574
662 885
151 885
463 793
649 489
816 355
438 246
947 414
411 540
973 250
66 410
820 674
404 531
591 160
567 354
430 824
545 333
647 331
398 16
150 960
718 215
938 506
483 702
185 769
197 749
698 302
522 236
281 787
968 639
664 295
256 605
742 165
15 125
579 636
848 953
229 986
746 72
674 47
864 106
25 800
918 962
168 658
766 778
746 976
692 899
829 551
263 946
383 431
892 349
321 153
55 105
880 990
308 319
248 671
57 957
72 564
954 324
281 181
878 563
456 841
159 290
657 671
817 631
824 187
644 528
545 361
976 520
581 757
459 113
763 763
307 600
389 827
813 417
552 13
958 701
88 192
591 274
214 981
737 987
339 361
496 638
198 295
73 11
43 557
149 623
140 118
177 474
987 803
216 841
852 950
576 945
371 1000
164 145
825 664
210 517
758 816
910 362
698 147
107 167
777 969
887 339
976 947
436 408
478 944
139 313
205 463
327 29
162 339
206 255
673 670
805 150
368 346
199 227
374 1000
256 220
181 958
946 443
669 321
884 440
562 542
327 900
768 552
664 841
448 100
1000 809
27 82
404 406
973 701
291 331
105 685
401 21
338 456
145 566
970 4
908 549
967 978
104 618
986 92
436 904
226 318
149 357
792 204
268 667
155 706
4 738
827 522
980 644
687 175
932 846
263 820
861 972
846 506
808 700
480 901
759 403
39 693
262 419
468 200
802 179
949 605
112 957
542 601
817 801
553 259
902 410
663 611
398 731
606 510
293 898
773 452
460 74
278 832
801 557
693 804
857 191
439 914
966 726
891 308
161 335
466 474
999 949
101 27
800 526
732 768
177 256
233 349
894 42
641 151
902 648
988 79
395 35
641 75
934 514
934 31
268 694
653 127
120 571
377 267
196 56
1000 632
400 679
157 841
777 815
954 623
274 467
580 221
912 31
381 662
820 896
748 334
742 184
684 502
962 517
937 188
119 548
670 191
593 149
653 660
130 440
435 899
48 685
936 169
317 285
125 881
552 46
87 427
52 430
124 865
879 770
150 453
909 951
194 449
858 460
424 991
528 427
677 240
455 862
265 235
824 803
991 95
127 839
107 824
398 936
986 537
955 661
593 472
902 382
724 643
855 531
209 842
302 524
521 225
701 236
840 87
233 416
187 502
968 15
72 635
777 640
648 275
335 195
559 910
885 410
116 622
169 88
738 317
885 831
920 750
50 905
629 990
20 463
631 314
545 386
999 569
269 946
710 664
884 147
628 217
274 99
844 845
320 471
296 835
790 326
960 491
855 186
521 285
63 557
276 861
432 161
621 412
484 542
433 159
189 697
937 917
670 489
251 39
538 912
425 426
108 611
523 306
913 590
278 924
968 623
424 245
516 885
292 537
616 435
914 185
508 343
630 523
712 33
738 841
398 766
418 776
895 277
29 664
914 982
164 11
728 970
107 834
572 722
81 586
617 293
968 355
372 7
532 748
522 170
594 858
172 752
428 531
58 82
309 168
541 856
218 634
870 934
407 67
603 328
959 986
274 329
500 643
362 465
901 495
118 68
106 927
887 435
284 993
800 307
924 200
468 322
683 220
959 573
733 741
580 968
46 125
397 449
248 314
69 89
394 293
973 925
99 697
801 463
10 697
378 825
411 521
196 461
791 832
927 458
87 961
815 72
366 401
356 268
290 70
289 310
4 428
393 952
573 45
143 141
676 380
376 664
194 451
701 887
83 186
285 410
458 849
387 619
603 805
982 1
113 342
339 889
731 603
337 479
961 530
101 167
859 702
371 293
571 89
543 178
123 148
982 197
252 467
771 129
602 838
845 742
764 446
550 837
331 478
910 331
201 762
265 350
801 169
298 93
323 225
15 333
351 897
729 72
776 997
418 96
625 221
526 925
225 167
161 14
950 330
237 761
127 642
492 201
746 296
676 905
367 398
904 186
285 705
624 756
431 426
426 789
468 670
726 717
779 629
693 934
209 276
644 857
806 284
319 2
493 6
639 184
59 420
643 9
143 143
888 929
42 697
651 851
559 195
801 958
300 415
49 892
689 389
422 523
466 356
670 721
980 174
394 366
921 278
955 919
345 612
754 325
96 553
772 779
750 906
627 486
464 534
474 923
778 567
119 479
734 903
931 222
778 615
626 334
237 724
52 384
119 704
960 51
102 555
418 134
882 42
801 533
28 735
440 256
566 219
760 805
648 645
15 618
23 814
473 590
781 804
110 308
500 930
215 476
198 552
448 818
806 280
534 288
254 283
105 792
659 873
715 613
240 586
483 291
11 165
997 618
998 105
559 701
102 790
970 976
364 274
630 655
953 540
946 726
900 843
400 463
510 397
380 882
181 809
627 315
837 845
743 924
382 387
240 286
439 394
927 599
152 713
336 661
233 590
138 9
756 367
391 979
391 162
2 421
968 1
183 466
447 871
998 14
682 529
523 741
451 939
255 464
147 87
561 278
833 426
403 998
445 598
24 229
775 268
641 601
219 951
375 657
365 803
322 602
790 467
961 766
770 399
760 600
498 672
622 917
170 180
688 168
544 130
264 767
800 789
262 168
911 638
360 502
289 673
806 501
757 262
28 826
862 698
846 637
309 162
505 498
738 839
241 629
407 8
16 701
468 775
67 732
128 831
463 647
586 805
480 350
222 745
525 554
238 636
104 292
164 1
130 400
754 805
494 861
513 580
547 912
271 517
85 765
25 146
714 850
54 250
957 721
46 93
146 276
576 120
738 778
157 796
700 609
773 992
705 261
655 570
927 823
670 197
654 494
363 843
795 631
574 248
703 429
345 688
864 92
113 96
237 988
684 129
395 575
702 626
618 242
490 455
410 641
940 990
14 299
193 794
111 472
718 129
818 634
430 635
11 843
199 993
303 831
586 254
52 896
437 884
566 17
872 186
654 957
746 365
886 33
436 749
211 102
452 308
261 667
590 611
840 909
76 272
973 438
581 559
356 755
390 750
1 281
33 245
51 303
664 687
530 929
684 915
532 21
312 114
565 173
746 95
293 347
913 949
717 52
786 58
734 484
691 283
786 860
525 113
811 256
297 282
193 845
742 269
105 803
870 872
686 26
905 398
686 233
521 676
780 65
15 486
879 116
910 10
388 859
509 276
397 126
649 271
369 591
858 676
375 168
275 197
866 957
634 867
514 638
535 530
393 730
272 494
540 287
406 995
747 861
595 736
408 616
541 555
227 155
372 857
215 790
93 286
130 647
529 150
999 27
555 152
97 609
358 993
920 353
697 49
408 207
646 769
884 789
34 892
99 690
29 331
311 487
246 7
258 752
952 418
878 299
240 440
502 793
869 678
368 268
534 218
739 27
149 373
231 540
871 557
907 353
114 910
889 77
402 633
440 394
355 564
211 292
215 960
199 218
74 278
66 414
538 99
123 525
436 848
668 712
365 151
923 153
311 91
849 450
958 980
378 983
230 526
511 161
826 444
954 46
408 560
546 727
53 747
148 296
449 397
720 794
941 630
922 216
577 125
963 991
620 752
146 549
932 939
618 533
984 371
754 559
562 242
439 958
304 834
300 874
216 735
456 612
338 155
30 17
848 167
715 752
11 815
695 570
176 325
153 880
920 819
311 702
757 36
300 820
2 172
325 848
859 156
773 451
160 125
506 441
358 209
784 936
986 265
189 155
895 947
529 865
674 402
463 917
135 796
106 410
115 145
815 589
778 496
390 975
918 551
217 326
906 790
781 92
423 476
763 126
795 645
23 50
826 961
437 691
844 403
313 981
207 709
732 952
208 532
331 312
804 127
341 595
74 178
431 447
851 255
29 243
422 966
274 666
996 720
811 956
204 156
253 345
735 758
548 129
48 583
725 909
167 332
82 689
821 330
134 748
167 748
406 626
143 91
409 101
480 206
904 906
591 408
114 115
255 232
617 411
797 570
599 604
793 313
952 285
560 629
303 778
469 197
241 991
612 364
155 884
122 979
399 49
263 29
996 199
326 183
542 67
183 61
1000 830
340 60
753 976
789 987
721 972
151 667
804 369
708 668
498 648
560 363
397 856
664 855
511 177
618 674
324 441
255 482
626 516
907 913
699 439
435 746
984 173
830 882
873 768
565 712
900 518
980 599
601 429
869 59
16 600
28 663
747 118
478 654
538 210
533 588
469 764
80 888
186 702
199 594
678 568
809 89
350 893
650 549
699 855
494 233
293 522
215 729
434 569
288 164
170 12
387 497
515 771
460 583
872 24
74 942
473 854
705 914
653 101
81 621
160 129
158 96
660 270
512 876
263 651
242 756
100 471
918 578
269 135
538 272
22 334
996 902
520 308
662 232
855 813
60 901
273 58
887 505
578 687
487 417
903 730
699 356
141 948
31 902
187 294
3 549
920 814
351 281
224 756
793 78
764 866
737 88
75 579
477 181
427 318
594 956
620 668
591 383
815 605
419 768
617 791
913 60
547 24
392 372
406 821
824 968
658 595
340 985
499 99
414 216
77 990
327 431
632 422
740 611
957 452
185 754
213 179
873 944
447 882
422 114
796 638
698 114
247 592
429 395
261 399
760 43
889 707
196 271
273 498
161 560
494 355
173 202
10 199
733 230
313 272
387 943
361 540
459 975
726 492
911 850
767 723
554 520
354 481
220 789
15 378
798 678
68 372
701 956
557 539
472 817
479 763
711 800
568 332
230 575
555 149
106 895
624 788
91 374
834 96
950 80
974 983
900 9
165 979
779 652
418 436
290 786
304 567
133 1000
438 897
840 417
884 282
688 68
797 728
454 428
138 679
185 47
890 303
401 509
703 641
292 734
649 590
911 533
652 887
695 499
510 690
754 275
978 95
100 46
189 533
484 951
741 193
869 850
511 593
977 215
979 581
490 659
370 121
883 115
921 869
159 191
112 381
367 300
848 19
482 118
751 771
193 906
47 782
3 114
127 425
346 638
801 164
941 63
771 633
519 762
428 408
396 12
143 568
154 200
574 823
754 944
696 934
598 171
533 776
215 65
403 689
227 785
160 503
871 951
878 688
178 368
496 377
39 852
871 884
809 543
95 636
336 270
787 169
967 816
497 806
137 547
716 179
338 642
61 492
220 148
117 235
973 518
389 563
777 378
851 1
520 628
587 144
36 470
470 115
932 474
17 538
764 614
670 257
606 560
663 115
757 569
160 579
668 681
253 613
687 323
246 627
216 866
750 526
342 498
871 174
399 967
32 59
660 250
250 873
443 536
266 29
76 609
979 196
133 800
780 202
785 746
140 248
266 237
106 8
245 636
626 709
886 966
679 458
537 866
498 137
441 111
704 549
850 686
232 597
53 21
388 580
468 230
617 603
369 55
623 507
620 340
977 140
475 362
75 57
746 395
230 89
407 708
157 558
637 800
935 665
844 538
789 214
846 192
885 506
619 589
576 763
713 559
988 650
941 558
25 699
867 590
693 312
72 241
697 839
359 817
170 612
266 840
292 161
224 322
20 943
596 153
821 829
912 200
901 414
805 553
87 926
251 8
410 429
303 629
136 946
237 706
8 637
609 247
289 411
348 96
581 769
564 173
623 19
434 253
978 552
755 821
137 269
679 467
232 466
911 835
742 391
93 493
588 855
465 912
231 490
40 763
71 858
173 952
105 643
386 203
507 940
162 817
862 856
800 306
633 836
714 750
876 442
524 768
111 119
540 82
812 22
170 753
700 768
368 40
504 745
988 327
101 948
73 431
128 236
658 178
285 393
851 386
227 19
258 804
245 898
540 390
78 616
537 648
805 232
3 672
967 792
708 31
451 723
166 532
783 758
92 859
527 880
163 34
46 81
564 581
593 550
28 607
459 429
57 816
875 69
860 24
757 804
57 387
268 973
402 948
627 850
981 239
282 780
350 879
840 319
73 708
516 339
13 533
807 354
657 339
292 809
608 531
989 321
300 381
513 820
677 351
275 734
512 910
998 357
362 123
194 993
310 6
578 967
557 900
874 476
981 310
441 917
284 367
641 191
930 117
723 849
819 126
934 736
275 991
545 749
206 84
473 119
925 705
89 263
540 566
79 555
616 488
759 823
882 133
228 666
212 897
531 722
37 86
466 546
383 895
659 174
257 800
591 901
25 557
894 8
220 372
395 456
588 769
503 462
865 321
550 206
176 639
642 37
779 320
691 996
127 25
10 812
746 527
130 29
626 859
629 686
986 248
308 83
700 572
952 640
958 905
775 149
893 675
313 659
47 896
118 131
626 433
465 69
627 315
19 349
267 682
62 722
795 905
280 819
993 497
642 41
442 309
194 611
246 641
618 755
156 497
436 291
803 563
279 41
633 476
900 144
651 368
613 243
833 782
976 548
179 669
626 439
938 133
945 432
279 150
735 538
330 709
102 921
204 150
885 457
275 419
957 59
513 735
653 312
545 265
937 944
867 110
78 394
731 191
408 721
87 861
547 67
20 251
447 643
865 372
4 225
722 896
891 401
128 489
262 638
694 56
548 146
227 161
600 447
963 309
442 437
716 982
944 932
698 479
474 56
753 638
83 215
175 26
614 472
820 784
856 425
181 211
624 561
390 349
884 876
500 837
183 253
247 200
372 506
294 89
284 317
82 401
97 433
4 771
979 805
774 270
469 444
996 473
645 175
348 209
734 667
677 409
459 50
414 964
283 896
188 170
285 462
898 182
696 517
757 826
256 845
348 927
351 100
548 848
87 769
877 490
893 718
696 365
616 645
770 304
772 640
49 945
187 680
415 60
732 645
145 687
583 404
250 621
716 845
478 46
983 657
349 482
342 17
726 662
890 412
973 404
71 347
308 839
296 494
872 255
387 382
110 437
377 782
923 243
443 78
515 507
192 518
601 525
838 45
822 628
153 171
909 779
867 518
717 436
465 610
858 459
31 330
891 27
880 372
312 727
487 13
407 290
650 569
757 737
16 898
828 149
711 133
348 320
743 457
160 189
651 760
367 130
466 319
952 116
90 144
639 694
938 493
145 670
963 292
80 198
773 651
801 731
527 13
257 278
927 682
819 978
843 600
540 664
45 465
919 570
526 759
386 257
957 684
816 154
901 750
924 230
654 840
13 962
541 120
864 378
736 780
780 380
582 217
688 175
296 157
675 466
596 973
985 754
739 40
21 781
926 747
823 838
905 405
727 989
614 621
806 685
360 383
91 666
1000 961
482 753
280 385
929 757
123 81
517 585
867 113
929 522
854 403
492 427
48 691
724 391
532 685
189 440
767 448
341 215
212 854
845 207
552 689
93 679
98 785
