1000 496737
2000
449 830
151 497
496 482
981 469
715 385
652 163
98 945
917 155
708 651
300 627
888 767
757 947
887 810
38 911
55 690
812 308
510 226
848 637
424 740
224 672
912 590
68 876
744 649
841 777
388 793
957 231
50 372
556 884
187 930
460 830
955 143
839 192
745 483
581 323
673 671
747 552
413 891
648 628
618 137
719 471
83 811
61 883
682 203
55 372
152 519
72 693
973 764
718 131
94 351
133 581
549 846
989 719
383 692
63 277
393 724
721 555
653 831
136 215
424 649
238 41
136 840
185 646
698 67
725 813
325 642
873 811
817 385
514 767
277 172
24 137
655 374
736 969
113 68
147 755
244 979
187 43
424 760
646 800
480 990
482 47
574 763
456 71
872 630
913 64
832 827
532 234
924 253
771 515
110 983
884 701
392 103
867 249
772 852
613 183
474 709
212 489
591 755
860 659
740 451
158 823
971 940
272 70
540 772
949 608
608 299
673 500
374 986
626 231
522 273
144 324
350 456
133 537
296 242
324 846
838 119
819 110
499 326
427 29
857 85
964 240
859 801
287 662
575 287
283 627
31 193
950 700
239 741
106 28
987 91
775 63
722 157
698 351
764 574
632 204
402 528
597 548
845 617
182 363
760 141
331 719
344 132
146 124
598 520
440 139
689 435
802 375
224 76
33 446
465 969
80 778
666 434
782 167
967 926
560 265
633 163
971 633
239 737
538 682
439 809
535 646
520 944
785 72
404 907
894 882
6 759
209 858
328 202
30 74
523 979
461 400
857 103
708 713
922 769
194 979
357 108
28 21
36 429
238 621
147 610
548 983
602 892
781 939
382 664
316 206
497 535
526 84
680 193
701 855
701 441
61 831
401 707
191 671
124 7
527 15
473 264
687 72
354 722
987 529
735 723
363 731
802 308
43 789
382 246
54 975
840 962
201 598
384 273
465 209
126 995
148 817
710 1
456 267
409 968
406 698
471 550
338 882
334 971
910 439
281 941
920 388
399 1
684 203
671 710
719 652
997 204
285 97
94 860
733 833
882 538
151 159
996 684
424 716
452 464
604 88
683 872
122 476
331 419
68 557
980 476
261 972
138 632
322 560
38 969
954 882
321 104
91 938
335 718
646 336
808 52
662 618
197 280
524 494
647 662
218 27
293 390
859 468
583 12
939 985
943 501
611 974
778 171
187 271
928 905
559 428
950 114
192 323
205 873
701 633
974 616
793 221
978 466
568 888
835 624
112 437
418 950
139 744
24 321
643 862
191 730
565 495
108 503
194 996
98 13
159 939
310 605
417 611
639 583
706 308
829 454
173 125
922 30
371 313
51 302
237 33
439 972
719 943
574 554
448 625
669 895
500 120
381 891
341 673
773 356
320 372
356 451
170 187
624 885
5 231
343 277
437 493
117 754
845 426
947 479
884 242
204 735
524 421
231 864
495 857
712 31
328 670
953 1000
301 577
984 484
297 613
232 932
728 291
106 19
712 849
87 754
380 144
554 61
721 849
581 473
782 615
775 582
823 21
100 830
577 292
504 944
779 676
34 468
725 338
815 899
400 73
577 628
326 669
690 164
77 367
516 227
802 946
711 163
714 425
293 359
378 167
323 834
806 460
318 270
270 638
489 25
911 511
629 348
340 834
743 347
51 29
425 916
141 59
246 180
607 986
166 830
707 374
630 991
570 640
245 462
435 858
956 835
244 184
208 546
493 596
173 539
305 510
737 959
598 776
943 537
63 635
282 379
17 417
894 572
989 418
952 543
360 962
702 329
547 57
706 702
515 512
297 485
746 870
864 25
761 861
775 652
961 805
864 886
174 722
845 730
756 46
164 120
541 5
971 568
715 768
82 926
685 206
406 989
985 377
67 924
203 567
110 818
761 108
89 496
507 64
7 899
47 277
921 602
582 787
506 55
407 58
611 50
319 444
702 289
171 787
291 741
383 985
737 183
564 449
516 226
860 661
727 856
864 417
366 642
415 368
967 44
24 98
906 104
673 329
85 682
219 688
503 761
162 885
221 179
217 749
656 209
560 970
592 763
49 442
341 372
957 706
108 163
766 415
346 778
203 532
156 632
307 712
200 367
990 156
14 940
267 531
983 400
415 388
998 991
681 345
739 417
888 145
42 925
40 855
702 755
954 51
744 507
624 558
416 908
635 576
962 940
125 820
783 119
742 728
181 664
137 545
980 414
316 36
999 719
614 381
8 979
11 977
635 38
675 688
286 636
102 693
890 324
803 695
739 124
774 419
445 558
160 780
740 790
434 976
947 414
459 679
221 88
447 415
258 661
488 824
257 950
982 750
844 650
336 398
856 274
416 939
314 736
550 496
924 488
604 142
792 949
47 222
740 773
406 220
50 543
439 698
764 597
793 940
944 671
669 1000
433 67
61 569
188 334
230 867
688 305
861 754
211 31
263 746
993 453
460 808
904 246
317 314
744 435
523 18
102 807
98 233
915 70
879 552
167 441
460 717
256 820
941 391
92 192
153 171
419 816
710 92
892 989
35 177
56 583
238 779
305 783
497 897
12 537
683 818
238 482
653 83
214 656
474 35
700 34
635 20
780 36
173 12
10 465
231 535
67 814
55 103
301 186
585 221
346 830
286 304
553 422
578 719
194 299
482 495
880 243
616 226
989 940
514 492
284 310
163 933
886 657
993 304
904 527
700 837
746 666
400 795
276 236
571 650
182 510
664 850
942 655
162 727
58 639
624 9
314 518
811 149
386 768
115 480
182 154
66 417
536 651
1 948
308 396
297 910
499 553
174 73
252 636
738 737
853 164
390 163
636 450
641 69
659 381
307 354
161 144
853 202
396 296
601 245
872 817
505 116
99 847
343 823
121 998
474 754
462 84
16 930
79 463
873 474
794 662
822 359
603 62
263 655
632 959
385 506
815 554
929 808
627 44
913 602
121 970
743 836
906 618
78 662
882 237
833 132
717 219
846 785
406 447
681 711
174 215
512 58
792 556
937 385
999 380
474 140
544 212
310 741
347 53
964 963
597 288
932 244
401 817
601 413
413 266
280 206
432 377
269 889
641 301
138 791
204 529
440 992
629 982
752 829
220 644
19 950
654 857
407 437
37 355
172 393
66 328
755 189
946 462
785 36
510 417
15 825
957 90
853 662
889 15
798 201
83 819
675 813
673 161
723 696
271 795
608 241
771 127
284 612
179 198
53 441
877 971
465 382
493 72
815 64
603 705
638 690
181 346
783 496
75 416
336 833
705 263
875 143
948 315
369 777
771 718
612 380
815 104
786 430
243 184
474 327
144 349
539 930
932 308
128 986
435 28
164 703
346 413
885 717
248 304
919 982
960 100
115 126
852 260
637 829
82 389
299 576
166 91
258 444
61 15
821 397
147 118
419 217
870 64
990 511
159 600
189 712
470 151
514 647
144 350
356 361
385 957
570 30
614 862
232 707
60 515
976 78
35 791
611 146
719 254
488 771
545 661
372 548
704 182
644 607
481 973
552 968
604 448
421 288
314 539
651 15
567 138
159 808
796 18
811 296
469 223
830 48
618 765
532 541
551 683
923 651
89 46
448 974
694 200
980 530
439 600
362 447
538 564
345 176
571 431
101 264
198 823
906 31
10 298
493 384
124 213
604 249
436 975
831 643
96 228
568 365
841 586
955 752
328 645
190 31
216 138
175 27
674 756
905 462
781 432
73 802
834 881
754 771
102 870
45 1000
66 137
670 548
613 537
286 955
181 809
192 701
881 522
163 708
466 259
432 899
237 323
636 606
518 519
559 345
769 599
342 741
821 667
984 116
869 796
307 512
216 971
888 500
681 114
183 209
102 897
982 97
362 262
485 861
51 58
227 436
81 936
892 593
524 865
679 151
776 501
407 241
302 787
47 252
637 449
928 910
622 787
681 5
85 450
906 691
870 711
782 442
157 272
693 988
120 610
975 273
337 169
710 370
587 421
106 334
579 839
316 554
708 990
703 894
526 472
952 365
672 243
377 782
304 390
529 551
524 98
354 634
222 566
15 950
112 292
382 518
553 244
190 711
724 952
288 510
1 879
947 583
137 938
447 131
853 889
563 821
689 882
404 129
354 610
173 71
318 69
612 737
328 268
909 402
609 241
347 271
210 672
268 96
269 135
480 762
360 716
259 670
711 252
878 673
815 399
940 482
514 118
808 380
183 636
970 635
77 705
549 890
409 306
356 405
149 717
890 423
983 735
125 687
51 344
890 247
368 492
121 262
761 290
621 994
238 312
167 183
752 220
826 594
733 282
1 682
13 546
911 636
606 310
515 319
388 216
616 856
309 96
133 868
648 928
676 185
294 667
929 662
656 863
593 299
703 77
937 32
304 22
73 583
974 191
75 835
112 46
208 256
467 46
799 87
496 12
136 828
522 193
949 41
360 106
869 932
224 435
675 515
683 231
587 317
322 378
17 632
384 623
183 463
776 467
492 3
576 808
426 804
376 126
651 685
748 12
883 353
521 366
850 658
30 605
48 691
31 648
422 688
498 797
202 250
257 439
972 513
853 115
637 411
350 268
907 127
852 37
917 190
200 816
449 127
199 82
838 104
763 622
213 820
613 269
90 517
109 334
395 497
696 379
861 268
401 420
875 367
544 255
201 767
76 966
94 593
595 201
329 282
768 874
251 839
727 426
2 560
327 520
407 352
387 982
663 113
288 135
326 425
343 967
323 282
633 605
356 209
900 973
5 448
797 118
655 883
698 755
697 4
106 286
443 367
364 933
24 631
97 915
814 209
836 420
646 315
147 56
483 986
515 972
618 707
728 637
526 932
590 146
84 759
599 864
839 772
56 346
396 748
792 642
995 500
660 66
839 731
452 855
470 898
775 101
147 3
556 719
517 617
119 71
784 647
872 169
189 255
391 518
797 890
772 15
973 96
431 143
251 175
903 691
98 242
795 587
111 996
695 232
590 927
782 229
757 911
136 909
521 90
499 296
87 508
170 357
783 526
4 568
768 61
336 424
74 132
702 720
504 629
604 355
549 91
341 698
843 9
1 405
488 451
789 505
592 462
151 35
681 472
567 259
57 808
724 852
406 354
833 292
272 686
490 628
835 439
402 663
937 64
421 327
568 956
404 53
420 980
106 693
302 875
466 712
45 186
729 970
853 298
739 87
494 376
649 691
352 574
514 689
188 459
515 86
520 737
147 240
998 958
19 461
398 738
317 104
610 630
660 270
536 448
252 267
45 937
793 252
379 850
627 652
236 455
724 228
702 16
151 361
150 770
708 619
903 961
534 247
157 639
403 173
778 63
209 111
519 699
987 416
498 186
764 816
685 652
279 175
593 828
226 45
526 706
373 733
936 376
580 660
656 988
717 987
6 163
170 271
17 619
939 465
870 71
514 924
580 488
361 107
983 741
285 243
589 206
846 620
793 363
968 872
966 911
30 367
553 284
150 528
181 989
280 313
137 498
655 246
376 713
166 841
574 420
781 160
807 294
587 230
948 342
188 784
558 55
583 450
146 569
773 68
746 467
293 507
669 536
500 669
758 269
616 689
880 3
690 39
953 359
827 155
585 331
745 502
109 678
634 213
697 358
609 767
398 285
99 314
927 703
998 16
981 52
728 130
606 468
70 211
341 909
689 629
468 575
863 673
773 58
215 576
897 282
422 7
85 738
194 536
489 108
917 639
334 850
819 49
50 531
282 572
354 533
858 659
765 23
501 480
831 941
14 162
767 964
998 977
942 579
834 561
500 405
201 515
615 107
359 387
923 312
659 304
256 561
429 192
755 741
482 994
395 480
151 363
923 937
319 282
972 772
895 288
698 965
147 713
353 138
669 387
689 246
59 88
157 697
383 222
308 553
638 972
854 27
177 92
748 722
696 836
69 979
556 969
387 524
944 422
259 71
189 590
502 202
455 689
575 52
308 99
90 661
992 824
881 14
251 617
927 868
684 854
102 635
973 42
894 310
378 679
9 15
464 472
957 416
552 477
200 553
278 147
411 472
1 389
157 78
146 420
922 207
586 771
129 252
348 646
271 342
714 292
407 568
346 880
729 180
62 944
124 599
602 233
313 602
244 427
369 859
469 217
460 170
946 44
707 563
388 250
551 553
874 984
657 69
394 522
783 846
328 228
710 221
980 621
723 755
709 893
309 773
846 698
475 445
480 366
344 947
399 186
719 804
867 997
377 963
827 214
26 520
164 115
679 802
751 620
348 461
767 887
376 147
190 550
488 726
964 335
123 407
993 175
672 679
482 834
671 237
99 24
128 671
506 754
796 752
638 10
525 909
2 346
461 71
963 1000
154 574
610 752
516 53
438 38
304 19
923 799
887 218
24 602
276 407
596 135
849 558
84 518
974 443
574 643
598 578
630 262
513 397
133 251
543 697
967 544
411 839
865 444
445 510
751 590
452 736
48 102
348 809
253 451
620 191
953 423
420 4
315 467
965 486
601 434
720 493
506 553
872 902
312 843
850 69
181 432
875 216
932 868
736 512
699 178
221 731
284 6
357 154
743 305
582 293
32 203
307 302
198 308
819 938
93 561
147 870
381 802
317 50
718 768
117 747
335 478
821 932
51 230
968 569
299 136
527 390
797 661
321 163
636 479
740 678
878 470
795 587
690 931
875 735
219 800
23 449
936 662
314 483
144 344
732 519
585 983
978 465
426 184
580 482
349 245
52 321
625 170
225 464
761 477
621 717
132 722
667 127
679 576
482 58
194 368
745 831
384 120
252 448
742 10
111 884
314 349
587 872
823 361
364 631
903 241
930 632
723 251
33 648
600 972
636 69
383 994
539 802
187 917
137 639
475 805
447 167
168 757
152 163
369 791
282 505
630 356
926 803
292 655
97 233
91 345
803 306
937 895
849 326
669 750
334 358
637 33
301 727
792 793
670 304
31 878
741 451
253 568
773 380
425 887
512 122
922 831
257 816
187 182
222 315
912 484
609 3
586 911
83 376
602 414
263 785
496 650
184 992
488 86
536 468
912 790
34 866
283 207
929 957
482 977
447 743
890 360
968 885
160 98
159 823
395 21
400 186
766 307
273 811
795 658
957 949
512 438
120 460
979 378
590 400
34 707
421 166
947 547
213 587
835 80
637 126
812 560
830 983
580 527
199 136
748 37
641 152
307 267
606 564
279 423
491 972
657 742
575 126
155 846
429 55
523 781
666 121
437 449
346 182
287 501
54 35
528 72
432 300
294 347
673 516
843 125
79 370
685 228
837 66
671 80
404 478
493 927
63 21
924 36
94 170
888 733
54 59
608 355
747 768
921 244
656 945
899 936
712 154
940 821
315 413
504 150
611 670
172 21
112 97
173 980
652 97
596 851
902 936
312 260
227 241
475 739
147 671
916 670
492 984
880 519
587 927
666 225
610 416
988 277
261 761
487 507
114 14
748 184
738 135
474 378
374 820
122 247
490 314
783 59
189 962
433 349
173 162
645 461
564 807
37 781
213 29
570 774
2 329
158 218
108 751
718 910
672 279
577 340
952 638
871 973
305 743
571 170
632 344
263 492
254 929
390 49
972 357
125 439
517 918
134 876
947 841
982 374
924 357
530 128
492 804
741 486
542 853
707 490
694 28
89 319
156 359
654 363
248 167
2 54
479 994
964 621
157 443
496 825
920 821
267 950
854 895
773 384
432 910
662 786
424 884
747 887
829 389
613 471
816 664
681 505
101 476
329 408
420 575
944 540
566 654
165 644
998 489
686 413
905 81
577 704
501 465
459 663
228 444
393 47
126 736
499 163
789 386
728 29
886 597
947 590
955 186
199 843
378 730
49 149
427 474
104 547
905 793
667 50
479 623
30 312
644 957
916 863
827 954
876 426
384 565
876 299
290 212
743 105
44 760
414 349
543 932
597 718
969 888
461 842
650 110
801 532
158 697
350 878
920 923
883 255
626 846
389 177
870 472
86 462
927 946
990 943
445 488
383 762
165 807
237 949
499 413
926 306
669 968
112 742
482 250
597 448
261 240
224 948
844 138
618 525
435 353
288 115
379 510
894 289
858 802
473 846
960 661
544 746
270 43
887 528
703 867
174 448
705 677
628 148
557 39
711 201
90 221
329 871
347 629
866 88
802 679
800 317
641 615
86 60
609 521
331 299
642 18
199 98
362 384
222 437
754 677
529 921
248 73
180 526
970 484
868 673
341 295
337 64
890 284
365 883
470 254
56 99
590 810
98 770
13 80
571 592
319 275
481 326
266 70
429 792
213 854
5 329
302 150
682 829
734 961
792 14
107 356
508 847
301 859
657 816
799 127
148 685
552 552
833 680
474 429
875 759
382 63
228 568
150 241
318 891
298 876
894 333
836 352
272 507
550 32
573 113
477 134
816 181
656 15
685 599
325 734
932 28
414 350
687 683
859 490
791 748
974 663
689 456
517 499
970 112
261 298
588 30
434 628
156 605
397 27
316 15
618 798
507 692
398 967
235 932
957 768
756 526
887 318
995 928
495 356
855 959
719 266
277 498
203 450
949 66
555 983
922 392
345 571
385 530
697 76
292 462
557 868
787 612
630 376
150 138
1000 484
87 906
924 227
155 661
917 703
228 730
282 204
223 465
911 454
437 189
959 247
964 228
871 759
673 275
191 251
174 715
94 821
790 788
46 189
447 485
530 925
400 797
91 358
585 662
118 513
554 892
406 616
964 203
274 163
73 114
185 261
57 32
614 584
436 446
329 196
480 911
145 457
919 89
10 262
357 33
922 459
50 69
197 70
313 581
139 358
294 932
860 780
126 24
566 518
136 482
341 415
763 416
450 652
887 170
575 81
605 872
439 125
573 495
326 212
7 884
687 227
749 610
235 158
257 950
991 313
818 451
482 747
755 404
582 700
643 555
916 866
50 738
574 470
729 836
37 899
125 147
343 292
363 86
236 543
594 972
93 111
731 953
145 482
45 495
217 810
711 508
563 33
99 884
528 680
229 1
701 874
999 874
551 288
477 350
418 729
408 493
94 551
821 892
793 74
214 27
61 186
781 727
104 759
917 122
556 276
91 750
508 964
833 218
463 465
404 329
31 7
