1000 502236
2000
679 563
889 265
203 887
53 583
975 224
552 6
339 58
395 973
484 246
335 318
573 386
423 448
958 353
25 485
796 70
827 464
953 669
806 290
158 926
515 506
596 864
523 631
665 344
426 841
568 58
265 644
866 470
340 77
48 671
444 151
542 704
40 539
616 828
419 136
856 490
816 904
234 241
780 211
912 687
145 589
542 884
521 467
35 572
35 316
574 715
89 424
696 858
922 559
511 67
354 807
72 836
277 551
358 804
853 687
275 25
413 338
282 165
331 838
894 167
606 811
941 88
293 477
815 153
585 1
349 635
61 268
850 161
133 536
918 738
817 158
425 784
853 307
92 479
197 374
320 258
634 780
39 376
198 780
204 187
108 825
220 790
273 640
309 394
851 100
600 726
28 655
58 137
333 264
524 561
15 423
714 394
487 289
388 816
111 627
452 611
247 500
112 317
652 449
738 137
779 101
161 725
74 754
53 480
883 1000
143 750
805 704
318 847
237 664
947 577
913 862
953 56
340 48
337 921
389 570
622 235
677 747
417 282
150 684
427 284
966 319
951 774
284 36
203 515
764 580
181 840
536 306
310 80
508 419
245 653
55 484
848 328
346 304
836 271
693 693
221 612
64 569
674 113
376 570
30 423
848 740
503 858
304 352
642 770
362 729
238 384
825 160
682 65
444 190
638 652
575 184
321 93
874 421
635 701
989 99
80 239
162 15
455 3
329 507
912 380
914 811
397 190
761 292
456 23
452 370
225 520
571 488
947 688
517 379
236 223
121 190
537 860
71 294
993 846
832 804
420 301
307 473
832 736
853 924
96 544
569 357
502 576
667 602
452 169
376 108
521 714
756 189
647 368
400 303
882 601
982 634
358 148
943 632
744 438
895 635
311 86
412 744
701 239
859 988
825 366
85 41
944 969
261 521
725 292
547 647
534 171
44 77
795 866
253 103
113 306
833 797
468 837
304 381
919 154
773 498
917 410
249 239
249 458
193 841
488 478
696 710
613 358
724 35
482 836
922 68
743 224
816 217
217 209
584 440
733 34
115 166
594 309
946 331
34 325
823 684
467 175
296 481
122 457
965 932
525 586
866 707
967 232
759 127
792 909
52 857
539 249
764 528
299 868
645 351
773 255
365 493
508 240
149 333
810 474
215 178
637 138
295 63
227 855
235 243
13 750
350 62
259 88
604 310
858 409
556 319
856 820
201 416
711 604
857 923
686 848
561 604
270 267
888 902
978 930
711 621
976 824
396 856
241 153
877 476
274 50
425 771
477 184
652 658
528 541
477 330
59 644
814 56
631 513
343 635
133 279
634 439
235 826
918 359
780 553
51 190
745 164
771 31
302 861
261 407
77 812
782 857
262 558
559 32
462 217
211 564
672 382
707 622
100 257
601 95
366 887
949 984
219 680
561 817
657 658
874 259
560 335
267 846
182 812
82 693
372 409
407 529
220 834
458 795
221 461
912 714
952 134
827 197
404 286
514 481
727 108
830 76
519 677
780 927
176 991
762 712
900 599
985 911
168 38
747 480
708 778
878 980
236 91
272 260
531 282
278 748
176 999
712 12
649 732
382 288
219 30
167 277
769 245
699 422
760 396
405 643
832 338
519 7
712 756
520 584
115 851
123 4
667 300
488 367
539 667
639 787
127 898
41 801
106 246
789 154
98 730
485 287
833 737
199 186
67 40
222 856
872 193
541 559
90 634
562 691
346 715
574 619
755 441
121 822
81 886
530 674
548 922
119 431
322 842
385 862
716 904
337 21
412 179
67 518
252 881
215 959
361 398
179 795
657 415
282 294
43 633
211 668
764 246
578 938
603 378
25 927
231 58
325 973
183 747
148 233
267 659
170 979
884 383
362 247
108 153
308 127
661 31
311 534
918 851
314 744
468 645
390 137
212 619
657 443
285 570
143 835
398 674
979 918
936 956
572 300
271 852
353 894
41 14
234 425
303 454
57 940
98 871
261 887
707 34
416 716
897 492
715 34
400 235
240 377
762 34
946 141
141 642
286 438
629 120
611 457
148 238
393 780
445 328
131 950
287 695
820 797
437 468
787 637
29 615
386 442
101 505
523 122
50 490
154 988
98 178
887 173
478 885
704 305
528 524
61 517
460 417
372 446
676 42
891 790
204 362
266 458
800 949
505 162
968 978
523 49
22 23
302 673
243 64
314 25
835 993
219 87
455 548
990 389
902 654
897 611
982 727
562 76
878 618
351 388
368 603
265 413
537 248
78 568
5 113
377 760
601 176
484 486
782 157
183 541
371 364
474 942
482 578
96 906
881 983
853 940
246 84
437 505
50 360
898 166
276 733
584 374
180 768
884 142
223 678
496 170
955 851
651 693
853 38
626 418
977 300
630 619
235 132
571 544
43 2
977 847
699 625
519 41
103 589
872 218
108 676
666 761
476 459
983 220
678 339
651 335
171 306
40 229
729 452
921 429
275 398
599 471
186 620
205 894
856 459
212 882
72 446
651 835
714 16
773 846
676 721
90 883
955 294
415 627
571 878
67 649
180 996
881 891
339 597
246 195
240 742
843 482
192 809
380 51
73 435
644 164
104 35
330 150
190 744
208 640
781 479
628 304
468 964
701 849
461 73
274 768
136 267
706 687
185 618
999 752
764 144
471 141
817 553
960 951
267 733
122 868
890 352
989 553
263 496
336 924
415 638
453 929
990 241
99 38
484 524
903 155
289 737
348 871
843 777
971 554
307 235
509 447
382 803
76 340
165 287
831 372
431 371
501 900
906 903
426 430
177 180
565 362
572 649
647 976
864 663
653 118
670 874
218 103
839 169
335 39
890 555
208 643
266 410
158 184
604 446
875 54
92 597
821 610
289 124
288 489
364 985
140 124
124 623
323 481
803 496
655 261
345 871
367 601
947 367
184 351
348 320
844 397
597 294
183 442
110 917
822 511
713 540
199 340
975 505
245 565
286 479
153 754
448 993
80 15
427 195
924 864
47 697
865 962
359 349
163 648
752 362
417 263
773 963
457 363
544 729
805 228
680 494
85 966
91 59
333 755
451 327
755 672
539 784
896 635
532 398
418 437
385 604
264 268
803 491
338 757
25 408
748 235
476 640
755 749
610 281
773 276
377 954
438 952
324 304
825 834
60 211
827 800
452 609
152 496
525 131
835 574
4 214
867 774
377 796
573 690
790 279
271 459
859 212
454 830
509 513
126 68
835 66
920 997
541 533
39 684
734 156
751 113
499 567
830 254
161 266
117 673
1 410
700 305
88 766
33 283
618 30
214 150
420 612
888 58
730 775
831 365
714 576
528 715
512 532
997 553
587 289
730 249
490 886
12 926
447 116
289 960
391 308
747 449
503 78
31 793
761 382
703 902
944 1000
230 820
612 994
320 98
470 244
326 346
869 686
727 997
211 88
814 693
535 161
145 870
635 590
907 820
303 303
39 729
769 692
700 500
263 221
284 776
650 331
331 295
875 911
122 548
744 852
198 60
749 355
411 420
24 96
165 131
916 472
247 3
846 923
523 553
432 431
808 916
144 601
481 733
488 559
920 123
639 903
270 105
574 511
630 624
909 180
256 397
381 988
997 926
955 102
821 59
159 575
637 454
731 700
631 933
911 389
550 449
382 924
771 606
971 919
372 146
691 73
913 408
967 261
202 19
562 375
54 742
21 492
941 884
526 645
103 927
872 668
132 258
484 854
305 672
739 537
700 817
648 261
927 936
54 628
937 841
153 757
522 841
235 732
778 2
284 260
844 940
138 477
435 358
279 45
720 86
149 905
404 560
237 80
801 787
332 615
296 625
892 595
427 310
790 804
152 656
609 247
980 469
304 896
233 655
332 120
543 854
680 717
539 147
566 359
481 745
411 240
408 408
323 639
887 580
185 812
273 152
322 766
272 567
839 980
292 959
532 170
103 954
578 598
588 405
13 232
987 808
808 753
761 586
893 366
360 518
827 72
120 18
273 284
303 847
310 939
772 179
535 470
475 937
370 647
716 891
489 332
558 504
576 274
299 611
583 17
274 792
917 25
215 328
475 787
372 260
199 725
494 728
991 122
465 98
842 677
345 839
242 479
119 80
690 109
284 792
551 711
596 596
22 96
296 389
475 75
10 618
910 33
688 977
456 584
81 223
881 676
565 636
758 969
980 437
219 429
797 271
69 929
410 697
91 698
36 892
658 138
163 908
973 871
68 500
935 261
397 125
454 551
699 1
895 981
624 546
924 42
557 888
668 684
106 933
989 948
508 391
90 716
217 962
625 404
116 657
36 101
380 651
352 697
47 168
74 22
15 601
672 589
859 550
861 839
744 90
694 221
812 930
55 57
272 79
404 16
968 448
913 438
764 418
794 258
203 493
959 998
967 869
804 946
586 374
596 943
66 458
253 832
290 216
576 750
386 96
952 651
94 440
204 545
420 802
572 324
896 7
545 219
645 108
12 755
584 863
955 196
868 247
951 368
575 5
557 255
538 796
539 416
249 366
973 968
270 187
170 622
203 698
990 165
485 639
430 973
919 629
769 719
780 533
994 907
809 274
509 440
255 824
546 821
164 969
91 839
479 247
298 602
604 127
838 750
650 600
82 927
965 457
725 364
666 833
182 862
978 882
202 344
237 680
868 608
172 364
407 574
61 757
791 406
186 310
280 664
467 705
731 733
804 477
471 478
907 447
565 890
145 911
972 602
993 921
515 178
742 436
691 785
822 55
30 786
538 849
272 834
271 771
166 232
967 682
85 317
268 322
173 15
686 762
673 555
774 647
57 93
511 339
140 387
294 89
706 210
729 300
698 475
675 935
801 145
630 59
693 839
555 531
340 934
131 254
545 129
418 536
228 535
102 803
215 676
693 484
82 289
884 191
166 280
424 719
773 432
882 901
51 86
5 572
929 675
700 650
421 157
160 206
456 917
226 564
563 433
672 829
482 756
995 37
295 694
733 796
999 708
889 192
933 798
39 468
392 408
172 138
464 901
355 971
558 756
173 137
717 278
851 991
471 732
521 283
120 97
644 355
114 957
790 356
678 61
991 697
406 569
263 339
320 513
948 617
756 331
305 663
636 297
385 542
300 383
260 79
420 67
584 565
386 546
711 889
322 974
826 551
869 441
932 915
419 717
232 307
70 419
610 76
353 476
991 980
491 177
499 549
592 539
173 693
263 434
268 66
769 592
516 184
162 754
974 461
815 421
233 569
635 273
779 427
768 440
426 905
585 983
260 423
841 234
335 615
443 983
457 200
549 66
479 606
894 410
103 415
164 950
243 995
576 756
354 701
861 554
668 426
380 305
109 317
738 597
454 212
685 202
744 361
196 159
929 321
618 755
338 428
115 983
211 946
533 125
470 550
105 728
521 487
623 878
684 184
583 110
952 717
218 652
857 859
241 113
923 292
476 613
703 485
979 549
538 101
727 258
240 994
318 12
455 890
301 833
568 526
511 650
8 970
786 585
898 36
481 776
860 469
381 649
139 696
280 915
350 278
480 415
418 731
976 836
155 540
759 699
748 387
512 607
101 794
933 499
852 705
57 25
44 65
660 1000
884 896
543 752
784 135
638 897
293 494
710 366
205 935
331 503
241 331
441 56
435 504
354 793
566 575
989 247
366 606
787 341
960 698
254 158
671 480
866 478
482 855
30 526
931 785
628 50
393 165
148 950
202 407
168 105
961 560
295 17
833 898
493 84
846 710
414 210
991 296
788 705
885 662
898 411
95 320
508 828
606 977
856 614
561 465
61 19
105 919
487 994
377 954
490 711
277 735
355 760
359 695
98 291
732 76
173 26
533 729
281 985
184 353
550 415
63 545
843 465
716 295
768 181
402 507
711 873
357 375
296 892
314 523
815 712
776 340
741 526
631 48
120 762
780 767
617 25
712 140
73 769
286 277
145 193
726 987
47 347
854 620
332 430
606 180
851 603
342 900
427 16
808 1
311 892
62 682
919 65
181 942
63 350
201 846
404 804
755 177
774 402
227 706
115 564
254 337
467 333
770 365
251 130
501 403
653 833
530 698
544 805
367 448
622 289
356 539
693 957
884 289
313 46
910 716
634 170
797 839
800 420
885 420
953 651
774 448
842 786
213 463
58 710
4 308
102 907
801 26
122 565
418 684
411 991
857 259
53 108
48 891
20 47
53 752
421 165
404 325
3 834
626 529
552 270
710 290
609 328
420 706
189 27
788 838
803 686
256 176
120 478
861 456
656 351
937 527
384 124
96 643
757 686
609 914
886 597
277 310
842 882
305 733
392 76
730 961
844 331
755 666
218 593
636 679
869 93
799 765
26 46
395 68
768 47
907 67
333 435
570 335
63 584
559 88
748 876
729 889
43 814
828 563
612 382
541 141
716 634
548 64
687 345
351 444
155 672
405 552
913 8
548 868
671 368
705 263
381 257
25 201
327 698
704 287
905 157
759 161
703 894
695 431
946 39
385 510
585 28
848 116
889 644
314 209
18 153
692 902
296 592
150 173
356 916
615 489
757 804
334 448
507 809
759 51
792 816
262 41
634 133
944 600
191 250
301 149
67 613
620 437
730 143
443 765
272 972
980 640
227 207
788 998
742 545
455 609
895 334
831 522
896 461
751 189
81 729
22 212
622 572
354 915
115 526
773 537
447 46
47 142
682 961
485 891
73 554
558 741
692 458
682 588
30 184
358 360
709 754
26 725
118 464
83 398
813 108
474 813
217 589
883 962
926 703
222 788
703 348
496 655
407 888
337 177
138 539
455 862
741 928
309 366
457 942
557 406
286 905
402 330
443 871
90 213
464 236
729 917
408 337
884 429
731 236
961 75
887 494
337 751
528 834
196 940
919 580
341 448
940 162
742 616
930 772
434 203
649 653
175 299
302 844
295 791
702 759
519 835
217 920
750 255
161 154
989 444
121 961
303 485
328 373
826 285
549 975
906 225
53 359
943 816
568 711
709 919
999 466
305 82
646 289
509 118
193 95
160 528
153 935
494 703
386 3
445 365
821 437
319 44
743 990
60 456
251 240
871 886
129 105
647 451
66 804
841 829
245 277
617 474
381 954
499 190
145 69
636 217
946 360
343 387
416 404
583 818
662 83
173 749
411 865
797 713
976 207
696 513
952 990
560 773
896 448
265 326
390 4
608 239
873 666
553 264
355 159
98 428
66 523
347 76
978 727
250 170
131 681
238 805
758 452
718 15
79 451
134 401
616 715
522 694
183 16
23 822
765 466
547 56
359 91
425 579
169 815
928 841
574 579
996 166
830 898
734 261
894 594
859 719
940 129
443 98
244 925
904 941
893 331
894 422
104 671
218 103
459 745
592 37
911 577
598 807
276 529
396 322
274 459
488 801
999 115
604 1000
996 44
219 460
81 634
362 460
430 262
272 977
499 786
439 297
488 424
249 775
159 531
677 899
564 515
786 229
83 931
946 427
764 838
491 362
545 558
557 199
638 653
162 813
522 31
568 936
794 963
88 16
534 730
245 364
970 351
689 685
893 323
25 254
163 642
215 249
713 493
16 863
422 991
681 476
379 629
604 506
949 127
634 712
148 404
186 507
136 683
541 961
939 522
232 751
563 532
34 159
34 249
678 113
608 366
126 55
634 876
440 195
326 944
942 128
648 255
808 225
466 15
247 1
617 39
406 920
314 894
909 193
549 277
670 994
245 423
178 31
640 935
318 191
181 929
643 103
950 373
634 334
829 520
701 859
29 66
821 861
412 813
910 154
489 697
64 991
869 488
348 516
355 707
690 800
783 582
322 268
291 542
499 79
544 705
968 428
476 164
846 871
385 265
478 795
658 846
961 549
774 504
58 1
297 205
492 573
537 720
245 954
614 320
367 485
629 285
665 970
858 649
840 95
10 654
187 968
76 361
901 181
941 157
541 929
706 765
511 261
256 25
397 438
349 937
279 495
50 846
597 140
252 245
814 912
611 935
457 209
253 509
246 851
882 127
533 11
68 854
169 372
264 689
320 378
481 321
752 54
15 947
801 340
290 469
285 490
265 167
194 439
765 391
878 46
682 330
758 513
69 388
846 980
896 2
112 462
995 966
498 942
20 642
903 143
527 794
207 748
206 739
40 622
198 193
319 231
945 894
374 11
973 20
641 664
87 265
68 886
303 651
343 935
435 388
474 338
520 299
500 798
317 84
354 684
731 287
986 836
7 144
543 873
297 293
996 734
144 124
436 865
676 883
705 606
487 317
361 750
583 9
155 605
713 24
146 15
643 82
697 449
353 889
490 25
868 667
841 381
61 551
885 52
969 142
348 493
255 67
824 12
473 285
895 198
966 212
154 777
453 503
64 959
162 692
542 392
2 712
593 177
737 724
356 426
158 285
524 181
848 717
857 38
728 499
927 439
807 418
418 906
682 764
902 770
6 66
420 117
387 394
206 483
668 142
993 77
396 884
88 253
144 552
482 617
444 878
994 961
389 574
711 19
196 87
903 812
862 640
193 753
631 765
910 79
532 42
314 662
9 523
857 754
71 166
934 424
569 359
524 951
829 586
172 498
870 986
289 697
380 260
742 978
715 573
671 414
353 615
371 935
725 827
184 306
330 726
384 999
463 870
520 214
49 400
163 596
972 399
183 222
270 962
364 597
548 417
285 67
991 922
421 451
716 667
978 799
850 450
801 936
388 343
857 254
251 429
349 230
603 339
986 454
498 803
248 317
706 822
237 519
723 576
102 264
272 970
155 712
867 813
872 591
433 43
45 413
770 592
216 340
877 60
186 105
920 169
277 670
127 462
534 298
476 395
364 551
237 964
443 834
679 961
840 753
198 435
361 917
441 841
28 295
691 630
272 237
873 572
74 614
346 45
356 314
106 337
877 258
453 386
781 3
848 738
962 47
408 182
434 676
216 560
428 765
223 816
68 295
321 970
179 817
880 68
212 510
611 667
722 665
504 457
760 173
285 866
41 450
208 121
521 721
261 443
497 923
386 6
502 811
449 928
158 327
294 776
297 631
897 146
326 25
325 954
297 777
394 616
925 920
106 123
907 777
368 342
195 516
385 80
724 387
353 409
466 797
