1000 522925
2000
479 320
487 367
903 230
857 647
740 212
511 974
116 668
159 6
295 228
948 837
752 997
983 341
428 3
831 889
514 689
761 752
327 143
339 3
461 93
364 570
777 956
246 521
461 706
160 53
531 259
698 260
563 347
192 896
888 636
703 727
572 363
222 360
164 921
400 799
633 97
33 376
950 381
290 618
427 985
999 969
361 200
710 741
488 210
223 680
554 668
926 203
737 828
765 468
125 678
196 584
480 38
639 55
82 804
910 598
935 767
267 115
248 284
184 187
398 996
818 553
58 191
904 13
29 706
334 527
616 542
955 812
881 777
108 569
186 565
826 51
375 917
505 185
670 675
510 969
664 567
262 238
142 577
520 157
861 691
443 35
892 792
976 969
833 869
976 182
980 853
54 232
793 874
44 585
633 139
671 732
222 851
756 853
506 753
898 571
985 577
7 310
228 513
34 969
543 640
102 416
919 761
790 776
495 670
448 709
77 945
605 269
932 88
228 735
617 539
783 236
845 650
677 879
351 809
504 7
208 806
197 517
798 90
612 152
95 318
545 900
834 501
533 957
252 684
855 12
382 607
511 668
356 66
84 492
551 279
20 466
743 951
616 931
247 763
902 884
180 223
798 449
825 608
63 519
706 157
587 8
365 527
120 399
586 88
746 880
553 408
590 215
248 675
643 98
491 519
12 979
337 489
740 582
866 504
814 144
761 470
956 597
262 212
521 870
849 961
741 525
97 297
71 517
671 230
240 268
315 234
536 162
338 304
557 295
738 131
834 382
860 958
935 38
682 952
829 435
784 762
970 444
662 286
736 548
770 23
992 965
38 693
195 571
356 697
622 610
377 405
984 398
593 866
963 566
290 219
85 364
316 154
423 960
665 805
745 779
704 736
572 729
350 406
427 313
351 954
377 466
472 837
19 960
306 200
732 369
609 253
291 599
787 618
303 244
35 813
682 351
310 778
296 841
758 624
101 597
395 629
738 27
669 200
315 836
172 458
933 421
270 829
936 630
477 617
497 682
436 139
407 557
913 283
716 790
893 842
545 455
23 336
927 301
397 247
625 629
597 673
297 989
982 580
369 54
155 150
545 749
59 795
184 184
251 816
682 314
170 919
539 861
360 743
165 882
168 910
629 726
434 910
624 866
304 759
279 205
934 86
124 783
280 592
160 528
364 270
256 307
144 817
772 332
784 355
320 491
771 493
959 97
746 994
597 172
242 715
514 294
29 358
702 788
300 680
803 844
806 359
256 647
718 13
992 681
492 422
569 241
430 66
236 786
620 551
844 826
513 24
270 457
647 713
123 467
531 279
64 741
188 409
44 731
306 72
848 766
202 643
144 191
745 245
52 688
260 169
637 948
447 6
486 562
211 462
531 480
316 744
677 446
217 79
27 17
667 512
820 702
631 658
563 452
805 717
48 129
295 55
683 223
920 362
271 776
600 104
261 285
363 272
648 316
557 749
8 467
285 337
967 613
657 196
270 509
466 771
109 190
648 679
748 629
331 669
905 884
628 947
133 973
471 984
734 234
34 810
409 49
937 914
971 34
349 945
196 661
310 57
344 111
717 455
806 817
688 348
190 766
117 420
223 459
380 736
534 334
314 435
815 984
316 432
586 849
997 801
731 60
269 185
385 65
462 357
981 716
233 789
296 835
392 935
317 762
311 915
614 339
322 271
756 901
289 513
825 744
425 420
636 545
921 389
888 379
14 385
88 221
865 859
428 407
597 767
157 899
808 337
867 358
504 721
346 642
325 588
853 236
685 638
685 693
805 268
928 76
775 367
459 22
211 500
523 131
185 168
473 958
825 857
890 909
668 53
156 69
534 34
272 679
213 351
63 142
399 52
180 813
73 874
114 870
792 257
571 166
121 581
111 228
980 337
464 931
394 550
161 654
406 334
218 505
659 759
382 21
489 26
892 298
659 103
948 587
945 23
755 339
990 347
192 927
536 534
969 401
741 699
736 205
944 106
651 355
282 840
899 418
43 932
870 868
640 973
974 960
640 175
408 449
961 441
483 277
368 279
195 154
614 58
395 465
452 593
481 645
355 138
809 4
774 86
810 718
930 817
519 315
764 310
42 310
33 835
98 35
698 2
566 135
249 78
802 878
180 848
310 401
86 963
300 600
571 375
975 763
773 152
722 882
776 335
204 763
598 495
736 643
737 599
706 53
931 731
991 781
258 329
458 518
829 508
473 29
593 698
877 349
50 845
965 869
380 661
268 959
944 661
804 996
159 26
636 762
637 147
645 389
967 274
499 225
782 103
490 563
611 891
277 746
972 420
136 554
719 184
610 960
236 363
496 188
685 464
347 518
485 550
359 72
827 450
625 665
607 139
346 531
231 395
749 333
718 774
922 669
869 451
429 786
321 940
972 748
958 879
178 803
333 150
245 149
880 61
893 901
702 525
276 96
342 295
584 750
846 543
458 948
137 997
223 348
773 401
882 682
398 315
382 54
828 929
722 463
832 221
567 472
300 265
789 907
741 708
44 722
359 307
497 397
136 10
472 825
180 74
943 466
866 240
123 334
365 533
581 869
323 790
379 577
291 460
837 303
278 674
64 326
156 318
576 914
809 919
893 554
790 498
549 337
520 204
44 116
815 202
89 138
193 847
743 222
57 807
364 40
101 237
538 80
365 352
595 994
152 629
606 771
905 410
91 871
731 867
34 220
66 548
874 607
611 965
667 762
786 555
930 842
991 224
926 938
91 388
804 613
401 206
864 193
571 522
891 951
678 217
96 160
670 719
358 433
176 666
261 804
454 19
442 647
556 859
717 366
405 287
721 652
785 486
223 496
453 932
300 796
727 786
531 951
909 312
856 142
7 74
393 503
466 993
171 807
425 283
376 7
115 279
562 911
60 60
985 36
869 701
755 561
863 605
539 450
487 567
441 323
159 258
526 894
292 167
807 527
193 252
548 87
521 297
706 968
586 896
197 852
654 218
574 541
313 872
558 903
725 614
284 381
313 374
968 366
474 886
581 467
391 678
155 585
764 988
157 564
880 302
733 885
957 271
616 833
979 822
941 241
618 110
409 958
422 995
647 940
723 160
487 586
511 246
787 49
574 79
973 805
565 44
450 123
944 102
266 573
419 277
5 377
661 611
242 901
957 333
970 306
714 829
811 994
589 644
279 140
388 25
511 714
680 15
740 258
747 207
795 752
719 325
328 19
415 938
734 123
570 950
271 508
449 81
808 417
210 823
714 99
629 261
636 940
607 705
270 403
713 867
262 500
960 975
11 322
574 253
898 216
92 982
652 883
672 567
36 218
475 778
557 625
492 712
858 454
742 216
742 816
798 416
791 197
826 540
905 663
876 77
419 406
590 15
799 901
135 732
879 157
883 41
398 532
906 472
673 230
947 88
918 95
399 443
977 604
34 207
419 684
322 6
753 750
826 106
690 120
257 274
548 323
905 529
676 484
377 768
526 34
774 956
318 930
273 210
885 456
250 883
332 949
717 969
114 131
19 579
794 328
181 188
658 568
404 871
974 726
431 437
145 5
348 783
450 101
581 874
753 749
425 32
89 922
864 502
120 260
391 771
821 100
146 702
637 608
119 528
193 896
895 479
464 933
938 28
957 641
375 630
686 758
89 665
204 652
225 13
306 226
567 410
326 838
1000 228
926 26
69 295
809 119
96 644
838 908
833 408
701 845
605 849
791 110
986 826
267 506
132 518
633 191
114 633
351 74
119 427
757 888
118 788
216 495
97 227
133 167
190 818
801 99
783 775
710 346
713 448
207 712
317 912
939 335
321 173
639 126
134 80
746 417
62 603
20 814
779 112
190 8
732 590
504 791
736 493
279 690
646 696
115 540
506 914
158 384
451 754
703 314
380 296
261 449
273 106
164 79
180 419
446 593
16 854
409 35
712 114
401 174
247 650
214 656
251 807
659 827
102 812
843 68
305 124
70 822
172 82
602 122
481 640
59 537
36 738
622 915
207 773
429 173
782 221
686 597
899 680
375 356
595 199
959 991
886 245
178 606
811 797
686 209
537 743
366 420
378 33
742 581
856 246
741 663
590 138
54 607
303 635
679 752
253 712
372 854
279 443
234 338
150 976
915 439
168 590
498 360
517 638
704 138
930 364
407 577
236 638
728 577
206 639
473 426
823 970
528 603
61 650
306 955
602 689
875 674
316 651
188 320
990 496
494 474
479 161
172 598
185 282
116 861
83 173
985 99
997 473
715 545
84 246
261 417
802 286
432 270
374 279
785 342
999 922
928 34
92 407
298 96
306 609
158 272
11 529
622 802
674 550
721 92
896 787
450 487
846 278
547 48
176 260
195 361
779 489
12 765
729 162
293 966
328 963
487 740
281 395
531 894
223 663
681 849
776 397
952 863
899 504
123 112
835 339
498 450
300 122
1 779
455 279
726 205
780 39
359 132
496 480
345 527
772 983
847 598
622 903
763 451
595 189
68 759
773 901
798 37
736 674
607 179
357 430
68 163
35 371
241 49
866 205
928 3
114 439
606 892
567 746
242 46
136 904
248 305
660 68
381 345
137 210
280 379
642 842
413 412
390 950
763 433
712 435
778 688
621 508
709 311
20 455
275 558
263 581
929 49
856 706
457 482
818 937
922 188
285 779
730 256
881 750
49 37
341 45
490 654
956 838
521 759
569 599
901 995
737 338
898 481
842 204
213 879
364 493
551 717
247 278
322 886
314 381
756 211
684 180
664 208
959 45
253 588
6 81
629 886
651 332
74 620
31 729
21 848
340 332
417 16
871 319
570 59
119 245
485 414
544 489
794 108
10 316
963 754
292 402
117 132
979 690
282 214
933 621
418 951
833 555
771 846
115 803
205 258
951 879
208 860
666 599
482 461
801 287
840 819
46 25
167 184
908 500
947 526
188 238
813 72
317 62
201 846
935 925
958 566
510 850
401 890
369 113
97 261
255 88
696 749
601 39
469 165
309 670
774 336
752 792
74 442
596 409
487 664
840 743
475 689
213 966
46 244
463 979
330 795
179 674
455 349
680 655
379 667
139 57
334 265
919 434
705 366
224 402
607 921
159 935
474 753
778 613
621 245
894 542
351 684
558 1000
932 650
66 461
105 510
418 966
968 828
373 203
468 656
33 907
437 49
677 298
55 873
317 490
333 192
272 90
316 692
781 637
68 383
718 939
949 818
959 796
451 168
688 238
620 203
99 166
316 799
15 717
521 835
527 578
795 163
341 479
847 156
760 995
974 682
459 227
429 923
131 201
252 147
333 522
292 76
976 108
999 203
517 70
534 775
584 585
17 143
889 697
203 960
238 348
862 168
794 693
221 180
714 181
853 151
123 174
91 499
199 327
726 200
101 730
718 195
62 663
136 537
968 926
138 292
980 834
372 389
288 33
883 309
399 61
964 871
617 241
750 115
773 172
580 72
677 933
785 282
25 516
767 21
931 846
494 53
345 638
951 653
891 268
799 236
32 306
4 41
769 867
555 38
612 899
462 715
159 77
708 36
921 372
261 182
277 310
808 921
989 726
883 703
691 186
909 729
903 837
453 960
505 539
701 697
808 873
289 787
577 180
554 983
376 183
25 888
500 489
26 5
876 394
279 447
334 141
334 88
442 805
609 226
806 977
936 648
150 716
454 315
92 435
819 373
252 707
959 470
786 220
250 812
605 765
545 954
881 301
161 925
489 636
695 197
218 734
842 744
231 395
341 181
169 477
102 431
422 467
653 146
543 296
296 239
326 220
516 571
909 692
846 630
179 888
426 698
744 573
983 816
482 700
713 123
972 899
612 93
365 366
296 923
920 895
464 132
939 900
243 639
360 424
988 62
224 375
624 552
743 261
465 32
778 243
65 61
400 341
938 803
847 965
356 486
834 664
231 344
549 630
231 807
838 988
858 911
754 992
38 496
100 725
473 82
412 982
574 690
384 662
131 689
729 988
344 25
239 500
380 133
555 67
965 590
89 934
58 999
268 813
22 307
286 404
263 87
90 86
932 638
710 898
893 869
815 602
935 945
453 188
739 893
203 14
598 291
900 860
266 202
344 236
148 696
861 619
333 284
964 132
59 971
267 758
869 96
223 556
747 38
325 825
993 970
397 303
666 858
223 1000
369 471
314 244
561 431
90 37
973 162
410 952
160 679
250 213
436 358
389 457
484 882
203 683
916 194
249 705
35 512
28 16
638 293
780 55
516 65
653 988
844 707
202 310
977 712
765 945
193 20
38 764
341 727
745 968
628 979
803 511
278 769
931 496
443 922
772 902
396 828
4 568
558 405
243 821
65 178
802 485
205 126
698 974
138 819
581 31
553 158
778 440
20 840
592 803
992 132
548 349
935 85
741 119
585 695
295 728
124 202
621 166
583 271
454 36
591 440
960 370
147 793
171 557
974 79
964 988
395 579
489 291
201 658
188 95
338 84
666 567
369 648
810 454
96 741
596 355
509 819
789 198
390 595
109 730
647 677
408 275
949 295
841 320
527 772
297 606
716 316
455 219
208 623
234 963
949 246
962 122
388 520
199 479
452 227
14 811
288 85
365 714
993 836
528 643
313 166
962 806
461 734
872 300
587 281
825 496
32 576
737 406
877 444
357 850
57 469
684 706
118 470
904 282
687 259
175 75
98 376
598 490
847 391
151 358
868 776
597 919
676 347
434 279
512 641
998 632
77 694
828 674
98 905
449 806
508 494
647 524
904 212
803 662
610 108
124 614
114 871
953 815
597 34
402 369
371 517
770 809
399 162
664 606
500 94
104 546
251 94
172 728
308 386
917 80
966 146
946 221
13 454
508 655
750 469
469 421
220 778
80 248
185 370
255 102
978 666
207 927
142 941
516 315
555 304
220 911
90 876
75 712
860 661
924 689
983 581
21 801
80 885
802 314
181 439
139 73
810 445
763 172
586 145
467 540
324 46
363 483
275 762
984 869
824 397
784 137
815 827
405 967
901 180
916 828
489 723
791 306
874 116
51 963
120 409
5 573
609 327
559 297
445 969
335 141
591 207
901 600
547 916
340 822
27 285
723 832
222 398
502 813
529 172
255 967
534 190
609 405
321 885
653 603
435 453
116 854
607 407
422 319
422 787
662 13
589 286
770 199
458 52
344 559
541 907
937 8
683 862
917 531
145 31
197 189
429 872
15 616
941 888
770 871
689 669
241 738
786 514
375 500
598 4
338 855
938 631
415 633
67 572
141 474
910 66
228 365
565 877
261 170
419 881
148 374
160 335
986 590
714 334
179 196
333 741
183 338
390 373
789 494
703 821
579 616
67 708
394 115
493 383
216 940
191 724
409 92
186 473
584 911
541 815
397 676
954 804
908 641
220 397
204 402
809 254
107 746
363 190
81 414
511 793
56 679
766 487
835 930
584 847
58 707
359 111
382 822
991 422
379 795
806 690
964 376
51 812
940 261
449 722
297 38
465 250
903 62
321 238
467 85
11 293
341 193
457 533
863 791
974 678
422 479
672 604
972 614
254 966
99 99
520 211
241 696
422 733
427 65
1 242
700 789
926 635
306 702
245 600
528 567
174 785
80 77
154 503
653 543
227 701
589 332
550 365
558 357
914 778
429 909
314 815
786 495
695 357
856 267
616 794
281 336
336 463
60 938
1 444
990 444
261 746
363 563
218 80
666 644
812 362
198 728
64 599
957 996
600 494
631 88
773 970
661 927
944 155
745 690
50 735
342 942
158 702
374 436
456 766
452 612
545 166
965 978
874 923
418 822
905 289
522 906
499 88
635 967
315 997
792 788
537 968
213 935
939 655
860 646
811 750
140 845
319 873
881 954
938 975
968 405
676 899
533 321
238 453
820 266
322 573
873 101
452 600
575 975
699 834
976 484
949 996
68 23
80 253
431 666
780 624
682 494
887 145
662 165
138 295
792 897
843 150
225 656
611 919
626 22
803 546
35 93
117 215
602 23
147 523
101 192
179 508
1 301
288 442
932 814
483 738
291 762
299 975
348 600
829 849
85 652
726 296
200 705
918 102
939 18
325 809
525 188
265 597
560 281
829 567
231 869
912 98
603 710
592 499
991 176
663 964
809 382
604 489
783 356
499 709
967 130
458 773
545 512
638 988
190 663
101 195
792 919
845 414
503 748
403 398
751 473
873 522
413 641
884 240
786 278
688 466
618 33
122 965
448 232
927 97
81 408
62 953
117 153
740 613
890 61
111 765
691 857
389 688
672 970
35 605
990 344
305 243
142 60
195 455
452 912
294 133
48 234
449 813
154 395
834 600
883 495
144 629
101 329
485 605
478 807
346 256
404 917
974 297
384 825
174 247
325 53
743 880
981 554
851 772
623 41
153 334
767 929
45 429
910 501
154 525
779 596
535 337
414 215
579 371
667 903
276 917
106 818
843 186
819 752
219 576
689 830
720 987
918 630
556 97
233 392
727 760
359 983
584 134
480 405
725 402
209 567
515 139
127 498
667 305
537 404
974 307
348 493
175 379
954 19
874 503
86 671
626 349
931 839
449 993
384 155
38 619
879 554
345 86
587 771
687 83
234 574
936 579
821 166
535 225
577 500
502 988
508 761
200 748
664 751
279 568
426 505
506 110
608 657
893 756
223 114
484 436
429 594
116 651
855 998
328 237
526 253
963 871
564 609
264 298
666 472
697 374
22 257
635 216
435 558
936 694
806 228
644 514
545 721
893 372
746 515
518 765
258 498
596 729
171 225
919 339
88 694
736 642
258 812
679 970
482 289
354 626
520 644
11 277
882 475
678 701
390 407
814 853
1000 788
819 23
43 849
360 176
191 550
686 618
344 609
669 302
202 134
702 293
371 945
156 323
652 568
333 971
116 342
664 139
765 170
94 712
84 950
52 148
664 764
19 741
953 568
768 871
17 379
267 612
392 225
169 649
775 118
707 347
599 585
712 316
770 579
342 735
528 357
315 788
917 128
79 428
456 485
44 648
565 601
38 374
763 504
987 894
548 598
744 829
636 309
303 317
184 874
396 48
944 159
645 565
722 738
20 964
151 129
617 123
634 160
610 987
633 465
595 584
781 326
947 468
