1000 515660
2000
293 41
717 807
358 575
687 818
359 608
462 973
372 784
949 76
55 6
84 471
196 527
813 60
213 443
968 525
15 123
244 592
304 86
960 300
607 754
406 55
713 728
45 136
632 471
128 805
964 429
953 912
67 220
56 173
506 786
715 542
943 763
58 501
315 553
975 649
641 273
905 667
554 521
490 562
130 892
462 920
592 502
888 93
944 782
602 894
429 751
845 90
622 125
402 560
328 425
365 775
520 738
682 524
11 932
900 317
663 200
11 661
524 179
134 740
466 995
799 685
126 580
65 864
778 136
334 162
928 223
997 636
900 481
870 997
752 457
831 281
185 324
422 171
949 147
989 836
428 963
264 497
513 5
495 257
39 579
195 499
676 870
801 692
166 900
126 601
73 813
840 567
975 347
228 917
834 73
445 302
536 230
495 729
173 335
694 996
789 982
277 111
169 568
662 364
589 266
151 372
555 405
203 143
234 729
698 585
191 927
339 69
696 263
740 202
557 110
491 486
582 699
609 694
715 530
658 58
936 619
201 22
85 33
761 2
254 39
888 287
431 494
34 186
43 144
242 365
734 688
357 521
563 894
945 859
174 992
881 15
950 465
750 384
255 594
717 257
829 434
694 875
852 312
133 821
438 782
439 166
907 933
429 297
466 804
667 856
656 826
210 568
953 922
96 520
241 342
562 495
6 425
152 149
452 701
42 955
319 469
829 624
245 285
717 784
222 605
509 324
118 829
672 705
312 349
553 713
656 558
371 363
445 237
384 271
187 581
830 317
694 77
816 747
13 178
308 445
785 708
225 111
115 201
54 228
498 201
521 943
187 988
208 234
232 456
604 406
308 894
886 532
942 230
845 724
636 486
400 870
18 198
67 274
346 996
121 856
500 910
545 516
734 684
496 509
800 110
523 353
364 185
500 654
797 630
351 666
577 467
438 151
959 144
607 858
181 729
313 669
618 200
269 34
158 985
284 825
428 160
939 835
539 477
128 493
930 769
276 158
345 573
771 222
8 281
899 524
978 682
484 494
240 873
995 347
87 224
630 725
545 58
682 733
545 583
616 995
731 219
201 447
289 403
390 544
975 291
154 543
669 880
205 266
646 266
43 28
2 276
633 664
63 481
38 278
73 28
161 813
166 626
864 257
780 560
900 194
777 333
444 682
333 393
279 163
351 375
581 254
543 728
356 728
725 892
323 890
348 907
523 67
856 22
743 14
118 159
904 228
609 703
138 782
161 470
200 71
398 403
275 74
708 501
238 569
635 657
4 614
951 395
68 398
705 373
844 496
741 323
869 510
206 66
946 326
162 747
61 716
608 214
487 71
798 24
250 330
377 90
565 338
896 151
225 76
139 319
218 858
311 347
312 570
5 921
434 731
326 33
518 280
742 114
132 390
5 256
372 69
417 823
267 950
948 666
50 582
361 109
402 36
859 600
555 230
203 646
756 307
645 946
967 959
749 85
921 258
453 404
852 188
80 879
440 525
938 836
243 42
101 14
590 124
653 85
449 277
730 750
19 699
602 47
234 404
109 322
193 116
665 741
931 616
771 135
578 938
918 552
424 2
156 196
776 958
402 960
839 9
671 993
390 412
605 938
203 809
557 1
488 624
93 97
942 774
396 287
582 631
628 186
405 835
526 482
675 557
603 8
166 683
260 444
656 176
185 721
894 69
893 412
505 191
212 574
225 736
835 441
162 849
607 655
574 55
900 912
40 214
861 817
858 728
512 600
826 768
735 668
845 102
185 737
11 992
13 938
50 537
23 70
841 205
285 157
556 561
671 429
800 941
3 266
261 196
905 111
906 340
356 50
378 261
619 869
74 791
908 330
956 796
878 311
723 275
396 805
174 928
44 412
680 147
655 502
154 718
278 700
309 926
641 199
819 527
998 792
617 690
844 613
195 963
284 235
817 538
885 876
647 14
77 877
829 778
339 722
43 742
745 861
296 803
86 381
78 923
841 948
842 424
237 414
237 227
199 891
757 511
93 85
559 713
23 931
118 864
308 89
67 441
756 499
826 819
1000 522
25 486
235 551
165 288
703 165
600 924
708 461
894 774
538 257
95 572
855 175
468 886
367 516
130 431
313 471
418 116
259 863
707 148
947 37
463 19
304 387
571 898
347 815
310 777
850 852
737 903
636 697
158 600
349 597
183 897
957 5
35 119
323 341
922 556
742 885
15 89
169 135
274 811
520 522
62 494
526 294
562 832
411 77
495 105
444 905
974 463
678 234
943 822
671 993
538 869
141 1
649 405
40 265
536 163
571 615
889 671
499 682
342 285
187 940
173 986
848 988
329 89
778 801
523 951
833 15
603 775
338 746
181 481
12 764
251 556
669 272
184 77
570 277
288 204
984 678
68 731
742 94
211 88
120 291
666 801
213 497
617 239
198 179
280 989
681 43
710 770
168 115
257 925
117 610
911 699
888 412
570 235
808 753
713 650
864 618
287 575
17 156
967 354
867 498
833 218
998 671
139 231
843 688
975 107
318 527
534 585
980 901
453 10
926 741
107 693
618 375
594 336
325 962
927 83
191 512
831 675
692 192
639 692
941 60
610 313
850 456
722 300
879 915
344 737
817 638
32 244
380 807
236 418
561 609
277 250
86 830
220 894
811 543
334 226
757 238
525 186
149 380
530 978
731 844
545 462
556 6
264 603
998 826
502 66
592 661
869 658
26 522
53 402
866 205
192 273
917 279
770 453
137 877
995 579
568 562
592 197
884 726
698 109
763 945
613 525
440 207
675 142
540 889
904 597
500 457
103 356
353 399
823 726
573 591
943 362
830 668
113 921
587 643
307 19
883 694
494 979
525 102
933 447
303 655
988 320
461 562
318 752
200 322
188 169
540 615
503 655
314 451
530 486
37 233
678 32
49 899
619 760
549 253
914 173
125 957
858 940
810 298
438 235
597 480
412 165
949 445
558 45
704 385
299 189
563 676
629 811
275 372
451 793
420 25
309 688
841 677
246 686
450 124
725 773
140 132
796 959
747 462
908 45
163 922
564 836
493 509
491 196
380 486
437 119
136 294
778 979
805 134
613 586
618 372
125 569
490 484
343 651
821 981
558 999
743 925
205 11
188 422
669 961
783 13
799 749
706 67
31 517
905 778
376 189
411 281
124 983
6 384
831 299
22 607
926 425
362 684
535 741
204 597
841 992
807 190
193 711
671 883
866 497
841 838
263 486
643 227
776 820
132 524
696 709
204 434
130 100
877 13
186 561
184 395
74 319
591 636
367 573
206 859
605 303
333 992
594 612
534 191
339 619
53 466
751 482
438 682
565 894
727 721
102 162
152 829
271 986
265 232
784 418
703 720
1 500
41 326
986 105
435 581
615 257
893 275
259 291
563 257
797 169
17 798
896 498
451 515
347 834
545 977
16 770
684 45
409 246
129 796
507 208
969 598
260 297
156 680
308 405
145 790
358 194
760 178
925 132
359 473
585 208
236 567
477 765
892 421
984 30
393 337
903 191
910 668
486 407
988 294
800 838
85 751
64 9
919 295
526 458
657 499
226 486
405 621
255 453
818 67
12 400
666 801
561 835
444 212
8 598
993 201
610 594
817 428
782 325
707 583
140 883
915 16
588 508
720 413
32 222
211 618
594 910
24 379
212 950
773 483
346 187
882 370
225 45
864 683
383 218
268 41
949 707
167 456
908 396
914 461
317 256
353 51
625 497
499 467
710 737
863 486
941 99
619 818
716 480
912 938
346 105
976 489
882 549
752 806
421 927
326 162
259 826
451 275
42 332
745 155
903 590
938 887
575 627
754 945
413 162
923 261
189 280
297 858
125 952
980 199
794 820
909 793
224 156
980 699
31 342
714 210
534 161
990 441
943 876
637 797
66 479
483 555
536 797
817 778
552 591
573 357
361 233
322 16
322 329
58 863
746 174
13 29
620 816
874 895
268 578
765 413
212 428
276 472
9 755
272 90
819 969
116 784
656 306
312 498
136 185
740 444
710 352
494 570
188 865
970 57
437 658
680 400
718 86
923 61
552 460
774 421
305 554
522 233
8 559
586 102
11 540
404 543
408 522
949 509
534 539
901 383
81 982
303 612
651 973
530 981
659 186
370 135
817 959
473 480
789 560
470 799
503 266
538 797
225 174
927 602
421 124
321 330
307 717
557 229
396 359
231 365
772 211
861 868
139 214
425 191
558 36
527 990
646 878
20 344
40 893
796 454
480 915
955 679
728 930
310 259
928 862
741 292
881 383
956 371
120 395
826 897
926 944
482 338
203 108
554 515
700 828
799 693
598 685
400 563
134 554
531 701
215 544
45 177
423 229
208 363
300 45
979 959
729 834
705 830
4 790
620 194
95 481
261 139
415 592
172 906
704 917
620 943
841 1000
448 272
445 854
823 424
426 113
629 910
267 128
457 775
260 223
537 782
396 384
526 18
316 228
987 482
894 821
646 46
737 665
48 979
497 219
242 579
840 268
786 747
45 808
53 531
940 771
636 726
979 192
971 307
492 272
362 284
287 996
803 222
800 126
41 977
492 409
751 749
587 207
857 503
769 261
615 412
322 475
129 134
18 530
500 596
551 62
572 508
942 49
575 890
859 992
741 615
212 936
923 289
688 564
243 894
311 908
429 349
211 844
837 283
143 291
653 611
893 396
226 955
752 549
529 354
466 75
392 782
557 321
617 845
327 388
626 720
34 755
92 899
61 874
788 974
876 56
175 510
746 727
589 120
745 16
229 954
219 686
733 672
784 103
531 361
755 46
904 777
796 27
325 310
948 662
186 730
209 925
470 546
84 452
665 389
210 60
406 325
614 384
627 270
897 960
138 584
234 491
733 526
188 597
774 536
36 59
153 93
744 494
62 918
462 551
444 376
756 226
983 973
33 199
293 384
115 809
543 592
401 859
234 737
80 681
391 934
755 87
24 479
295 244
30 328
475 174
653 801
114 859
130 965
38 172
511 534
519 972
119 610
700 341
654 595
178 822
713 110
85 527
792 783
254 704
35 257
665 244
993 608
35 302
998 186
132 464
587 474
198 11
516 716
192 805
38 799
240 115
940 997
807 481
295 56
361 229
31 7
894 752
12 489
186 118
205 547
508 717
569 122
817 496
322 153
209 786
166 466
362 97
992 699
292 259
317 140
283 180
819 513
624 90
746 160
488 89
632 181
871 900
601 191
181 216
432 747
761 225
157 827
644 195
10 598
733 482
710 191
162 259
965 626
470 417
255 228
720 306
967 892
733 295
680 585
937 522
606 128
562 698
865 674
40 140
768 156
297 55
8 228
674 8
946 584
536 28
548 754
795 952
350 146
264 950
956 274
596 788
523 600
181 73
812 522
913 533
153 892
273 898
627 470
635 847
990 262
271 734
179 754
592 288
924 256
252 417
28 416
516 63
810 434
922 458
657 932
557 574
755 989
48 144
198 233
918 321
615 718
454 8
638 244
928 158
913 249
3 543
388 154
976 431
37 648
988 836
131 249
561 255
772 817
928 561
891 104
251 220
416 254
456 324
342 504
251 380
866 117
348 326
480 800
990 410
224 358
275 686
375 604
770 938
78 34
503 122
399 172
895 99
21 640
173 853
878 530
517 51
903 649
701 531
412 130
598 86
595 526
915 730
188 416
378 306
796 24
7 683
102 885
379 901
765 9
651 165
637 739
545 130
894 509
655 593
777 690
179 717
788 410
167 899
495 531
170 658
911 956
872 382
219 616
989 197
351 568
433 365
860 420
564 642
265 201
526 625
249 718
311 732
555 877
611 154
354 683
679 112
9 40
731 23
275 602
803 14
450 867
167 679
173 336
992 548
305 980
248 242
714 667
888 795
502 107
284 978
764 326
300 582
673 686
531 165
287 970
670 440
880 597
978 687
68 847
282 445
683 971
742 12
970 447
951 200
970 808
390 47
711 327
496 491
58 45
361 823
659 236
872 983
540 922
3 651
687 935
336 31
749 173
71 354
764 142
280 802
904 522
204 957
999 944
539 816
375 63
87 264
187 850
482 887
197 869
130 668
4 72
715 61
915 979
546 563
78 325
587 559
882 826
192 723
781 612
753 256
716 746
751 992
292 996
976 753
417 254
862 191
596 940
537 91
954 79
140 878
940 657
701 677
815 999
365 867
370 902
34 458
482 719
692 300
725 932
88 267
112 107
987 575
994 669
804 648
477 798
861 225
845 381
183 718
162 509
596 100
28 580
523 445
938 608
392 956
103 548
745 428
221 132
423 385
479 575
545 182
511 212
208 659
811 285
215 288
543 853
288 943
938 737
543 148
588 371
478 971
392 544
743 281
764 910
322 160
576 470
339 820
916 796
968 934
968 642
878 702
603 727
111 75
720 216
585 269
302 67
256 222
257 746
633 342
534 887
587 544
591 342
415 491
975 850
757 555
544 297
907 572
615 13
933 86
831 33
710 632
512 422
13 841
603 585
244 928
300 317
503 362
687 623
610 714
960 652
695 49
322 863
543 57
738 507
813 641
809 425
759 622
24 958
587 149
60 236
865 916
621 276
14 425
353 773
792 375
83 61
699 440
891 849
296 943
365 449
826 214
188 984
983 440
231 545
602 247
755 477
913 12
152 256
720 971
963 961
884 706
149 9
754 979
446 774
865 148
989 149
846 109
111 83
811 970
112 475
342 361
699 384
894 548
432 188
199 567
625 502
501 20
234 158
59 141
438 530
227 209
989 558
99 700
530 492
41 902
615 545
193 855
675 258
389 200
732 427
705 99
354 494
68 47
265 692
274 288
511 550
634 941
646 206
318 999
73 926
611 518
328 354
741 979
753 640
872 314
109 830
495 265
165 172
213 264
232 592
556 402
636 927
342 523
786 199
785 264
354 565
745 533
672 972
18 63
597 294
383 959
816 576
783 899
785 998
678 424
901 248
819 521
624 181
625 587
861 21
83 394
611 350
788 738
258 414
965 241
534 926
8 248
805 886
736 542
445 509
531 457
597 631
586 367
763 320
611 177
38 473
893 827
818 152
595 526
642 358
106 590
232 262
370 866
229 147
140 195
296 87
243 917
824 207
638 312
45 308
885 176
33 407
92 255
804 945
823 220
235 637
845 66
274 576
390 895
675 525
59 117
541 266
289 762
745 970
17 175
175 152
600 645
810 788
889 887
509 398
869 287
141 258
631 782
29 372
907 48
176 273
252 825
88 666
35 132
361 760
678 606
9 683
954 86
645 196
883 806
783 583
741 495
487 569
407 304
568 116
145 236
393 504
241 273
176 378
179 439
27 348
756 727
479 943
319 141
811 435
130 448
6 566
351 793
254 132
403 28
260 508
134 599
164 266
551 787
145 593
721 320
967 872
461 450
202 692
722 40
178 562
173 116
919 467
893 477
609 188
424 899
527 646
707 65
62 372
519 259
298 669
959 895
484 388
260 899
133 212
812 675
687 825
905 403
144 97
732 504
608 220
186 315
329 237
333 750
266 740
630 266
504 631
928 828
233 947
738 241
979 484
344 504
851 317
365 509
684 820
755 391
266 44
513 185
987 829
19 526
953 229
79 186
9 280
312 778
690 946
428 23
834 860
528 400
885 433
838 423
386 377
120 604
379 74
100 720
425 694
349 226
638 909
638 883
838 149
929 960
469 875
76 217
563 743
832 326
320 23
977 702
883 693
436 650
338 647
596 953
647 835
657 320
713 189
209 155
977 198
703 735
364 284
612 909
783 187
655 564
485 285
374 593
103 445
365 853
895 997
205 601
554 971
361 734
107 90
284 938
923 75
927 35
897 335
7 597
141 478
967 644
61 479
155 580
407 169
207 857
349 281
496 968
868 847
807 346
864 811
850 899
472 265
446 929
598 898
718 206
856 669
152 708
647 89
544 950
284 256
479 335
545 715
23 369
287 74
471 511
786 333
682 908
668 459
415 202
736 463
906 219
108 484
776 536
882 925
761 10
546 267
567 891
615 291
235 915
832 70
504 133
640 843
141 270
603 269
712 890
897 927
726 521
324 662
773 382
117 8
384 473
153 502
407 556
41 691
222 394
829 157
72 593
47 446
448 977
240 583
685 521
342 586
231 70
531 233
733 454
623 988
306 754
833 731
208 684
213 953
827 713
125 19
185 709
903 577
533 77
642 454
701 276
295 892
84 831
615 519
497 515
943 443
813 196
340 518
323 175
549 627
580 224
959 15
491 437
72 169
716 392
552 479
874 645
911 25
249 339
85 9
341 255
624 407
329 230
216 326
427 533
308 143
138 322
442 938
687 406
79 152
852 273
678 42
884 849
803 85
869 924
212 241
35 239
902 317
796 557
698 177
210 476
24 480
259 138
294 606
880 501
478 836
840 693
676 67
427 792
313 805
993 718
100 813
839 374
844 193
829 102
68 151
234 15
704 337
368 707
700 754
804 354
159 552
457 908
17 933
131 970
970 862
49 535
634 633
696 660
411 485
840 152
513 238
313 322
991 151
848 468
3 835
881 230
357 805
42 231
70 440
377 292
878 585
646 166
183 796
352 397
55 119
638 753
365 143
479 455
230 760
723 930
142 146
915 237
250 120
973 530
634 664
369 356
199 633
501 925
286 190
658 355
173 12
262 499
148 942
349 824
927 972
348 717
743 982
47 172
879 178
926 224
715 662
343 985
798 430
952 698
838 432
643 374
542 828
273 158
369 232
460 304
775 583
419 168
580 64
304 193
440 528
215 172
77 78
525 419
23 532
761 798
904 968
987 479
110 144
354 747
388 986
107 620
508 483
291 311
423 727
758 197
296 150
809 398
228 886
178 318
556 538
425 859
586 79
179 541
629 401
237 217
481 204
743 554
972 214
748 124
920 585
171 668
194 246
927 229
800 91
951 627
52 583
454 957
707 768
903 694
741 644
440 945
638 273
815 376
252 476
851 946
334 713
466 24
354 856
722 502
998 543
190 148
596 161
791 292
766 635
921 886
960 807
323 550
283 767
548 632
826 220
964 407
142 798
664 120
352 641
973 185
891 200
384 804
312 32
200 613
578 985
440 18
211 138
929 133
721 999
378 372
122 95
521 884
