1000 500100
2000
246 692
760 928
966 203
832 903
328 568
867 530
159 627
282 78
868 128
20 377
818 650
539 329
844 257
509 523
818 996
668 149
272 189
466 458
291 563
136 758
329 327
373 362
78 649
545 368
795 137
456 59
879 614
135 633
233 889
945 698
679 998
735 763
23 479
915 206
657 193
287 109
323 17
135 621
799 943
309 531
264 81
652 639
18 364
699 14
765 899
494 168
704 624
443 280
857 92
316 226
956 583
322 805
87 861
280 976
714 2
581 360
640 994
624 366
779 364
22 68
661 105
464 643
785 824
547 717
150 146
298 854
447 492
150 389
719 766
659 825
326 927
145 643
962 762
940 706
756 798
587 171
977 634
165 624
335 470
390 960
906 538
527 110
201 162
183 318
811 889
582 806
561 314
572 369
273 474
298 295
336 457
2 669
866 453
611 217
866 187
123 708
448 416
162 601
426 307
279 107
354 418
811 91
431 63
593 687
942 701
801 588
653 163
684 19
78 168
198 865
597 728
730 267
760 269
249 72
52 843
131 250
963 11
632 184
539 648
838 723
15 283
63 254
531 182
373 835
440 597
213 850
382 414
247 233
606 848
65 20
875 206
495 569
255 125
543 434
580 112
734 89
200 619
993 945
952 438
477 876
689 524
750 649
99 986
730 363
758 138
792 529
685 595
769 298
438 489
248 357
556 849
168 544
751 630
829 947
953 170
102 656
160 76
421 265
149 977
182 397
542 62
688 779
697 794
681 892
796 472
201 451
372 83
780 405
413 544
264 895
146 845
802 238
347 528
181 864
774 22
882 256
641 439
856 940
317 420
695 834
794 257
364 617
7 452
36 534
69 707
654 160
921 781
922 460
744 118
78 5
560 689
7 395
150 624
64 475
655 901
614 611
313 627
82 779
252 434
983 41
299 433
560 779
493 461
895 481
113 895
632 261
591 56
241 325
810 949
815 404
181 170
76 216
545 156
814 305
401 34
577 179
660 59
285 15
985 115
12 784
946 929
292 702
552 686
382 895
102 678
415 711
711 291
140 179
354 462
688 290
687 721
718 179
133 30
247 959
749 715
250 642
216 526
685 255
605 782
130 625
400 482
588 929
519 851
566 563
561 333
124 330
89 437
388 451
569 8
986 944
497 892
579 710
68 898
558 290
685 2
416 861
623 890
366 893
915 263
875 28
519 642
127 821
990 150
842 131
737 853
12 370
961 127
688 185
648 406
155 126
81 634
961 777
389 666
46 194
470 340
33 874
816 135
721 735
387 38
379 415
761 180
945 425
37 753
726 694
777 625
174 531
740 437
757 869
40 980
502 230
936 976
425 976
719 59
517 94
95 958
64 369
659 529
511 318
989 476
695 883
379 954
707 428
588 106
489 220
28 456
170 726
907 860
462 277
421 548
701 394
543 984
494 827
352 880
384 890
264 530
718 733
729 873
957 264
51 111
743 909
988 24
303 996
598 392
539 363
561 574
293 341
762 291
610 638
534 695
513 175
19 201
430 915
354 527
682 698
868 553
874 980
100 203
393 302
887 704
453 753
406 172
927 468
412 92
430 724
623 201
12 923
581 754
626 316
258 481
199 211
918 235
613 430
951 558
910 310
444 841
723 553
647 539
14 635
159 120
500 499
775 809
367 93
820 180
481 5
894 852
403 576
543 46
97 684
889 11
618 949
330 464
990 391
274 934
585 43
250 83
131 738
123 44
257 728
930 458
440 927
337 426
906 234
41 151
212 309
830 586
424 958
815 992
919 806
33 283
417 638
575 929
488 763
30 872
179 843
600 947
995 433
889 79
6 322
537 795
42 653
86 891
32 642
458 484
111 831
261 872
201 11
628 229
785 138
601 120
773 718
539 241
619 46
477 141
336 447
755 551
517 415
891 441
438 372
672 730
310 582
544 80
734 99
731 838
112 612
49 766
549 403
266 391
63 363
393 425
971 949
35 931
371 16
915 204
951 809
652 40
514 752
482 993
311 239
897 255
917 529
448 297
131 560
8 308
556 572
128 429
741 136
463 44
690 752
902 642
344 583
955 923
862 582
909 217
882 198
690 418
546 318
329 937
829 293
913 925
412 464
411 129
792 871
583 757
750 86
735 239
755 373
234 583
886 691
174 731
220 947
244 3
895 55
127 317
283 124
577 926
425 974
578 557
761 844
411 426
539 732
454 904
899 412
67 18
378 295
513 100
13 494
297 405
988 47
645 355
732 861
579 786
635 214
93 795
380 105
386 999
873 775
621 633
263 715
315 428
253 672
799 722
378 394
148 552
874 780
203 220
984 710
814 77
622 329
601 561
711 443
374 411
249 688
70 597
803 664
8 724
143 986
518 97
855 224
786 147
289 152
644 703
815 763
76 478
25 587
618 256
919 170
50 899
7 700
567 184
656 892
943 936
666 32
889 944
907 432
269 118
283 174
305 807
84 31
807 774
584 800
533 727
269 387
480 209
156 493
291 606
614 101
744 973
516 653
131 468
604 235
234 12
461 43
310 113
265 164
96 595
340 95
858 402
8 716
17 708
875 219
79 434
422 87
180 983
748 329
339 747
973 479
398 714
159 810
133 587
636 72
525 420
759 615
197 447
573 791
137 855
688 862
172 101
619 64
542 94
117 242
342 29
593 726
300 514
88 898
112 8
147 4
77 99
548 721
759 132
564 756
144 431
640 687
798 24
248 559
170 728
999 161
229 657
957 660
626 980
267 158
226 866
566 235
756 259
301 501
562 766
653 906
664 242
617 265
43 412
690 265
833 538
74 553
881 1
471 391
706 846
771 769
976 217
290 989
122 855
309 380
527 446
621 275
717 779
984 393
869 522
151 944
775 160
667 541
787 43
735 173
983 577
589 44
675 926
551 858
191 6
505 874
566 12
303 443
239 282
819 581
902 445
833 35
206 300
207 265
150 543
95 360
835 212
747 117
745 579
923 379
269 101
401 20
45 331
238 279
6 249
810 307
736 744
208 283
434 425
315 469
619 107
233 762
21 328
839 21
241 487
483 802
878 221
526 972
128 958
211 354
161 873
190 698
415 574
698 926
214 595
858 136
326 487
651 423
338 606
720 774
559 830
947 614
154 227
248 814
394 386
706 613
66 619
184 702
713 451
161 282
104 967
69 311
833 11
113 117
685 995
33 910
631 972
963 182
453 208
968 423
83 83
541 345
833 933
674 705
399 981
268 918
663 138
904 30
948 691
474 958
348 634
137 613
406 640
188 791
259 777
727 693
485 966
8 633
716 604
299 614
778 536
780 2
960 746
942 129
83 32
367 902
142 13
921 349
321 41
702 55
570 385
626 828
75 715
570 704
548 816
30 250
661 386
75 897
630 734
931 897
408 69
569 887
217 370
38 887
153 625
103 364
96 481
630 578
484 80
321 89
384 116
295 926
276 754
650 486
584 370
380 804
40 893
96 574
522 292
968 387
867 217
294 797
421 372
249 397
794 331
869 619
343 86
821 265
156 167
754 104
535 323
793 372
202 313
99 803
724 32
780 486
482 86
511 739
384 68
774 656
427 233
579 634
800 440
219 351
527 495
210 960
412 397
966 211
988 127
332 418
105 305
318 809
739 445
83 365
464 294
258 577
578 759
869 114
334 497
614 98
186 899
774 831
54 202
111 166
462 53
369 82
988 335
829 244
396 900
413 197
100 576
337 395
215 581
248 238
83 735
475 862
742 799
625 792
177 45
267 323
741 782
485 662
383 974
314 807
344 615
555 663
297 97
600 749
166 108
423 634
7 805
558 649
616 237
223 413
662 579
376 30
730 665
726 327
575 527
898 171
12 893
496 252
906 951
338 358
634 492
563 133
353 40
6 954
716 968
793 582
859 44
251 193
145 935
770 211
10 741
9 812
141 476
588 624
332 393
866 878
951 446
409 507
312 594
311 159
534 149
146 374
992 953
649 340
160 36
975 238
177 113
721 361
518 245
74 57
805 1
224 240
532 603
724 439
738 538
956 543
227 261
481 576
87 135
354 779
362 884
672 180
1000 102
507 109
59 368
980 16
748 450
801 692
7 595
610 72
582 536
262 735
2 646
315 531
86 409
612 47
449 334
259 707
978 521
466 971
696 71
420 509
633 439
706 11
92 453
84 75
142 359
126 781
303 435
391 764
439 696
545 12
164 142
624 669
140 816
956 837
200 450
580 535
754 886
668 107
872 976
691 196
27 984
13 382
939 635
564 129
162 983
640 113
787 11
656 39
419 846
71 324
762 670
816 501
570 556
337 410
137 750
168 360
322 675
234 185
747 184
833 662
466 490
185 930
691 642
623 196
249 47
270 533
177 10
589 91
542 11
234 487
915 442
291 681
853 360
890 624
538 491
42 652
177 912
490 714
468 663
151 346
904 212
270 110
747 880
943 10
165 772
998 516
856 818
524 513
218 837
59 959
970 810
841 456
398 892
886 990
893 940
502 239
749 421
119 507
310 234
407 30
810 649
309 779
295 645
874 572
701 788
851 840
998 399
883 742
4 169
505 979
788 297
382 600
926 323
578 156
989 683
500 373
1 223
41 56
687 546
69 1
702 997
751 193
160 274
25 913
938 110
887 861
651 153
274 140
634 619
485 823
787 932
457 476
536 967
179 158
444 852
160 611
549 969
462 198
690 375
124 626
661 848
678 874
54 24
837 107
708 477
511 941
313 748
818 809
533 338
888 938
174 427
759 285
264 319
415 634
406 651
52 93
642 953
251 533
398 15
712 158
172 373
72 648
863 525
257 60
360 680
728 988
894 133
114 528
88 646
618 216
715 649
303 410
720 722
281 885
482 351
625 997
746 950
703 504
577 561
127 407
804 5
174 996
669 337
677 424
802 863
103 353
765 241
908 461
931 186
909 222
834 819
740 245
645 406
936 617
765 390
985 949
922 824
574 776
246 40
471 318
497 36
200 577
851 836
141 21
657 646
981 206
866 293
481 588
943 457
622 347
207 469
370 229
327 244
68 345
829 620
298 804
628 160
824 389
352 532
764 846
800 476
227 281
845 879
813 77
984 596
644 95
990 870
562 342
126 536
963 987
23 872
693 614
281 747
708 908
258 649
61 564
895 266
337 600
329 297
957 423
955 22
979 154
215 160
508 300
950 730
529 650
427 699
428 403
633 393
983 787
617 67
45 70
931 397
1000 482
465 406
453 965
624 431
311 390
91 485
29 469
912 290
822 919
732 53
686 156
192 961
808 769
659 406
40 998
782 116
303 454
92 65
970 595
734 586
547 740
840 771
752 981
772 150
920 811
579 114
112 177
226 227
149 390
491 576
911 60
570 126
923 554
488 937
974 117
509 871
913 885
695 753
350 865
184 796
101 691
901 525
406 301
343 770
632 993
80 36
666 868
160 85
104 231
59 139
766 313
477 133
192 827
996 58
54 143
103 428
546 426
330 125
654 228
569 330
149 765
610 876
579 505
906 146
63 390
813 213
485 267
684 544
740 975
702 714
380 878
262 213
678 484
300 143
308 326
855 281
925 168
526 242
98 17
156 947
516 904
230 722
850 264
275 771
375 346
639 282
53 365
467 819
61 975
271 279
25 853
78 90
736 617
994 793
691 687
378 962
704 653
666 51
477 602
498 903
664 599
420 268
918 468
752 619
691 151
797 37
547 425
999 930
147 663
631 353
399 494
751 976
669 775
819 364
873 788
460 686
570 679
521 953
981 899
901 941
392 862
331 914
624 6
982 609
477 398
396 226
65 251
383 673
968 254
861 152
976 4
109 693
619 541
930 228
755 41
804 19
922 323
768 773
831 750
458 505
479 735
745 612
169 143
798 822
767 374
298 16
623 600
468 669
841 998
612 746
265 88
752 332
293 438
613 382
47 517
258 294
894 935
861 312
230 45
824 471
39 933
710 500
414 539
925 572
53 522
383 319
825 124
193 141
841 363
525 896
2 295
566 582
904 780
882 168
78 191
902 68
816 722
985 461
307 646
713 670
282 245
781 240
721 188
494 29
255 777
891 413
47 80
948 198
255 598
249 985
472 913
446 960
85 883
928 700
951 699
12 602
149 661
564 336
6 947
142 223
95 423
902 907
385 426
148 335
803 880
142 962
232 538
678 133
132 912
964 319
701 128
317 612
46 921
793 603
718 677
231 305
564 943
178 84
756 706
755 677
156 285
461 550
310 284
566 763
544 673
936 974
938 379
720 937
480 93
162 124
833 590
85 66
210 887
723 215
499 947
545 189
567 895
253 650
676 139
42 323
91 894
179 184
788 366
436 856
125 926
93 924
295 276
937 14
554 605
598 342
847 780
676 572
579 814
702 378
730 93
937 800
48 69
161 562
920 615
240 31
764 293
683 421
404 41
507 166
653 982
234 40
640 758
76 591
936 21
669 453
578 458
722 43
563 483
649 631
265 523
381 891
697 835
542 968
185 978
271 836
776 137
205 73
271 938
56 252
747 981
509 241
217 217
90 980
807 276
527 467
580 577
237 769
300 369
421 781
118 149
360 94
335 695
128 843
763 881
577 575
254 84
157 665
392 312
580 170
871 393
334 346
876 504
150 342
246 824
814 71
249 642
704 979
267 902
366 368
842 714
126 393
753 649
970 478
75 38
727 121
682 489
328 932
717 241
200 261
289 419
600 290
924 574
658 8
157 700
155 990
566 543
418 270
249 916
440 364
910 587
812 706
556 251
323 375
497 86
453 882
295 690
373 355
864 130
969 710
690 116
461 838
381 980
636 189
93 652
676 402
16 377
986 97
209 328
409 366
231 570
396 335
306 546
674 443
437 635
674 457
192 626
86 468
417 262
85 77
748 704
843 149
155 601
621 813
36 260
589 648
723 877
503 199
281 542
270 233
698 563
997 564
115 722
824 951
802 658
94 375
975 355
180 22
934 974
839 76
343 101
582 317
395 208
519 565
928 974
546 690
796 169
651 485
47 949
170 72
171 866
37 415
19 895
114 964
579 938
724 140
834 182
718 926
170 132
853 299
986 150
22 346
873 712
108 657
845 548
797 513
518 558
654 627
818 826
215 515
70 481
288 367
299 28
651 801
846 801
435 904
427 165
966 725
249 899
265 406
285 286
313 473
428 913
584 197
732 830
305 89
536 98
191 187
642 672
587 514
263 743
170 799
434 713
745 673
266 492
788 683
666 143
137 557
225 277
319 796
979 446
356 917
25 159
279 625
545 567
903 830
220 157
63 598
566 68
246 114
810 542
584 653
766 787
456 634
191 472
312 139
451 701
512 404
578 225
545 683
54 102
734 424
941 752
442 895
838 163
883 776
601 45
726 477
622 315
231 137
871 44
126 654
640 972
814 323
554 34
682 696
955 515
209 498
144 748
56 995
841 900
423 51
370 351
830 622
581 12
712 850
681 451
905 534
998 926
677 356
303 970
475 383
62 10
147 256
597 320
768 53
785 186
265 199
250 475
242 415
413 455
869 389
75 731
567 313
851 19
702 749
97 140
106 202
896 792
656 163
350 746
739 334
709 621
456 460
285 156
983 387
880 793
665 211
119 589
52 39
95 595
508 74
443 920
83 179
599 958
479 620
905 900
753 279
517 375
534 67
453 391
819 429
906 801
470 189
101 444
336 6
575 753
32 422
510 357
934 577
926 695
142 773
684 859
355 194
738 964
944 101
95 277
349 501
864 305
332 695
492 580
866 237
325 633
874 438
897 998
556 99
392 805
755 553
569 922
366 129
410 701
447 771
507 715
851 991
993 171
673 624
968 696
623 457
100 749
236 656
775 596
641 415
717 257
984 781
300 618
566 674
53 817
339 748
896 918
125 769
75 410
484 217
475 287
484 844
39 17
380 539
364 600
475 870
107 39
517 1000
486 785
155 242
288 573
428 809
556 392
415 909
931 524
25 91
342 908
981 306
485 98
380 324
555 363
656 254
624 504
808 110
893 373
823 747
270 850
565 58
525 704
293 268
571 511
62 255
628 562
117 709
224 546
833 146
491 557
911 544
103 902
494 824
550 181
988 381
53 567
904 656
610 796
578 498
522 53
84 833
157 756
696 609
857 746
659 700
64 499
933 916
12 749
284 494
617 952
522 401
438 263
859 510
246 698
444 638
144 326
683 466
750 97
473 97
322 858
74 993
27 441
724 625
331 797
697 576
363 695
887 290
536 806
317 633
462 208
878 237
810 521
155 222
620 694
327 395
801 314
889 326
897 369
487 950
543 878
151 74
204 318
482 38
237 82
265 287
697 173
281 219
65 971
126 936
141 986
627 836
356 676
915 15
336 794
183 314
679 961
446 620
18 887
28 234
155 835
267 438
44 537
858 928
359 933
491 629
630 283
290 653
477 11
464 222
830 108
466 154
509 178
894 432
759 431
38 116
22 546
8 455
142 763
485 419
536 272
284 118
296 878
391 794
46 324
128 574
471 637
617 925
662 136
756 329
513 276
31 894
895 887
953 444
223 890
262 923
654 140
466 588
544 139
762 232
587 868
476 293
778 38
303 397
955 918
687 578
795 352
644 735
527 949
750 136
86 964
445 96
712 469
508 383
37 223
415 595
837 723
752 435
604 115
732 258
558 224
819 416
126 620
885 181
667 856
128 523
530 809
338 359
508 682
234 672
435 892
52 868
756 722
311 293
70 295
914 397
294 484
857 73
884 825
83 520
755 844
118 104
888 153
953 723
811 873
650 31
955 772
584 416
212 809
170 267
977 982
336 589
254 594
347 783
543 854
778 650
735 75
287 635
770 600
852 668
210 160
511 99
880 753
263 849
754 666
78 311
753 43
121 615
292 920
80 656
910 289
154 769
910 868
963 347
919 317
294 587
139 717
229 548
180 265
353 859
716 786
532 721
336 234
295 297
241 707
332 419
74 822
300 255
624 74
784 114
627 652
427 940
454 788
469 795
40 732
987 476
262 355
212 383
337 461
958 834
836 135
329 498
902 213
721 878
280 581
897 422
61 76
149 698
547 937
111 784
256 669
248 521
915 504
466 219
655 215
932 756
560 481
959 775
727 138
239 895
325 391
136 135
789 67
230 847
128 253
666 665
604 867
684 662
957 123
