1000 492457
2000
792 320
888 456
97 980
607 114
952 333
134 654
53 273
655 219
410 356
266 480
609 389
935 662
268 398
789 336
853 379
773 270
273 323
39 774
685 374
2 943
2 1
511 850
970 399
544 24
342 751
570 985
124 230
672 765
783 268
727 381
29 656
132 419
88 979
99 96
512 928
8 460
155 453
725 757
393 295
403 23
257 104
810 959
113 452
556 340
514 809
935 218
252 13
808 237
319 414
926 485
449 695
890 202
5 1000
995 422
764 504
405 832
15 841
612 123
398 560
177 335
161 357
622 946
880 720
877 327
963 395
527 638
120 230
199 153
352 523
840 926
530 162
905 845
64 402
341 441
729 428
281 288
920 666
800 38
841 64
813 320
42 323
137 795
454 637
58 435
302 928
629 492
781 731
992 887
102 736
342 713
877 527
683 369
483 320
235 267
220 944
685 994
759 362
272 708
744 439
923 292
283 557
719 576
891 926
715 307
599 102
424 703
837 95
19 624
587 804
197 877
616 878
643 424
700 644
633 298
621 283
546 713
23 906
643 986
62 344
528 5
183 377
161 800
220 472
343 843
456 659
664 320
686 873
678 287
391 18
707 711
148 898
494 182
711 217
263 572
841 706
201 875
352 2
265 554
274 142
919 483
428 233
919 782
2 147
904 699
253 198
82 481
830 881
256 960
535 180
873 907
266 294
931 587
565 942
155 801
255 941
831 948
171 541
409 969
538 151
605 502
556 889
462 447
643 543
378 455
283 107
369 6
923 865
340 114
603 329
53 702
946 645
300 391
626 345
118 87
580 803
176 791
43 688
354 578
577 575
496 889
220 900
509 326
381 916
953 196
442 657
986 452
381 337
401 225
907 991
801 680
908 218
343 212
86 110
1000 792
865 580
871 358
758 654
912 953
836 400
962 187
778 810
918 273
691 299
258 439
449 283
109 812
374 795
375 642
10 979
948 733
744 547
476 68
427 115
477 539
566 504
538 310
828 578
536 527
280 503
110 127
601 129
50 435
331 657
775 403
556 183
811 201
327 56
195 520
851 903
188 688
660 277
236 392
408 418
922 32
650 534
722 324
47 379
918 782
850 598
137 672
892 341
370 878
44 29
295 843
309 582
760 471
660 384
608 972
825 182
700 436
955 609
741 777
296 858
344 283
573 196
589 297
141 667
564 820
505 186
503 207
611 264
47 456
58 310
737 278
52 406
741 637
421 921
50 510
160 419
20 222
83 572
489 859
244 640
668 400
129 979
58 907
945 768
419 958
133 725
311 901
826 520
933 220
704 386
298 408
885 363
870 553
982 527
252 53
498 960
392 422
50 781
993 750
966 388
736 171
587 13
672 190
961 703
538 401
913 772
74 563
607 83
790 700
533 822
94 433
315 377
188 218
80 181
599 921
694 760
486 935
510 676
811 973
576 536
187 404
71 913
985 656
948 163
682 638
875 719
390 179
752 318
622 890
837 104
287 186
447 812
37 224
153 714
330 891
559 275
905 985
262 727
512 50
553 760
824 404
557 371
953 508
8 230
985 100
321 178
849 164
475 972
894 30
78 84
460 312
531 352
23 287
638 471
996 29
31 672
336 725
806 287
101 239
720 550
565 356
855 508
363 465
349 946
729 545
311 663
33 451
622 141
618 824
720 40
803 826
342 563
95 472
491 827
512 594
541 514
277 478
501 918
623 323
374 138
942 361
278 786
675 633
609 478
213 812
584 605
838 158
342 978
405 750
405 934
360 120
709 194
481 226
652 917
45 883
257 310
219 839
120 895
377 5
781 375
613 244
383 651
782 57
898 187
140 450
665 300
933 805
483 227
15 207
23 860
446 486
450 521
816 386
263 989
528 491
874 480
804 725
910 394
97 71
824 376
979 216
645 218
346 393
156 836
132 688
909 143
41 514
146 703
100 664
25 340
30 38
929 149
465 782
488 170
897 702
952 891
551 911
40 291
37 715
804 607
788 494
894 420
72 88
308 389
528 358
574 920
982 538
248 805
426 195
367 439
842 519
206 990
505 885
618 691
634 197
168 381
53 279
857 823
961 105
454 276
836 469
113 251
698 212
31 100
966 252
649 755
236 348
36 53
521 245
510 282
616 84
751 920
920 217
507 756
929 229
668 273
994 415
13 721
506 101
552 620
479 480
71 296
215 620
852 255
984 790
527 673
983 537
357 618
131 972
347 555
47 951
250 516
163 572
741 757
287 381
752 172
714 951
651 312
531 452
481 148
162 865
706 756
102 329
375 833
32 924
849 586
505 31
831 908
896 479
35 615
194 823
885 567
230 977
135 923
963 101
449 482
463 28
528 940
940 552
922 574
277 586
159 692
726 702
70 878
899 51
295 172
686 779
465 974
3 955
22 80
202 385
249 75
1 541
865 562
571 395
586 939
910 662
926 430
570 359
486 361
75 843
895 397
277 949
199 139
312 856
872 712
221 778
982 964
592 394
264 930
69 288
99 630
498 152
878 670
282 650
385 35
269 768
563 496
380 796
64 303
589 251
263 733
797 244
854 833
745 603
716 531
707 390
994 374
905 310
89 269
994 956
295 730
210 406
758 199
788 855
997 873
378 596
338 711
337 195
3 227
696 368
271 699
578 535
793 874
976 271
622 299
693 53
171 659
933 836
794 523
316 171
244 315
329 355
394 708
406 592
836 691
610 726
627 600
7 469
836 237
924 107
336 152
903 336
357 450
102 879
48 277
611 762
842 110
488 752
558 688
267 747
84 992
406 547
298 708
740 782
359 136
712 429
290 297
259 417
602 117
458 641
705 964
888 677
390 968
527 49
180 744
709 839
528 306
469 586
529 300
227 668
57 678
101 370
49 579
582 566
30 941
62 514
473 869
844 744
423 577
986 41
676 743
130 174
439 876
404 504
479 323
521 202
941 27
993 660
992 439
122 106
380 795
196 658
167 65
109 656
331 783
128 656
846 410
506 882
619 543
562 732
106 314
111 176
249 446
917 549
434 270
222 552
353 430
948 740
234 452
414 471
722 583
861 165
312 47
616 275
419 878
328 254
803 137
609 375
894 491
695 613
860 198
8 773
490 285
775 914
918 900
814 777
741 655
269 306
219 47
974 709
898 64
546 249
994 807
765 562
982 863
439 847
749 755
271 142
114 731
476 829
363 235
311 26
437 689
760 365
610 337
646 170
215 322
163 46
639 616
987 288
405 981
529 482
204 641
450 917
721 921
99 42
564 467
240 563
650 504
712 483
106 104
941 721
774 771
973 10
919 339
731 330
235 236
451 938
167 747
854 495
208 65
293 672
255 36
837 278
872 482
467 442
890 288
91 347
899 92
262 843
604 777
173 453
622 371
90 606
999 129
317 589
329 260
175 626
496 823
594 653
158 659
437 189
68 120
176 588
333 993
381 583
33 769
107 67
370 936
963 496
272 358
911 60
823 694
643 506
35 593
51 507
603 214
109 828
513 697
207 251
226 827
901 518
252 600
931 726
186 588
324 974
517 563
749 400
493 129
486 544
670 904
149 327
132 667
622 982
223 400
439 878
765 664
661 952
78 79
604 460
843 947
832 612
679 829
141 838
956 180
574 716
946 843
544 521
324 249
631 574
321 618
864 269
904 203
87 512
585 75
560 102
40 682
182 954
129 690
258 345
315 293
134 565
244 6
11 661
967 598
887 598
381 235
765 857
361 501
793 921
840 27
186 778
532 162
679 916
149 372
121 227
169 323
44 980
422 12
924 538
357 357
600 966
736 468
596 176
41 918
139 419
979 186
547 267
887 927
937 513
294 945
629 240
177 125
182 268
84 803
937 47
903 306
210 357
263 766
858 423
584 914
266 422
559 954
577 680
235 525
539 807
410 460
952 713
531 813
652 645
845 894
728 475
901 60
898 91
647 297
394 763
941 352
589 118
27 181
801 656
994 160
424 504
141 699
529 583
159 329
664 228
40 496
690 577
464 532
740 847
722 165
520 367
191 222
221 938
502 30
13 49
272 255
205 133
292 741
550 493
54 245
218 730
163 924
290 48
941 741
289 425
466 776
265 643
331 123
669 7
916 16
342 93
558 645
142 882
326 240
251 48
337 755
149 9
615 258
858 796
142 944
179 358
175 690
61 57
938 6
616 496
915 415
150 777
291 21
476 340
612 894
939 131
904 591
170 921
451 36
756 628
931 753
652 849
8 673
751 104
769 244
781 328
534 382
84 481
75 890
751 770
154 796
922 252
61 205
629 941
489 539
712 11
850 384
268 966
795 700
541 304
271 307
551 483
546 240
62 130
414 616
347 354
804 377
471 724
304 984
693 130
940 361
717 439
148 644
637 822
34 267
632 799
342 291
24 605
429 579
168 316
783 48
931 941
43 869
434 356
618 555
405 21
524 984
930 493
946 962
373 674
774 639
843 472
17 841
196 176
23 97
11 4
975 100
397 177
919 642
562 325
582 711
85 820
292 717
258 58
89 269
371 509
516 171
774 186
627 425
536 102
737 142
574 170
854 13
21 787
335 899
544 881
112 636
248 878
834 803
164 835
721 813
214 963
660 21
321 809
885 364
85 156
593 832
751 31
838 488
230 664
17 262
270 201
451 830
957 137
114 594
83 63
922 391
724 387
77 392
423 937
612 954
787 250
609 99
663 265
926 397
904 887
428 420
89 912
504 200
945 583
800 592
535 756
754 427
302 695
475 948
319 136
322 529
184 884
87 438
631 339
632 628
146 227
308 396
55 638
749 981
502 2
276 740
147 525
763 756
988 9
412 108
138 216
987 300
647 636
306 313
455 606
385 112
488 62
593 182
792 627
906 393
498 261
979 866
881 685
465 96
636 103
131 308
395 466
236 804
118 528
729 922
173 939
633 787
375 173
575 521
773 395
179 471
295 157
111 45
597 654
149 241
594 842
157 256
454 168
951 156
74 598
8 522
961 370
180 804
190 493
947 703
318 768
62 76
380 226
114 92
470 235
88 696
863 387
849 690
51 152
410 434
418 913
999 355
190 334
608 794
54 740
817 438
265 256
604 902
470 639
417 666
667 852
147 556
131 827
617 666
193 723
728 529
951 893
610 544
280 134
869 855
746 857
768 950
399 990
715 14
389 614
933 834
878 590
7 483
523 591
289 516
869 921
998 41
605 65
34 816
254 142
946 364
586 22
141 9
264 794
902 782
117 172
193 139
924 840
770 684
574 954
72 531
733 646
432 678
544 499
565 548
613 88
563 634
704 273
359 861
852 235
50 469
17 737
387 479
146 553
731 867
138 577
913 563
493 441
914 94
260 781
112 98
223 499
892 517
323 383
289 489
287 843
697 535
405 347
747 785
311 999
455 344
561 658
89 951
553 448
759 959
609 886
116 965
576 273
874 54
796 452
358 50
379 969
973 586
67 570
137 441
302 904
677 373
156 807
956 144
809 633
696 168
234 332
872 184
243 210
237 10
853 914
626 725
230 589
871 330
781 46
396 866
477 616
393 696
38 852
666 957
380 450
787 570
555 283
293 591
944 5
312 159
146 740
22 345
586 702
174 1
916 12
536 621
998 304
905 44
442 511
481 441
588 970
674 464
363 622
820 205
806 375
618 373
15 993
234 416
710 640
191 71
375 439
499 450
7 380
925 866
943 266
93 48
996 382
11 607
339 371
363 599
222 692
231 367
128 947
502 496
915 521
84 443
65 268
882 251
981 765
177 644
72 558
830 531
478 781
111 162
944 699
992 232
677 124
357 865
439 269
163 256
793 680
228 31
306 570
134 788
775 585
574 437
842 275
484 63
817 126
458 823
106 352
476 183
617 1
574 8
421 254
386 690
85 56
3 572
922 358
247 924
578 156
614 811
983 394
54 311
140 166
555 898
607 424
327 326
978 96
653 7
355 332
228 496
870 737
941 382
611 269
975 979
297 712
891 708
431 687
283 976
595 742
24 109
762 698
251 902
959 154
774 948
815 907
479 310
222 785
477 921
905 326
365 644
727 846
336 539
143 601
144 817
357 620
391 159
870 168
51 877
775 355
205 948
420 730
340 435
3 378
609 509
440 164
258 29
672 381
383 573
447 226
620 434
863 288
309 137
629 957
334 775
462 996
625 730
993 576
23 460
95 252
551 602
645 805
518 2
686 472
912 682
632 784
370 306
998 433
413 917
78 592
58 147
672 845
191 480
464 836
425 794
409 873
319 388
633 795
750 831
905 703
705 704
509 5
739 616
670 589
305 556
792 189
74 958
425 756
453 958
748 215
678 985
321 436
891 53
442 30
151 522
762 885
52 599
416 735
184 357
361 723
25 726
506 560
368 810
963 29
467 543
175 833
346 562
45 194
112 621
961 836
239 766
814 22
49 54
255 83
94 76
482 185
525 795
431 336
454 871
324 186
115 92
407 927
441 210
335 336
790 172
898 583
412 193
94 869
604 826
712 379
502 933
270 139
669 194
76 846
170 306
235 647
319 961
983 651
441 675
835 856
134 10
359 490
115 50
198 268
717 490
406 203
993 39
765 14
563 699
340 544
644 338
421 438
314 589
340 166
671 992
881 277
776 836
193 539
561 715
858 309
92 731
668 653
176 891
698 539
625 774
511 18
338 7
126 604
622 232
728 289
196 231
939 812
487 314
865 691
803 722
181 501
424 137
805 390
208 359
444 212
850 762
909 456
336 315
29 768
841 625
222 339
1000 663
249 191
318 242
406 770
504 377
353 818
700 802
816 243
310 480
134 605
948 436
59 975
153 521
101 714
257 57
644 232
744 334
299 586
369 504
126 436
135 866
378 370
9 236
478 140
33 965
440 650
1 130
463 949
64 86
673 23
702 372
788 929
693 112
250 296
367 987
660 57
948 325
17 430
204 669
706 709
333 307
722 353
355 260
7 958
536 690
991 539
445 367
258 552
189 502
427 750
749 918
249 485
44 218
584 31
587 238
735 880
15 931
165 951
441 203
285 309
240 221
505 588
528 118
972 473
501 694
661 184
6 496
66 752
733 231
640 884
96 361
594 909
560 500
105 832
26 378
363 899
612 777
191 704
841 454
674 284
41 791
593 144
633 413
27 391
660 938
476 917
317 874
855 144
937 700
430 555
759 231
31 395
241 774
860 817
789 86
398 912
793 223
104 395
404 122
359 312
49 299
420 672
531 609
934 129
835 810
929 312
410 58
185 79
299 107
357 159
688 947
750 486
44 234
347 843
115 916
443 677
427 831
279 502
623 148
173 778
909 724
682 811
226 430
666 311
526 429
504 595
205 422
348 959
796 1
426 409
55 44
318 535
341 197
649 101
146 629
184 31
581 982
358 492
228 733
818 618
199 147
645 722
609 823
436 329
288 470
462 489
383 928
2 797
237 518
864 467
991 273
968 185
220 577
428 902
450 838
664 20
281 720
384 299
415 930
279 363
897 18
324 956
548 863
686 657
96 466
818 874
52 505
707 460
457 325
734 894
517 775
703 350
39 787
32 446
201 258
617 390
59 577
999 590
732 659
915 316
150 42
134 615
148 769
865 876
916 200
455 247
636 143
732 781
740 459
980 839
168 268
202 522
705 199
656 764
999 518
373 474
641 558
770 146
514 860
348 842
504 638
285 369
24 783
728 897
491 779
376 543
97 225
172 52
264 423
871 109
506 846
646 888
207 751
10 156
512 281
875 831
554 632
374 971
593 38
133 513
274 594
145 174
369 964
757 447
609 992
777 513
322 646
43 732
778 664
287 288
905 762
578 121
303 60
16 34
272 539
938 497
962 307
326 117
859 873
482 275
434 470
786 773
109 48
710 620
549 274
710 925
270 459
189 768
303 378
863 598
263 583
295 232
131 562
345 609
809 334
920 93
882 674
297 800
480 306
495 562
511 229
854 619
609 607
842 853
869 871
401 98
52 16
442 992
972 323
39 855
587 800
983 381
228 924
509 974
252 975
956 797
745 343
335 362
739 105
202 726
475 517
898 750
713 484
632 745
853 79
768 99
661 83
882 731
545 314
783 90
193 861
878 456
145 892
85 613
610 760
809 265
645 996
625 521
561 944
971 572
612 123
6 852
517 757
364 942
779 308
63 465
442 274
887 58
483 932
851 584
951 231
434 47
342 250
588 84
699 263
747 506
635 198
723 955
54 903
440 530
887 398
292 824
187 85
414 624
818 534
362 964
739 329
204 892
549 565
390 210
518 69
945 392
493 737
634 140
639 412
710 605
812 898
465 152
338 338
630 145
700 281
84 117
286 1
375 558
382 436
562 9
231 937
330 219
208 5
728 67
980 289
509 981
572 329
344 109
432 791
953 818
667 588
555 485
171 88
740 54
854 397
720 788
347 851
93 199
599 123
191 392
764 882
981 818
331 543
845 442
358 465
385 887
772 922
70 580
677 650
996 67
400 253
482 505
979 977
883 163
813 280
928 114
511 540
7 620
776 303
678 621
579 35
563 600
990 603
459 490
946 780
266 961
142 962
658 310
483 709
621 941
652 280
155 761
760 384
166 426
731 466
496 870
721 718
836 295
189 419
145 125
913 970
231 183
188 436
2 719
727 655
498 163
781 681
865 472
81 541
617 374
998 455
924 519
976 539
948 756
267 518
762 106
151 185
950 611
741 922
694 489
330 334
100 275
640 512
242 914
943 229
159 866
252 180
205 759
81 635
270 451
990 617
232 684
755 274
176 102
232 955
246 435
3 901
704 617
444 450
678 584
878 89
388 581
699 210
568 442
771 340
320 607
77 275
524 976
883 402
709 522
120 679
677 488
112 194
41 136
493 225
937 285
379 693
534 386
953 963
737 900
328 326
853 550
904 910
157 901
208 462
874 939
455 919
359 450
106 712
595 54
488 536
640 316
175 837
114 735
981 251
62 425
630 960
749 6
760 881
126 815
365 217
631 447
340 620
64 507
532 350
799 825
237 109
567 859
802 851
908 658
765 698
184 956
392 746
257 631
148 556
421 646
473 670
60 185
830 779
940 920
956 149
136 484
175 516
25 58
329 430
308 538
735 600
544 907
455 647
908 248
220 202
959 740
104 425
749 296
163 14
123 702
376 103
424 168
18 976
753 119
