1000 505063
2000
177 149
909 525
889 367
414 724
862 704
584 44
836 213
528 89
219 887
736 518
991 786
158 46
200 151
802 592
194 915
939 124
525 109
215 903
456 727
852 669
273 625
514 794
971 490
890 337
28 497
311 519
207 973
615 387
69 148
854 49
179 727
143 653
708 72
915 747
622 508
705 848
363 239
405 631
330 884
546 714
609 576
981 57
345 77
766 626
339 944
336 643
142 493
59 905
805 933
714 13
654 556
667 319
114 904
15 244
358 95
634 43
682 338
501 714
31 518
202 668
2 667
461 308
274 738
578 34
139 271
998 552
775 94
660 234
903 453
972 387
543 446
459 912
341 262
764 624
485 351
476 726
816 126
132 70
813 677
152 352
113 64
487 694
926 441
191 455
118 309
122 115
987 896
837 789
71 141
55 346
782 755
567 850
762 730
856 828
272 623
45 444
841 742
695 672
163 294
160 78
528 936
867 781
131 734
133 420
441 826
576 297
478 369
479 543
815 254
570 22
274 567
69 47
975 951
662 65
170 894
319 424
835 824
147 765
464 353
967 248
462 79
220 191
821 266
277 121
633 985
721 122
88 951
966 197
406 874
336 930
402 129
837 701
621 41
912 423
655 308
401 913
593 960
135 763
18 113
180 600
726 638
689 351
2 738
1000 590
615 520
12 737
676 805
327 715
9 390
439 438
62 433
601 413
48 743
678 2
118 769
110 619
940 464
497 449
631 733
92 224
438 456
343 531
481 303
488 277
581 548
158 683
615 743
815 317
882 641
664 466
465 648
239 843
939 965
617 644
454 975
101 219
338 214
122 823
766 963
98 657
873 992
875 852
309 412
947 325
141 378
245 148
989 664
582 719
688 876
687 176
682 76
131 254
991 958
789 757
6 93
187 378
409 796
193 796
135 243
762 581
626 115
652 432
363 376
137 13
684 77
927 257
382 187
44 592
820 928
138 174
601 117
616 890
751 529
503 477
633 522
346 309
371 415
397 820
489 203
880 839
507 442
915 419
753 78
536 704
999 936
869 544
481 324
793 827
261 327
588 250
277 264
21 352
201 314
37 604
452 744
271 350
828 295
41 32
897 993
15 189
133 858
405 157
60 185
811 303
627 808
958 650
642 468
826 163
566 858
624 630
953 545
817 177
673 817
786 933
429 644
871 566
568 559
310 686
492 410
851 609
208 140
396 814
244 640
363 367
85 446
82 957
467 350
398 314
6 656
136 494
928 87
714 79
67 799
866 287
372 751
108 269
571 831
415 115
411 326
115 847
444 91
758 650
566 440
317 701
475 467
819 135
559 484
989 847
574 598
360 580
878 37
777 359
948 458
986 880
42 380
612 219
888 548
554 868
133 589
754 205
298 986
370 437
586 103
160 97
698 377
919 580
184 829
587 552
926 171
670 651
298 842
996 988
697 358
303 647
482 599
99 653
228 856
481 498
433 552
745 512
754 984
76 523
570 746
965 817
665 527
800 57
959 388
778 478
167 179
757 304
665 485
620 115
666 134
56 436
61 890
563 896
842 327
422 447
196 829
541 426
148 777
419 318
184 404
499 400
868 326
745 193
289 148
222 1
548 996
816 849
880 554
806 965
177 933
607 107
48 570
700 56
640 777
538 398
520 97
831 495
219 819
668 693
746 827
760 728
121 1000
741 752
676 123
478 421
751 482
798 41
69 221
915 664
786 261
251 534
678 95
494 540
897 760
212 222
292 513
515 355
996 285
761 557
509 844
547 642
96 172
811 454
565 74
789 590
390 822
45 533
833 725
871 184
570 807
281 572
52 248
398 242
286 52
580 517
327 517
753 133
496 401
137 783
48 802
609 2
220 341
155 667
869 922
389 678
404 387
419 582
671 411
269 752
888 705
954 549
630 638
519 225
664 225
907 319
835 198
392 493
970 650
105 136
286 49
963 221
217 984
916 729
272 840
90 471
369 724
59 458
519 605
756 820
263 738
53 258
552 405
986 893
334 613
15 239
859 699
729 884
163 68
600 79
273 19
224 244
163 555
735 794
798 852
930 3
737 40
738 900
384 269
474 576
929 825
589 90
142 739
47 903
373 195
658 429
945 651
959 187
673 886
135 303
52 465
376 43
796 822
159 44
40 484
122 810
435 926
771 177
912 499
603 529
394 918
627 393
925 240
863 508
14 821
276 775
88 494
156 683
831 899
167 982
421 43
412 988
829 331
465 820
675 343
701 360
144 407
642 766
483 328
157 416
17 522
937 549
273 227
690 293
83 718
908 485
156 650
32 99
258 447
105 122
602 470
898 547
535 354
970 406
632 670
365 526
866 531
555 518
194 827
188 966
358 216
588 201
739 423
98 395
859 691
895 948
901 477
933 821
595 736
895 965
253 762
714 136
126 509
114 733
314 646
11 1000
651 39
342 968
910 285
921 862
562 391
775 793
219 415
407 813
172 753
843 737
803 127
431 242
758 887
777 966
336 996
125 151
131 558
987 137
532 253
538 825
910 518
163 281
86 89
248 730
108 202
393 826
979 786
946 299
514 18
750 868
974 457
715 972
592 77
611 747
34 259
472 143
860 536
752 966
626 258
885 282
954 733
883 763
429 405
346 350
708 424
135 805
16 412
479 25
112 920
465 64
893 739
488 713
470 709
118 515
341 334
3 477
85 512
379 685
217 923
428 602
372 351
481 253
993 979
181 32
545 945
958 45
584 32
196 722
634 228
928 120
45 37
637 845
28 339
60 759
510 710
806 516
763 922
371 649
86 304
150 674
336 945
324 265
769 351
771 643
183 675
814 754
595 477
982 713
174 866
325 866
978 572
830 453
370 220
617 36
74 506
9 794
830 557
995 154
192 841
499 427
329 568
595 714
856 629
467 767
645 4
530 822
283 712
584 240
234 361
657 483
189 628
710 89
161 260
321 793
230 767
21 677
134 973
217 405
588 412
488 615
14 652
441 733
284 182
963 57
870 354
122 92
317 929
135 377
61 791
261 318
766 511
182 797
246 698
132 196
204 814
922 487
488 4
439 469
582 823
42 332
835 63
831 367
942 704
771 734
621 984
833 978
874 394
738 666
53 308
347 608
984 726
746 763
47 709
804 627
503 793
276 903
25 291
2 540
619 69
162 678
570 435
931 870
317 552
307 398
934 108
135 336
925 10
1000 618
547 643
554 591
405 821
295 920
434 577
198 667
166 331
380 915
885 734
55 561
627 563
132 720
678 611
898 221
565 729
199 372
32 50
192 10
350 460
369 763
535 945
118 861
624 501
365 677
242 689
493 882
516 59
641 707
672 625
860 387
510 254
221 92
696 128
345 712
953 14
123 987
983 846
320 370
974 618
988 164
256 292
243 266
147 950
570 430
642 646
877 621
299 596
977 342
392 963
513 607
128 616
943 806
222 488
482 704
346 841
923 875
920 586
302 983
609 383
693 930
441 662
944 306
426 809
977 258
966 947
135 686
337 827
601 597
394 239
981 270
215 312
94 313
605 972
196 573
179 431
642 734
577 887
76 551
685 57
507 669
84 208
610 385
821 648
508 873
320 948
243 7
536 481
81 536
127 732
884 553
704 139
673 462
569 232
592 663
667 444
398 545
929 995
836 339
913 828
599 186
661 925
496 908
769 522
40 911
304 342
935 424
550 292
216 370
786 669
805 369
283 188
168 186
481 249
914 691
806 105
112 94
126 65
372 689
7 375
822 42
247 214
175 350
225 885
823 886
632 992
737 103
7 677
661 147
579 260
319 454
462 200
105 809
857 201
405 566
147 517
226 286
624 34
958 825
25 80
257 291
436 353
464 412
471 537
976 876
958 382
553 528
880 636
383 793
641 69
49 648
55 900
311 413
922 476
252 603
130 394
689 338
568 872
807 744
624 793
253 613
299 496
269 526
287 742
446 575
672 216
638 655
238 87
770 634
954 726
322 772
65 92
37 490
878 897
784 465
250 448
569 403
817 944
942 960
835 904
519 411
17 981
93 658
237 912
51 366
893 375
824 839
4 898
645 390
16 783
936 66
911 334
391 903
735 380
702 959
329 604
220 120
194 92
324 947
353 529
813 678
971 743
246 513
782 207
627 109
80 978
13 996
193 136
989 321
46 138
302 826
715 414
687 40
861 516
3 68
604 776
623 783
734 432
753 477
843 227
885 205
857 583
523 164
54 608
345 492
532 382
637 716
638 646
222 619
631 275
153 617
66 244
494 189
972 976
575 226
948 33
473 676
838 416
976 112
172 144
159 804
455 9
272 34
376 822
206 234
608 43
73 368
856 625
879 756
416 713
937 176
624 477
365 376
977 783
955 83
127 205
878 367
400 968
334 291
185 755
223 560
998 920
419 837
669 884
146 43
497 212
75 568
209 121
458 38
848 52
71 695
966 110
980 297
938 40
66 684
684 611
99 813
717 592
968 755
247 693
683 655
373 827
442 470
645 847
678 95
225 187
270 794
465 307
793 211
704 291
134 923
4 981
633 425
792 307
866 511
697 678
842 661
325 31
462 435
203 136
207 660
293 999
282 867
751 169
794 894
815 340
544 500
395 508
481 196
298 420
41 285
817 822
548 747
15 89
865 330
545 772
323 6
721 887
233 407
736 411
745 473
278 79
31 65
98 61
879 506
152 558
2 155
150 41
221 225
111 818
291 276
964 125
510 222
391 962
392 197
245 329
298 216
399 117
550 258
480 818
63 523
610 774
384 432
113 552
185 118
989 707
900 499
472 938
800 617
920 548
827 887
130 2
553 171
16 350
673 551
311 629
885 53
279 162
518 179
46 389
24 473
143 914
579 569
243 936
507 106
726 881
51 835
709 925
460 95
185 293
208 852
187 798
505 469
384 577
644 114
599 834
456 673
158 381
368 573
775 945
11 91
747 270
951 454
276 523
409 586
433 756
497 547
244 687
475 980
281 627
579 17
142 86
777 753
491 845
584 843
50 658
379 175
185 983
185 973
721 347
820 804
241 822
807 790
454 432
726 150
282 877
224 524
400 480
692 181
537 176
438 587
38 420
441 855
98 97
979 694
291 611
838 314
496 584
739 466
491 289
458 178
317 708
56 725
29 592
1000 977
481 925
466 358
456 185
814 634
609 976
418 71
430 107
211 733
291 811
338 599
437 837
674 744
348 680
510 898
986 695
602 118
713 643
860 665
616 574
229 413
535 368
528 714
968 949
377 704
832 907
801 542
774 264
401 318
647 3
933 326
40 848
708 763
267 377
185 427
122 612
129 284
156 774
348 322
277 382
169 730
857 217
44 581
812 569
848 712
696 549
465 820
442 745
337 559
201 776
775 987
489 703
551 298
635 142
904 988
814 934
49 716
561 698
121 481
109 430
150 839
523 663
901 851
159 172
929 524
865 883
494 904
997 413
970 983
264 453
928 873
919 927
147 966
141 11
417 775
259 551
438 781
136 961
435 431
926 293
185 62
784 385
295 775
281 373
843 552
751 517
203 939
242 752
340 422
749 125
347 730
166 627
321 52
634 787
725 442
366 536
859 927
532 338
224 342
155 127
58 560
391 14
868 476
179 43
246 657
79 748
250 772
116 283
362 497
862 777
359 537
241 180
474 751
736 245
618 58
84 501
268 729
890 635
256 987
287 861
934 950
47 419
57 159
174 829
914 705
159 135
212 674
687 707
599 50
164 143
19 34
680 600
986 147
426 884
235 94
434 938
204 110
135 841
76 811
892 528
449 921
493 233
245 131
489 634
406 499
870 394
116 614
648 596
99 979
329 699
186 449
873 918
806 326
943 8
277 966
101 998
510 844
994 603
120 596
962 569
875 225
444 655
850 890
301 232
159 597
263 571
216 140
783 98
602 358
496 408
471 67
676 986
907 709
312 558
631 498
629 315
814 841
547 302
519 362
920 200
342 861
800 744
655 840
934 634
192 90
418 481
134 393
103 47
149 817
703 127
633 643
216 157
644 360
511 279
453 485
619 249
527 823
797 467
832 644
376 381
662 389
647 812
185 432
324 295
797 719
482 458
437 609
72 271
377 546
879 717
753 934
89 225
226 483
490 605
612 579
796 494
707 262
938 718
678 201
829 710
699 561
407 960
290 833
541 80
917 89
219 84
813 470
898 583
567 92
304 452
695 208
974 311
662 929
93 391
608 494
730 7
930 970
544 102
81 527
153 960
494 564
609 308
915 73
491 708
606 780
16 375
166 743
666 982
891 971
263 988
446 321
103 915
216 371
799 395
392 414
803 243
99 589
188 775
803 825
291 936
858 494
804 396
827 547
537 661
58 433
450 322
518 352
946 806
960 699
540 601
153 556
122 245
543 759
498 318
626 344
215 610
648 502
993 681
267 969
705 64
124 659
689 517
136 852
731 964
384 164
560 280
690 10
143 572
666 780
817 131
184 157
630 140
945 53
363 648
955 495
913 791
759 259
109 298
645 428
716 212
37 883
103 32
354 474
708 726
461 791
828 289
540 387
726 75
11 983
103 46
673 455
962 629
490 572
297 179
966 688
843 205
540 442
963 369
337 137
731 730
368 103
160 30
529 351
369 763
147 11
139 982
33 163
880 662
590 317
41 770
363 292
100 150
954 842
446 594
475 470
976 399
394 52
713 963
901 71
870 669
299 725
36 952
440 365
292 337
813 901
856 946
883 107
528 501
611 973
348 615
945 355
959 18
139 658
937 898
658 393
755 215
77 972
880 115
39 416
859 68
632 449
924 4
738 926
900 199
569 599
161 730
683 211
151 635
686 319
494 73
851 516
435 800
455 126
490 973
775 381
761 505
830 958
927 537
436 977
768 490
86 217
698 195
403 384
172 644
851 436
509 501
813 400
301 535
184 903
554 640
266 112
774 302
787 41
907 77
695 333
749 568
99 836
633 803
972 445
428 400
229 681
22 377
120 799
359 862
157 313
898 355
468 680
707 402
256 219
614 128
1000 301
754 335
827 443
16 110
47 240
367 270
424 73
817 614
305 622
714 986
579 900
704 770
53 338
562 642
810 187
331 925
799 485
741 110
322 275
116 535
949 596
264 762
462 489
5 990
372 998
538 704
214 794
671 278
187 845
428 685
211 939
752 707
297 10
594 339
35 747
215 220
411 9
576 156
105 850
302 456
988 533
723 426
799 808
855 634
623 556
24 707
939 476
916 166
556 927
544 741
514 562
703 803
461 122
772 214
771 824
992 691
77 489
271 778
740 38
547 131
210 51
134 501
738 159
302 220
518 549
670 244
937 129
454 23
784 649
936 228
757 560
505 562
656 760
986 137
321 260
876 205
265 743
456 250
798 457
654 312
296 944
931 407
620 227
924 222
406 284
421 418
220 145
184 841
31 515
73 198
348 497
705 996
600 284
303 286
943 560
883 688
151 764
979 507
907 207
544 21
337 343
94 553
317 740
471 82
63 17
214 618
715 357
473 74
37 792
529 654
360 862
24 671
886 444
287 523
466 43
138 28
771 220
559 949
774 761
758 946
257 636
128 250
563 478
361 556
945 313
681 878
363 276
432 665
178 21
955 648
577 72
747 396
899 897
517 668
576 702
108 867
621 404
325 276
329 824
874 920
164 287
880 78
978 248
676 344
279 216
284 272
803 127
457 129
572 929
44 611
591 173
67 15
187 372
990 820
293 587
674 860
870 684
933 945
822 708
901 764
130 403
647 228
303 837
328 117
354 27
368 621
51 69
991 239
86 237
133 430
269 533
77 864
452 917
635 936
444 393
481 641
558 369
706 618
942 654
723 937
570 414
393 19
80 831
9 144
215 568
548 108
907 864
656 236
511 834
227 70
318 528
92 794
448 612
991 864
274 887
578 411
318 929
114 892
622 641
50 561
599 891
19 515
261 260
371 340
752 283
465 169
772 604
606 564
744 953
338 285
639 52
246 381
341 767
759 363
695 725
248 407
600 799
674 44
108 716
822 515
802 199
391 721
491 343
556 786
893 342
13 738
425 585
551 812
227 91
321 582
698 811
900 660
890 262
988 539
193 944
183 369
933 945
629 730
570 35
450 819
787 190
254 329
906 816
74 58
287 812
359 107
702 599
870 751
197 404
524 22
55 660
812 979
570 467
785 618
747 241
402 635
272 210
790 799
466 359
628 91
199 779
886 655
403 983
799 225
878 672
476 763
49 969
370 596
795 901
121 587
746 263
299 350
504 72
21 170
538 574
626 571
344 38
371 67
75 739
204 996
848 125
224 470
705 453
225 37
940 315
941 221
109 346
665 136
947 797
498 344
48 828
361 54
631 855
784 143
168 268
91 817
747 800
22 438
406 59
577 837
694 125
574 329
552 741
651 127
147 440
995 832
898 159
753 275
549 528
529 25
176 868
241 512
878 44
70 651
618 852
953 756
295 645
131 424
588 208
611 929
580 855
432 460
196 963
930 296
965 109
13 274
982 650
464 335
342 443
358 183
908 869
628 110
592 850
585 537
939 18
150 928
526 169
94 22
193 300
451 373
999 984
797 527
560 206
317 776
703 346
60 493
683 139
126 29
891 165
748 380
93 550
802 622
936 148
460 698
83 868
31 372
337 56
167 98
139 713
357 520
528 244
967 671
251 938
869 587
602 648
461 832
902 165
262 400
541 845
291 586
924 171
608 810
839 460
462 168
318 934
61 611
140 188
740 652
155 771
877 929
523 619
534 529
60 405
625 695
346 737
537 114
88 615
303 539
772 398
33 299
884 869
725 82
439 541
480 816
256 326
344 983
515 116
197 105
959 462
95 245
425 556
425 931
768 559
80 708
38 909
239 276
702 673
548 926
88 878
995 439
86 450
515 731
281 252
270 805
166 521
839 274
603 820
672 925
317 824
739 399
58 258
310 130
78 391
363 526
782 414
161 327
156 613
923 308
921 959
228 258
66 677
378 794
679 13
508 26
737 612
187 566
228 302
154 921
783 139
519 268
140 603
423 917
304 647
570 805
715 543
988 573
480 47
942 222
65 379
260 244
772 810
826 339
844 432
402 429
945 651
69 512
313 420
485 663
764 267
2 490
492 751
216 56
442 253
957 679
992 64
253 177
546 341
94 137
803 540
12 698
248 242
