1000 512546
2000
696 112
495 375
455 273
296 35
103 732
161 477
662 327
649 649
334 36
942 861
409 389
228 127
611 105
116 818
47 772
685 650
262 645
96 146
558 707
558 786
849 49
722 491
579 372
546 148
59 399
328 319
493 190
901 690
714 835
283 696
549 964
735 440
966 804
512 82
727 849
455 130
233 923
954 22
242 283
586 48
819 664
676 751
54 663
859 87
608 980
64 583
158 822
894 831
119 7
615 895
451 161
547 671
729 165
291 43
663 352
129 180
12 29
210 189
864 210
352 560
788 819
708 172
820 231
267 986
184 663
10 501
223 61
739 450
37 18
673 818
369 733
652 68
192 558
910 288
575 310
860 806
159 76
645 536
819 951
723 58
537 641
726 995
514 316
439 846
673 734
465 997
19 763
751 797
489 646
66 804
85 337
549 204
944 942
297 160
497 715
983 744
779 661
792 867
442 539
60 136
687 418
38 422
97 372
519 901
633 681
729 76
828 743
755 746
170 283
885 444
781 427
444 127
600 88
758 128
861 853
351 299
838 273
505 368
543 898
858 4
710 810
738 162
662 582
759 445
141 434
322 931
384 227
101 285
449 92
106 505
643 102
727 439
167 881
402 580
693 873
820 38
112 807
962 910
824 813
727 248
24 981
92 806
222 142
635 306
533 621
62 116
806 70
544 815
616 898
657 916
331 468
633 300
840 690
330 970
114 607
437 19
648 833
97 305
71 31
780 4
658 654
198 520
661 931
906 851
829 322
720 777
905 297
944 527
734 926
601 57
410 86
364 666
202 948
469 992
710 859
153 587
263 400
481 548
981 364
989 886
280 746
758 169
997 189
12 998
762 360
413 201
170 258
218 651
994 893
209 50
227 379
847 49
732 543
172 398
209 868
753 873
103 194
436 571
182 442
136 348
17 201
993 961
588 580
456 777
953 243
935 884
430 358
100 220
541 831
996 754
501 347
461 463
615 999
513 220
128 29
281 377
39 518
19 380
800 756
310 141
769 416
524 47
803 727
779 283
175 642
935 630
723 749
689 813
522 932
570 632
793 75
62 410
435 680
739 524
834 592
333 469
355 989
649 139
253 897
423 305
900 712
154 338
397 635
266 4
276 324
88 373
140 430
421 741
753 808
852 373
726 176
109 273
451 908
535 315
965 496
358 88
174 122
318 985
191 935
421 222
238 919
996 364
660 787
163 977
606 401
698 244
626 910
349 72
101 355
757 596
15 887
139 530
700 431
170 953
883 739
800 957
269 800
823 137
78 169
973 713
558 557
827 393
520 868
997 662
897 115
804 719
708 228
539 531
399 333
71 369
105 721
516 21
714 88
202 234
257 730
521 268
935 358
286 861
527 725
327 258
664 248
898 823
138 202
971 553
544 371
350 123
206 584
10 82
897 653
692 977
874 260
653 203
723 163
933 989
257 995
210 503
278 865
900 856
18 676
113 710
134 176
241 268
117 205
131 551
865 540
239 356
463 82
789 598
812 404
654 836
198 551
381 197
463 447
182 642
23 664
132 548
296 649
131 492
871 664
958 402
562 663
269 125
333 893
382 425
639 723
307 642
851 842
254 622
885 166
486 896
494 62
144 671
849 292
214 105
909 514
789 516
785 677
856 765
341 747
235 336
661 678
252 87
757 587
206 816
655 114
7 364
243 253
136 977
749 9
646 197
819 869
447 477
561 527
205 481
316 232
429 510
953 209
544 621
95 80
871 272
172 135
210 552
786 245
595 204
222 888
75 742
773 538
633 509
252 918
401 675
169 205
801 761
878 986
957 33
319 668
491 704
300 785
277 459
770 891
685 597
516 254
391 769
74 482
383 389
703 585
42 878
150 899
854 822
372 780
707 446
297 781
76 162
63 50
683 125
470 172
423 157
67 747
939 64
857 776
955 801
674 702
1000 680
705 441
515 694
600 368
855 530
575 859
445 326
684 222
788 587
428 125
231 332
494 839
708 173
94 661
403 404
749 128
232 617
368 277
683 554
689 322
446 633
66 518
906 187
629 195
556 279
879 383
967 292
794 484
611 765
687 198
612 774
766 694
47 233
101 945
630 206
391 439
800 120
477 133
278 468
291 470
801 158
332 111
892 848
998 613
93 506
481 163
539 48
918 698
731 783
11 15
189 482
286 789
948 252
703 563
389 881
435 861
203 124
936 481
148 928
165 243
251 493
800 206
420 863
931 688
178 704
758 666
311 317
75 587
570 847
699 898
60 350
584 502
817 325
524 274
848 595
802 537
399 152
616 162
661 263
850 838
282 940
385 136
587 105
389 608
280 215
278 505
812 305
835 568
558 874
525 385
384 521
321 399
432 944
276 884
1000 756
424 296
80 295
255 907
302 245
783 420
907 450
692 473
489 335
111 458
650 574
354 862
56 411
448 991
82 360
794 5
401 110
131 684
837 422
658 282
664 288
691 851
502 586
845 357
501 595
61 997
56 657
175 89
93 514
368 940
772 441
388 435
647 930
431 287
883 147
355 333
14 477
322 229
672 234
588 647
551 553
90 2
420 93
607 153
316 925
230 956
412 566
716 113
721 45
949 866
684 75
707 731
779 561
912 290
371 591
842 216
581 682
495 347
4 746
238 721
856 808
209 277
703 481
119 81
564 818
674 490
135 453
504 471
370 9
472 250
789 357
559 853
899 83
470 92
264 610
819 891
39 531
955 155
244 710
30 724
466 134
539 780
26 886
531 901
566 430
538 40
769 118
660 299
375 756
298 590
836 144
430 277
328 754
999 111
540 786
119 664
505 970
290 693
970 596
450 924
323 711
667 402
814 492
125 687
925 27
219 412
250 678
458 140
189 316
816 905
803 966
332 440
569 846
657 280
818 151
660 31
97 99
207 64
264 544
346 697
766 825
455 99
904 797
196 937
232 245
927 731
968 93
694 525
269 463
137 942
463 560
100 696
254 401
461 157
826 58
652 748
220 351
447 710
993 215
781 607
725 912
506 794
776 877
907 193
687 712
113 314
434 434
501 791
929 96
795 608
664 651
45 417
103 464
681 258
975 491
828 187
341 271
982 152
406 380
991 972
136 270
668 188
684 522
574 872
399 490
712 806
43 760
16 430
497 31
139 948
453 677
636 679
616 471
246 595
844 509
942 25
697 857
499 153
246 644
985 995
954 742
663 516
687 919
964 343
526 901
543 937
369 985
731 365
2 131
707 102
958 399
618 774
541 339
55 181
709 857
535 716
875 507
241 625
515 675
508 317
662 160
498 688
907 173
752 913
176 499
784 358
418 882
593 295
721 150
320 589
96 149
746 241
713 985
505 449
883 41
141 669
37 232
27 752
754 509
921 638
945 155
344 426
370 315
775 365
472 566
321 831
496 205
133 92
183 975
920 536
742 672
915 321
268 994
416 654
294 980
30 584
683 480
109 585
915 198
351 193
960 636
454 622
989 654
651 150
143 670
942 703
695 630
901 590
386 315
928 837
280 513
225 564
377 922
811 444
367 144
518 970
113 190
668 98
637 728
877 867
452 959
323 928
926 116
411 397
688 141
854 936
244 401
840 787
716 695
240 161
601 963
497 625
260 219
838 145
119 13
290 669
435 225
867 811
829 930
757 947
777 208
572 773
545 970
650 777
374 827
913 307
49 42
679 369
138 632
534 864
411 673
65 401
466 437
806 1000
945 220
533 38
922 319
897 66
882 690
380 996
732 806
338 522
802 10
477 800
239 999
441 633
189 941
504 235
568 73
437 697
682 463
558 673
32 448
173 213
717 891
610 303
808 93
937 84
384 957
255 511
466 439
224 238
915 881
941 382
866 109
536 699
238 211
580 864
332 419
844 863
753 745
340 141
552 540
548 817
314 361
501 845
976 909
108 806
836 310
627 612
30 588
34 820
550 443
95 661
495 215
702 398
479 932
829 943
613 835
877 153
930 188
202 681
156 711
374 972
777 855
897 843
683 646
208 185
833 154
17 657
336 198
252 460
753 776
199 464
184 435
206 988
551 871
189 356
53 377
685 758
719 83
578 652
546 776
21 926
730 166
286 405
178 863
988 589
512 993
858 137
601 420
412 151
211 90
209 229
501 10
833 929
560 931
566 73
860 466
128 293
266 661
383 74
889 240
417 154
389 229
579 275
330 107
104 327
520 522
146 985
322 485
624 786
244 402
270 411
511 82
512 30
275 571
278 528
633 154
606 271
900 846
933 718
449 207
665 613
620 853
455 59
697 644
354 610
844 847
152 245
730 736
235 997
346 798
835 287
725 297
483 755
354 934
832 418
429 814
535 308
463 926
345 820
999 948
776 42
52 163
847 850
893 615
397 805
691 755
834 792
7 761
230 142
785 24
303 918
476 169
919 818
519 826
735 837
654 206
908 369
418 927
486 683
638 497
831 737
421 101
517 132
788 264
816 190
72 961
969 137
220 334
677 292
166 235
724 446
969 712
317 145
138 456
605 914
670 724
841 521
626 202
128 504
637 67
901 781
525 550
649 662
171 763
827 543
565 913
836 706
56 300
131 35
33 627
273 67
38 770
353 509
960 51
741 674
774 513
328 233
312 926
242 817
544 694
616 190
138 847
333 860
341 932
538 976
119 705
590 416
294 871
892 439
583 465
773 133
692 199
812 947
872 834
583 478
484 948
996 989
557 4
266 260
761 266
149 721
448 654
667 476
41 650
994 522
104 83
4 569
218 562
559 288
928 10
178 59
365 869
975 190
664 706
410 672
221 182
167 624
809 777
71 874
7 552
356 611
20 168
718 388
988 18
877 471
593 745
69 150
504 155
846 588
658 996
682 940
19 388
95 930
37 336
50 466
309 382
16 523
78 395
282 209
521 641
314 282
639 265
145 428
466 222
557 946
477 119
786 346
846 1000
101 910
247 566
729 28
729 943
730 497
419 568
702 942
829 893
918 538
171 900
551 548
60 851
408 834
499 851
967 445
485 563
225 295
851 37
362 865
444 172
551 11
601 577
866 156
518 775
367 695
497 146
138 663
747 585
652 775
487 678
194 577
72 293
812 50
263 515
346 978
394 947
17 207
174 765
24 499
642 739
984 707
185 445
810 719
642 496
734 105
484 824
85 197
875 404
920 354
492 957
151 795
883 319
306 809
373 300
625 20
46 47
709 238
413 469
603 444
639 306
218 798
697 261
884 411
634 376
86 319
963 286
944 468
671 715
883 660
501 121
835 286
522 372
663 711
320 218
759 957
797 677
544 231
50 647
605 109
286 290
27 64
942 751
696 468
331 641
674 379
547 380
16 489
858 291
850 147
639 927
420 337
676 706
646 670
635 762
960 147
698 335
155 57
175 760
547 344
912 752
628 374
260 222
267 586
341 368
104 873
672 196
865 550
496 453
665 885
805 99
148 428
75 599
489 576
604 492
885 668
782 378
464 821
293 741
998 731
590 488
849 562
291 517
83 779
440 973
842 343
814 287
566 241
830 207
850 972
344 536
661 665
195 430
918 397
532 211
111 672
304 789
958 493
162 406
2 572
175 686
435 47
318 328
944 25
756 908
40 975
110 815
560 951
5 28
486 957
348 737
15 136
905 780
997 865
190 926
259 26
919 606
164 612
959 995
792 411
65 694
755 696
397 135
75 934
369 756
645 927
590 220
706 147
794 138
373 109
236 84
671 880
612 611
433 42
471 976
287 69
294 437
184 927
329 129
905 722
50 952
776 575
641 602
541 679
816 489
233 306
765 9
611 335
950 900
958 126
455 936
156 638
351 297
379 476
217 457
434 679
391 486
239 343
617 810
775 17
691 351
338 971
315 74
171 520
486 274
360 796
856 641
148 304
144 536
905 296
634 802
582 303
203 16
540 488
317 511
701 656
181 799
741 152
805 271
287 974
517 304
464 350
431 651
511 238
536 631
724 489
624 161
322 151
724 645
273 235
574 452
838 412
728 739
835 812
904 208
988 887
431 424
410 754
142 363
49 16
475 362
764 167
268 936
905 817
304 682
630 103
570 609
463 964
340 573
574 746
947 158
468 180
537 164
208 703
185 556
104 730
316 145
64 612
113 782
2 587
245 284
51 477
85 683
762 908
690 879
474 884
548 554
723 877
843 995
820 262
743 142
615 600
764 435
345 698
296 496
413 815
618 513
632 570
325 540
278 172
142 236
407 789
489 119
55 322
391 756
45 394
709 218
654 867
27 215
289 935
685 73
536 990
515 637
632 601
6 721
643 682
239 649
759 972
694 726
26 253
165 948
321 756
363 840
786 66
105 348
342 172
392 910
688 889
450 676
807 136
160 153
411 810
462 531
317 161
125 379
693 350
966 512
923 945
177 443
479 304
644 867
949 291
125 396
403 400
209 788
99 839
327 442
324 993
359 119
947 421
544 1000
995 834
340 982
285 785
727 147
492 930
736 198
612 739
833 152
856 830
695 583
15 635
872 55
988 735
863 478
384 484
773 642
627 757
343 887
468 775
786 145
437 330
921 495
152 394
365 296
938 786
338 679
875 870
701 306
966 772
379 552
610 217
598 406
564 417
856 808
857 452
503 884
300 271
429 224
318 950
817 611
979 9
136 644
144 830
642 898
430 845
130 119
782 19
443 88
346 77
952 104
771 212
564 151
581 439
311 751
280 863
381 802
605 414
717 152
434 26
355 138
832 903
622 498
193 563
627 308
994 420
941 230
760 450
267 306
642 16
772 973
480 918
529 768
768 514
638 68
410 762
21 507
432 364
729 792
166 863
386 439
777 820
49 988
524 725
427 470
415 897
26 255
963 389
257 44
19 410
710 325
699 431
533 888
324 888
688 937
824 431
162 125
547 834
858 246
20 694
200 35
375 477
898 641
438 156
779 696
829 419
689 754
345 779
911 478
466 240
718 77
823 138
25 491
216 910
200 328
372 764
834 336
647 404
271 969
190 110
90 284
525 29
75 336
963 392
593 943
609 762
16 23
590 924
705 346
638 239
181 569
307 835
152 853
237 830
457 104
71 522
69 516
500 82
500 618
547 409
439 144
975 55
606 176
447 136
14 138
765 559
736 542
468 355
334 162
235 62
327 244
291 944
682 881
123 692
252 60
589 23
930 519
626 192
409 989
959 302
262 717
171 230
746 644
549 636
892 528
352 148
480 202
691 141
395 679
29 687
976 661
504 879
613 416
901 707
246 60
897 226
496 888
706 481
714 71
559 848
330 495
405 230
811 739
960 19
322 290
446 858
352 202
344 385
878 257
73 698
72 39
936 428
529 56
631 212
28 706
606 231
492 172
128 242
867 796
751 521
492 56
437 505
444 889
132 974
79 999
117 875
505 379
39 380
483 197
817 240
234 764
341 601
404 166
353 138
217 38
146 314
744 413
135 50
138 969
114 871
923 227
252 838
539 287
279 58
329 546
870 50
757 250
830 198
412 452
835 499
320 707
858 861
111 909
239 477
930 100
52 44
489 956
835 733
124 419
214 3
35 84
52 164
99 355
448 309
624 32
777 694
714 556
870 224
841 698
788 207
97 74
485 179
363 635
268 65
992 116
492 91
523 637
888 860
183 734
351 12
543 542
876 47
970 768
703 165
917 555
406 506
793 954
444 745
763 248
116 42
910 60
575 150
404 216
79 784
212 836
470 16
842 441
484 685
775 203
770 474
711 206
379 996
865 617
175 475
118 308
87 743
586 228
1000 851
8 211
129 495
450 812
123 159
493 483
891 417
112 643
282 252
565 229
168 150
559 666
562 951
832 546
470 54
68 381
44 770
531 365
428 656
585 761
546 746
548 89
655 130
947 543
203 185
208 582
639 313
106 385
632 607
159 346
147 78
977 656
836 681
257 193
277 725
672 568
634 726
35 563
393 397
823 676
801 572
702 835
812 191
753 669
373 918
97 301
682 620
455 526
153 610
676 746
771 256
281 533
793 546
310 246
763 837
538 752
316 674
61 716
423 989
42 306
402 22
381 397
71 995
3 431
63 358
995 700
715 641
391 159
966 583
531 515
43 527
456 796
424 338
749 200
358 651
253 149
686 625
103 462
419 827
525 357
506 336
523 163
623 122
850 71
831 858
957 170
395 261
85 538
883 402
475 71
997 78
411 431
574 327
69 660
347 533
590 672
26 684
797 155
755 251
90 711
405 170
117 574
425 638
586 470
682 879
472 609
399 519
930 587
793 951
46 846
886 600
998 133
582 735
59 324
199 98
452 135
42 433
194 638
415 269
665 920
203 574
25 954
409 789
591 842
242 633
217 920
769 864
888 657
33 186
844 550
364 544
431 592
936 58
652 238
663 565
96 413
951 41
743 858
738 178
304 686
471 589
378 488
817 288
896 574
861 774
879 907
20 165
186 53
409 295
892 647
838 688
413 209
911 506
829 385
723 202
7 477
648 599
221 465
434 915
50 521
708 946
38 546
822 95
610 651
759 745
841 10
594 732
313 435
191 233
63 621
679 758
910 892
47 88
381 958
699 459
528 308
854 90
397 575
150 713
599 487
123 899
503 611
455 294
588 781
280 631
999 169
62 324
495 893
640 276
948 728
50 41
54 764
945 979
830 336
611 747
898 974
515 8
437 369
212 773
914 491
73 651
785 337
27 707
424 9
658 588
609 527
679 59
442 395
701 679
584 680
247 318
593 326
317 849
907 578
369 454
902 971
551 236
185 315
429 42
483 444
776 893
331 827
396 421
961 439
717 122
413 297
841 262
819 635
56 872
27 456
902 713
872 493
888 756
358 45
675 275
369 722
71 553
872 22
823 955
715 346
74 292
881 699
211 127
712 183
471 575
479 506
553 64
264 36
131 96
927 739
521 796
407 202
424 487
383 664
835 368
465 181
677 474
413 838
18 411
888 299
673 944
809 940
542 343
147 370
474 595
680 315
633 300
458 310
75 872
884 242
150 380
306 834
944 331
147 567
202 474
272 952
30 342
640 567
989 335
491 708
801 624
257 161
961 952
504 926
930 175
806 82
372 227
318 730
369 599
503 806
756 460
334 422
414 299
795 776
242 130
2 231
212 543
641 128
609 869
651 424
351 209
484 953
823 688
684 563
404 74
929 725
682 631
274 743
