1000 492103
2000
353 891
791 178
293 864
957 457
671 32
549 637
66 564
864 196
249 7
244 402
533 316
191 357
478 210
27 794
390 271
830 109
656 598
977 936
207 554
382 783
18 602
666 35
634 99
793 843
752 863
734 809
654 387
370 753
196 31
996 250
400 584
707 84
266 600
961 729
98 304
6 670
416 954
58 369
764 761
520 926
414 687
199 606
977 980
153 260
504 537
215 960
100 956
918 375
848 770
126 764
636 444
81 939
900 670
608 646
972 809
179 363
318 640
57 277
314 423
896 399
116 781
959 245
443 785
1000 494
354 423
664 815
989 79
173 862
872 522
511 382
459 4
631 842
291 75
539 855
331 338
540 466
33 355
49 491
242 435
511 74
404 350
634 118
61 508
736 828
774 84
412 361
13 629
46 339
63 31
643 463
553 717
794 230
469 187
762 387
55 467
792 32
741 961
140 161
180 292
142 742
397 529
485 675
651 268
675 913
281 650
313 410
805 582
195 630
652 648
768 301
887 345
348 354
364 884
72 887
338 368
615 292
948 868
653 951
738 401
611 264
129 785
272 78
425 664
415 555
667 899
803 798
919 158
455 849
40 728
271 856
789 380
707 837
890 104
900 743
62 46
580 916
159 384
512 929
759 549
882 210
269 510
867 842
810 863
424 147
341 534
794 594
70 300
618 574
443 146
117 543
960 692
286 327
718 33
220 389
615 957
976 278
131 456
359 653
47 268
465 436
498 689
476 145
623 202
522 807
474 142
841 111
223 786
48 592
148 603
886 35
610 78
198 571
839 684
861 975
307 359
639 572
96 12
883 816
584 534
32 226
110 25
451 285
645 867
508 248
231 985
814 256
760 97
779 906
512 56
215 743
882 579
885 651
572 828
136 449
39 111
975 71
567 298
386 9
908 557
789 668
160 861
186 306
826 290
753 584
385 515
216 699
722 135
389 364
935 405
119 167
508 525
798 537
916 354
180 954
352 474
529 437
32 814
609 465
389 473
122 74
851 438
746 188
358 993
510 569
984 330
201 62
766 910
905 277
77 190
923 5
336 90
786 441
29 730
861 920
633 541
998 286
124 678
706 875
532 98
197 692
409 27
107 427
429 356
557 727
264 601
291 464
513 937
196 231
831 797
244 713
445 998
120 698
459 501
829 717
725 47
386 331
910 651
467 852
610 136
635 95
500 591
341 355
127 219
942 676
258 787
141 158
16 669
507 813
596 966
363 697
563 505
262 172
906 193
812 209
804 816
848 570
148 832
887 435
496 857
888 585
827 256
900 947
433 597
925 609
100 267
51 801
31 923
212 632
366 919
565 750
174 659
119 334
582 590
253 554
507 94
616 457
26 78
522 334
445 145
736 994
907 389
896 908
921 449
136 544
963 271
474 341
969 887
354 840
325 761
649 930
832 207
248 733
230 337
243 928
727 240
301 527
435 232
172 524
629 894
406 949
549 273
160 659
637 824
779 809
170 588
965 74
722 109
988 699
73 371
582 813
505 816
788 508
641 776
384 768
33 108
586 175
1000 459
304 370
351 79
48 423
885 825
958 42
158 909
874 587
949 616
243 895
62 456
35 272
367 372
834 886
219 569
82 115
703 647
546 665
364 572
756 310
628 100
906 30
792 361
932 236
714 335
196 520
976 497
214 946
49 364
315 170
393 579
950 676
95 46
478 661
109 964
754 504
981 242
296 157
581 148
596 37
610 384
750 900
714 546
35 762
243 926
162 984
643 818
173 225
775 543
353 61
290 91
164 375
194 699
431 614
697 201
47 77
138 531
164 976
976 748
671 615
799 117
863 85
707 502
187 322
435 879
955 963
547 471
903 63
872 11
312 442
177 335
854 27
846 88
124 361
73 717
231 38
1 792
129 608
539 942
70 884
304 931
929 689
424 942
458 931
133 737
747 285
340 392
319 520
625 577
631 412
987 586
485 12
169 71
916 40
828 742
16 134
541 393
78 71
8 803
618 140
262 583
814 359
926 193
14 946
788 607
382 192
832 69
575 715
138 683
745 197
910 4
36 306
199 582
228 96
302 231
699 25
2 263
82 766
768 822
438 917
108 318
350 895
497 107
965 978
677 497
276 349
452 975
482 649
174 418
496 646
684 368
90 585
492 258
570 607
367 354
933 832
506 628
249 581
932 58
722 319
45 406
374 762
745 287
957 726
899 333
441 318
149 909
506 313
298 526
832 503
141 817
831 824
165 418
521 851
128 574
451 823
813 997
455 396
217 884
465 622
317 887
114 286
456 592
577 611
855 665
685 658
777 221
289 857
443 364
61 467
253 117
3 110
913 37
64 529
172 151
357 268
436 431
524 227
638 38
297 926
898 68
142 170
923 630
858 174
620 216
68 849
361 441
828 280
62 891
166 42
718 152
83 149
93 932
569 263
832 131
518 165
923 120
61 321
796 973
887 150
374 843
761 649
546 245
638 112
97 741
582 84
941 218
148 152
938 723
34 920
678 357
394 623
445 666
893 545
741 852
711 134
125 74
573 917
882 271
74 707
90 433
493 375
95 303
889 905
990 561
194 894
927 179
515 248
657 767
308 104
943 367
903 811
957 113
485 224
227 976
699 703
294 551
165 111
485 681
72 393
756 787
669 254
544 525
533 790
829 879
161 294
920 776
599 411
218 78
563 54
549 199
746 547
271 721
820 965
434 942
815 316
310 369
486 59
813 793
842 132
485 452
815 522
703 648
65 122
326 86
17 536
579 474
362 128
979 440
920 349
93 993
590 889
715 174
189 614
419 858
670 945
830 715
724 731
256 239
14 35
406 770
996 907
760 116
617 285
897 172
190 348
196 32
405 723
26 455
842 216
274 47
869 831
769 72
694 236
602 931
675 62
886 258
681 864
320 348
494 724
926 811
58 276
565 70
142 514
421 7
552 152
525 578
19 459
568 861
961 258
918 381
937 52
354 309
948 96
973 95
305 781
346 540
929 224
443 325
919 830
734 556
747 74
37 637
587 333
28 963
320 138
313 913
960 747
119 758
712 535
549 190
31 160
348 983
290 287
732 648
697 158
808 902
151 102
817 725
84 906
898 412
412 908
621 361
597 930
780 336
946 799
597 212
636 377
230 537
113 693
954 163
1 345
454 531
286 969
719 216
323 169
590 90
167 735
548 457
886 337
479 487
966 901
939 667
130 882
994 510
733 512
617 126
233 616
422 974
805 535
196 311
165 467
215 76
574 910
258 801
429 351
392 485
220 827
373 46
241 668
29 171
413 843
905 398
527 627
859 629
110 252
979 476
9 323
491 570
380 415
262 791
518 670
403 366
729 941
863 385
881 679
709 681
812 659
149 57
167 516
144 632
245 960
907 311
609 775
164 688
977 578
450 117
145 127
424 454
614 256
738 772
152 250
136 83
930 238
853 694
760 658
601 217
205 708
178 192
826 308
126 914
184 797
529 876
383 74
453 747
358 928
485 873
324 739
798 578
896 700
677 619
334 348
375 281
759 772
716 222
667 864
963 292
799 448
837 689
657 5
310 743
54 939
706 545
750 747
353 270
41 786
856 445
619 796
674 594
790 243
132 208
667 579
998 372
89 495
659 748
2 290
334 71
229 989
156 367
681 284
797 976
63 16
822 752
764 5
737 251
885 954
129 249
703 46
280 484
932 971
113 850
387 396
47 819
466 473
902 165
105 292
64 506
209 601
808 636
842 618
765 836
876 227
3 996
666 219
130 213
780 26
241 31
28 69
662 640
626 264
43 597
213 582
228 237
406 640
728 89
265 912
352 126
92 465
174 98
125 166
195 405
294 262
645 185
289 11
573 764
839 885
196 145
186 377
297 706
993 129
144 576
38 106
561 390
35 415
105 548
313 939
33 856
576 171
870 901
282 675
313 641
883 17
569 857
878 265
78 513
822 671
709 42
798 700
767 649
670 849
968 79
356 254
644 711
140 264
662 139
158 531
327 502
830 195
691 989
279 679
947 986
280 302
364 801
584 87
475 614
692 713
607 361
961 503
82 496
820 624
942 121
790 209
146 341
440 424
251 479
466 752
338 849
270 99
774 231
435 748
669 917
663 288
702 488
840 932
309 124
254 970
856 111
372 101
987 558
209 471
603 941
512 571
870 209
207 354
57 394
204 999
291 119
318 438
633 838
895 357
950 575
630 338
663 393
616 268
648 300
204 113
497 618
425 66
173 85
614 601
43 556
718 9
437 527
677 629
981 44
934 836
994 867
659 169
62 881
311 420
334 280
128 477
45 839
779 547
515 414
499 643
68 733
839 857
347 300
39 751
983 724
525 775
910 714
268 920
743 347
528 818
952 888
828 242
881 745
621 981
289 722
385 832
309 636
475 568
279 861
258 78
802 169
246 563
906 905
332 315
672 201
764 977
892 281
436 833
664 131
252 59
574 715
35 566
921 905
153 443
183 672
399 247
356 798
7 7
105 667
276 768
697 878
649 114
651 814
301 266
948 64
167 646
597 816
506 359
658 803
566 317
350 770
186 240
340 614
73 632
254 491
694 833
614 729
602 804
948 383
67 209
462 552
146 621
13 918
950 172
243 309
644 133
303 674
240 789
276 955
992 847
33 551
361 11
670 302
259 242
191 853
804 904
130 829
228 468
582 632
556 834
127 260
126 493
249 755
283 602
974 30
247 809
876 263
724 676
662 140
226 109
391 636
636 80
708 321
303 373
456 52
607 821
781 457
112 452
60 468
405 93
981 213
891 781
117 932
782 901
810 639
116 686
903 83
890 288
534 244
201 725
141 35
117 855
151 12
604 132
595 255
989 229
325 181
577 414
836 702
552 435
901 113
887 910
398 169
312 70
382 621
160 252
897 707
254 923
495 825
813 509
667 746
336 87
882 226
535 183
620 619
700 423
962 355
880 728
607 604
289 672
578 21
713 947
355 679
374 320
733 674
485 386
662 438
827 842
82 4
148 465
467 904
176 552
129 852
717 475
409 263
606 855
114 714
283 445
604 442
248 155
441 365
594 562
112 515
357 603
774 661
320 797
851 920
815 651
319 989
493 220
819 222
531 577
467 237
617 970
618 877
856 694
532 871
212 765
388 541
28 631
30 592
548 903
279 656
165 495
336 298
959 522
595 890
901 378
678 836
370 164
111 394
128 616
159 174
304 993
338 646
457 727
48 513
120 104
671 311
487 554
47 939
220 939
894 53
479 634
652 142
771 445
981 44
186 21
820 325
937 957
731 104
187 149
716 195
805 666
152 806
470 55
157 202
494 327
290 409
991 857
705 497
554 902
428 279
204 287
75 426
40 371
840 840
315 699
424 74
441 993
639 897
542 681
807 456
457 165
966 966
23 670
370 966
224 934
29 947
583 144
494 353
369 345
753 220
514 591
492 246
631 411
976 16
842 772
615 153
731 828
963 797
265 150
968 987
461 408
979 753
909 699
132 851
35 974
858 973
606 176
741 115
747 266
213 793
10 868
18 464
47 767
57 701
880 894
776 51
116 506
819 151
447 850
877 566
349 841
889 162
897 862
224 97
917 697
91 163
346 542
793 726
220 244
83 892
637 709
597 511
678 154
990 849
427 765
429 645
967 726
822 480
567 617
311 918
964 712
589 309
861 644
983 577
8 456
973 577
417 695
76 191
37 965
611 830
445 165
221 621
544 505
57 621
199 41
483 506
105 406
508 335
919 894
159 590
55 493
930 167
518 178
579 120
858 845
163 718
760 386
103 266
756 122
110 346
423 428
492 459
101 70
757 150
550 919
764 799
176 966
502 879
552 177
278 392
490 103
131 854
979 94
343 966
890 172
167 37
991 408
979 881
136 662
681 775
964 397
791 816
630 69
152 201
43 517
71 257
281 638
871 786
31 327
226 34
790 207
266 539
482 178
103 867
633 60
724 790
322 377
785 741
167 305
934 27
320 555
591 692
6 86
370 769
246 171
671 175
819 384
419 315
50 85
407 209
764 620
484 443
62 777
919 505
182 276
188 647
353 970
102 580
131 608
900 747
748 638
877 125
475 711
301 258
808 511
934 779
376 777
896 381
608 461
104 673
828 620
99 863
566 281
843 26
926 98
809 265
463 574
57 2
364 717
676 792
292 349
426 820
865 402
639 364
317 581
309 236
638 813
916 810
333 677
491 109
25 67
261 699
347 896
202 433
922 755
983 667
903 911
619 624
84 363
408 771
524 470
646 120
933 931
415 463
973 566
879 361
697 644
549 433
865 281
348 595
638 802
486 48
151 951
963 355
210 209
198 238
699 278
108 161
9 388
262 138
903 168
311 109
110 928
240 347
553 154
478 205
818 937
95 224
506 329
508 588
451 445
987 673
414 110
499 370
849 976
806 949
441 490
422 733
564 542
348 52
139 75
643 528
401 410
626 409
981 932
370 368
262 515
784 994
634 587
494 282
292 694
221 371
869 715
755 39
652 75
430 571
90 103
874 571
747 646
97 770
48 196
452 460
248 457
701 832
446 542
56 396
418 290
403 334
229 584
35 987
579 934
267 342
162 853
937 79
745 364
828 115
298 84
302 817
629 265
521 611
444 429
373 679
676 574
433 431
523 928
806 792
231 401
665 265
996 421
880 383
991 913
936 700
971 719
555 18
402 885
74 49
70 642
374 616
597 142
831 87
227 608
550 443
871 870
405 735
310 234
472 822
488 166
399 415
331 609
560 151
666 255
145 264
132 220
808 350
657 709
513 949
40 630
312 164
368 852
6 427
722 597
139 912
290 255
219 956
513 597
78 363
682 805
677 237
138 273
959 78
883 886
587 287
908 421
483 342
662 468
77 530
125 543
808 656
446 537
26 776
807 700
283 793
493 365
86 105
600 883
886 390
345 871
589 74
296 424
517 61
443 595
892 50
586 823
533 657
97 909
152 766
200 264
901 405
339 403
779 444
856 883
458 921
311 525
653 925
695 656
37 388
77 808
408 807
188 653
891 380
70 914
403 799
861 759
403 609
424 553
732 21
130 704
730 366
342 178
620 166
792 941
203 930
94 684
415 531
138 354
532 198
769 406
404 124
389 737
471 30
334 256
292 492
590 357
711 663
306 80
265 281
872 605
56 587
501 558
738 912
58 15
825 199
407 451
262 94
714 331
135 271
345 541
461 411
247 938
302 270
194 433
914 735
857 83
157 782
373 910
357 201
270 510
20 755
242 261
752 473
825 832
552 10
249 302
192 931
987 490
885 107
432 943
921 687
551 940
572 866
919 38
79 81
903 761
427 305
458 736
690 49
131 591
971 76
469 446
552 607
275 221
197 386
918 884
575 300
261 544
482 705
312 578
621 581
490 367
771 787
501 174
733 85
862 772
153 287
856 757
51 154
368 304
341 421
452 63
999 122
973 38
259 853
338 605
672 324
339 397
315 868
769 275
720 649
998 234
807 297
162 296
867 44
962 555
426 28
158 987
177 255
454 267
234 338
919 506
153 884
285 948
295 521
76 481
160 642
936 67
998 569
575 856
398 761
542 744
921 330
931 2
484 254
817 989
597 255
481 942
242 903
294 943
961 136
312 992
956 169
684 215
637 902
257 339
58 204
27 752
579 424
922 307
388 810
322 111
586 734
178 716
152 283
929 393
260 152
926 338
813 386
116 506
750 789
160 749
902 84
991 521
807 300
875 42
547 772
938 668
232 838
661 650
86 464
662 106
388 493
117 395
183 734
118 100
898 385
304 599
274 378
354 311
171 118
477 183
801 202
468 619
641 640
123 837
726 102
502 957
737 63
772 556
114 470
494 468
369 949
632 327
560 771
695 963
74 811
914 200
860 26
499 299
690 915
801 704
588 651
110 313
993 909
530 966
786 516
507 22
310 268
355 258
204 684
409 795
893 90
785 754
642 124
11 235
341 789
160 523
985 255
473 593
7 800
365 676
477 301
257 391
610 430
386 456
884 876
50 105
356 515
199 279
483 639
536 432
122 177
209 952
829 843
419 730
821 29
942 598
51 974
714 327
258 879
544 427
54 686
387 552
739 22
367 411
748 864
403 737
853 250
483 71
382 543
966 403
371 717
813 596
439 391
71 221
383 597
999 273
196 370
37 931
395 772
190 805
481 991
781 124
700 855
761 441
957 350
776 710
32 343
277 148
701 320
100 74
641 729
825 927
921 727
707 577
319 488
867 434
847 741
694 996
461 350
786 348
870 845
206 996
790 99
673 570
244 929
274 606
474 956
436 80
293 151
713 541
431 185
840 955
409 254
860 999
989 127
454 434
86 166
463 656
681 664
50 961
989 657
236 633
932 750
391 12
576 987
135 782
6 529
514 235
417 91
848 30
870 83
570 288
778 148
864 452
855 72
642 153
416 352
493 20
356 59
689 687
986 574
725 532
42 946
152 880
374 931
916 237
249 2
514 130
242 447
909 98
318 745
97 362
268 710
206 706
365 40
6 573
353 429
351 657
596 437
380 301
276 918
314 978
621 712
825 20
594 550
784 954
279 33
562 430
385 950
8 203
432 667
583 875
486 739
729 530
536 521
796 89
465 91
306 498
857 673
45 1
722 244
176 264
261 60
988 892
253 637
354 408
495 1
446 208
376 358
861 611
182 308
888 573
576 853
122 397
544 154
526 816
723 928
481 432
124 862
541 348
874 758
540 989
181 26
427 798
955 151
876 775
190 811
558 419
570 334
229 256
221 355
333 305
863 264
537 591
826 814
112 206
243 213
881 851
282 814
999 474
767 894
277 873
510 35
96 860
349 703
558 218
367 991
211 32
953 729
793 698
696 665
207 12
556 908
965 604
160 498
1 517
833 28
128 350
558 891
599 691
279 979
54 433
676 312
658 602
987 709
319 246
244 713
399 930
107 675
385 323
31 505
793 890
568 149
964 356
339 830
930 9
115 260
177 452
971 428
500 727
250 841
120 654
134 14
202 748
971 643
92 552
111 349
759 38
293 74
415 562
434 426
217 970
906 1000
810 269
76 792
765 903
524 184
671 919
794 587
827 622
832 536
79 146
34 108
691 708
423 821
356 559
382 468
329 219
779 66
605 844
707 84
796 411
175 812
615 198
873 331
684 471
