1000 494475
2000
718 263
789 245
546 383
726 559
387 121
231 785
15 191
759 897
445 851
715 146
166 17
99 582
493 26
306 875
4 911
84 274
800 658
772 508
200 597
255 116
766 753
37 506
255 779
835 488
472 20
472 318
76 71
504 403
703 664
508 346
316 274
380 20
634 74
488 278
536 542
236 96
91 956
660 639
489 178
895 977
68 826
540 757
703 13
620 921
781 70
976 709
467 145
856 755
847 281
613 281
758 32
876 593
665 519
236 540
163 234
151 645
780 234
230 288
973 346
994 583
645 332
273 464
279 378
463 616
798 727
183 670
218 598
423 324
783 604
690 441
213 437
69 36
672 716
909 594
224 898
806 550
771 252
458 370
804 15
711 818
898 569
598 337
515 581
882 861
408 744
443 789
815 843
273 469
784 161
173 121
370 597
168 905
918 141
254 652
385 208
163 815
966 56
925 986
567 653
987 457
374 817
485 86
7 991
506 253
343 979
635 111
577 744
303 894
668 833
343 971
39 705
683 59
115 927
197 742
787 339
679 359
741 562
180 203
471 554
161 286
914 76
530 753
453 792
29 47
295 835
619 27
412 313
58 460
404 596
210 57
269 168
306 746
922 532
105 133
247 251
80 614
372 61
365 361
69 978
276 551
748 499
519 690
913 58
830 863
666 514
593 943
315 853
894 442
99 675
17 233
305 692
25 297
355 611
705 831
555 99
776 379
555 720
253 320
592 56
413 647
192 744
76 239
41 841
767 435
745 355
583 324
865 247
980 668
121 333
963 559
280 739
809 499
495 231
37 186
575 289
202 28
67 952
628 123
34 528
702 767
92 510
178 751
137 75
924 619
31 762
537 588
29 447
61 362
972 899
43 851
528 415
464 609
548 255
291 470
377 890
2 294
901 710
653 452
606 431
338 972
419 732
966 773
207 637
667 541
568 352
256 119
481 293
297 63
926 90
844 778
348 539
733 635
64 123
628 121
242 229
133 99
222 456
607 356
315 390
80 159
679 763
503 389
695 769
795 143
294 505
881 541
631 186
329 861
428 343
356 320
420 128
439 315
738 396
250 811
691 52
802 809
188 432
515 35
538 784
419 138
376 287
98 594
971 136
438 295
628 204
202 340
855 46
282 129
923 67
617 905
340 692
696 494
424 552
679 433
522 711
917 453
808 107
301 483
174 809
930 838
733 599
666 671
13 931
850 767
361 549
313 514
978 392
883 812
809 254
908 688
963 337
464 43
189 817
187 450
464 700
757 972
477 253
478 342
345 491
849 696
914 608
215 857
946 553
133 885
479 442
604 684
575 587
680 792
921 364
64 323
914 301
838 838
13 409
705 115
146 894
661 135
161 641
40 286
673 332
388 996
576 315
804 883
202 663
578 347
703 186
966 836
439 684
911 364
260 341
106 466
668 402
766 303
885 932
242 541
202 577
660 20
249 995
16 257
787 679
956 724
463 636
174 564
605 823
751 507
249 166
903 482
530 439
464 766
69 21
827 809
197 134
433 872
857 432
127 820
436 749
725 461
128 607
153 330
276 546
213 135
50 765
981 453
95 796
844 481
23 660
582 464
895 131
602 431
735 537
613 104
788 509
705 847
850 352
4 894
641 955
871 453
318 22
537 617
844 792
334 114
552 640
336 939
860 203
657 529
549 507
944 93
831 184
293 4
47 579
435 790
917 602
307 901
142 950
965 32
410 868
694 297
375 463
484 993
240 231
62 668
235 525
975 197
779 209
286 783
706 515
643 48
766 377
235 360
816 55
922 388
157 778
389 108
93 821
322 831
979 346
235 277
819 91
641 650
879 289
351 509
757 144
871 706
357 81
8 693
435 170
687 470
492 931
802 565
635 215
211 934
687 61
928 926
589 192
891 215
699 565
361 562
868 621
437 590
16 537
291 989
473 531
627 346
359 803
743 474
206 633
159 781
261 178
675 648
186 558
858 16
403 97
584 42
719 643
543 838
794 951
403 134
423 560
449 360
824 954
663 190
545 831
492 894
990 367
414 179
144 326
515 272
763 897
863 19
30 410
702 924
907 978
68 609
453 742
93 837
576 714
964 758
929 215
626 31
688 943
926 943
549 334
130 614
360 204
409 663
774 420
819 349
267 589
214 970
658 303
958 270
945 810
343 520
51 545
656 515
980 477
741 194
667 106
442 728
227 968
821 96
953 7
300 459
803 978
143 157
2 982
888 754
692 808
297 372
345 911
631 980
101 489
273 868
992 249
71 554
297 855
151 874
830 171
677 35
296 790
605 732
968 864
463 202
896 741
860 416
849 322
413 820
451 259
322 184
391 596
526 510
796 970
80 986
399 258
651 217
91 904
66 149
910 124
224 980
234 184
210 42
106 80
479 657
302 511
352 762
787 542
264 324
955 270
358 389
782 226
454 47
490 547
788 141
273 194
117 254
840 896
143 364
919 520
157 450
435 638
985 553
442 133
717 731
683 189
641 691
314 270
321 540
425 281
886 259
78 399
144 595
326 172
827 452
108 429
618 524
312 528
774 688
952 146
225 599
520 64
737 894
900 793
620 534
447 364
846 942
81 210
206 136
893 896
68 586
589 65
961 498
518 793
119 787
520 706
730 775
530 711
566 942
906 789
111 620
991 371
487 530
246 946
238 561
335 195
965 524
550 131
854 41
304 286
473 196
777 298
410 781
118 217
143 860
864 737
716 971
865 960
852 981
239 589
952 734
98 161
537 873
616 694
829 518
387 304
249 224
364 162
429 436
374 524
500 300
718 658
838 979
296 506
522 236
22 1
60 50
854 829
495 395
794 876
518 154
730 129
775 861
109 938
950 423
199 822
47 893
982 914
743 489
60 752
427 442
314 237
206 465
979 583
254 701
140 214
799 772
822 835
22 958
161 620
220 394
749 469
67 144
182 12
465 647
44 304
201 734
213 261
917 588
180 350
361 762
621 45
824 475
29 681
786 361
1 71
911 995
845 722
649 90
678 271
10 190
191 101
996 615
857 296
407 58
423 326
182 339
14 870
252 789
408 807
403 877
447 349
438 884
638 76
484 721
189 932
334 87
835 525
498 132
971 471
514 373
712 714
1000 420
815 876
512 590
74 675
230 577
267 95
516 800
444 135
404 797
437 343
12 156
818 425
947 100
35 674
390 868
990 655
472 611
69 396
484 855
663 988
677 645
777 920
873 205
893 335
733 916
540 132
257 694
979 194
287 718
143 515
457 387
241 48
404 221
101 332
891 142
887 82
79 375
535 539
701 76
93 150
961 165
150 277
944 184
411 642
644 119
530 888
374 865
16 208
120 177
913 113
715 387
778 174
927 360
451 480
443 876
816 114
667 523
391 851
43 606
485 499
83 549
915 610
139 897
341 434
389 191
195 565
807 70
423 95
419 108
645 711
396 128
381 300
141 926
543 249
238 529
93 211
805 159
652 181
378 66
273 408
137 61
778 440
614 709
403 907
308 43
297 401
476 429
98 61
67 762
359 852
468 557
16 288
477 318
61 292
475 911
368 978
681 810
933 772
989 802
623 315
962 346
941 129
116 879
591 378
625 985
405 335
5 344
354 883
128 610
707 76
710 369
390 989
582 248
830 43
936 291
533 839
135 444
747 627
452 225
517 808
889 775
319 82
431 325
86 997
317 343
149 306
523 685
195 393
543 862
977 835
941 533
141 674
661 983
472 197
160 400
36 186
936 298
96 773
418 375
675 258
713 7
942 39
383 130
150 999
718 413
173 519
236 996
450 12
558 813
346 977
140 115
307 849
621 958
473 825
198 611
45 24
338 745
184 727
449 127
347 173
262 210
767 602
383 535
901 513
638 9
492 298
492 866
686 252
229 513
676 755
438 78
141 496
881 150
595 219
469 685
227 848
524 723
957 228
630 49
635 868
488 920
991 208
130 998
4 851
840 681
71 846
709 791
61 482
613 256
358 408
28 871
192 580
122 13
871 140
922 824
692 221
570 952
752 709
806 389
807 45
237 479
363 734
74 856
354 455
498 167
646 257
454 781
272 83
159 466
111 652
470 624
708 873
289 247
965 478
158 307
624 684
909 199
113 868
25 910
994 558
960 714
15 846
887 576
318 764
720 78
300 278
936 115
462 298
699 925
381 218
751 2
937 515
644 876
484 391
638 698
230 975
706 298
371 737
907 214
61 813
852 255
115 35
340 724
553 166
94 149
317 873
177 737
29 72
645 640
766 273
135 101
831 317
616 147
774 488
880 176
106 672
788 362
996 385
183 497
800 61
134 632
204 164
747 651
453 509
750 184
606 360
952 783
31 327
253 101
193 71
917 25
341 253
39 538
861 656
691 971
55 97
203 62
831 623
870 576
42 870
137 602
276 654
924 506
183 12
372 515
56 940
405 540
906 132
467 608
192 669
447 362
567 553
272 200
337 251
28 559
828 707
933 122
595 936
372 381
198 982
324 219
534 57
710 525
648 113
787 733
681 663
745 597
316 825
176 168
144 277
651 903
738 275
316 220
681 871
914 232
995 343
645 925
623 948
234 873
684 672
42 490
90 255
586 477
865 247
443 721
149 553
898 672
407 737
702 594
408 829
26 710
251 116
424 930
919 346
858 930
644 99
642 512
275 49
481 752
682 268
808 944
135 900
692 173
6 812
637 558
483 181
750 189
914 394
932 590
262 423
430 876
748 506
872 407
84 137
875 736
554 416
799 444
49 959
152 983
131 760
650 320
968 637
235 639
679 586
623 875
463 197
400 591
372 503
348 888
77 50
769 161
507 304
639 908
166 419
876 175
618 303
281 197
410 677
342 554
163 419
897 748
347 522
295 281
438 453
93 819
244 912
971 445
78 127
203 911
590 315
729 995
110 808
604 122
214 896
599 480
273 995
674 292
993 939
969 859
64 955
612 962
876 216
211 125
317 316
172 768
852 397
808 134
590 182
557 540
529 812
46 519
40 181
51 447
789 283
561 91
420 559
506 338
926 488
607 422
155 571
454 801
885 947
691 837
802 290
260 406
208 366
241 401
519 846
304 874
101 738
585 963
983 352
1 146
732 870
756 570
313 592
232 740
870 854
960 160
885 14
126 310
994 852
511 67
356 311
583 963
962 234
44 541
135 180
469 287
565 750
477 781
135 491
797 684
967 530
193 154
858 160
365 837
601 803
252 905
499 138
975 450
101 319
675 84
798 715
301 563
501 398
476 923
492 216
631 542
347 490
594 540
831 329
853 883
946 148
620 962
783 730
92 933
516 31
706 350
760 880
939 837
659 9
525 857
735 954
669 491
253 617
656 808
949 893
502 857
232 92
975 650
935 725
543 195
693 952
727 991
273 582
561 702
750 131
828 470
15 571
239 287
744 760
406 212
245 91
316 204
934 971
888 223
89 297
306 359
677 76
598 164
218 692
84 18
214 287
100 824
446 914
276 360
593 81
797 998
643 998
235 716
728 116
202 952
131 129
6 785
401 891
13 879
169 241
57 402
886 446
787 197
824 958
79 368
611 864
234 519
139 555
356 332
871 914
499 991
165 132
905 650
68 507
410 928
87 713
372 498
697 789
971 702
887 980
459 189
541 144
648 765
375 84
301 875
808 309
911 393
788 302
456 509
479 326
918 152
678 128
207 799
217 871
943 188
674 104
576 140
710 708
414 841
885 676
45 465
376 616
860 439
69 409
727 892
276 227
2 450
66 636
806 707
682 952
813 351
178 708
288 124
177 435
708 642
283 788
441 380
933 513
578 195
486 584
474 998
16 802
272 777
614 663
115 916
688 1000
291 959
523 222
628 765
263 389
100 728
314 399
399 558
557 895
819 406
889 694
634 588
135 351
868 873
767 294
657 965
680 426
353 139
278 536
98 737
223 383
206 143
591 283
439 843
951 707
576 891
936 359
462 251
32 860
371 930
297 94
641 929
358 418
171 687
764 716
855 408
253 167
457 575
500 926
245 99
959 871
896 940
746 952
465 305
983 309
408 159
606 486
275 374
273 600
420 929
739 864
135 260
429 986
220 664
524 255
280 156
734 696
496 978
833 642
526 736
853 830
895 527
792 787
919 935
706 548
142 927
449 36
689 22
931 609
862 547
409 777
345 425
624 315
507 886
221 404
405 461
982 650
16 993
985 227
903 57
519 902
738 424
216 249
997 402
536 307
827 864
467 100
984 431
705 407
197 586
186 721
576 792
822 354
390 432
809 199
517 879
205 26
847 65
67 568
331 794
771 491
515 517
280 103
344 563
352 596
569 223
669 792
861 181
256 511
480 21
627 889
884 205
744 635
220 859
821 893
815 20
215 674
446 433
341 181
270 87
619 157
242 242
27 941
92 464
322 886
449 734
814 740
151 125
266 288
432 578
801 435
752 949
171 994
436 757
269 367
662 701
50 128
102 216
467 411
42 921
65 840
793 825
810 370
502 990
19 679
117 417
781 463
23 242
891 725
962 291
881 779
329 760
818 282
919 372
503 719
203 165
920 602
211 376
397 738
342 185
686 870
234 137
779 840
161 707
630 551
941 608
378 628
684 860
302 881
827 935
890 714
153 836
424 761
17 898
864 17
21 217
563 629
171 942
930 158
513 851
140 779
477 72
709 572
823 224
226 839
52 338
25 764
688 52
859 152
609 385
306 915
509 500
695 183
943 652
241 461
752 593
42 709
45 96
853 465
308 159
673 447
357 952
328 322
141 173
978 762
679 572
339 702
164 836
325 498
44 426
866 323
558 521
291 665
342 420
240 993
66 673
492 293
171 580
734 885
360 919
664 891
250 792
425 18
28 962
905 903
838 994
316 866
845 675
791 215
423 247
747 223
265 500
347 271
142 413
54 641
348 60
524 15
144 720
934 602
180 223
73 527
484 404
258 296
515 152
901 560
267 179
149 144
659 974
925 696
732 610
318 898
269 6
630 826
525 386
568 861
193 251
634 20
303 720
635 4
122 607
393 277
954 196
783 942
950 28
214 982
414 678
311 825
297 23
965 554
691 359
64 101
630 957
260 964
747 26
166 494
928 572
409 640
749 72
423 114
77 622
738 26
553 613
345 198
754 359
716 900
619 176
334 99
165 438
39 481
715 558
403 269
446 321
145 126
987 436
59 88
908 228
583 372
106 388
18 231
714 672
589 172
741 493
147 328
904 96
643 560
624 121
766 843
63 249
299 70
272 189
504 781
931 619
561 728
920 822
499 571
232 805
757 547
476 502
880 807
105 248
158 604
388 818
570 406
241 887
963 311
271 355
622 32
656 266
258 976
48 314
92 416
989 67
136 366
582 810
588 338
370 696
533 795
673 86
289 900
946 249
239 331
955 968
725 137
473 253
843 485
318 395
400 681
745 230
973 763
584 139
972 859
762 144
197 812
798 532
465 844
739 407
885 1
469 204
941 364
742 146
255 984
524 519
264 488
821 117
863 594
173 41
441 566
365 945
892 815
299 807
807 258
291 284
230 934
100 444
569 586
632 993
964 520
888 12
579 866
412 436
908 981
959 472
412 744
430 108
565 43
930 387
505 173
783 736
547 983
361 351
749 52
963 273
204 978
48 151
108 689
326 909
397 648
507 766
323 321
711 660
349 244
465 875
782 735
59 346
552 234
394 102
15 41
724 716
122 745
564 158
276 909
603 337
833 844
347 371
982 690
200 184
958 802
484 408
101 18
827 159
220 969
708 990
819 820
590 639
729 119
880 402
420 824
948 534
132 269
283 824
401 652
318 512
495 765
244 367
265 400
764 806
505 517
185 79
56 88
549 814
428 334
273 519
732 869
923 918
304 10
732 406
749 489
508 224
863 607
351 499
480 386
415 83
414 810
444 767
216 271
637 146
870 570
166 540
29 345
38 285
357 625
558 930
488 250
558 231
658 304
399 704
951 569
807 358
116 45
416 142
432 139
758 854
102 691
356 807
437 360
552 25
86 496
907 88
623 122
33 756
148 942
704 972
577 586
907 584
925 865
668 811
488 4
188 220
260 353
652 702
736 796
17 911
946 136
857 719
10 762
289 733
366 88
261 739
622 202
681 112
212 310
368 840
444 271
280 470
527 532
971 614
85 15
538 358
283 118
225 503
48 51
780 786
635 743
999 232
283 42
258 720
674 220
938 627
653 180
772 967
673 63
760 218
644 924
485 656
424 610
314 617
714 283
207 980
784 525
491 206
140 847
97 171
30 605
900 137
41 882
41 817
364 599
361 83
358 690
176 560
440 874
322 84
786 196
639 346
60 594
932 782
98 529
684 632
236 782
65 560
712 824
339 663
3 728
87 876
319 968
412 679
144 528
412 536
948 788
325 629
992 934
988 357
820 118
773 156
698 543
383 628
365 627
785 958
368 694
657 152
393 238
929 467
661 269
324 32
821 149
430 84
29 48
795 966
501 951
597 288
79 509
516 242
618 551
310 77
352 671
821 654
346 158
626 309
286 191
145 842
246 389
11 515
603 510
722 928
532 114
664 62
404 79
151 564
164 291
88 877
983 441
301 595
668 553
424 977
383 969
447 285
201 507
797 396
371 547
116 507
200 552
125 293
804 352
671 315
795 477
837 572
245 266
692 476
36 383
392 302
239 846
918 823
781 606
782 219
598 956
495 990
985 186
229 173
220 582
250 949
6 379
928 219
154 810
805 574
39 766
570 152
702 194
13 414
329 127
25 567
564 529
356 161
92 851
331 433
420 883
698 829
959 168
483 402
338 176
153 252
819 327
733 506
155 696
498 750
768 751
453 191
741 879
370 259
558 318
583 510
349 496
519 874
242 593
115 7
942 256
233 243
257 336
61 873
882 244
698 337
213 242
237 825
249 804
755 380
774 796
915 17
997 744
242 274
235 528
741 636
594 313
606 379
144 200
807 632
838 798
936 33
837 675
389 145
99 480
539 870
349 633
414 105
97 557
179 346
571 769
996 699
249 337
206 861
518 607
793 156
466 801
477 222
724 474
420 988
138 128
230 984
895 378
811 739
775 658
402 6
416 759
395 591
773 810
873 605
866 371
556 127
84 631
77 492
358 642
741 813
598 336
1 591
4 158
218 416
103 462
617 204
958 772
741 354
