1000 528689
2000
879 979
555 397
438 421
898 170
243 536
898 470
705 633
439 928
944 299
340 184
271 592
835 182
562 798
36 118
34 546
857 940
784 755
509 397
924 324
969 418
358 588
909 471
346 701
176 103
877 755
924 964
792 76
940 757
118 160
758 661
842 315
87 607
128 440
489 771
883 307
376 715
439 659
462 472
524 83
177 149
23 146
369 665
989 211
413 25
488 959
554 818
825 517
516 76
825 291
350 623
287 93
158 41
108 952
999 930
825 17
895 965
205 49
665 396
431 219
301 380
275 790
600 569
867 303
697 975
843 383
475 290
509 134
212 630
594 770
704 907
123 574
972 265
693 903
428 889
650 933
887 268
636 740
586 985
202 113
47 274
392 461
92 735
484 935
639 426
544 15
821 946
860 899
181 855
925 657
508 213
516 623
796 328
539 633
601 976
176 19
747 589
451 822
851 267
210 198
13 35
715 53
169 99
274 936
399 222
925 991
808 731
335 160
575 930
204 889
646 2
867 547
17 228
94 238
456 512
617 714
201 740
759 411
536 193
629 661
42 817
376 607
516 225
601 857
585 120
404 969
858 467
356 894
696 791
475 624
183 113
171 951
684 988
104 140
344 838
256 824
185 618
528 905
532 326
352 39
697 565
287 881
213 351
52 856
116 700
294 326
997 364
931 43
42 352
309 468
773 510
337 641
468 119
454 61
900 755
133 201
188 336
141 786
880 725
856 339
212 758
338 597
400 250
158 763
8 814
981 920
803 451
522 719
48 566
269 626
833 658
259 587
894 227
652 415
469 56
30 345
349 297
521 857
773 793
898 522
526 633
67 82
501 909
420 358
179 342
622 362
33 438
729 240
895 659
122 692
756 530
34 177
744 770
659 74
726 837
168 755
49 842
301 41
689 207
470 151
143 574
871 496
52 452
56 189
149 327
340 13
259 357
684 706
436 723
241 298
497 934
781 731
626 526
21 881
712 717
192 836
491 693
31 586
479 450
91 364
325 553
164 882
48 907
287 244
294 714
990 53
840 956
957 117
567 762
606 739
326 180
169 836
397 355
771 154
45 993
825 788
130 797
993 307
831 314
977 494
570 687
251 469
391 862
639 552
748 334
125 501
100 70
44 965
159 600
996 472
862 684
649 680
135 164
933 912
104 788
18 346
303 158
616 20
106 951
98 629
632 64
156 985
124 347
470 541
338 982
962 349
117 688
799 542
610 902
21 87
374 613
106 457
207 833
435 207
372 664
606 257
971 315
35 40
601 451
476 160
293 812
973 683
759 156
899 446
956 993
402 396
748 35
584 996
243 904
985 50
870 722
172 42
100 367
519 699
554 609
174 784
562 925
455 378
184 498
505 795
889 801
727 4
414 414
388 272
406 23
367 938
231 622
232 893
722 370
540 434
219 407
651 956
710 537
923 879
526 821
388 687
348 260
611 805
556 415
43 455
10 866
394 189
836 287
764 386
477 47
871 185
882 806
727 698
834 307
856 622
367 143
371 845
288 871
760 768
259 430
925 176
387 193
182 31
705 647
999 291
834 125
698 280
398 699
189 607
152 354
30 400
901 930
225 587
986 720
759 705
756 163
378 172
815 488
899 201
637 221
311 725
300 158
753 209
768 186
820 470
372 732
118 808
996 914
199 802
926 281
564 595
947 427
329 875
825 716
343 67
569 853
985 535
656 635
928 838
522 469
39 936
343 747
937 366
526 599
177 991
913 678
507 45
635 332
620 383
343 728
194 853
593 998
479 440
936 498
410 509
277 12
365 304
355 590
829 335
810 86
342 105
989 969
614 228
609 709
559 208
587 732
455 134
384 789
82 929
29 376
934 874
942 549
580 340
573 477
976 920
747 427
543 490
58 559
306 398
381 647
74 368
522 530
799 684
328 794
753 135
546 782
100 765
972 912
889 740
55 693
912 162
779 944
658 647
936 494
124 497
881 218
25 899
594 902
975 441
953 31
853 529
199 544
133 391
256 78
987 901
972 881
465 587
856 380
828 924
2 918
405 448
147 526
567 901
501 740
623 401
338 461
544 472
767 538
92 260
874 686
27 680
47 325
511 618
165 58
532 36
263 715
530 487
967 503
888 38
264 555
378 292
959 743
618 333
292 849
655 992
371 766
368 18
726 931
418 876
4 166
772 78
657 496
244 889
540 609
412 546
219 768
195 478
381 804
724 901
340 251
665 476
943 157
566 607
108 568
960 647
226 759
536 543
730 778
61 817
56 274
214 158
368 569
479 987
859 78
219 241
733 810
383 336
958 877
224 544
104 250
570 398
538 903
865 464
544 676
352 274
523 690
973 346
22 133
42 298
972 24
549 281
478 789
53 676
929 626
781 42
887 1
161 352
474 439
520 483
857 610
895 156
162 845
198 707
619 542
986 153
978 750
359 375
696 291
532 421
261 516
529 341
48 237
923 924
95 176
709 659
391 483
812 403
351 623
94 432
588 799
705 461
147 355
239 10
101 827
921 465
241 732
52 244
372 574
63 1000
338 741
569 88
328 226
339 324
680 682
53 667
577 373
555 169
367 839
294 561
885 14
553 223
635 550
343 397
436 204
146 242
822 83
621 209
617 294
744 857
372 38
425 796
47 83
624 427
174 593
744 194
155 500
901 215
777 862
46 879
155 875
883 166
683 364
581 203
262 543
244 547
289 272
277 22
63 719
158 901
684 682
389 153
725 359
338 317
896 306
796 907
720 680
574 84
897 484
109 156
326 479
812 167
72 134
394 508
603 734
387 626
629 473
987 785
740 486
308 979
329 402
384 63
405 149
635 539
55 133
848 585
579 996
367 997
273 531
892 421
636 866
156 257
709 74
21 108
271 107
131 910
32 99
731 386
838 409
239 363
288 692
621 486
847 829
282 319
799 738
354 142
196 937
709 134
251 111
678 301
695 450
833 673
94 95
715 205
952 477
270 553
933 986
414 104
843 782
237 838
666 408
760 374
892 416
936 974
264 507
317 674
138 445
903 790
717 48
950 474
300 360
460 850
929 978
620 189
858 893
672 464
908 481
602 858
305 906
294 499
129 473
209 599
972 606
373 950
452 492
53 70
890 315
792 514
564 167
407 874
544 716
629 207
1 812
823 71
159 212
751 867
43 362
897 576
959 591
314 183
748 903
835 492
296 633
651 474
835 716
973 732
293 108
2 19
690 129
812 362
907 627
120 645
19 915
153 4
323 727
328 744
596 814
39 458
37 405
645 193
233 677
554 108
286 86
876 241
5 969
738 776
844 177
710 765
586 84
623 983
630 804
648 564
27 367
294 237
502 672
919 205
200 419
822 435
753 952
1 635
834 305
483 890
596 738
504 224
853 829
997 866
758 338
196 628
442 34
458 811
324 148
281 31
329 967
910 12
785 782
486 509
904 760
541 333
213 455
220 4
375 479
214 580
889 209
378 944
257 904
808 455
764 700
289 303
716 579
632 509
311 944
603 793
414 314
900 285
735 557
165 749
324 870
965 274
713 268
546 584
428 917
88 637
888 864
191 605
467 469
275 399
845 632
290 453
692 424
171 271
736 802
386 700
849 152
889 360
75 864
384 217
794 120
485 926
102 675
963 708
198 48
41 7
474 93
505 572
150 530
706 344
171 906
544 435
209 467
419 98
986 633
730 506
752 515
252 131
33 102
765 562
555 216
406 440
159 265
891 470
716 51
15 857
293 183
392 381
225 270
711 491
373 788
254 754
786 518
498 292
217 161
682 40
39 519
961 526
722 564
264 18
149 922
511 487
205 43
923 230
1 508
999 484
431 415
105 504
308 277
158 508
388 30
230 935
596 32
204 969
629 341
929 512
943 211
699 363
535 99
9 84
208 943
266 242
936 332
432 189
989 308
89 935
120 490
61 937
469 3
470 427
515 1000
170 629
321 570
63 28
338 603
162 100
370 671
549 683
826 387
686 287
283 715
77 841
675 281
139 697
147 580
965 769
680 958
40 997
141 878
286 711
485 709
982 474
963 826
543 221
936 948
973 12
50 961
193 891
105 40
965 863
307 781
685 751
791 387
947 633
257 385
684 979
104 274
47 408
131 771
394 709
136 108
922 695
697 679
151 525
1000 925
740 435
832 977
420 990
913 931
511 480
379 706
688 889
932 697
745 458
934 37
989 732
445 566
108 210
172 187
24 456
478 481
938 735
360 440
157 609
443 865
710 538
93 209
187 173
383 309
626 132
506 547
804 156
925 562
845 105
928 253
559 79
373 712
979 256
749 211
610 626
752 901
514 173
283 14
252 421
591 79
394 224
921 948
169 275
921 5
723 190
334 138
639 986
480 796
389 368
579 751
650 153
913 777
200 777
440 880
127 215
823 394
278 512
124 413
894 490
687 47
729 985
880 566
364 637
39 574
489 534
438 357
771 113
599 849
411 640
956 329
201 509
409 408
361 85
516 905
357 721
606 310
548 701
471 917
532 169
556 396
298 674
450 526
104 936
697 730
416 249
127 816
152 260
136 275
905 374
278 993
25 235
714 671
899 425
706 910
448 715
781 544
10 787
896 99
516 644
821 113
702 891
244 556
28 872
688 165
436 180
292 324
827 771
706 900
404 278
531 926
770 123
294 400
302 30
748 193
872 244
166 767
164 315
177 945
803 515
709 311
74 659
170 517
700 779
243 702
995 946
811 1
56 318
511 106
91 714
303 178
193 871
787 552
260 287
332 241
966 757
346 43
511 118
274 493
227 722
10 200
690 192
9 507
291 636
143 316
974 633
341 700
187 833
282 632
223 93
360 229
145 649
476 69
721 662
613 948
863 558
994 469
935 846
35 401
130 183
716 362
357 589
917 761
582 817
119 133
874 87
416 449
700 345
83 542
386 203
669 660
866 821
540 759
564 865
678 167
779 956
17 444
752 396
237 236
895 52
474 478
873 606
738 268
356 85
303 985
942 607
878 58
647 711
586 620
233 86
123 840
496 583
927 438
591 436
903 617
578 618
647 968
475 40
47 542
591 919
118 721
954 889
196 840
145 238
681 203
367 600
977 785
929 138
947 709
379 512
837 990
806 381
329 591
649 296
535 142
127 734
728 570
289 597
93 743
194 693
538 165
793 791
314 757
874 470
944 691
459 137
955 617
605 35
691 233
782 863
568 715
532 590
43 428
129 732
989 731
81 9
128 899
720 409
943 382
310 403
953 862
140 882
547 348
553 11
525 785
963 294
794 620
51 69
673 307
820 30
405 535
761 202
923 251
217 131
511 785
353 298
418 587
180 435
825 184
963 595
686 336
592 432
547 775
527 992
59 817
699 611
885 760
521 836
784 493
197 958
384 216
341 912
258 146
203 477
906 924
889 441
610 638
769 245
631 943
20 81
197 549
867 675
965 646
383 202
134 799
581 299
573 473
425 295
6 728
781 101
709 670
504 472
611 518
995 544
709 150
723 665
915 141
265 514
936 975
861 472
404 879
279 7
733 380
451 791
584 832
925 267
691 823
740 929
671 795
726 132
23 349
326 863
642 783
923 781
989 307
354 80
384 418
689 195
342 602
29 579
737 721
233 60
5 130
4 89
850 972
203 621
236 939
811 73
699 410
77 905
676 8
412 109
834 917
98 568
16 545
638 175
660 569
471 578
363 81
983 190
637 247
207 352
785 566
303 301
67 33
312 606
267 573
52 882
809 555
289 611
544 684
719 54
402 648
332 99
757 105
409 8
992 772
26 974
554 520
837 927
560 605
369 563
191 22
867 736
367 279
231 525
475 757
722 694
340 990
679 66
624 220
520 476
585 464
224 614
689 323
359 964
868 806
347 336
267 312
380 13
46 668
982 811
442 530
783 179
956 968
477 437
150 295
472 785
920 833
839 890
96 785
36 582
688 810
446 541
24 785
728 335
36 332
532 755
267 486
713 913
249 757
699 824
512 960
102 315
715 304
192 668
62 775
567 513
312 651
126 879
605 67
443 223
613 591
466 744
84 849
424 565
492 254
918 365
407 74
618 402
746 378
62 480
604 895
168 305
45 956
669 239
587 582
940 521
904 904
154 229
366 681
398 46
138 813
724 337
90 420
957 312
751 391
81 339
398 597
957 318
50 298
78 949
632 736
462 915
686 749
405 269
912 222
598 855
463 133
731 968
851 214
708 674
642 88
627 520
596 732
881 729
665 902
340 427
256 252
609 523
317 858
196 290
329 348
958 886
497 386
960 412
477 852
10 952
148 138
973 23
359 59
129 261
381 627
62 693
906 18
557 858
712 452
262 552
290 328
833 69
138 616
449 494
599 665
274 218
811 549
361 972
869 937
610 433
374 674
565 839
548 914
794 462
718 177
578 839
877 426
304 892
694 97
236 430
918 388
949 291
296 65
420 361
913 98
174 586
420 883
225 105
661 687
199 358
337 906
508 885
126 342
851 87
788 436
460 999
772 730
846 476
75 827
821 386
480 166
857 870
87 70
414 539
440 570
120 677
436 98
688 340
190 306
291 362
476 548
913 622
189 805
623 238
724 353
24 989
876 344
156 101
591 624
750 531
94 694
604 659
149 417
577 375
249 199
256 574
647 474
946 769
959 144
569 522
692 270
332 166
643 672
138 691
613 371
380 993
199 165
313 793
853 357
650 984
977 260
192 244
994 281
962 942
579 485
956 723
370 404
49 562
805 312
980 822
718 501
443 936
175 888
428 355
399 141
287 996
777 677
138 876
640 396
783 198
848 889
981 974
785 639
926 256
996 158
916 575
826 547
883 437
313 217
444 493
822 658
169 186
544 856
972 337
523 98
757 812
876 962
875 386
843 697
803 91
618 617
838 18
432 916
585 883
725 925
864 453
18 598
951 239
537 412
712 165
57 872
481 591
590 710
817 189
399 290
350 646
840 296
967 490
151 338
684 841
214 572
666 269
78 590
111 521
677 775
710 756
941 247
311 311
457 950
316 587
923 165
206 149
681 720
867 752
643 398
182 597
72 498
589 264
465 252
118 859
724 320
858 913
949 996
455 205
169 368
304 405
856 35
911 291
315 192
788 562
227 896
65 831
621 265
515 401
703 376
183 647
654 841
660 953
4 891
860 338
815 47
722 106
434 963
827 318
987 689
877 876
196 116
972 718
753 613
468 340
634 606
766 684
478 261
547 543
604 192
74 581
997 783
653 446
852 920
457 606
112 333
447 413
866 810
563 310
54 733
742 347
883 848
56 75
288 11
525 662
41 687
744 800
127 323
275 698
910 318
245 152
583 551
261 436
663 712
5 77
180 497
827 229
160 916
611 994
772 459
272 42
330 684
785 712
738 610
666 694
382 604
159 874
303 485
352 39
278 54
909 475
20 712
239 223
449 861
909 695
107 200
504 873
182 68
610 332
132 655
427 550
656 757
849 817
213 744
699 863
897 151
665 434
242 998
389 317
415 215
372 675
362 222
597 388
228 621
688 2
34 894
703 191
13 108
648 228
564 954
625 845
40 354
558 727
907 589
263 529
223 429
405 114
215 551
28 858
136 229
354 869
118 272
579 776
852 26
850 592
306 39
115 777
743 607
794 566
377 621
855 596
598 814
281 159
206 755
214 715
775 76
404 406
189 86
376 402
210 133
540 647
38 462
320 615
573 95
740 977
197 131
850 659
682 263
121 269
560 7
395 172
761 154
628 519
538 334
444 478
381 183
328 592
998 877
263 940
794 917
377 115
361 961
691 651
282 520
457 488
817 464
943 883
251 56
741 33
975 736
989 439
40 299
590 873
266 55
867 280
665 9
923 162
180 274
393 857
931 581
467 187
583 245
766 958
785 783
647 836
694 537
435 293
147 644
149 601
112 667
349 400
922 393
709 345
621 700
491 282
775 333
663 767
11 50
947 975
736 931
962 960
363 252
415 494
245 866
991 87
68 74
203 294
26 902
41 647
170 112
599 328
138 346
793 603
805 300
698 357
849 783
737 334
120 608
602 471
266 295
413 242
330 598
321 997
436 361
848 552
162 28
577 589
425 492
329 732
204 354
37 527
863 289
379 541
302 827
326 288
360 548
385 901
290 367
589 489
952 727
277 197
855 796
633 471
526 956
280 782
70 202
650 854
176 483
682 905
799 7
169 479
931 942
268 685
938 190
582 710
207 674
194 768
323 451
124 594
700 192
826 58
582 923
609 549
71 937
928 298
887 100
641 911
848 641
587 805
583 602
240 912
778 604
965 87
975 328
379 61
253 722
872 356
56 137
63 942
345 616
985 464
50 620
701 964
344 756
404 284
491 984
640 413
314 994
833 975
636 48
941 781
141 508
627 510
383 682
539 284
440 503
533 219
852 71
902 396
424 253
967 5
753 953
480 339
13 289
276 404
665 373
267 429
889 947
440 543
569 966
940 778
169 246
274 304
475 964
352 504
924 71
239 517
941 401
6 419
136 369
870 196
77 877
556 513
440 508
839 626
154 7
852 300
67 976
218 706
799 330
657 98
283 286
979 806
385 280
844 526
45 398
267 512
602 586
530 275
896 641
319 356
773 731
594 447
449 641
595 655
562 298
650 340
616 385
158 575
224 192
649 726
15 823
852 608
951 943
157 324
35 306
615 199
517 273
19 727
789 830
178 986
540 408
816 739
1000 607
629 472
150 741
761 228
423 978
146 736
873 130
385 564
29 946
813 903
670 63
479 177
711 278
356 596
716 610
278 327
359 22
989 537
22 62
354 936
906 418
663 399
459 78
311 577
720 439
674 662
34 442
594 431
611 918
507 448
233 288
263 284
745 796
103 91
738 344
603 447
370 143
262 263
290 468
974 639
138 191
314 808
863 241
668 215
579 617
511 605
817 524
949 308
652 306
45 459
190 59
172 900
781 708
762 262
679 430
214 562
162 350
970 810
824 839
955 75
399 92
501 417
506 831
787 750
501 243
179 355
691 832
9 185
703 135
958 504
781 211
984 171
918 767
360 998
171 339
711 303
77 169
917 721
465 771
510 380
69 925
425 466
632 310
747 429
175 872
794 963
223 518
661 294
959 706
618 121
188 796
224 120
356 890
698 1
376 148
189 384
333 803
811 294
722 371
183 241
203 375
