1000 227216
2000
398 99
54 442
13 375
231 316
39 29
271 372
409 85
265 82
221 395
72 496
446 117
425 301
373 277
268 277
82 151
151 23
133 70
295 303
44 421
232 445
74 201
421 191
290 116
779 535
205 160
392 106
394 35
27 321
74 493
422 385
364 158
453 232
234 468
319 267
427 393
420 117
534 596
213 235
351 565
413 226
15 445
683 751
194 185
590 971
500 304
843 18
30 200
399 65
176 328
459 48
169 445
247 922
436 356
144 312
395 583
33 181
82 338
300 432
423 205
50 525
47 154
179 499
479 720
311 243
142 567
155 252
139 444
358 289
426 437
420 327
568 952
712 714
197 116
371 296
140 95
258 191
543 568
287 83
173 266
330 437
363 757
136 429
407 330
341 150
287 332
209 340
253 349
86 444
22 489
456 433
254 304
4 207
480 383
366 416
279 240
421 244
562 80
323 419
60 141
153 161
337 419
161 243
322 472
708 483
421 108
30 21
449 307
578 173
253 384
134 205
895 811
339 208
252 416
33 133
962 607
437 336
180 43
236 279
44 31
456 248
423 387
222 446
644 358
686 371
216 365
374 794
25 494
494 346
281 683
271 383
122 354
429 122
150 498
85 8
196 601
808 740
80 111
161 177
66 63
726 662
350 219
295 242
339 165
97 304
890 263
472 112
427 132
1 325
329 491
1 818
36 166
656 845
722 285
810 743
331 432
205 404
432 348
904 949
931 639
420 38
485 362
466 461
776 220
269 168
353 220
542 728
287 463
184 463
62 387
323 383
378 210
40 224
331 207
483 47
824 286
393 149
440 38
107 15
857 206
261 475
487 410
209 679
181 325
244 742
172 444
573 374
259 235
278 241
327 95
250 358
397 229
579 653
437 281
381 13
616 279
109 147
346 600
408 291
349 48
314 8
463 158
298 417
162 345
405 203
145 201
42 296
247 319
176 416
952 915
17 221
789 533
247 256
276 27
153 173
456 316
499 475
236 391
144 457
892 89
244 509
354 422
158 57
194 182
317 286
345 235
245 23
330 184
892 51
343 933
194 215
234 361
29 549
439 487
255 196
140 369
225 498
354 498
476 463
520 683
277 51
416 159
291 499
450 491
380 285
787 776
20 213
315 202
192 498
131 240
74 423
371 347
142 674
490 174
413 204
109 140
162 51
332 161
452 40
108 426
316 424
295 67
405 159
164 47
109 458
63 136
103 242
459 474
200 9
422 186
260 607
740 933
80 152
217 207
162 9
331 476
679 566
392 97
343 30
154 265
252 192
353 466
147 263
285 685
331 327
557 270
260 682
662 309
455 430
407 313
249 122
843 429
412 271
366 430
175 485
152 893
882 1
438 895
392 371
82 260
435 294
170 715
449 289
75 417
154 87
319 159
136 453
844 972
122 218
261 167
81 462
245 342
436 320
188 182
297 489
341 273
512 218
230 499
233 100
302 282
837 314
632 373
451 193
689 958
226 751
762 623
293 263
356 134
383 237
156 342
250 358
342 300
100 307
443 38
266 256
280 383
41 401
242 16
202 329
560 812
493 248
69 60
441 172
186 474
347 62
400 75
441 481
297 493
157 198
96 383
84 873
398 27
148 473
390 33
162 313
477 393
363 114
460 96
769 344
255 199
392 62
120 509
454 391
742 717
648 876
6 108
495 482
376 428
337 201
166 469
333 89
110 348
207 476
276 97
382 175
65 97
738 430
402 383
186 286
107 174
241 492
81 4
283 368
220 111
51 495
991 788
480 112
316 507
168 138
237 409
185 248
454 133
411 97
476 406
123 7
220 732
368 388
328 445
978 577
18 244
449 134
432 284
499 675
368 56
318 359
250 113
461 99
372 192
210 226
330 471
236 257
68 335
311 82
233 5
325 709
100 452
241 498
903 592
97 26
728 213
172 560
68 518
113 47
459 217
444 748
337 109
382 490
203 452
444 430
326 473
95 403
411 315
277 389
344 5
257 173
876 938
82 215
968 437
60 486
304 9
85 322
286 357
268 120
354 222
295 304
820 567
134 391
923 115
369 57
772 982
766 931
55 76
42 221
264 938
370 24
946 526
151 490
982 208
230 538
367 933
330 460
126 367
334 272
142 279
358 94
436 203
425 943
190 344
129 355
440 338
168 233
348 427
584 173
395 70
316 175
975 8
248 415
61 175
7 427
93 28
126 479
364 24
155 329
32 394
81 803
161 230
70 81
80 325
157 451
212 26
392 278
252 170
866 597
435 13
456 64
522 183
91 5
818 482
107 85
75 306
114 215
201 86
11 109
88 356
305 315
425 381
414 32
657 895
254 282
145 188
306 393
78 5
64 75
499 253
346 426
175 250
278 245
901 604
546 214
325 200
896 676
132 34
476 330
414 159
128 18
429 402
141 847
35 652
961 112
643 430
961 718
61 469
171 959
76 184
489 56
83 92
311 247
338 390
268 146
223 49
466 165
213 25
164 237
417 437
60 138
548 861
341 65
52 288
265 485
31 965
292 120
270 354
800 642
280 207
270 440
877 494
491 295
182 89
278 496
207 659
196 192
323 894
288 210
313 72
454 58
168 294
768 999
12 443
106 127
368 62
184 589
140 130
123 319
168 276
516 630
485 401
388 691
130 271
480 28
882 595
143 747
11 225
411 38
74 379
384 484
256 409
823 890
9 149
233 50
254 798
399 87
926 883
438 225
110 789
226 158
37 199
86 90
97 206
212 53
26 305
38 586
397 297
115 126
45 149
354 421
22 8
145 216
935 131
390 216
119 36
315 246
92 76
388 261
911 258
22 382
466 382
102 438
161 395
237 31
35 155
309 428
23 51
441 301
254 62
208 424
250 316
462 204
440 355
107 388
305 77
21 288
401 151
486 900
381 420
39 23
433 114
319 458
89 466
216 405
619 455
159 128
484 352
370 104
466 30
239 217
15 434
218 120
75 124
126 20
143 191
350 460
477 396
252 365
453 165
548 762
43 881
321 725
754 901
44 306
744 991
131 776
356 112
438 168
269 130
249 307
119 480
491 35
641 861
102 357
426 364
366 201
248 457
1000 648
452 329
488 391
51 74
365 615
800 407
964 232
672 220
230 436
180 704
478 957
358 495
689 98
100 284
43 260
460 69
39 73
147 211
101 245
228 139
97 107
472 192
966 24
182 92
780 90
448 16
392 121
208 261
414 388
65 382
277 182
597 492
292 460
910 36
106 650
134 54
477 270
270 275
294 360
271 420
178 406
236 465
607 501
967 926
273 151
477 385
705 365
418 207
486 137
357 303
220 125
55 437
343 454
704 206
739 21
317 104
973 340
275 64
734 353
355 300
15 378
308 233
297 151
212 180
135 468
162 354
378 407
192 166
29 855
58 367
169 434
284 124
344 231
998 218
415 170
310 46
247 118
470 309
432 426
372 83
39 190
653 462
405 206
470 390
299 71
228 338
206 297
34 153
142 58
27 496
197 273
780 752
298 61
68 210
11 125
440 202
214 233
656 238
275 202
803 432
127 418
203 448
421 64
979 430
327 325
487 141
741 697
444 26
436 25
198 834
324 993
363 265
20 320
65 236
497 334
329 126
470 475
304 250
353 395
472 434
832 933
921 804
216 234
190 188
79 263
591 388
220 463
744 99
74 477
361 10
494 312
28 324
266 456
414 256
473 264
369 12
360 10
333 251
102 211
408 435
470 320
50 237
251 296
15 344
347 60
96 352
373 260
419 876
32 180
470 54
169 37
891 933
113 250
408 954
325 160
70 227
86 55
82 427
235 814
751 681
119 485
119 180
930 378
33 138
74 244
260 248
371 371
141 272
14 180
465 16
86 81
30 65
7 645
735 798
46 456
115 748
171 591
282 328
235 334
175 421
60 217
280 239
222 220
127 271
373 458
141 13
199 124
121 626
391 800
374 147
195 391
417 216
164 376
430 104
276 726
58 123
338 110
397 453
683 525
333 451
357 191
133 280
92 328
427 357
768 842
350 44
26 284
179 83
462 824
82 277
130 249
4 308
111 450
477 50
459 254
321 420
426 348
468 693
281 145
303 284
87 392
133 249
328 232
255 127
204 397
282 437
364 192
412 374
711 292
134 212
126 200
801 727
361 227
472 169
322 478
323 169
134 33
310 387
279 6
500 218
265 369
225 344
147 11
218 47
143 285
358 748
779 314
563 375
447 139
791 118
392 33
217 405
200 926
116 165
629 702
89 45
86 247
62 15
102 463
220 477
19 420
1 360
141 471
163 180
487 266
146 176
37 162
467 261
445 136
236 330
193 431
499 368
451 74
246 215
447 444
887 891
350 246
121 420
390 52
83 253
117 285
232 932
169 103
406 150
378 337
53 653
273 354
87 310
452 199
288 57
280 32
414 129
994 778
398 76
437 191
334 37
97 473
242 797
397 451
380 341
209 152
256 427
82 222
197 213
459 497
237 39
121 377
100 475
936 573
91 372
277 25
278 277
513 737
361 497
233 72
250 193
22 390
84 333
39 422
268 425
93 415
793 997
110 13
99 495
229 217
385 158
748 333
456 21
568 429
106 13
914 59
266 36
142 465
371 345
417 372
254 210
325 123
386 55
485 132
357 136
726 323
363 247
110 223
404 553
733 150
313 301
263 394
295 174
356 175
312 404
287 12
460 159
90 7
334 3
468 146
476 225
193 29
314 51
398 413
200 336
656 700
946 860
344 335
834 637
138 398
586 23
123 268
233 287
101 1
32 444
620 786
254 612
92 21
554 991
182 357
129 982
20 35
448 217
119 431
174 202
566 622
901 753
184 783
231 140
384 120
228 337
283 421
377 253
599 443
179 472
261 440
70 340
139 195
241 333
386 206
407 58
485 25
343 203
149 468
690 766
49 546
410 122
783 711
284 262
258 55
23 375
188 35
210 350
401 44
436 5
359 129
124 117
323 420
478 50
576 285
179 260
114 17
340 66
671 173
365 892
4 460
533 825
78 481
247 282
256 368
43 143
264 155
316 213
367 239
452 374
953 732
56 190
355 346
294 400
56 415
83 224
84 345
384 133
107 172
458 93
162 220
670 481
426 611
322 484
774 180
272 195
289 330
27 475
15 127
372 131
495 237
867 10
192 71
314 397
890 773
269 44
263 423
35 323
369 356
687 65
379 177
987 555
265 337
306 328
383 494
58 235
73 526
845 714
408 155
2 354
826 883
59 72
100 351
123 310
274 416
185 459
117 51
197 258
781 816
67 114
442 27
185 188
290 491
123 43
99 278
7 482
368 202
473 326
64 467
292 205
408 95
752 656
480 473
349 398
230 229
231 81
151 188
34 298
596 242
446 199
568 214
42 74
169 403
432 346
411 62
199 101
385 367
475 892
312 366
88 404
380 400
155 207
479 84
126 427
487 460
683 533
114 46
190 463
248 340
122 234
414 608
262 943
153 401
239 276
510 20
346 226
269 267
277 301
406 284
329 480
172 111
453 352
372 653
173 301
779 848
29 389
476 208
852 408
283 122
204 134
157 317
233 218
491 488
163 250
134 31
918 974
749 593
351 262
406 288
170 216
14 880
39 217
476 351
459 5
485 256
156 401
380 181
470 256
141 942
335 412
420 364
147 479
79 65
200 238
113 568
41 969
418 388
163 453
600 545
748 520
315 483
265 495
375 92
407 530
275 310
241 201
66 192
438 42
72 106
305 147
153 150
320 256
296 95
121 440
318 632
373 464
183 485
371 56
50 433
235 437
380 452
542 309
28 181
450 149
418 73
935 49
88 309
332 1000
431 37
68 404
269 218
455 297
205 67
803 296
339 252
788 795
145 237
277 312
139 438
131 75
137 253
111 249
241 457
347 447
51 135
166 187
393 925
425 3
195 972
196 442
121 106
292 154
282 342
192 337
240 435
173 491
253 879
432 355
224 468
25 222
853 511
221 189
119 322
151 372
274 450
144 492
26 241
387 5
799 135
230 66
284 292
14 130
397 156
329 344
128 132
431 205
685 107
333 231
425 96
50 324
369 42
1 277
158 296
141 83
14 430
288 5
145 275
270 24
178 133
835 288
202 187
885 712
244 383
178 402
370 491
398 263
397 154
351 464
712 644
49 238
300 490
232 34
425 313
394 137
236 42
409 158
321 144
163 393
536 327
244 320
250 469
347 463
50 130
315 54
194 326
100 428
65 279
295 29
478 140
24 151
133 6
365 108
919 563
109 782
144 354
103 285
123 359
324 53
454 468
294 478
165 488
335 441
781 878
484 250
313 93
739 712
133 152
695 133
601 108
493 29
225 83
172 266
358 157
408 246
219 412
2 234
82 157
267 282
429 142
232 110
426 397
326 846
402 181
123 440
527 932
273 51
187 297
429 425
147 732
564 324
49 352
48 134
475 153
233 478
594 108
137 380
274 34
182 283
455 82
211 237
380 112
214 273
174 155
854 37
266 64
777 264
377 29
76 271
819 831
127 364
415 434
277 253
464 152
248 475
215 330
438 455
398 304
167 2
903 531
405 11
6 423
324 284
321 317
612 533
35 339
347 221
275 298
426 31
197 187
353 208
457 396
515 140
432 153
76 89
335 368
493 202
160 185
338 426
37 110
91 12
108 476
318 184
196 227
337 177
144 20
223 406
418 448
354 312
251 10
352 463
984 303
513 870
323 418
9 165
9 22
269 313
565 993
431 416
143 196
492 6
214 406
566 49
386 318
100 486
93 441
371 304
180 992
205 218
299 145
36 205
276 357
386 483
269 414
59 266
394 105
276 90
421 425
354 280
461 74
99 162
31 243
679 422
395 705
31 386
997 68
66 183
194 90
745 699
401 234
368 383
272 413
485 20
363 252
212 191
292 487
525 663
182 438
544 789
112 77
20 168
383 209
31 468
306 86
317 86
20 325
262 194
245 294
309 239
565 444
230 451
122 396
329 61
476 259
369 7
47 265
42 336
242 355
146 91
32 13
93 404
473 402
220 70
204 111
517 328
238 381
427 315
308 118
355 251
604 690
773 573
400 232
6 20
241 461
170 314
303 291
303 185
408 203
431 243
182 94
444 202
371 16
398 402
795 495
27 4
409 345
42 50
66 449
320 565
437 88
215 245
64 189
180 365
51 229
52 268
220 231
441 417
436 7
232 133
584 776
792 746
223 153
170 193
454 63
410 204
363 424
473 12
5 317
334 427
330 53
125 332
145 204
209 220
298 426
309 160
170 196
53 240
7 342
295 137
401 280
396 276
373 71
487 346
176 135
790 574
140 195
964 962
215 457
275 177
256 199
295 246
199 401
491 171
96 435
110 358
20 490
131 45
16 378
495 141
409 6
410 276
160 416
446 184
39 86
67 286
317 87
251 335
298 292
237 383
932 111
256 99
201 133
418 371
226 177
426 196
25 482
143 419
489 459
419 444
267 358
345 279
289 3
276 442
54 160
315 410
171 235
809 48
697 587
104 21
88 73
209 129
121 343
112 458
436 32
34 223
280 110
26 498
16 760
377 365
512 65
469 258
322 59
474 395
87 244
482 21
371 188
307 381
218 438
18 214
399 422
128 398
22 831
57 200
265 265
157 293
199 933
249 972
200 444
808 950
117 233
528 583
13 67
308 329
467 61
603 423
47 151
348 184
382 481
370 75
67 171
311 53
26 453
210 172
361 802
184 403
679 864
64 31
724 54
332 214
68 381
536 138
4 310
476 109
13 205
129 992
581 710
308 496
435 456
310 321
330 859
948 483
364 322
617 707
243 197
174 448
436 479
180 152
396 140
169 53
486 35
381 96
84 252
156 226
180 532
262 356
732 706
460 38
504 861
118 919
336 183
353 240
144 974
904 175
364 130
68 161
486 107
238 138
416 457
859 771
356 382
109 266
294 232
186 388
480 369
405 11
714 895
361 257
30 243
585 206
75 264
31 369
902 338
90 341
16 22
354 371
124 8
331 434
462 256
418 675
151 291
191 256
265 178
201 500
77 204
133 336
190 334
338 267
224 153
820 965
626 508
888 475
480 112
403 379
294 344
246 79
339 227
348 327
356 172
311 691
273 108
191 106
293 173
439 155
426 150
104 737
118 266
241 147
130 503
431 467
664 667
931 180
152 5
197 253
283 259
19 126
406 379
84 428
376 343
470 443
617 727
376 280
286 375
79 260
6 222
107 443
302 218
341 493
172 230
344 342
198 331
13 466
596 908
357 433
987 212
282 259
613 312
186 268
210 92
447 401
114 49
178 22
437 267
878 944
131 141
475 440
96 445
311 439
827 639
870 500
493 116
316 6
469 406
23 127
386 59
283 200
49 206
736 295
288 364
344 134
436 146
303 17
467 79
348 37
464 130
258 63
613 439
260 496
125 149
46 3
249 148
295 206
250 180
233 136
429 110
372 107
27 75
726 5
120 130
440 62
71 220
51 654
495 408
849 654
350 411
134 89
416 127
244 21
489 185
61 423
7 330
287 116
348 289
323 153
274 201
198 479
278 429
221 323
220 109
173 420
196 362
118 345
850 101
488 73
277 500
432 449
490 393
290 226
604 731
933 720
70 318
329 312
429 65
372 411
270 262
72 297
874 816
194 366
324 481
920 225
404 227
241 486
183 490
20 945
460 348
278 483
321 184
331 275
411 291
459 304
978 897
216 136
174 973
708 413
133 465
38 93
673 162
302 356
14 316
315 383
309 301
134 119
262 100
153 177
19 393
162 320
54 304
222 52
479 422
361 242
254 492
58 213
399 248
195 386
458 357
61 406
210 75
58 89
195 465
63 354
684 10
415 154
317 349
367 391
173 164
23 311
15 85
233 633
214 206
87 487
392 227
265 42
901 912
179 91
402 485
312 421
171 55
32 276
981 199
175 36
72 41
277 454
314 204
243 89
289 63
105 462
50 122
184 400
133 164
14 204
77 641
19 336
289 236
330 347
167 464
297 334
236 423
272 70
386 455
197 400
219 563
106 286
254 443
78 350
123 442
912 38
51 15
54 124
397 3
155 59
862 825
499 376
296 100
9 358
47 272
11 474
383 73
189 462
866 545
308 236
588 692
452 294
303 398
434 423
495 355
430 294
126 214
169 134
24 288
54 122
402 465
