1000 305628
2000
20 1365
16 182
83 190
750 352
755 656
102 831
43 1481
297 809
862 133
18 366
732 691
378 874
132 694
259 824
266 527
59 1631
990 568
409 501
348 139
330 358
280 565
125 172
16 623
10 1532
1 1043
282 230
94 1542
245 944
96 1847
932 740
87 553
310 220
6 1333
297 44
814 778
39 452
4 420
690 592
20 1326
27 726
977 960
796 467
608 339
730 946
16 1289
84 918
672 989
67 1644
99 1291
704 591
46 642
88 217
49 1915
93 152
767 184
571 91
33 579
32 1067
55 252
718 558
213 504
77 1573
74 1726
56 1995
33 1847
6 141
753 198
986 544
27 117
91 9
804 107
68 1578
102 514
465 695
83 1905
99 942
54 673
61 1829
975 559
39 603
44 707
93 62
9 144
36 532
855 12
59 511
856 302
503 412
97 1317
84 941
872 186
83 267
860 346
12 1037
21 387
14 1701
459 776
795 640
523 634
333 91
66 249
94 812
157 806
61 1764
883 641
22 1028
77 1714
3 886
93 126
993 423
77 470
91 545
612 563
100 1696
843 503
852 50
98 1392
24 471
81 1375
773 276
35 50
312 110
964 112
289 911
67 186
6 1760
492 343
774 998
254 174
35 901
87 989
31 1884
43 796
221 410
94 1083
9 1853
958 759
99 486
559 864
82 1752
35 806
385 398
18 658
50 1283
410 933
430 528
114 608
54 85
50 193
28 1828
364 783
657 311
49 1309
451 604
35 374
452 663
23 205
67 67
522 330
40 85
294 24
18 823
708 498
303 998
51 1323
507 121
5 552
805 391
7 1105
977 198
471 448
50 1976
73 275
572 125
994 568
29 966
178 408
355 860
27 951
20 468
43 998
51 76
11 1144
24 1886
45 1852
32 122
520 414
681 731
93 1785
44 657
49 166
22 1956
159 682
148 72
60 1719
59 727
475 430
740 302
78 1661
32 957
13 1921
198 221
455 496
649 542
52 1846
211 181
32 1134
707 623
73 265
2 1271
65 1872
275 713
645 714
299 506
49 292
973 238
45 1547
989 317
897 874
438 55
1 664
69 1778
5 216
68 1582
633 535
537 713
60 962
41 1386
83 565
416 504
927 103
1 622
86 905
52 402
64 825
612 408
142 769
94 825
74 1470
265 98
25 1066
771 195
95 1707
379 152
5 1357
32 867
230 951
45 896
64 975
84 884
50 1748
95 781
606 506
92 53
94 274
18 84
35 1432
42 1512
80 1348
449 222
230 252
458 440
381 940
703 773
953 879
903 502
632 974
700 253
611 771
97 78
677 404
61 401
561 974
746 626
161 480
94 187
244 462
7 1909
157 903
70 638
22 127
75 153
507 332
56 206
23 1889
34 340
711 109
81 221
61 1134
40 328
2 1893
200 461
100 1341
23 1731
4 567
38 1455
94 304
515 620
310 916
431 624
43 221
369 788
898 855
46 1378
85 1246
80 1845
11 938
296 304
712 687
894 863
35 884
87 402
49 549
135 559
61 18
209 589
41 966
28 466
59 44
346 214
263 793
194 993
33 902
679 73
61 700
16 1779
911 631
56 1244
33 183
660 286
289 206
95 1258
866 364
29 154
824 970
13 870
299 822
80 1614
864 301
43 1081
77 504
472 59
24 36
19 573
663 783
984 588
43 465
13 426
97 366
42 1793
85 1682
82 311
628 862
160 516
399 113
618 692
23 1047
64 62
958 7
977 184
47 999
749 362
2 689
635 767
277 563
83 722
385 86
25 1329
44 368
80 1655
550 979
935 274
460 401
73 134
26 1
94 660
78 825
59 1136
68 1923
368 838
444 246
76 695
220 508
507 281
55 1063
81 1669
89 1870
72 1419
96 1696
822 619
977 13
778 116
1000 766
99 87
427 970
42 226
607 223
828 290
96 1625
5 299
643 647
752 974
806 973
666 510
703 24
102 27
93 962
50 237
27 1739
747 986
39 1335
66 1412
4 283
15 1720
633 367
85 1559
271 850
702 701
59 437
70 1221
62 70
5 79
43 813
91 47
305 16
7 1154
634 725
18 144
872 299
536 551
74 135
71 255
120 175
238 392
577 562
84 575
82 1182
86 132
644 232
339 61
982 116
66 240
100 558
157 307
796 417
191 927
91 607
92 718
765 627
877 935
968 349
389 178
38 275
36 1761
201 980
46 1488
393 832
21 1657
57 212
27 1459
471 519
270 488
482 136
778 49
359 631
633 774
6 631
543 452
17 405
49 1248
90 826
567 950
4 211
90 648
671 269
65 780
39 1399
922 681
39 1570
53 1495
19 1208
552 550
50 1680
416 198
851 822
342 835
25 426
74 32
19 1672
733 994
950 888
575 687
57 481
96 177
42 239
962 269
947 540
74 280
52 25
546 722
94 1391
84 1590
294 249
953 449
797 973
76 876
40 1692
82 1752
80 1254
35 91
31 600
35 1197
13 501
677 661
85 166
49 1710
108 146
19 64
18 1776
200 485
85 753
459 365
4 340
839 887
40 1846
36 1995
464 925
42 1885
93 1553
411 757
82 1085
23 355
33 18
44 1929
645 123
55 913
7 1291
947 207
33 82
49 1040
258 482
688 304
680 670
393 469
55 81
11 1244
781 427
264 448
15 1504
26 1454
830 823
435 338
48 24
101 989
189 163
42 1115
821 926
58 1456
30 1719
57 1883
337 705
814 711
59 635
823 142
336 160
52 137
92 1938
500 268
613 432
45 933
637 127
55 1537
464 198
631 58
55 378
40 16
98 1022
361 276
944 536
10 1711
44 994
40 130
251 493
774 266
13 1647
27 882
52 303
52 1656
796 156
32 755
328 709
104 241
4 416
457 176
62 93
13 1079
36 587
52 998
97 669
931 772
52 62
531 224
17 810
31 1431
859 722
22 400
824 892
867 691
481 649
759 916
98 1457
63 874
77 465
37 1848
4 846
49 1837
87 926
46 1192
555 506
367 688
222 106
41 1318
296 243
104 647
66 934
516 154
22 1083
55 616
891 116
806 17
19 836
9 1539
2 399
794 925
816 725
770 490
48 1329
780 675
9 179
97 1875
30 208
42 202
489 137
29 1176
40 1332
382 931
67 597
93 1656
240 477
109 393
49 68
28 1393
93 1479
21 972
820 112
134 331
212 343
38 841
42 519
616 514
778 179
8 1506
82 1804
689 834
589 292
47 69
719 224
36 1011
18 865
77 363
25 214
88 1636
741 630
75 1183
759 959
70 396
173 611
434 453
968 643
93 3
9 855
116 586
512 137
656 12
48 83
637 265
36 1685
13 1668
404 778
53 1664
77 999
944 552
99 1499
141 785
10 773
692 156
678 677
56 1524
94 888
836 587
4 447
74 228
54 364
717 636
5 995
328 645
22 1122
35 1939
386 607
233 561
18 124
67 294
61 1973
946 148
315 638
49 423
68 740
741 301
85 1988
40 1463
947 803
742 283
56 1639
469 489
532 579
901 643
76 1030
41 1831
78 158
88 697
37 102
29 1492
63 8
355 53
25 1730
77 837
14 36
509 341
2 1937
89 1211
11 1722
171 494
364 539
457 359
397 696
614 699
4 917
932 263
93 98
957 555
871 60
263 626
32 1464
228 788
2 1339
31 1467
532 438
429 36
705 330
785 902
802 299
120 690
47 1054
607 922
302 539
9 1257
85 905
56 544
746 302
84 191
77 231
53 159
70 486
799 632
25 520
47 230
54 1612
49 1703
9 1121
820 201
3 54
666 672
47 820
174 234
362 809
725 1
745 766
797 175
487 822
46 366
5 1532
941 692
833 56
72 1885
69 760
71 1740
387 183
108 362
79 1059
68 639
831 153
54 1212
86 1330
666 642
5 399
98 140
983 747
37 1969
93 310
45 382
267 248
106 368
734 827
34 955
206 611
974 174
70 821
33 521
66 1094
410 633
281 633
29 733
60 1794
76 1753
15 263
89 847
403 771
99 443
2 1156
13 1075
363 773
15 900
82 928
23 875
30 1232
88 1798
609 464
24 1330
672 512
12 399
186 483
125 561
11 216
39 545
23 1970
704 805
21 1521
93 1923
823 208
55 299
33 1702
626 101
76 315
45 399
15 1875
230 567
990 646
20 814
876 611
987 979
155 428
63 284
47 1741
897 821
954 719
345 228
75 1721
223 208
371 631
27 1273
779 596
338 165
23 1313
574 666
44 786
568 372
5 1908
33 785
52 394
777 444
132 21
86 716
190 384
4 1584
92 1802
42 1457
92 522
94 1895
28 1853
8 641
765 896
80 727
99 1220
68 863
785 819
278 743
967 815
567 201
66 1040
298 124
253 984
24 1365
565 582
39 825
171 493
35 1929
783 705
49 1228
340 400
50 167
915 52
66 66
691 381
53 557
66 996
428 666
86 932
462 408
98 900
79 213
79 1138
979 109
25 264
44 169
535 814
69 490
832 507
37 1242
49 1931
98 415
9 1570
6 514
58 454
309 515
716 597
93 1482
85 688
560 949
85 858
35 618
651 462
94 93
49 1324
86 1799
776 939
22 1217
788 589
927 39
810 879
776 691
44 636
383 379
14 1847
16 225
305 422
900 231
500 588
26 779
100 1039
88 1401
34 337
375 819
910 660
412 295
45 1934
880 80
742 130
45 501
83 1625
3 557
45 682
298 675
47 346
968 158
365 696
42 1017
278 709
69 1268
11 1105
812 419
383 620
16 1954
36 501
680 384
264 930
127 559
28 211
5 561
882 671
73 1716
785 984
42 1477
69 147
939 663
51 873
883 391
42 663
754 209
935 734
828 306
131 739
357 613
205 359
479 825
43 148
132 746
89 669
80 1996
219 822
8 1704
470 329
17 853
44 1730
19 61
21 1928
16 645
126 47
563 366
274 111
850 101
322 716
68 1134
784 678
367 58
768 119
998 871
26 776
84 1763
29 948
931 169
929 69
84 815
9 1278
624 179
32 1727
70 410
69 1158
475 734
830 30
28 1650
911 54
90 1443
68 1472
83 1153
31 218
62 770
230 461
87 406
272 651
65 258
9 1462
23 673
920 463
269 256
635 166
409 798
907 212
65 868
357 21
589 335
672 93
18 1294
493 790
819 884
81 1380
26 1550
201 512
600 802
100 531
60 1430
760 64
550 577
57 417
34 448
18 564
75 1431
803 782
703 944
675 190
33 911
9 324
705 486
78 1850
288 611
247 5
180 245
179 393
206 890
46 1763
64 251
107 293
969 131
152 843
934 922
970 65
87 568
262 304
67 102
24 282
31 311
24 579
21 331
21 1556
9 1453
28 1900
49 1011
658 284
7 1629
252 695
106 793
39 150
74 856
6 1574
247 598
51 1752
28 1539
27 800
65 1599
20 1781
53 78
49 1228
965 855
332 32
85 1479
400 955
15 277
462 171
817 314
908 162
992 854
508 239
39 511
74 474
22 1514
302 68
71 196
49 1300
66 932
10 1113
731 633
13 763
40 1221
305 118
84 1921
9 899
91 1854
5 310
49 1944
85 1938
790 401
27 711
501 279
528 39
98 908
487 239
656 435
675 162
65 694
430 845
33 901
36 50
194 347
51 1541
72 679
141 275
87 503
960 19
915 528
85 363
476 793
656 762
100 1551
31 495
4 58
351 871
273 810
559 545
57 16
7 1714
577 273
940 945
41 1848
299 382
1 1516
949 464
12 852
18 1049
759 115
312 540
240 697
173 126
7 1925
809 401
100 1719
335 926
174 696
90 873
890 262
81 604
6 1698
32 1116
578 528
8 773
594 353
21 138
810 456
276 192
90 299
269 293
75 479
328 567
837 84
537 198
467 948
81 450
265 930
797 480
84 574
757 260
54 1005
8 1341
232 29
273 369
89 902
100 1128
42 710
143 763
319 13
68 1454
88 1006
238 50
475 4
4 1320
3 1471
799 726
14 1821
809 304
86 1210
95 773
777 347
31 513
880 891
958 497
58 1646
446 94
52 1887
619 664
932 130
271 500
854 729
606 92
9 248
87 69
870 751
194 139
683 453
192 612
93 114
87 733
92 118
60 686
283 195
440 440
72 303
433 536
66 1799
564 465
984 155
59 1249
729 709
337 700
55 1664
452 324
891 233
62 1140
39 1481
701 334
318 278
848 968
53 805
231 776
85 637
10 1046
636 373
179 971
383 123
890 735
298 535
616 867
93 421
504 28
22 1485
91 1515
655 606
55 1376
864 525
390 770
36 1694
574 681
55 1761
40 1158
97 271
354 873
466 926
766 441
398 655
32 388
1000 137
43 1957
43 276
47 417
5 11
625 104
806 185
42 422
561 711
787 634
379 262
68 882
389 219
35 122
595 484
640 736
30 1202
21 478
78 1115
516 562
31 120
682 938
780 882
72 1140
359 149
743 565
243 576
26 1559
124 992
473 927
8 418
610 542
85 1806
511 746
473 650
58 1140
509 728
49 128
932 28
41 802
568 43
650 394
100 1766
198 690
66 687
59 310
89 371
814 128
42 429
973 386
923 515
762 491
572 191
291 141
58 1297
869 517
80 1434
606 484
743 170
94 1651
21 1764
62 1071
991 690
948 753
84 1548
7 507
361 788
96 484
86 587
52 509
91 1708
83 1596
56 1381
452 48
60 864
356 862
749 829
98 585
54 382
397 624
704 715
55 1545
96 1755
220 683
74 162
100 189
162 139
67 1968
588 452
377 103
394 981
15 1145
53 1239
24 1262
574 321
38 322
619 962
18 1899
7 1731
52 1414
33 1672
65 21
899 120
842 549
605 432
85 341
912 88
57 1497
20 1909
75 1811
661 40
798 840
11 105
34 673
1 1092
131 706
600 422
672 115
92 907
134 802
79 111
139 206
58 1585
786 389
94 957
65 785
32 289
12 1065
825 880
72 508
49 432
129 934
147 939
89 1021
39 569
906 66
56 683
225 895
18 216
80 239
953 499
90 74
329 279
668 253
471 855
158 845
869 37
46 1760
40 879
836 446
328 488
28 1671
8 1816
29 874
7 105
307 1000
67 551
69 570
57 1507
929 511
83 382
435 993
50 794
573 846
795 541
892 57
26 1869
109 202
33 548
86 1676
18 325
94 1205
6 1324
89 89
43 1224
11 957
62 265
460 514
874 909
100 796
807 821
40 215
4 1250
86 1343
3 1167
75 54
61 1354
257 231
58 97
20 521
133 729
191 725
264 714
76 583
259 984
98 215
54 1459
356 996
550 973
66 43
993 117
74 1096
27 1791
311 131
89 1523
68 1825
540 100
23 1999
98 904
828 586
58 968
57 196
61 1886
5 1304
824 530
264 808
81 951
389 860
981 176
868 724
93 69
67 1921
698 10
292 355
45 1090
11 1386
29 1407
147 964
353 364
269 810
495 824
498 617
97 1402
772 91
25 1161
96 1010
263 53
689 153
351 818
81 1227
781 561
30 1589
71 738
11 144
2 1011
617 395
27 804
403 933
983 786
610 27
26 13
728 784
626 8
97 404
984 275
28 913
32 810
357 151
292 790
100 685
658 509
250 651
284 912
258 875
947 60
31 1789
761 204
964 752
57 1825
49 85
22 1321
560 449
645 776
579 898
484 922
48 1844
35 661
405 846
34 790
5 1004
95 1176
30 1696
918 631
791 446
699 377
91 1407
818 658
11 452
333 86
371 440
213 176
217 881
758 153
58 1499
22 9
433 578
665 599
84 601
362 563
4 1077
95 144
557 226
928 330
317 639
81 1077
36 595
523 465
598 697
540 980
14 1627
31 94
70 871
70 1553
7 987
34 663
822 356
44 1379
46 423
264 854
839 554
1 144
410 802
54 191
722 67
522 644
12 1062
222 809
8 866
986 588
58 1467
49 1308
24 1822
308 492
86 1988
8 273
820 573
45 968
666 696
545 295
100 651
80 1927
97 1856
163 871
17 1838
655 466
81 1326
905 626
69 867
638 573
99 1681
4 1219
15 175
913 258
21 497
27 1782
72 46
36 1134
802 683
489 132
42 1125
7 1358
83 1315
295 237
48 775
661 421
39 1681
52 341
20 912
6 1446
20 204
43 337
26 1813
40 1977
87 566
19 1638
56 1852
61 904
46 1561
437 620
81 1588
80 928
737 976
25 47
481 887
3 540
98 1329
399 32
19 447
151 805
626 910
810 678
406 721
1 961
451 224
446 193
68 656
491 709
14 540
88 682
44 696
210 852
9 1260
757 121
920 123
48 1804
97 1141
491 535
5 87
336 600
20 1537
474 612
20 1847
4 801
52 274
189 907
53 1241
20 1133
29 1032
25 284
78 548
353 982
689 247
716 560
327 63
87 1351
338 366
744 121
150 501
228 118
711 846
827 695
961 128
26 294
843 783
169 668
1 1050
213 171
69 1874
93 212
939 204
442 794
46 1760
627 253
3 1954
81 1740
815 183
100 147
19 19
85 30
891 753
514 296
18 161
992 471
24 1583
31 309
143 138
72 715
361 756
58 1663
193 243
299 115
511 726
26 1127
503 548
661 716
884 638
165 602
273 297
585 90
71 477
738 200
45 445
77 296
366 473
50 743
304 731
591 446
114 88
665 92
297 615
583 498
208 538
228 543
557 654
304 488
92 1079
263 297
9 898
47 511
78 1985
221 225
80 822
49 1094
82 375
75 896
10 824
319 711
8 25
10 1524
56 1340
619 767
2 541
20 927
89 405
564 549
44 1476
670 152
79 906
91 43
90 1432
54 1494
373 533
971 136
64 347
701 788
753 305
57 697
615 398
811 969
73 297
23 750
57 380
38 874
809 535
750 364
82 388
643 735
85 1808
630 71
50 313
53 79
81 862
750 526
859 410
19 965
662 718
47 1535
816 121
531 473
28 801
19 319
977 558
78 1895
756 844
49 495
68 765
45 1732
98 1063
768 695
34 16
986 925
453 881
46 18
21 78
876 869
42 217
46 456
73 1215
666 455
45 824
34 972
410 358
25 398
53 1239
58 725
66 253
80 772
48 1373
612 259
566 212
53 34
311 812
102 621
730 713
166 543
19 1807
64 1897
970 330
5 804
26 773
230 482
71 1256
39 1763
61 278
15 1659
54 231
147 721
766 920
791 578
716 110
759 28
861 147
72 1663
6 1269
781 49
749 839
309 38
622 389
514 677
43 1364
490 182
82 1204
798 408
197 536
24 1725
789 590
18 959
13 1637
31 1605
702 719
630 835
5 1820
297 32
144 551
10 1854
641 858
273 698
97 1255
740 785
24 1257
903 336
93 1016
564 757
53 1835
88 1670
49 1950
20 910
15 521
87 139
201 460
51 791
76 1707
93 1735
966 542
755 329
532 388
381 742
4 791
862 124
182 39
191 765
63 876
964 350
60 1337
406 155
60 1223
384 503
59 1998
699 442
35 1633
902 350
10 1720
17 1718
5 738
75 1438
583 48
998 959
833 29
39 1364
58 1190
30 1730
528 782
452 764
8 1812
299 585
877 110
59 549
78 1599
48 1988
59 1901
18 244
364 745
841 337
910 753
747 191
965 906
8 185
35 1304
11 360
52 1376
888 7
368 263
326 805
88 1668
24 123
54 1935
143 438
90 823
69 1801
80 1865
229 664
26 1940
480 1000
