1000 300533
2000
474 698
568 35
93 1706
579 813
6 246
76 322
500 594
47 369
717 69
631 955
180 849
15 1167
77 321
13 12
62 841
7 902
474 380
19 1613
21 248
1 979
545 24
925 708
19 168
89 296
24 1229
74 139
158 894
18 558
819 8
9 271
893 403
36 1484
783 287
67 1883
489 127
8 1774
387 683
50 1278
211 353
17 986
890 145
266 692
986 875
566 269
5 1605
187 219
83 329
215 816
570 346
4 977
78 1209
304 712
942 227
80 1969
78 1980
902 685
480 265
83 1266
737 84
83 1270
75 1506
2 963
33 1270
97 1939
2 1301
917 653
501 934
459 975
955 421
353 602
674 672
19 1240
100 501
569 742
75 1131
24 1481
34 780
37 1821
61 29
195 432
45 636
573 583
19 1101
52 984
34 173
937 744
990 201
312 917
16 1847
90 540
29 552
53 237
846 142
88 522
519 272
48 171
832 733
57 385
30 1655
800 711
995 492
46 1229
379 98
4 916
785 409
179 222
541 988
70 218
283 784
28 854
393 591
90 1833
82 720
67 1772
40 977
817 740
14 1522
435 130
465 418
726 438
95 1912
364 221
91 1374
79 964
55 1560
350 899
96 1593
78 564
54 718
72 30
39 1220
36 967
25 1558
220 949
6 659
281 442
106 536
104 872
88 1177
20 1561
763 928
39 1044
719 449
5 677
190 141
477 589
4 1482
944 636
71 783
24 1659
411 282
304 314
8 540
535 920
73 1518
111 54
576 491
509 264
390 599
33 286
715 16
40 618
699 251
137 1000
512 682
440 806
635 629
120 519
15 649
625 290
12 191
35 1877
10 1332
331 161
414 794
44 1829
586 145
167 973
728 152
55 1635
89 425
12 756
94 1511
354 482
915 368
314 333
363 943
676 359
987 67
76 1672
99 32
75 1780
47 1150
21 124
48 688
17 1767
56 1401
63 1703
251 319
78 906
2 82
936 708
47 432
90 555
16 408
255 350
75 1691
376 82
19 696
15 368
26 178
881 59
270 418
73 1190
814 329
667 740
49 1854
48 1120
691 679
37 1516
657 733
77 521
49 1727
665 515
576 922
69 498
11 1700
74 362
651 987
863 179
934 896
54 43
19 1983
151 92
13 819
55 502
83 892
29 355
11 1587
24 210
21 844
86 543
70 138
24 806
497 638
327 202
96 117
11 1738
81 1971
27 528
98 1776
81 1469
353 385
35 1491
968 348
30 1178
64 958
371 316
1 1915
11 245
84 1675
12 1972
521 870
147 770
641 530
59 1922
799 884
692 22
53 731
148 399
948 355
13 1977
52 1586
46 1606
36 584
24 1164
35 980
71 1626
86 1466
65 1592
19 1637
13 517
902 849
82 1837
40 391
83 1773
3 838
671 710
59 1484
62 699
45 938
7 211
12 1985
52 1548
486 232
44 425
233 964
184 278
33 619
339 632
85 355
60 274
99 418
821 96
90 1720
97 574
328 359
36 305
67 650
433 904
98 793
303 482
612 655
53 1713
18 637
261 474
673 591
32 1160
714 725
673 447
35 1336
33 1943
851 804
15 910
36 129
332 24
50 1077
30 1063
849 68
806 814
959 858
60 180
46 56
581 897
20 859
13 1452
10 407
9 440
22 891
761 42
69 1572
4 722
279 545
57 1290
838 842
819 891
44 1910
39 964
896 488
20 1058
107 373
42 1099
88 773
6 172
43 376
80 511
718 53
39 694
640 268
112 343
70 932
433 861
11 366
974 93
49 319
12 1729
396 584
69 814
601 394
394 217
372 13
785 745
80 703
302 333
112 884
234 160
682 814
358 396
877 364
84 401
912 975
78 1619
752 428
181 650
181 93
19 1181
172 378
1 1012
80 1358
504 959
801 173
120 988
9 517
246 537
296 623
775 13
734 47
157 88
793 79
363 73
188 230
2 1333
10 82
196 877
90 1587
81 1818
28 1482
90 961
58 1992
533 663
417 930
431 146
970 679
96 95
93 355
20 1203
36 1327
755 571
831 511
27 829
246 871
62 1254
134 405
44 883
423 435
766 762
483 549
838 305
51 1722
82 1995
62 1163
24 960
91 926
720 939
65 1020
175 286
25 678
900 786
72 861
18 192
198 526
317 847
484 487
48 678
535 65
942 195
977 626
202 274
66 1119
234 520
715 988
86 519
60 392
7 193
43 954
621 779
90 1928
615 452
922 523
910 177
85 635
61 1754
128 764
50 419
468 160
330 785
85 1903
26 1179
818 546
895 75
247 422
20 1106
97 1420
630 763
122 798
43 575
76 613
90 1304
29 17
767 367
408 517
44 1753
357 304
530 482
50 1602
594 75
95 1357
79 992
551 850
765 738
426 929
40 1213
33 697
17 756
625 348
56 741
887 22
333 609
85 150
13 48
92 679
19 1258
598 942
28 795
244 560
104 892
318 82
292 618
62 417
12 1660
31 222
19 769
76 262
783 254
32 934
40 957
538 791
30 550
180 300
9 1774
324 545
655 422
65 1535
598 273
78 1531
172 615
54 1081
50 1413
55 1250
21 898
791 174
258 701
28 588
367 219
226 288
298 217
51 721
92 1861
137 821
78 62
933 855
187 78
89 1727
23 427
75 782
23 1170
192 970
780 209
53 1051
43 1971
88 1963
86 771
426 801
84 1853
46 1635
100 1115
307 818
579 188
447 167
8 1810
25 878
679 745
86 1129
624 565
91 1828
58 280
651 987
40 1706
522 506
100 1556
231 449
86 1354
564 961
785 795
89 1788
754 693
21 575
687 220
685 411
933 908
9 586
52 283
84 164
890 916
26 594
861 997
153 359
465 362
65 314
3 934
939 392
668 531
87 239
9 379
66 974
49 711
902 948
958 946
30 1959
681 471
40 307
836 918
2 413
928 257
60 1087
905 398
256 591
13 605
53 338
926 31
25 354
52 210
96 1603
371 88
95 187
754 183
710 523
41 477
54 685
96 1560
54 661
25 772
992 10
50 1860
854 238
38 1256
66 903
730 545
90 1605
50 833
972 857
80 661
99 873
18 119
68 315
684 337
806 869
10 1164
39 1103
98 172
995 91
749 704
10 1991
49 1930
63 487
864 581
21 1214
761 97
45 1418
240 6
620 212
406 4
34 533
23 1273
62 951
90 1861
117 116
3 1080
96 443
94 90
274 300
983 516
422 362
68 885
48 800
147 143
923 165
295 331
13 521
853 68
65 917
113 740
17 368
53 151
71 1014
380 953
60 862
642 101
66 1039
819 520
78 1355
772 369
107 317
71 28
61 201
751 226
78 1344
53 1116
784 672
28 399
35 897
736 563
734 447
684 302
821 415
582 321
61 261
29 1184
21 1300
37 1711
561 905
97 305
37 475
63 1474
218 615
992 466
493 816
885 947
41 584
758 658
602 1
451 882
382 297
570 478
75 554
28 109
55 390
372 516
283 759
893 420
98 1625
535 613
618 224
80 33
353 541
752 765
62 816
83 879
226 823
939 714
624 575
39 306
40 733
18 937
574 447
887 870
17 430
541 334
538 680
911 192
11 90
38 1927
671 257
87 478
60 1205
19 340
218 583
785 790
41 162
479 920
53 256
562 64
28 237
659 162
18 515
30 359
16 1514
165 558
21 1003
74 1960
103 482
62 522
541 695
92 1128
630 442
24 1254
14 1187
679 649
697 807
716 515
431 271
80 293
941 98
45 1847
379 583
3 722
518 886
282 648
213 861
23 1506
4 1437
46 1235
380 322
99 840
686 319
590 557
741 996
78 202
185 496
873 388
458 693
51 519
20 297
40 1138
844 87
86 533
95 55
39 398
17 855
3 1245
93 624
333 15
42 1765
500 927
644 584
854 889
91 678
440 333
848 265
82 491
429 893
43 1861
63 1647
525 403
422 638
87 391
766 561
81 1538
641 81
35 28
683 42
66 1728
656 721
99 1412
837 267
710 849
68 719
93 350
56 268
161 225
30 1939
93 755
35 1978
48 1723
4 1241
650 686
250 993
58 210
970 27
76 1629
60 1090
34 1808
215 267
77 1116
167 65
99 1340
142 405
17 355
782 775
91 1033
14 103
39 349
366 785
425 224
16 1466
37 1556
20 149
55 1810
737 161
641 58
92 162
951 278
39 1168
974 866
4 1600
232 303
856 729
813 655
370 463
69 633
20 500
841 727
29 1254
22 135
33 1917
27 821
199 304
3 1062
16 736
722 926
57 1838
98 44
853 403
537 803
58 1112
629 478
301 786
387 155
905 185
5 10
154 733
777 964
91 385
989 426
46 1182
839 280
89 1888
2 611
77 357
52 772
664 471
984 49
23 191
883 326
59 599
350 735
2 878
12 172
595 562
61 887
116 601
48 1795
6 1040
305 154
70 4
18 1928
461 635
450 774
79 903
95 358
32 409
521 717
95 1703
391 199
56 762
938 929
799 52
15 296
38 717
726 854
174 111
881 807
79 1286
1 1622
345 286
72 1074
88 33
64 1544
57 259
883 125
85 1647
530 223
513 959
93 1372
40 959
92 1071
73 447
15 1166
1 812
841 436
24 1558
5 1672
61 446
82 753
6 936
168 958
92 492
93 1139
176 266
901 537
554 187
20 1031
37 1278
23 868
432 643
207 181
20 1254
10 1669
59 1725
2 882
88 1426
97 693
52 664
922 157
72 53
76 1008
87 777
90 861
157 779
63 1613
24 1417
257 119
529 961
946 934
316 813
40 998
47 626
847 720
819 832
90 97
270 556
92 1705
78 1083
688 956
640 55
213 703
30 545
718 105
37 1565
23 1034
661 402
61 1585
56 1327
623 354
80 241
40 914
70 969
51 922
59 1543
631 979
171 350
21 1534
729 993
801 620
9 731
79 1857
246 551
410 593
722 912
98 1287
37 380
571 536
215 146
17 68
238 734
911 8
59 1448
729 790
441 328
35 1223
176 167
145 661
604 62
980 768
19 1777
898 769
175 850
3 979
149 653
52 1659
148 393
28 1226
368 143
29 674
29 498
69 755
986 251
103 390
94 91
353 301
741 571
31 959
302 414
95 1519
18 114
45 1255
930 160
763 612
24 1083
716 407
494 967
37 83
925 989
327 607
614 762
19 667
132 631
50 39
488 109
93 769
64 833
72 1939
82 962
43 246
103 501
903 808
45 370
76 356
53 1950
552 924
262 809
19 645
36 879
986 9
88 1746
35 647
565 399
96 337
23 1888
459 543
27 1489
31 834
370 277
3 442
555 808
13 603
590 263
60 889
999 798
79 928
33 75
77 1029
97 1469
72 522
92 487
84 234
30 26
47 857
669 157
56 807
67 1564
477 465
50 546
31 851
78 1422
157 213
22 25
5 587
938 53
40 1189
978 626
258 441
19 426
44 458
69 1643
56 1429
824 699
12 598
65 1167
470 548
906 12
87 225
96 216
18 1009
992 129
241 303
61 1872
25 1097
335 628
66 212
604 521
73 1547
14 473
562 188
5 1097
73 735
48 1930
44 526
59 11
492 664
30 540
19 27
238 855
65 1756
628 384
80 1123
879 733
760 123
123 635
61 1283
36 1721
21 1201
214 454
50 718
717 336
40 620
67 445
276 771
751 10
57 918
75 342
87 1861
100 168
907 628
271 88
633 653
537 257
715 594
30 1330
735 304
79 1959
64 1121
909 847
645 260
922 119
576 419
521 741
65 1107
589 347
770 216
237 14
11 1666
53 1353
98 609
12 1245
47 1818
744 155
11 1836
16 1924
497 621
287 719
62 1516
801 634
759 379
11 1342
363 782
819 23
95 1718
326 379
636 341
27 287
187 742
198 745
53 652
91 826
854 117
22 1704
658 548
63 1552
17 297
98 1134
665 653
45 1123
70 752
89 549
24 287
423 883
501 778
931 378
970 611
617 171
610 191
23 209
935 875
10 1463
252 787
440 639
73 1501
579 541
339 792
5 995
424 831
754 993
546 609
947 906
732 132
595 209
239 416
363 929
2 1191
363 921
54 193
55 200
543 777
936 937
862 382
194 620
601 391
62 504
67 1503
71 1364
43 798
944 742
86 493
3 1613
72 535
96 1124
17 341
387 449
460 285
72 269
991 934
33 1004
636 604
543 663
666 417
58 1560
39 1051
46 1253
85 73
43 1177
944 378
26 461
389 257
66 1560
945 203
55 607
65 1002
8 677
21 1453
87 874
572 227
23 450
72 966
785 3
77 1365
980 41
53 725
40 1761
291 276
69 1234
14 1747
930 450
367 599
251 324
584 593
85 1630
42 1233
43 529
396 900
89 116
464 441
20 1901
90 653
16 1466
445 587
54 1252
89 1900
34 1573
112 689
90 737
13 954
910 83
62 34
186 293
77 1242
206 474
746 510
381 616
67 357
85 1880
176 978
771 159
58 456
569 395
46 1708
46 974
70 401
792 260
560 67
80 854
34 1816
61 228
80 462
774 734
152 984
923 531
53 924
60 329
82 1862
43 675
759 729
328 24
86 352
863 876
802 936
266 671
660 720
275 214
63 53
24 1415
351 675
38 400
77 638
19 791
50 72
532 321
78 1659
377 41
21 1110
110 163
557 550
145 881
193 287
87 1443
200 639
346 697
51 1578
894 971
27 1239
488 22
647 104
84 717
44 230
597 570
36 1544
947 373
82 1456
840 888
618 381
23 607
19 1187
907 334
2 200
212 530
60 1939
17 642
70 162
47 190
89 797
25 1812
290 578
62 694
270 648
79 1629
796 527
608 817
94 605
22 1952
507 295
77 1533
1 688
65 1943
29 904
4 1134
58 606
29 1426
717 464
739 574
510 639
567 577
666 383
5 797
580 827
194 165
74 1663
112 402
73 1596
486 512
40 461
61 1840
48 1304
916 141
80 925
95 707
447 980
348 158
33 685
56 1269
989 281
8 799
12 1513
88 72
523 385
501 463
94 24
367 13
75 964
469 567
466 657
31 79
38 725
85 1697
33 664
499 102
19 932
541 134
89 37
85 1273
30 839
2 1856
38 1853
472 384
988 715
2 1226
42 1842
978 539
328 166
72 1804
60 654
54 51
177 254
248 777
88 1245
900 596
756 350
46 172
180 259
58 1040
87 1888
37 270
378 621
247 664
32 1286
573 710
98 306
984 897
609 59
23 94
613 433
433 319
275 114
57 473
351 125
317 117
277 979
5 1685
693 216
533 802
67 837
964 350
32 929
8 1898
12 1111
37 561
83 970
59 74
602 959
81 662
58 656
578 266
48 285
66 1208
9 1542
505 516
253 610
66 905
10 351
12 1441
541 105
98 1166
79 393
431 69
51 1771
573 766
391 82
929 92
633 242
479 165
67 1588
49 1039
35 394
709 208
894 905
11 1174
29 745
552 218
136 63
212 383
96 432
25 1614
38 802
518 635
89 558
230 65
656 896
749 265
89 324
7 99
32 1120
66 1501
42 509
51 1614
938 349
15 633
890 891
952 325
93 167
950 229
52 18
15 719
586 260
20 1429
38 1522
950 565
38 1418
182 675
75 822
93 1169
35 36
45 1931
42 82
590 613
21 572
547 863
55 798
808 899
85 771
774 112
433 236
492 920
11 1922
41 1802
72 870
76 479
169 813
62 868
63 1052
39 1600
455 905
612 909
65 214
625 472
969 66
86 1230
45 714
927 138
49 1704
496 349
673 853
391 344
906 659
67 1501
83 149
20 879
877 714
667 913
49 21
493 380
20 1692
705 947
399 914
723 375
686 991
409 135
68 450
114 232
805 924
252 180
34 432
55 798
55 1539
393 89
663 211
884 531
20 778
97 798
40 1158
35 1645
683 935
539 39
145 421
142 819
72 1151
13 524
82 1742
975 752
82 231
94 1016
789 500
11 1702
429 393
83 1227
640 373
100 994
368 806
64 1340
62 1238
22 882
926 445
25 613
56 1494
89 1115
25 258
62 83
926 591
60 1313
12 1515
731 56
368 430
74 12
77 1869
969 192
52 881
482 913
104 217
643 611
24 821
525 787
30 572
7 1427
24 841
29 657
344 501
357 309
100 1258
5 1683
452 762
21 1477
91 130
85 253
28 1696
674 871
15 542
297 109
218 850
355 727
545 163
957 48
836 853
83 1748
171 402
53 429
66 610
91 1361
161 507
79 411
761 236
731 148
599 257
5 15
886 254
93 1819
63 1779
913 630
992 290
418 564
593 359
14 1776
8 1926
30 1114
31 1942
18 1827
36 1883
72 802
97 1733
42 1939
15 639
1 1848
637 608
11 832
518 415
76 1025
92 48
179 702
37 1240
9 782
251 978
400 319
62 388
292 552
36 885
43 797
350 215
467 309
382 513
515 990
111 875
82 1495
91 92
75 623
87 216
141 354
46 1005
86 1362
497 878
54 1937
317 82
7 519
25 504
32 1668
18 508
44 178
41 1983
61 332
426 678
405 837
69 1092
265 155
8 207
238 309
245 837
93 956
539 32
315 553
36 1015
39 79
96 1079
76 81
67 1606
31 1422
661 73
14 29
252 890
645 393
777 176
25 469
89 50
92 437
186 263
43 78
15 113
5 1394
28 1925
248 423
64 677
304 98
96 105
355 362
31 1484
81 413
96 665
171 919
75 534
997 658
77 1125
97 368
353 606
74 1533
69 661
45 1830
820 366
946 434
129 487
66 1010
111 166
16 28
815 438
549 840
65 489
62 370
58 1822
44 955
66 452
175 405
39 229
495 988
747 144
15 729
95 1026
80 1694
13 1695
626 942
94 1550
85 1717
634 897
24 1140
6 1940
811 776
53 1173
583 678
42 1012
69 215
190 143
38 1601
926 893
22 837
34 494
36 1776
15 215
193 531
376 903
185 192
681 58
338 441
137 53
98 20
29 1727
925 672
217 286
35 1177
29 162
180 652
120 940
85 1394
89 737
960 190
59 1623
82 1349
201 28
289 71
273 274
95 1255
121 599
39 191
35 1336
369 846
445 230
799 643
53 970
39 187
91 1057
519 188
80 420
677 141
680 183
689 527
31 1266
14 1740
242 822
267 342
61 1702
901 790
90 304
27 741
42 1369
72 1594
596 959
584 362
297 940
10 778
87 52
526 598
813 817
163 276
72 1954
19 902
3 86
100 1073
97 473
36 854
32 1568
91 38
659 987
49 530
67 712
63 1057
588 193
342 986
14 607
446 459
288 609
42 461
776 341
91 142
398 889
82 399
421 50
23 1466
65 1905
42 1179
66 1400
55 1096
15 752
944 582
754 412
20 1661
356 332
4 1546
63 1790
42 309
61 1088
539 740
980 559
66 1454
52 1987
574 263
96 116
789 792
510 614
641 371
436 886
785 228
677 671
221 850
185 991
93 759
806 448
24 112
35 329
88 1603
81 14
880 652
48 1684
44 314
13 693
23 42
39 414
70 1965
536 206
477 342
387 962
56 618
22 1535
94 712
267 460
11 1044
761 235
85 1820
530 940
822 195
960 305
758 610
30 1432
279 978
58 1159
63 1029
98 1487
362 14
103 996
81 764
67 1885
459 756
685 532
97 1314
11 1268
8 546
45 558
34 1396
896 485
70 1643
850 931
328 840
37 1864
73 620
73 1036
754 945
71 812
756 548
20 1618
