1000 235748
2000
13 553
186 144
215 208
1 721
121 438
34 637
172 218
446 486
41 79
118 68
184 985
563 630
797 57
457 179
323 83
104 162
427 747
218 110
264 79
534 339
410 968
928 507
59 63
71 495
44 13
844 474
425 583
26 848
638 817
779 154
442 157
712 198
191 105
349 44
122 580
363 404
859 132
127 200
385 15
549 15
178 172
719 90
63 73
605 420
514 491
255 178
163 196
475 353
550 83
146 642
815 191
18 716
361 952
103 798
13 979
94 227
178 148
193 443
608 52
290 160
177 624
924 129
182 175
8 710
168 350
55 362
240 115
9 63
20 123
72 30
261 184
982 170
484 53
572 82
395 798
779 167
130 346
335 158
544 1
840 8
1000 797
201 624
76 789
62 189
67 300
893 286
81 321
321 50
298 173
113 418
252 29
904 113
318 188
3 196
614 71
114 264
636 190
35 170
58 55
118 10
90 744
10 584
897 20
89 111
792 132
228 375
70 466
159 107
35 461
112 404
81 881
967 871
239 137
359 67
557 81
924 497
794 117
262 19
98 906
87 414
817 911
304 66
830 35
190 219
219 701
909 189
124 112
364 27
843 131
816 730
274 42
974 573
33 320
750 114
811 598
140 885
653 129
170 29
677 96
956 162
65 146
184 961
732 16
119 944
462 200
93 397
308 179
873 690
631 774
123 220
114 183
145 107
192 353
622 237
161 606
155 409
997 334
791 102
141 89
178 557
273 395
741 93
117 265
954 172
942 61
212 259
184 87
221 61
98 779
461 868
25 842
220 597
361 963
687 44
176 730
964 14
263 7
276 45
223 145
180 358
147 860
521 198
472 522
586 165
110 281
75 121
688 752
851 632
7 274
66 209
32 332
668 817
192 553
157 556
176 905
84 944
990 190
89 664
120 616
571 626
377 558
940 143
664 63
249 552
828 191
574 103
652 170
795 818
186 170
977 182
112 35
545 189
415 823
411 180
64 43
193 132
383 159
55 631
162 161
724 865
87 63
366 106
925 868
556 129
7 397
35 183
670 1
172 921
324 152
51 986
25 66
89 55
50 17
111 499
23 194
5 174
815 45
636 85
29 78
427 842
305 160
35 842
118 129
547 423
154 719
156 407
43 89
393 70
460 641
624 982
93 142
38 698
155 659
356 132
43 686
4 9
943 94
515 977
815 619
934 837
81 222
366 87
729 291
432 968
216 3
969 41
20 327
936 302
930 3
174 389
328 947
673 12
183 449
307 382
236 99
356 120
291 820
194 61
444 132
287 312
868 102
113 780
971 84
532 266
152 391
648 136
51 515
267 741
380 382
215 31
987 142
914 17
933 94
591 439
687 20
34 488
929 75
599 72
131 857
908 53
65 391
529 171
20 238
365 164
964 540
131 301
192 175
402 82
768 745
62 47
448 736
434 112
53 810
309 816
155 875
550 61
115 444
145 42
605 87
816 61
328 167
26 889
512 387
62 809
93 422
97 465
957 49
143 156
981 131
428 30
401 45
973 653
812 645
38 514
636 504
191 840
647 106
73 254
685 529
478 513
645 884
284 860
885 81
943 132
575 381
45 722
87 23
669 494
49 710
26 856
546 17
34 162
859 129
257 610
434 32
115 379
707 993
184 433
857 133
707 177
134 101
27 923
116 962
198 877
512 837
88 328
685 109
162 165
129 182
485 398
854 53
76 880
38 706
357 191
561 319
846 50
143 963
792 707
626 191
565 165
946 447
4 783
156 685
424 172
505 870
51 538
192 487
56 28
130 887
86 939
513 185
77 861
400 94
94 566
949 109
21 198
170 190
4 565
48 180
493 193
927 606
611 526
62 481
870 21
986 6
753 46
85 270
483 42
635 466
155 267
396 162
90 263
133 918
659 172
3 110
76 49
195 780
133 916
591 825
94 118
165 638
66 929
141 765
408 708
476 646
748 23
68 557
127 782
191 874
55 223
69 838
809 149
626 161
375 7
42 189
160 976
586 68
292 209
996 195
958 438
340 418
308 95
193 487
65 137
98 113
883 185
60 747
908 167
757 560
179 879
362 102
987 121
640 110
611 54
122 753
140 592
128 109
363 32
382 145
901 991
71 717
168 582
269 952
122 253
934 57
83 79
106 957
150 190
30 696
74 213
56 156
35 810
641 197
464 143
602 786
956 3
787 137
146 254
543 443
26 75
998 685
771 866
767 95
489 106
152 108
311 938
86 871
82 901
773 146
23 204
391 855
551 57
113 91
145 910
341 197
925 121
697 136
591 831
841 94
803 991
9 613
716 149
837 123
192 700
177 969
302 55
138 276
102 783
236 363
995 857
633 194
67 914
135 94
884 800
159 512
167 159
689 451
47 744
135 72
469 11
62 880
639 761
179 605
106 247
859 883
904 112
624 165
170 816
663 177
87 417
186 853
509 38
564 867
361 248
166 152
657 9
678 713
745 117
631 683
35 105
298 56
105 955
494 94
188 535
714 54
671 66
187 55
29 790
101 343
942 123
501 60
734 877
429 749
5 831
123 227
323 344
293 912
85 772
901 169
98 149
84 179
86 980
958 488
193 689
580 676
25 994
814 132
30 671
140 105
646 81
694 691
426 139
701 153
833 86
95 793
37 434
33 229
706 81
797 98
638 65
606 212
719 107
176 376
200 9
318 59
140 696
143 411
153 86
563 43
592 54
159 552
769 13
876 199
425 152
313 106
860 139
687 44
159 166
475 69
103 185
535 657
588 39
26 281
454 167
174 311
162 479
150 332
65 363
726 30
840 608
454 65
990 140
503 498
169 582
8 181
884 110
172 32
445 837
133 780
472 765
230 700
338 93
516 704
364 52
93 48
821 295
416 444
553 43
374 161
27 639
7 113
315 359
110 920
830 111
625 288
111 43
88 927
558 127
855 535
824 192
16 57
120 518
74 689
196 449
102 275
803 47
51 679
734 227
656 683
458 968
96 874
100 949
100 358
122 918
591 886
972 116
75 320
17 739
84 597
56 154
91 193
404 53
704 60
68 2
199 541
154 179
422 128
765 16
89 854
232 105
141 411
197 450
256 196
307 371
186 226
880 122
34 386
746 330
534 19
998 360
411 61
410 103
332 53
148 702
302 173
777 65
34 858
307 137
114 758
988 94
31 84
21 602
243 35
567 168
947 37
211 100
982 546
45 17
637 1
513 142
3 12
849 192
568 39
404 851
876 9
414 82
56 42
410 27
957 164
499 176
100 58
292 588
379 103
364 36
517 935
34 220
109 678
68 599
31 134
940 93
560 613
173 740
95 789
953 51
33 379
132 146
179 575
511 959
165 739
471 455
282 12
913 70
190 11
712 396
640 110
122 682
132 63
186 490
292 46
83 735
7 71
871 148
243 264
383 206
901 138
193 8
277 976
751 196
179 961
433 714
129 785
127 295
71 787
788 906
14 816
46 484
512 108
152 359
32 625
224 18
136 151
256 42
102 721
163 40
717 174
178 30
87 509
156 408
427 141
680 996
98 7
860 105
915 127
256 77
203 738
307 706
625 83
149 463
16 940
42 859
46 938
65 712
653 140
375 303
553 325
356 24
1 811
121 846
392 168
371 145
197 142
160 96
760 479
198 570
183 85
527 15
520 51
154 811
157 71
81 671
176 32
3 874
510 183
206 183
163 146
415 92
556 17
129 494
116 974
125 28
878 714
49 164
104 154
99 853
85 119
895 137
29 932
227 146
494 505
480 47
115 65
596 97
96 940
83 588
538 39
161 79
132 607
397 75
893 33
374 986
905 133
216 586
7 586
325 286
368 177
81 64
548 120
941 198
780 830
143 504
627 726
309 9
86 22
153 50
601 186
42 26
508 134
729 184
297 570
2 320
70 776
192 29
485 447
555 2
724 14
210 242
71 35
90 290
660 931
117 238
77 166
55 753
77 804
120 86
50 189
696 117
760 157
805 108
173 595
260 25
95 129
893 905
53 147
149 106
90 667
913 44
96 192
480 571
172 32
157 136
942 42
942 110
886 970
95 683
359 678
536 29
640 43
22 8
197 233
99 155
59 200
227 138
88 492
609 469
143 729
473 980
494 52
276 223
15 836
858 867
136 154
954 125
546 70
48 858
446 159
543 173
176 8
70 186
32 140
157 253
556 570
871 112
602 162
219 193
26 129
173 234
794 505
469 88
168 942
194 175
547 612
171 733
956 844
775 112
918 137
942 200
195 149
129 517
359 233
68 939
58 56
71 497
92 843
6 673
156 635
340 114
163 903
186 171
309 107
125 537
468 720
692 253
19 999
535 188
81 738
77 687
326 8
99 41
47 959
11 878
423 66
9 984
105 54
295 515
99 345
9 941
825 947
38 538
390 137
978 111
68 354
59 139
294 954
135 645
147 30
137 685
830 36
141 204
782 669
592 108
105 180
6 508
730 8
93 719
573 104
210 638
762 123
606 1
667 666
170 524
184 521
104 739
80 394
59 135
300 68
141 544
675 126
122 549
382 38
267 188
904 137
806 103
121 497
646 155
68 772
542 510
461 912
659 113
978 840
154 826
844 913
806 147
824 842
70 653
953 665
150 273
642 133
244 778
535 792
196 20
198 994
941 147
334 14
803 736
156 5
197 789
719 776
646 134
177 402
514 197
621 107
332 143
326 175
103 126
985 277
598 800
882 771
803 995
191 280
830 38
519 183
751 156
83 111
181 307
3 547
868 208
247 136
272 77
941 367
144 615
931 196
102 88
151 372
256 901
973 681
367 157
801 30
802 403
113 624
756 487
862 189
71 911
350 8
206 567
935 835
5 606
168 50
84 393
399 183
873 66
38 344
403 13
409 81
914 169
164 239
366 27
142 344
707 73
181 274
160 572
863 53
938 963
49 678
808 593
33 437
631 99
175 133
851 160
832 49
747 356
2 648
199 310
144 940
114 133
22 402
184 415
194 467
170 435
60 185
897 801
645 626
690 122
357 100
468 575
524 55
676 902
638 112
66 496
40 473
452 114
108 621
330 298
415 344
37 220
70 86
585 864
746 70
85 842
550 22
43 870
543 683
723 47
661 952
766 79
305 85
359 39
468 178
85 819
237 137
732 107
333 188
178 576
472 197
121 169
20 288
71 3
1 958
39 959
262 293
460 145
813 551
4 44
61 754
121 994
166 131
227 121
939 180
652 66
61 417
75 250
129 809
694 112
16 297
69 710
462 254
975 403
270 8
157 166
679 695
415 702
840 97
370 158
819 152
516 501
716 175
641 154
954 657
126 224
11 742
241 445
778 77
69 152
227 9
419 128
264 928
840 163
590 18
190 443
554 144
723 139
482 146
99 929
271 985
530 80
157 135
685 173
180 732
27 540
941 62
906 137
576 701
296 195
107 118
39 265
71 334
206 116
231 32
199 290
14 683
462 896
560 142
256 996
13 467
909 68
991 96
721 651
138 229
858 63
119 796
144 649
167 576
384 4
469 523
63 11
634 165
184 498
513 527
285 88
355 136
624 58
181 410
559 595
114 177
303 179
176 69
77 783
680 63
136 69
509 693
470 480
374 262
234 21
199 650
678 43
100 852
192 919
52 446
224 25
14 197
408 348
462 2
723 120
851 411
735 362
113 637
925 188
521 186
573 530
155 63
960 107
119 200
24 464
32 241
836 26
995 398
636 100
507 149
47 713
808 594
78 348
887 20
164 558
767 74
866 131
42 240
158 774
37 191
832 541
182 33
40 284
301 153
107 856
509 807
7 429
144 75
859 147
72 929
73 23
346 170
146 691
387 98
213 100
277 119
46 205
972 185
648 137
151 192
768 988
98 746
92 113
72 330
733 123
982 27
265 185
47 257
613 144
200 145
10 153
176 582
126 127
816 165
652 77
936 406
200 65
176 617
744 639
115 6
506 61
91 674
546 88
132 523
81 510
476 810
664 488
969 933
589 288
545 147
551 790
188 615
188 261
924 116
371 430
85 197
190 54
262 118
37 385
402 60
897 150
428 466
816 75
111 325
200 527
85 254
731 126
191 801
94 411
926 301
152 688
843 88
200 162
913 56
741 371
301 85
65 168
70 265
525 80
958 878
794 658
422 55
169 57
61 370
192 811
821 99
781 491
347 293
534 927
154 844
475 895
190 97
296 75
159 377
51 212
23 972
795 709
846 168
91 10
834 239
94 89
910 175
570 794
368 108
341 226
555 48
475 77
8 249
926 931
31 779
691 893
144 353
550 81
362 581
123 828
234 11
421 87
5 487
934 149
467 305
804 57
136 419
817 89
766 136
127 182
270 168
163 803
410 5
264 530
488 26
162 178
155 114
59 431
173 22
471 62
53 190
108 69
2 518
402 144
887 46
607 109
672 9
594 7
54 112
152 404
763 192
76 835
88 278
153 635
131 891
217 102
155 284
21 242
49 649
24 196
695 65
98 99
863 545
20 932
68 720
670 369
157 760
39 251
114 862
6 800
14 485
127 525
104 405
92 977
73 937
142 289
124 197
405 363
40 405
512 45
941 758
655 657
197 968
177 888
888 109
486 115
112 810
95 195
325 134
223 509
421 47
341 152
13 466
536 194
769 137
177 361
83 776
195 581
711 137
128 398
386 642
173 643
32 668
137 45
491 162
162 595
84 792
601 331
735 539
792 430
245 877
118 975
782 355
29 194
288 536
633 12
133 52
929 115
439 72
7 90
133 422
902 912
139 671
7 997
981 615
143 423
840 101
266 138
925 745
334 106
151 279
453 469
359 66
870 55
257 622
45 990
680 990
172 702
668 818
61 433
921 189
444 741
17 351
112 51
212 158
161 347
23 533
147 59
188 333
889 27
186 550
664 93
86 115
506 828
75 601
259 980
390 879
629 64
913 510
377 681
240 184
788 145
45 857
233 731
723 11
87 240
5 932
187 740
535 13
135 147
931 75
698 176
649 143
46 245
98 236
118 176
55 400
36 515
878 458
911 177
150 623
134 264
405 480
181 267
869 116
86 579
194 465
51 386
429 932
146 47
325 734
381 459
574 25
170 131
462 972
100 84
87 776
853 425
98 296
915 674
98 903
121 839
577 56
763 801
973 50
160 108
268 103
410 96
166 782
559 115
722 442
24 541
651 85
63 226
194 13
86 145
458 27
369 378
116 549
42 466
93 809
679 168
42 798
89 370
6 485
437 106
512 860
33 911
238 72
26 194
392 216
30 269
54 856
362 129
305 634
661 556
59 736
124 129
115 105
667 116
149 345
184 240
882 59
696 274
395 50
57 336
165 506
148 96
516 128
48 557
98 18
102 288
155 313
307 84
838 66
897 112
913 122
832 142
769 194
145 245
159 350
212 343
466 154
68 967
978 198
447 122
143 646
75 929
587 45
300 351
150 374
379 314
39 136
723 163
693 104
200 758
82 545
565 45
699 682
33 211
416 121
468 103
117 947
843 36
172 907
323 139
319 14
236 145
584 882
347 175
102 114
133 267
100 70
53 720
138 958
954 76
74 119
86 253
112 603
43 581
634 179
983 137
191 678
467 595
833 69
286 45
967 209
120 771
389 371
507 110
132 259
152 960
232 160
36 13
636 812
54 560
192 41
218 469
454 145
211 49
147 825
147 55
803 278
774 565
997 792
605 924
833 961
82 521
864 946
839 671
385 470
743 166
162 247
46 834
188 605
89 344
500 110
72 963
378 140
106 404
987 244
795 140
369 62
220 71
943 79
724 37
52 896
114 482
26 741
59 428
172 362
120 559
122 100
248 749
57 527
100 701
37 315
90 175
517 695
610 85
51 831
875 93
97 195
695 516
215 190
179 54
53 57
414 75
24 957
640 615
808 599
903 107
152 583
32 113
653 55
933 844
5 522
203 31
566 952
139 16
429 222
534 787
11 313
86 343
306 657
190 158
9 576
407 182
672 94
808 329
157 167
567 8
447 120
456 43
100 22
191 932
959 738
66 11
160 119
327 647
229 176
48 385
39 687
182 110
896 160
66 886
115 983
332 770
91 616
451 68
44 165
183 99
40 275
60 666
286 63
355 149
419 948
872 151
635 127
127 246
4 159
158 461
398 149
379 33
491 179
811 148
299 315
940 50
848 95
571 525
111 518
343 806
184 163
827 84
237 104
178 286
586 178
130 13
50 557
55 691
567 441
776 597
90 406
599 340
683 11
860 1
220 145
177 897
41 252
85 82
90 975
189 674
995 210
116 906
171 602
884 135
173 577
212 143
396 41
145 815
263 375
36 737
672 704
84 371
415 50
355 685
792 150
613 270
839 631
994 561
459 174
41 290
831 79
699 563
158 156
925 200
55 626
487 139
653 609
470 109
344 111
140 854
18 428
868 11
21 238
612 444
168 209
21 656
9 828
161 188
291 349
813 916
659 68
437 73
873 337
21 187
688 99
188 685
116 72
142 970
177 40
37 827
160 35
730 113
159 999
15 45
899 125
421 16
476 79
847 449
276 153
52 576
799 509
62 457
164 377
981 45
636 112
606 148
19 720
441 59
130 15
182 897
693 68
796 643
639 111
138 359
793 612
279 82
971 304
966 191
442 589
16 623
185 100
809 328
457 813
529 853
958 99
106 643
112 728
422 522
990 173
396 499
83 528
743 8
133 91
7 898
610 174
104 160
702 377
585 174
554 153
187 738
336 35
225 11
842 168
55 348
175 410
514 183
352 25
51 882
6 848
166 753
45 817
851 136
13 513
705 98
82 748
65 190
570 855
200 768
498 636
148 978
447 415
23 183
679 450
277 268
635 216
10 111
182 212
11 648
101 308
164 13
998 717
594 125
577 194
6 338
181 851
508 10
91 444
982 786
59 145
198 268
529 7
46 104
83 476
866 442
132 76
94 313
656 177
337 964
633 64
147 549
894 374
120 94
113 592
596 93
441 151
145 723
68 152
709 156
494 965
299 589
317 26
490 788
28 232
978 159
256 956
756 39
533 280
79 85
1000 138
36 962
858 123
610 348
580 314
30 388
736 42
656 72
199 260
547 143
733 997
175 758
181 77
459 293
614 842
189 186
354 767
169 60
726 42
132 32
87 800
85 235
104 232
201 105
854 136
546 132
508 248
560 799
