1000 218707
2000
966 161
839 125
336 335
112 747
28 198
52 143
871 134
940 62
927 141
80 9
596 137
712 489
185 617
86 803
858 472
116 190
77 439
65 418
122 98
527 20
729 138
317 193
301 261
181 73
872 57
851 258
147 237
636 74
74 409
717 835
709 31
107 959
993 731
528 452
237 425
311 516
72 193
640 642
927 474
940 166
526 106
629 68
594 79
922 677
159 194
142 366
687 937
110 146
312 114
199 660
161 193
7 634
231 101
602 131
483 485
159 792
115 8
273 744
653 49
87 811
553 683
89 560
826 36
37 56
729 68
104 733
98 310
86 673
78 519
984 756
986 208
2 689
127 307
744 394
740 124
280 174
694 473
135 265
132 153
824 27
150 682
173 910
40 12
442 830
67 46
619 457
861 60
111 228
946 174
20 69
650 223
54 326
272 96
149 889
939 329
135 341
628 118
50 843
660 95
155 36
953 528
737 435
173 756
425 136
37 247
667 165
222 70
503 113
464 195
827 10
76 177
684 140
429 994
83 486
541 86
120 574
145 514
6 30
89 179
572 122
71 85
176 796
884 5
870 716
50 272
446 115
16 769
108 745
7 28
826 641
832 105
161 984
91 169
884 33
161 481
9 681
959 188
856 6
927 35
179 117
419 511
96 118
80 738
32 985
925 896
81 187
242 148
184 221
191 905
734 185
984 138
720 198
555 105
37 982
688 31
93 341
243 144
411 54
151 692
691 43
186 97
82 392
193 656
402 248
98 720
869 45
125 278
382 12
63 619
357 129
904 9
201 108
311 124
71 796
198 64
86 478
428 66
178 340
465 594
20 292
1000 716
812 149
540 573
350 296
962 181
854 156
398 419
182 424
675 169
174 86
335 125
53 256
138 38
97 241
971 119
61 717
276 514
753 89
956 81
198 267
376 814
138 545
948 806
51 958
305 107
570 767
170 541
683 413
460 31
193 130
66 374
699 41
116 954
78 902
46 825
99 806
166 164
183 108
711 751
162 491
930 48
680 93
40 917
18 849
174 127
210 758
747 130
65 547
130 791
815 33
113 670
14 10
434 541
819 238
984 602
578 124
268 176
958 141
54 565
529 103
2 796
832 754
265 12
547 654
428 656
116 528
450 71
145 288
106 27
228 74
96 15
894 441
153 833
944 126
48 258
41 963
189 853
688 141
509 443
36 985
167 56
262 860
116 183
29 969
18 14
470 162
43 36
938 78
940 125
480 600
331 120
29 376
164 396
669 103
912 112
11 233
53 53
103 676
641 240
180 377
170 99
536 84
445 174
174 275
292 786
234 130
264 134
487 36
19 819
156 139
276 555
354 938
78 116
79 178
137 549
135 988
130 760
146 490
933 200
56 150
816 59
103 953
463 126
159 788
84 673
112 50
162 655
290 827
534 115
898 6
757 520
28 832
854 8
48 599
111 301
575 793
540 48
21 53
320 41
288 344
692 133
987 447
442 480
166 963
471 179
113 58
773 109
718 185
830 896
255 49
128 730
72 477
141 190
177 3
43 335
5 71
165 169
75 477
177 81
804 363
134 163
30 253
854 24
50 216
121 796
556 3
836 24
91 551
181 657
179 638
706 73
14 72
799 741
100 79
197 166
158 181
144 257
150 21
28 744
228 634
627 201
761 9
605 359
721 127
761 446
108 140
39 296
104 115
426 79
8 71
27 127
100 663
151 14
127 816
45 175
628 87
91 830
288 83
109 489
57 115
97 29
8 594
179 4
1 303
780 139
188 714
35 881
127 389
81 742
803 787
9 659
77 84
578 268
222 133
422 236
199 282
169 470
114 475
47 59
361 123
442 117
704 196
716 107
280 580
382 67
128 575
527 234
410 945
345 29
918 23
24 983
14 58
91 444
555 105
430 589
447 117
132 769
195 589
702 64
208 345
732 67
378 167
28 664
110 623
704 730
52 228
110 135
97 120
142 171
546 95
81 671
556 117
20 483
859 900
45 430
75 83
765 928
41 51
160 672
421 110
995 111
117 903
245 47
109 736
138 555
559 194
19 623
242 10
204 122
128 97
902 124
439 152
899 165
132 766
269 146
304 145
156 912
194 274
34 272
765 185
256 407
25 87
46 886
483 25
128 917
125 95
82 308
177 79
584 75
727 283
160 697
42 681
182 790
185 182
350 383
676 923
140 703
766 176
52 705
262 132
330 189
63 500
64 118
68 56
910 176
357 522
43 927
830 99
175 92
572 276
96 914
530 149
111 527
960 24
80 111
576 34
704 145
189 42
73 110
621 491
174 504
188 419
776 209
551 769
539 146
172 437
190 678
185 546
144 148
830 56
879 108
19 184
62 8
456 922
870 130
908 79
563 18
380 719
116 401
837 19
688 797
849 577
101 421
116 13
122 976
32 376
186 73
362 785
768 693
181 225
51 114
170 549
532 191
541 91
778 174
385 717
44 37
105 189
11 532
926 168
5 41
293 781
98 178
805 113
629 25
158 734
104 329
43 874
41 261
88 7
84 421
137 10
58 110
349 275
955 998
149 268
105 380
6 27
158 915
195 461
202 975
928 148
55 715
550 988
508 750
168 526
499 148
65 163
534 55
798 941
471 509
74 920
230 368
715 125
130 159
106 906
169 320
107 564
714 153
27 155
101 750
63 353
570 24
829 55
525 363
54 263
535 230
253 31
65 468
593 22
621 42
24 837
557 118
73 14
849 190
958 18
568 189
158 376
255 12
949 74
483 80
336 824
131 450
62 80
404 45
635 680
115 775
417 48
13 185
940 157
274 833
143 671
120 37
111 195
475 144
323 178
647 12
37 309
53 151
513 310
46 72
187 96
801 274
110 44
1 819
45 634
58 163
691 668
659 228
143 974
409 662
81 477
144 1
95 47
111 947
442 88
109 903
142 448
145 38
21 707
76 649
137 153
582 19
567 824
11 522
140 836
118 990
211 961
14 97
179 826
95 170
666 194
122 87
4 154
410 893
697 99
759 56
328 389
189 372
678 106
190 771
130 615
550 638
100 309
160 255
809 764
822 148
677 34
86 35
937 192
859 811
301 550
6 212
145 554
127 645
160 466
106 808
911 13
188 732
123 187
979 187
303 491
143 406
101 879
163 617
860 487
188 447
3 48
416 191
92 802
803 59
43 508
45 597
406 77
395 123
77 69
65 178
291 42
569 858
386 93
860 10
75 634
217 639
570 175
145 765
86 339
104 99
182 561
108 923
252 177
321 176
271 166
249 11
60 831
380 88
77 17
501 623
160 139
172 652
526 70
37 44
752 844
117 9
529 499
156 732
23 92
29 982
402 829
281 903
182 903
477 810
637 384
79 87
12 649
649 80
179 469
314 46
252 197
107 285
182 948
19 561
61 827
57 642
532 266
129 84
144 305
334 57
70 282
82 591
1 28
226 748
35 236
288 168
339 313
449 78
544 108
50 157
407 271
626 144
910 134
800 115
459 496
837 95
89 461
689 984
100 335
157 122
820 952
690 737
51 20
114 47
640 245
344 732
167 604
108 243
735 2
61 426
185 682
188 844
137 458
701 24
72 555
238 107
149 255
106 381
3 10
468 8
159 70
61 690
704 152
131 586
68 610
188 152
79 34
368 71
810 215
85 151
369 83
306 793
147 946
180 107
57 157
362 501
866 222
830 67
82 438
153 144
650 942
741 855
467 221
258 96
663 18
630 110
797 688
195 858
737 618
113 259
64 8
187 915
641 108
124 990
462 371
937 825
110 832
50 362
145 123
156 28
538 391
239 423
799 23
367 504
276 166
28 186
94 337
131 620
149 381
466 149
175 235
99 699
341 11
625 575
144 159
835 138
276 148
448 794
39 908
78 539
179 16
141 861
638 154
133 487
93 333
28 206
87 555
993 141
19 107
94 546
783 128
99 149
743 69
42 914
443 93
582 187
87 241
308 113
470 147
753 101
99 519
729 613
650 61
859 65
73 218
814 431
49 44
80 463
112 684
36 77
15 906
145 837
51 295
128 294
882 126
215 802
1 599
694 698
42 599
188 940
82 445
151 122
165 970
183 37
370 358
918 65
620 840
512 711
38 73
125 454
470 848
194 697
34 547
960 41
384 600
7 393
889 199
186 589
153 424
704 156
2 91
170 829
238 143
796 359
42 835
42 630
350 187
427 113
159 541
608 891
24 124
120 471
480 21
75 920
818 64
32 992
155 385
257 33
274 65
151 975
942 975
288 152
555 193
56 256
992 764
126 490
436 940
40 299
302 87
357 343
171 906
916 124
412 2
676 114
456 74
21 901
52 725
14 749
571 153
37 366
73 70
153 696
939 186
538 712
304 773
63 242
15 262
75 914
690 59
581 165
84 43
893 840
504 75
169 644
500 1000
686 643
26 971
109 591
338 578
152 812
932 826
64 995
610 92
97 678
134 557
694 169
138 109
993 1
398 124
563 899
59 664
148 350
60 139
561 169
48 554
189 347
978 55
80 868
341 67
389 948
952 195
948 113
361 480
126 135
130 99
185 97
136 402
8 741
529 502
435 584
39 896
520 200
133 315
265 182
190 42
115 215
797 162
797 73
204 206
173 245
892 123
191 251
443 166
659 72
83 9
22 90
758 306
160 337
614 752
654 183
653 985
193 332
553 656
7 756
942 263
287 476
592 163
561 377
977 10
317 658
378 137
77 321
290 84
600 726
893 49
506 98
554 95
135 806
712 84
622 88
963 77
683 196
97 254
907 62
966 83
275 166
619 94
279 182
851 98
602 677
808 405
184 119
186 590
308 162
549 116
892 72
125 972
455 191
26 661
950 824
185 102
770 44
19 170
279 143
73 200
125 432
610 61
70 740
49 14
96 80
108 324
693 23
710 75
10 303
825 359
488 48
163 318
794 149
329 121
50 149
177 930
143 406
882 276
975 110
103 658
389 168
654 886
766 9
86 542
337 641
421 77
670 141
46 316
198 6
150 821
209 670
110 26
178 3
973 130
442 170
787 56
499 388
56 200
359 682
136 945
507 102
101 155
67 280
192 798
10 192
109 349
172 200
743 138
79 888
400 918
192 502
531 13
394 93
186 820
127 26
883 131
480 224
867 80
376 25
63 780
721 10
838 55
999 762
497 257
141 59
726 129
67 14
563 76
321 75
419 33
178 88
160 91
602 50
62 160
125 421
29 463
8 505
140 153
515 135
310 527
412 178
192 463
73 503
115 709
107 644
94 517
486 102
114 552
914 86
534 699
487 260
90 456
860 958
224 498
73 287
157 124
31 423
167 139
138 446
182 458
349 456
785 26
891 9
567 179
10 323
890 80
114 625
938 20
316 460
180 659
315 115
159 145
872 62
399 172
149 9
846 20
421 1
39 38
197 49
268 35
281 110
589 70
752 63
344 306
708 87
38 409
24 833
143 400
374 349
337 7
912 95
8 271
93 420
588 126
585 189
863 560
90 67
43 985
560 28
946 948
800 127
377 502
159 92
113 809
451 167
603 924
138 672
164 540
147 289
21 914
313 186
162 900
136 179
36 427
187 883
960 276
20 242
76 507
243 48
75 40
822 343
159 690
493 912
133 857
68 65
854 843
177 182
66 767
90 444
46 565
774 32
193 998
20 360
129 260
147 524
603 729
169 983
390 39
237 379
572 839
977 184
113 150
48 372
149 162
1 78
946 46
159 599
87 158
760 8
433 130
89 704
110 252
932 26
27 126
835 714
835 292
943 923
964 350
34 55
109 876
995 360
136 709
67 39
207 247
842 360
124 656
332 145
95 628
572 586
96 576
103 590
143 402
197 53
306 3
352 77
43 204
315 833
7 515
40 505
412 154
133 180
27 140
921 34
472 625
6 300
159 100
909 181
40 33
157 22
435 138
577 601
89 128
66 885
723 523
19 130
67 19
166 728
536 426
641 753
539 836
643 77
958 209
572 128
519 166
144 767
486 668
214 162
104 581
159 176
61 553
896 752
934 95
299 801
189 162
590 102
981 636
87 134
974 13
227 26
851 96
158 425
608 61
61 73
687 853
57 204
160 176
249 2
848 189
146 320
149 586
32 870
920 36
424 834
757 545
717 139
425 82
145 249
312 719
256 326
873 117
163 52
650 467
186 854
393 851
172 344
22 306
794 141
49 82
19 8
137 674
22 592
118 526
98 749
157 129
486 52
748 28
163 316
193 690
140 601
468 147
126 715
201 881
98 934
793 93
423 6
56 746
719 55
861 396
159 52
120 703
21 58
867 84
720 73
776 53
329 31
58 132
796 144
49 242
107 627
475 417
199 906
839 156
674 107
238 902
152 39
667 177
22 597
595 573
749 853
104 920
172 819
160 863
141 710
321 204
113 191
109 801
762 278
880 891
541 461
297 180
709 165
72 110
327 70
180 7
279 14
76 187
843 142
491 159
154 348
245 182
113 635
996 52
500 525
21 38
333 190
13 850
58 116
122 159
784 529
868 940
6 193
339 177
67 766
16 516
88 68
664 11
178 986
118 191
641 885
456 30
960 906
534 903
172 126
381 411
943 399
818 28
99 570
863 399
147 903
528 702
47 502
490 29
385 174
578 440
744 100
891 131
378 60
200 588
497 624
131 860
412 53
54 130
857 65
67 864
39 462
908 168
129 613
344 300
948 196
979 586
198 461
875 30
606 699
122 408
710 144
12 19
556 87
135 867
120 997
66 860
113 490
514 406
658 213
766 223
32 274
136 74
151 393
158 347
642 3
678 477
628 290
97 760
706 169
37 506
489 89
715 8
23 23
160 331
155 271
542 186
3 877
269 904
622 152
7 148
927 887
191 852
186 85
638 44
487 29
933 832
973 169
680 155
655 21
113 54
102 81
95 148
538 149
8 987
98 95
175 148
80 920
983 6
596 205
270 662
46 453
77 476
838 183
500 274
188 110
39 109
685 108
195 522
80 142
338 409
501 13
8 161
402 198
78 388
867 902
149 583
188 164
358 78
861 119
23 660
374 46
528 18
456 242
454 177
147 128
528 162
151 872
146 533
43 199
195 226
837 456
145 584
125 724
99 221
103 480
86 987
2 146
832 108
990 127
152 339
17 506
960 115
26 335
286 178
8 831
121 823
5 258
776 80
480 760
23 957
955 117
52 399
142 685
939 125
777 129
695 958
486 39
911 226
174 244
993 33
125 54
28 59
629 167
196 849
686 129
430 15
98 898
673 134
384 99
308 305
154 918
104 276
728 101
939 171
650 163
219 193
146 672
339 165
895 484
753 5
473 67
479 26
629 149
102 15
564 499
280 553
51 194
743 23
254 359
198 28
84 356
774 378
150 302
115 761
131 296
43 674
216 185
144 472
877 59
153 492
94 416
100 320
817 179
407 146
647 3
42 712
105 545
81 84
667 207
187 395
135 685
125 58
279 15
377 114
585 74
95 43
792 21
685 350
43 267
932 164
998 50
734 198
248 718
928 97
715 824
175 837
766 137
189 95
241 295
154 244
326 118
138 81
404 277
789 351
613 28
843 128
900 4
323 786
681 875
124 433
147 847
793 45
970 117
594 536
194 615
432 5
326 11
51 981
105 138
366 360
68 393
18 817
43 155
954 13
396 18
255 637
114 465
498 98
573 169
174 193
90 120
170 499
33 576
744 846
29 519
333 310
786 239
29 970
392 131
395 49
958 163
72 963
190 440
156 746
687 112
818 376
174 234
190 981
681 110
272 618
49 833
98 468
60 628
56 496
219 35
114 129
175 484
47 636
571 196
230 749
742 690
398 962
881 428
48 108
906 147
119 123
560 108
925 118
428 176
59 151
230 183
113 556
34 261
1 9
592 183
6 654
345 807
440 145
431 199
14 607
800 878
722 182
189 696
968 133
333 34
126 390
143 746
847 108
107 144
423 683
88 285
87 490
156 731
82 13
81 69
990 274
10 699
667 120
288 90
228 429
314 15
120 869
308 332
556 377
102 793
60 478
499 492
28 474
35 243
848 408
918 54
961 965
68 350
614 477
31 95
79 267
367 77
968 366
695 465
41 781
855 43
137 580
670 188
297 253
78 950
803 96
153 13
295 846
761 13
943 123
461 355
590 979
400 69
763 5
787 108
225 185
485 188
132 332
376 29
760 167
79 106
10 948
154 207
921 887
409 714
190 399
634 192
3 1
234 81
172 270
83 171
979 4
620 294
116 586
107 986
167 101
799 1
134 293
197 237
141 239
84 211
50 946
139 70
318 129
724 521
221 557
191 298
126 997
501 73
124 194
380 85
902 568
164 680
200 37
59 838
118 688
192 306
415 889
605 256
48 439
954 796
158 776
259 140
198 718
49 463
816 632
1 555
48 199
171 891
3 217
536 200
421 194
626 8
4 93
537 67
511 603
185 623
438 363
125 91
734 57
817 125
836 397
151 111
124 58
107 907
535 130
78 913
326 36
99 989
33 438
122 284
592 419
140 22
888 118
146 905
553 67
273 7
119 250
371 849
53 847
176 678
564 148
23 677
194 145
958 53
103 836
112 915
460 116
292 432
770 98
85 821
787 912
74 69
268 149
165 84
88 31
158 776
556 63
451 102
267 425
179 838
99 824
525 171
112 572
56 640
141 883
126 265
619 591
65 149
701 37
576 153
841 988
173 725
38 441
57 371
80 200
315 645
197 271
426 151
416 34
740 180
81 825
570 188
859 685
468 478
70 519
185 973
340 264
104 348
103 54
823 62
130 209
547 154
770 90
314 49
154 865
275 44
172 347
816 379
183 594
874 184
726 26
191 125
626 973
78 95
882 589
159 612
92 418
3 651
436 133
830 96
906 231
506 122
120 296
157 172
30 566
72 484
187 774
390 804
87 541
758 335
1 542
101 363
964 731
328 29
10 120
855 280
697 581
11 80
897 976
813 290
241 13
130 934
18 80
139 426
186 622
561 141
423 964
30 256
73 545
851 89
417 46
932 689
918 170
60 729
488 198
44 759
967 47
207 143
18 473
289 124
674 889
315 179
2 754
68 86
860 592
224 69
178 140
76 33
912 362
266 991
45 272
301 997
40 843
51 658
178 58
491 139
932 890
295 431
754 732
732 40
90 87
185 231
313 31
