1000 231460
2000
60 782
129 197
337 133
37 165
447 159
421 195
590 666
540 71
564 608
649 127
608 103
177 619
550 123
8 313
811 95
6 40
300 89
374 757
712 51
484 124
694 187
197 723
87 211
852 887
3 905
92 425
17 735
678 38
730 27
40 573
523 35
145 240
748 309
558 1
265 814
18 840
216 43
569 649
69 618
648 121
452 497
104 96
139 213
9 997
212 22
892 121
152 980
63 430
32 185
362 446
36 222
468 858
885 23
336 20
949 680
700 94
375 880
539 175
698 232
414 864
930 728
1000 677
105 146
391 695
91 85
108 928
142 121
411 62
502 648
188 12
533 134
403 955
132 732
402 143
40 125
256 163
25 477
37 334
116 28
91 191
158 337
69 854
850 115
196 350
455 698
916 581
134 309
617 623
231 197
803 83
890 889
548 158
332 403
114 884
974 932
742 89
544 478
585 261
612 170
195 216
607 43
433 633
922 216
184 37
211 551
134 960
535 359
812 806
49 320
175 2
393 72
161 398
290 376
155 28
371 211
251 137
51 585
240 27
118 769
942 69
196 765
55 509
571 105
652 291
45 464
22 229
600 677
163 136
876 138
72 472
477 810
257 4
86 181
800 581
936 121
957 267
643 12
96 922
102 62
921 4
152 624
14 105
701 76
733 477
80 552
41 920
123 794
103 34
228 303
4 863
638 143
707 55
910 346
118 446
470 370
643 143
899 48
577 167
72 374
801 679
145 622
439 433
235 416
78 447
136 954
184 150
591 210
626 817
159 54
565 910
126 874
129 71
194 190
807 136
461 786
190 265
407 7
662 467
35 259
63 191
73 167
40 264
749 64
137 689
858 339
914 289
97 109
786 184
684 564
705 112
48 969
208 851
122 680
410 563
194 506
143 674
432 112
593 803
24 767
60 62
415 88
778 172
705 410
906 23
146 443
606 211
596 153
189 607
475 51
82 947
486 335
744 312
24 72
715 19
383 126
151 443
84 453
823 358
270 788
160 974
20 985
151 826
371 310
48 21
170 137
75 890
877 147
73 964
111 406
160 747
980 219
142 192
64 185
599 144
885 18
167 73
848 745
149 774
941 78
178 139
19 101
14 698
957 197
76 228
563 57
525 121
148 967
61 994
160 86
121 674
537 86
774 185
252 198
52 752
577 194
71 256
163 725
92 57
542 132
25 652
108 426
922 594
503 54
189 664
795 634
958 41
367 15
104 983
161 763
815 33
174 104
106 246
634 737
144 650
674 659
664 981
58 217
153 737
200 66
636 19
281 718
152 725
97 178
962 171
57 193
116 509
239 875
166 592
946 106
640 15
168 794
254 194
502 487
801 675
6 859
5 584
150 137
535 556
144 109
891 329
543 113
377 791
401 167
74 896
188 51
198 581
18 650
732 161
278 502
225 100
796 55
979 105
765 882
201 23
277 155
365 6
134 471
61 618
124 263
75 700
129 74
35 874
410 57
92 999
147 427
6 532
761 108
45 621
594 619
80 631
169 926
36 196
682 134
128 137
69 406
172 499
445 69
151 982
190 883
215 598
138 539
549 117
497 108
472 157
127 215
186 479
995 78
754 501
57 33
265 813
119 246
984 119
180 54
238 417
934 690
190 806
152 117
550 274
141 454
188 183
5 350
176 941
550 108
173 177
461 47
45 496
16 914
82 16
522 183
181 157
994 187
75 396
601 888
21 974
80 97
340 186
38 800
109 505
60 518
197 570
143 351
710 165
605 92
118 698
194 930
744 11
218 155
836 270
690 69
84 186
659 122
706 774
10 540
747 82
466 883
112 450
238 188
102 399
91 654
65 920
310 608
979 97
683 177
8 859
378 121
155 318
731 488
144 419
890 43
464 111
857 191
820 25
411 60
183 393
119 514
39 80
841 96
15 506
153 791
109 187
91 937
126 537
169 369
214 91
73 436
186 981
953 21
111 663
107 296
42 853
530 480
384 12
155 236
347 151
242 603
113 966
583 825
148 589
170 123
807 174
182 537
693 116
49 694
113 839
449 542
510 200
566 870
186 351
45 283
967 345
632 89
717 37
28 932
41 170
160 389
368 559
28 794
152 546
36 636
45 394
703 981
132 954
60 786
110 242
54 194
872 116
160 23
169 692
688 32
62 799
776 419
782 486
9 801
964 93
623 532
371 131
489 936
48 537
129 629
214 187
639 68
180 306
527 906
9 72
87 421
91 757
933 314
651 57
823 783
518 620
462 86
261 548
186 323
69 183
571 515
47 785
686 745
304 185
262 308
613 801
79 933
39 994
36 112
157 605
111 181
583 170
156 167
137 515
408 137
61 174
167 141
443 147
824 219
110 103
131 361
469 135
167 137
857 713
62 718
869 176
365 207
400 201
962 861
49 930
778 175
178 762
412 630
209 188
142 199
560 186
60 333
996 156
94 454
908 92
984 11
34 54
190 798
549 180
164 924
117 310
815 127
87 991
290 779
993 161
668 303
327 761
815 169
685 631
92 681
71 793
327 176
173 800
58 302
64 628
710 23
64 781
951 998
716 118
893 71
126 148
407 31
592 171
169 342
756 54
37 756
792 906
649 242
766 134
603 109
376 132
46 121
427 400
90 324
124 244
804 681
224 28
215 13
805 517
354 129
108 930
466 999
1 553
491 883
160 55
158 261
157 665
305 23
48 498
486 896
786 64
547 49
772 768
391 70
1 434
959 932
235 124
227 320
372 982
82 696
11 515
112 153
64 19
26 628
143 879
601 8
46 393
66 510
313 44
900 18
718 352
183 769
997 145
33 441
986 139
523 301
187 166
99 442
542 54
88 201
988 122
663 434
668 134
30 223
112 874
967 137
173 339
939 79
91 396
40 875
58 475
441 178
41 645
466 140
236 137
857 150
56 256
811 91
815 709
22 347
901 148
97 824
110 443
419 345
474 151
91 605
224 120
189 118
195 78
273 180
713 99
577 817
26 418
173 437
789 894
5 183
640 79
187 183
74 19
134 98
137 136
52 32
157 460
838 62
124 469
284 70
999 71
7 959
728 99
134 432
79 184
689 783
290 140
660 50
80 779
111 505
155 299
151 302
843 14
264 51
129 443
619 854
63 600
87 276
460 166
70 257
143 347
154 956
217 72
765 964
277 199
282 100
204 129
115 999
87 590
119 190
561 21
106 481
20 835
39 13
17 270
969 188
156 95
64 160
268 663
327 160
430 15
204 781
264 75
874 700
36 275
22 985
83 685
151 969
141 762
97 3
570 214
18 61
94 180
811 194
982 960
45 74
127 457
80 136
55 15
130 127
11 409
68 56
7 357
252 6
487 139
75 717
270 22
92 361
147 968
202 867
88 68
293 4
338 528
969 178
143 178
38 486
87 398
48 322
987 452
366 129
83 557
538 92
372 126
174 152
133 837
58 947
678 52
420 632
32 256
178 399
32 492
4 76
505 15
206 41
64 121
188 594
153 553
391 735
696 4
403 414
85 203
537 93
881 840
153 216
12 1000
135 675
818 562
382 143
98 697
161 60
783 187
274 193
267 639
769 22
118 233
153 194
729 150
10 929
33 839
773 2
79 70
60 698
27 877
161 818
509 23
407 151
348 182
270 710
470 882
744 377
425 241
42 28
438 186
69 928
161 678
312 647
29 359
23 853
651 8
184 87
207 87
940 538
959 955
188 952
587 194
55 715
535 175
827 677
36 267
70 614
97 938
80 137
886 358
144 126
651 294
134 475
455 874
159 689
67 542
52 672
710 655
579 103
386 582
669 172
997 97
272 196
65 823
798 166
606 177
130 777
652 8
888 235
717 861
374 919
200 1000
657 321
565 28
568 83
207 317
4 906
503 46
95 9
43 158
42 254
360 28
12 370
93 88
610 198
150 162
292 193
798 746
868 935
25 631
533 973
21 408
201 737
121 361
19 619
130 104
78 59
249 624
64 859
394 353
745 49
77 281
504 163
22 436
854 117
725 597
958 28
913 661
455 24
482 84
176 561
863 174
407 52
630 57
931 440
475 491
35 149
192 701
229 725
846 97
420 90
466 239
17 65
502 162
247 8
115 2
714 99
196 472
128 75
147 460
67 243
812 76
146 57
768 43
234 167
622 85
344 722
60 67
484 150
962 85
45 923
941 564
171 942
449 25
146 94
193 132
87 31
158 130
77 805
129 727
136 574
132 91
99 475
79 851
32 356
380 179
137 797
108 115
160 356
27 696
575 151
225 498
779 938
13 206
345 433
116 95
510 185
190 429
242 680
831 615
248 131
443 842
571 153
171 318
4 73
70 727
781 98
34 132
69 69
59 751
16 58
797 756
141 46
51 407
20 172
165 233
44 188
37 710
780 796
596 199
576 496
583 688
511 102
780 152
421 99
732 83
100 556
253 612
94 5
576 437
833 413
277 266
838 591
916 216
131 693
255 627
723 746
824 702
508 141
165 860
720 66
664 213
461 108
735 147
773 825
172 96
600 13
153 270
875 146
666 737
724 37
103 381
353 97
160 334
6 714
193 496
980 528
195 504
102 489
7 154
432 57
6 198
735 121
238 154
689 127
152 840
94 972
155 632
613 170
151 541
530 168
753 145
698 144
135 345
925 447
83 112
436 36
992 72
479 141
165 757
518 880
67 481
110 168
82 737
190 25
953 522
25 925
468 28
895 26
797 99
358 54
706 129
850 141
170 122
986 143
3 246
96 61
85 396
731 32
556 113
395 813
46 804
170 587
55 448
97 486
228 15
173 309
582 998
445 122
877 816
733 141
938 18
509 570
842 96
586 301
363 795
33 833
68 955
165 3
65 436
159 878
326 772
368 146
610 34
1 420
377 109
84 899
188 789
582 10
48 256
231 36
184 981
44 412
568 9
446 238
449 8
829 731
836 197
712 93
840 106
286 87
232 916
167 358
45 389
462 642
185 11
81 882
82 551
929 43
566 111
951 360
536 64
26 867
145 43
857 47
475 104
195 822
826 10
697 58
601 32
492 136
194 331
153 893
145 571
82 18
162 861
974 812
990 874
170 601
871 478
581 107
213 152
667 46
691 5
639 994
977 630
155 818
665 759
105 260
851 148
41 478
761 165
911 236
143 8
128 445
763 96
111 393
618 603
528 85
746 155
266 113
501 51
583 663
152 82
914 539
893 168
275 135
314 524
396 102
371 624
136 313
143 182
29 701
427 968
117 45
167 43
98 590
146 761
68 928
19 233
171 474
288 154
139 970
162 325
101 55
111 562
489 238
389 684
93 949
151 786
416 944
380 794
971 26
654 442
92 57
534 557
137 521
600 341
211 95
114 284
274 870
13 160
298 855
49 798
651 11
77 18
790 145
672 80
690 481
332 24
175 511
27 864
197 386
44 33
186 219
111 959
413 6
184 102
646 240
987 357
105 720
253 126
823 86
460 919
3 233
198 264
30 251
14 128
178 423
189 562
117 320
92 275
679 935
173 260
155 312
467 420
757 55
531 627
170 826
36 815
136 44
964 907
890 252
552 42
327 125
191 418
73 68
132 15
193 207
137 102
793 777
32 105
183 686
79 74
303 300
664 109
70 196
500 134
181 827
184 370
522 831
176 368
408 407
603 524
468 228
91 304
143 520
88 688
171 536
217 168
982 62
608 189
272 999
984 181
157 992
911 52
47 416
91 474
778 18
45 497
167 788
164 419
507 101
335 68
583 66
33 5
711 52
84 581
73 29
344 13
138 936
797 65
792 92
662 63
79 500
38 487
817 67
872 120
21 647
63 814
550 367
11 187
190 35
116 560
467 170
59 958
352 167
613 25
187 519
683 167
156 401
945 96
119 983
436 52
3 291
84 775
195 873
122 385
619 621
194 517
965 139
15 170
171 841
18 543
365 3
30 698
805 199
206 52
636 194
492 3
509 150
132 656
35 2
643 102
314 336
715 552
840 7
41 154
886 971
86 135
224 29
318 6
250 262
99 177
258 93
778 136
427 192
106 400
11 239
504 178
184 973
530 22
584 739
423 90
48 796
140 213
608 173
155 847
165 605
772 97
164 620
323 595
32 299
180 88
82 195
11 801
199 330
422 362
123 460
263 3
197 82
891 28
103 871
89 316
38 112
276 192
128 936
106 384
174 38
44 508
400 302
415 119
151 260
194 900
64 112
145 651
403 350
262 154
776 152
71 593
178 287
18 34
103 962
708 106
998 887
180 720
539 19
497 973
72 162
82 651
20 531
151 172
948 62
12 387
90 52
51 224
772 888
6 894
362 78
586 207
40 195
122 946
638 517
14 522
930 150
62 466
724 359
658 27
167 125
59 163
811 457
897 113
61 313
615 141
141 119
135 734
4 170
55 632
630 96
43 882
998 46
485 26
334 643
183 925
154 778
545 176
263 341
241 284
650 88
575 17
319 45
20 109
772 82
940 120
113 419
421 54
737 39
160 622
542 164
153 364
794 304
720 451
175 532
70 713
614 137
101 947
10 502
17 716
350 160
24 375
500 92
307 36
557 159
272 141
254 64
310 94
476 173
448 147
588 242
45 92
907 736
44 463
879 48
49 95
566 116
158 77
80 612
42 938
371 54
464 90
161 693
72 874
191 161
62 83
231 362
698 165
913 176
72 178
78 36
84 835
176 793
653 16
33 518
773 24
671 210
280 772
197 33
88 75
180 165
861 349
48 711
941 94
998 655
371 329
15 69
131 461
530 710
5 554
151 675
941 121
139 823
652 182
57 276
105 4
863 225
44 577
463 976
774 884
14 657
50 939
467 277
17 195
135 936
127 594
618 55
89 178
967 106
268 37
358 76
327 17
162 826
127 36
139 467
283 878
782 42
666 193
199 342
256 165
68 423
14 291
261 766
229 82
401 649
531 276
156 73
961 130
257 224
53 563
182 236
377 200
584 30
623 27
605 149
45 97
909 33
12 733
407 406
59 323
55 525
569 722
508 854
112 44
689 163
707 844
485 478
25 507
868 143
997 137
833 197
3 236
269 889
70 158
827 466
912 848
23 32
439 43
687 103
360 68
907 530
653 22
62 652
900 20
457 153
738 174
369 803
974 672
704 546
481 94
367 991
688 73
87 893
59 993
132 772
678 791
189 383
820 23
318 400
163 669
150 389
833 66
76 47
978 397
656 759
695 155
108 788
835 152
24 190
56 538
28 17
193 55
230 392
180 468
611 32
538 952
152 120
117 15
404 5
762 179
24 563
9 246
212 18
184 519
84 896
196 537
120 802
771 380
836 487
355 12
60 92
114 655
440 562
109 98
111 927
23 925
62 417
272 113
22 180
436 121
878 181
497 12
142 443
867 14
98 986
152 428
40 296
867 16
574 752
673 71
62 619
390 144
445 83
25 718
135 621
152 133
265 32
22 62
466 111
198 155
715 107
404 11
154 375
455 144
849 71
99 767
66 141
597 845
29 614
819 89
754 142
93 892
51 44
947 279
744 126
246 406
515 126
903 23
62 751
853 850
740 82
393 159
20 885
78 493
134 111
350 215
841 257
29 866
62 193
182 104
764 120
561 156
125 98
61 173
478 257
297 19
6 930
864 47
520 533
65 78
161 36
574 61
272 282
945 782
46 55
931 747
184 983
995 703
96 657
504 194
17 741
792 786
469 354
197 293
15 999
990 43
198 508
306 66
994 764
760 932
54 893
38 987
153 419
524 197
433 801
969 645
399 598
289 140
916 115
301 186
333 730
638 144
54 571
125 995
140 186
286 90
144 534
888 2
180 581
335 137
329 72
945 200
532 85
58 704
840 35
183 125
148 272
159 210
444 146
141 101
628 53
136 470
365 386
295 537
337 179
538 138
381 95
114 114
23 992
3 792
88 420
882 140
145 674
47 807
5 709
11 580
125 397
417 137
409 32
785 97
269 511
86 177
158 773
23 424
746 158
766 466
89 544
604 177
50 56
178 929
286 511
525 185
842 183
689 18
96 18
20 568
900 454
346 268
122 77
68 773
334 126
43 67
715 536
764 777
918 106
145 586
169 766
417 347
4 731
346 925
193 871
525 80
426 45
115 448
1 891
63 569
928 163
141 37
531 111
806 22
381 145
313 858
475 659
882 288
127 806
681 191
39 729
591 196
44 750
196 693
57 824
832 875
976 88
260 379
292 178
42 728
114 264
181 230
717 508
156 704
935 47
895 507
57 712
89 124
56 213
496 417
136 161
98 48
337 569
878 534
609 65
71 836
76 333
786 70
590 111
2 133
68 108
582 732
985 925
49 184
182 234
346 18
661 292
198 353
17 449
142 329
457 105
842 445
667 132
149 141
458 169
923 92
645 865
515 61
982 351
333 162
479 156
119 2
160 185
80 698
761 474
26 177
312 196
859 126
110 506
159 727
451 188
349 693
39 500
193 129
194 499
565 195
930 56
84 104
35 155
65 159
110 778
670 965
158 765
34 406
324 163
536 536
802 452
195 7
749 571
207 66
774 863
959 169
842 81
117 189
149 479
994 323
116 460
306 910
326 997
107 469
479 5
89 401
924 139
37 461
19 6
48 762
191 376
842 916
536 123
165 407
193 15
83 299
154 206
22 870
742 463
110 587
747 263
153 901
366 198
685 412
318 319
118 12
98 69
683 308
110 871
578 956
750 514
627 89
461 28
93 308
155 199
997 689
95 853
192 585
650 483
126 416
325 754
765 132
711 118
93 408
58 528
710 114
436 737
552 251
183 55
740 112
582 102
49 626
541 739
15 910
110 905
160 246
78 371
124 865
729 44
848 554
198 526
116 133
61 152
175 992
459 103
92 185
734 908
212 181
992 668
143 311
200 687
48 286
332 198
975 110
946 19
85 240
329 151
860 35
141 261
112 570
806 60
992 97
717 149
124 96
39 411
88 678
59 1
318 15
150 370
877 68
183 971
635 4
11 832
446 172
307 2
118 620
382 882
111 603
12 920
89 283
378 969
44 318
199 608
320 39
6 541
923 64
991 489
383 404
676 5
350 182
168 645
41 128
517 649
13 424
862 295
534 955
127 592
123 46
40 656
153 893
144 160
449 931
402 803
62 174
327 944
156 49
565 161
752 690
158 246
400 488
992 869
40 877
