1000 1272928
5000
640 924
447 540
206 619
578 826
409 891
921 912
53 7
867 226
42 637
786 856
944 222
108 80
420 624
288 703
865 125
773 624
736 285
620 296
861 740
29 60
581 254
196 886
300 274
844 338
483 452
168 167
840 145
805 450
615 804
436 723
476 996
624 219
314 87
213 208
773 726
115 501
780 65
734 624
187 104
189 70
900 493
286 676
331 946
685 472
299 765
632 475
335 767
867 118
961 444
283 531
107 659
85 199
311 627
687 401
956 930
40 167
394 258
673 721
862 546
740 751
126 565
485 264
376 817
497 418
254 227
253 549
919 680
618 174
279 538
373 188
848 941
817 57
587 641
791 572
988 109
542 556
464 757
111 411
127 452
873 903
586 23
675 326
331 412
122 166
494 148
88 974
408 835
551 827
44 524
174 749
434 719
945 380
923 349
559 67
363 81
768 375
15 206
190 338
433 623
193 86
840 389
22 500
230 306
628 571
745 340
294 834
354 523
882 954
402 870
541 819
755 506
865 238
984 311
290 706
712 185
383 220
577 341
24 167
843 121
747 950
713 296
561 736
45 536
262 502
365 925
867 499
457 442
105 824
114 249
225 451
839 849
207 412
91 449
30 16
778 990
134 78
292 483
625 322
609 39
557 212
468 963
539 314
853 231
244 62
751 384
662 863
620 790
288 365
245 308
662 193
562 811
938 802
133 532
838 198
998 828
28 389
615 396
215 250
521 230
814 655
269 464
798 419
441 54
169 474
36 904
826 224
387 968
624 978
879 444
677 331
757 999
931 489
114 90
933 880
377 232
953 514
811 137
253 564
232 845
835 584
636 490
644 783
950 205
310 779
120 892
954 442
255 888
654 734
693 528
959 917
621 294
216 753
740 454
266 541
498 114
572 820
129 557
442 167
318 325
753 520
504 340
815 792
97 181
696 586
319 661
236 769
658 930
995 281
430 65
782 635
959 506
737 314
998 589
134 939
269 137
961 82
683 939
382 803
435 418
294 957
315 647
258 136
949 915
733 640
112 838
769 511
466 744
425 923
776 885
354 997
24 584
459 196
440 58
879 941
55 261
11 484
745 428
311 404
373 996
470 635
143 666
784 548
436 895
428 411
749 260
516 909
282 846
362 452
12 344
951 575
214 477
414 284
933 98
901 280
408 96
153 46
98 676
644 538
874 384
787 435
295 918
825 266
839 213
1 264
658 752
630 836
878 585
140 118
895 416
896 923
12 30
951 25
417 932
522 315
932 422
353 288
785 170
967 758
527 558
430 635
139 33
746 827
477 288
576 790
428 73
751 511
658 499
696 76
151 856
972 642
672 981
595 952
166 857
571 778
734 139
436 146
900 108
964 413
4 708
919 896
834 710
847 446
869 656
730 305
499 577
291 454
210 430
730 588
339 435
496 678
790 350
118 402
940 210
345 149
604 966
759 62
722 791
104 425
813 970
219 585
830 283
377 830
572 139
678 43
45 140
842 273
7 344
827 108
606 825
110 583
676 236
168 295
977 662
786 913
714 895
102 978
684 92
152 889
636 699
451 905
691 548
111 399
732 468
426 805
522 700
109 361
555 31
282 697
203 468
514 429
845 805
901 637
505 551
353 487
167 719
499 72
997 900
920 517
136 454
731 144
657 684
362 11
771 916
334 35
574 558
212 984
903 836
122 68
683 530
220 62
184 840
701 631
653 209
887 123
254 573
25 317
543 579
188 97
910 502
214 676
812 430
126 758
515 503
161 542
679 436
608 211
499 59
410 288
632 544
404 139
702 68
13 397
603 928
152 288
440 166
481 265
404 448
28 457
914 851
80 282
846 510
2 693
13 45
109 375
855 356
86 166
139 956
668 869
230 573
159 794
518 18
517 565
871 425
525 739
938 846
675 522
134 407
484 577
439 636
481 148
578 821
629 184
22 148
19 101
520 399
318 294
182 400
352 815
389 861
337 448
962 75
984 310
617 143
970 108
496 41
102 381
302 335
188 432
969 636
58 531
443 692
382 561
517 137
561 257
203 528
235 769
816 853
881 745
928 21
993 619
467 892
702 583
956 417
924 195
956 725
451 481
621 519
387 949
81 200
209 342
220 808
818 286
327 13
318 341
297 789
528 483
29 766
301 305
972 335
114 863
118 259
689 354
572 912
406 162
503 632
902 445
236 784
105 129
341 666
751 609
363 990
499 895
66 479
739 893
778 578
903 220
630 491
244 280
904 124
391 397
294 978
320 815
558 950
210 594
214 453
876 134
388 427
678 962
139 875
462 164
867 905
344 670
678 190
810 9
363 201
305 847
675 488
785 689
822 8
495 430
702 268
739 999
319 971
797 237
790 223
855 885
591 756
433 834
963 690
991 925
607 171
549 612
335 585
857 813
162 270
64 286
815 857
82 639
685 286
92 600
264 685
516 68
123 884
779 784
724 218
91 826
427 298
569 555
955 154
60 461
832 368
794 238
89 636
525 768
878 849
520 82
858 608
101 936
897 486
954 51
69 572
914 330
939 652
680 640
74 56
540 97
14 393
211 594
220 858
443 515
572 818
891 324
734 890
491 841
22 62
261 521
566 250
80 623
143 614
48 384
429 156
649 127
715 836
438 15
966 321
304 259
625 284
768 108
930 109
111 635
866 352
301 651
57 444
482 946
188 717
344 802
324 632
316 344
378 196
944 566
674 921
302 506
891 225
2 685
739 175
11 479
142 237
216 394
980 128
476 641
925 279
117 575
756 580
576 586
172 32
682 325
547 63
326 338
709 507
8 622
364 513
210 201
211 722
815 647
365 608
336 805
256 984
297 614
672 625
941 368
754 890
413 977
768 927
199 486
654 827
113 225
612 585
469 505
548 922
941 920
426 527
203 506
978 526
635 348
387 231
688 751
909 102
982 632
7 738
487 616
353 74
361 881
74 947
262 654
660 212
373 186
20 884
565 794
361 411
356 552
561 747
469 841
498 419
263 538
167 857
513 419
53 52
207 529
905 54
135 102
264 336
138 361
573 980
604 954
308 191
920 86
889 128
551 337
365 768
427 538
107 676
20 683
657 570
281 255
635 592
221 155
302 566
728 283
714 640
634 644
630 119
118 337
467 950
936 741
800 530
125 475
341 74
930 103
593 347
742 227
562 758
658 508
937 34
792 529
847 695
930 396
954 188
697 371
331 180
422 507
831 969
583 935
437 433
705 383
796 27
631 876
856 650
170 898
402 20
602 702
587 255
413 918
173 386
457 64
904 704
13 238
450 310
952 499
198 833
99 317
337 228
913 111
591 479
948 250
771 722
641 894
972 413
427 418
225 827
127 355
25 633
712 252
684 122
517 667
105 177
393 232
996 861
492 251
521 453
251 457
673 880
992 847
310 943
91 793
963 952
169 68
276 223
894 564
567 827
526 34
31 95
449 890
104 58
580 251
790 723
412 667
251 649
183 647
589 493
29 615
178 357
709 889
605 47
227 794
150 664
466 645
386 994
367 187
293 109
599 235
560 220
394 94
249 774
974 643
324 649
803 840
451 8
353 697
223 813
522 605
120 333
515 807
638 280
335 251
845 564
71 689
67 9
653 609
296 840
463 308
822 171
528 128
456 290
182 815
581 399
145 68
376 19
488 531
531 345
299 123
981 342
745 771
694 66
904 993
152 531
824 870
379 811
231 864
636 915
425 192
499 90
972 412
347 972
929 718
99 200
145 20
101 504
616 507
213 402
103 76
504 909
799 112
790 131
389 630
725 342
664 791
495 131
835 385
686 487
304 737
333 538
984 125
996 626
151 705
982 934
844 470
58 316
914 783
759 955
693 91
904 116
752 78
209 41
283 901
217 886
271 115
259 116
960 223
166 886
963 353
777 175
105 946
532 194
16 963
461 809
293 649
542 658
699 230
883 817
882 352
592 738
722 441
412 631
863 670
382 925
460 809
746 188
894 524
802 151
614 515
599 572
822 424
995 496
857 355
827 502
108 465
778 492
568 132
901 58
235 96
681 635
916 126
54 363
449 51
772 669
772 942
596 185
878 250
158 163
737 505
459 313
888 344
945 460
942 694
801 163
949 192
938 970
745 132
887 761
571 928
907 419
456 156
256 247
980 991
184 599
194 410
485 453
12 592
139 649
646 267
233 597
569 107
74 497
433 537
446 51
462 834
475 32
531 115
988 851
105 662
507 377
170 485
723 97
576 404
597 675
99 545
777 765
453 86
943 482
933 231
389 172
579 465
643 450
995 711
543 866
468 114
730 381
634 819
376 712
696 28
253 939
251 96
178 154
421 987
899 828
458 240
584 444
961 288
164 311
449 666
749 775
245 140
356 19
999 220
582 750
776 41
345 930
447 821
339 163
525 34
864 201
405 869
201 379
587 304
131 181
172 404
200 650
328 793
64 797
634 238
644 43
78 948
320 709
394 220
382 668
927 13
187 465
712 276
355 181
734 462
861 608
651 975
188 596
125 597
715 533
514 565
905 360
114 735
227 462
109 989
218 742
517 580
888 535
366 799
284 325
347 132
575 471
771 773
209 260
787 582
893 956
740 680
701 764
919 244
58 516
331 392
413 651
443 667
749 53
839 955
338 958
758 893
676 86
95 629
88 270
153 62
452 163
108 688
905 189
745 488
638 707
251 843
8 717
192 323
539 473
276 188
220 467
504 210
214 6
136 40
336 289
555 301
77 210
955 878
979 813
912 904
250 105
617 676
694 200
26 529
76 85
19 705
840 806
201 284
981 482
538 920
56 683
677 927
993 346
391 597
773 576
139 279
195 286
352 919
963 830
599 473
875 511
231 373
987 353
494 889
599 918
521 326
453 566
128 757
856 816
546 922
667 125
733 743
373 14
163 429
770 148
449 522
548 720
867 190
370 511
930 655
288 835
791 129
319 657
447 57
467 786
409 268
428 208
993 881
649 550
124 348
611 879
414 66
423 522
492 152
893 798
651 141
496 468
62 982
780 164
859 814
624 858
632 486
262 504
928 457
138 586
483 503
275 739
785 802
326 957
203 60
826 55
492 688
707 19
260 976
961 977
769 920
648 782
508 110
339 752
625 788
655 271
268 86
265 720
700 723
169 249
589 73
711 310
506 147
248 139
564 525
578 288
261 5
717 309
935 489
547 366
706 162
961 923
543 636
249 587
604 137
326 203
677 192
172 728
970 473
567 499
757 34
605 682
986 57
165 241
753 712
622 259
818 285
171 982
606 632
343 935
721 695
51 980
136 971
587 481
924 901
657 692
326 899
37 896
189 469
646 656
710 981
549 753
277 748
83 417
321 889
649 644
463 134
364 477
210 753
433 675
44 362
729 30
957 493
545 812
37 785
491 388
43 64
840 442
370 122
676 843
557 35
343 101
31 73
455 1000
757 534
824 138
387 477
6 439
981 970
315 687
341 495
579 56
212 571
653 650
157 307
584 425
715 840
333 94
208 144
764 886
671 914
765 25
397 993
865 716
408 42
219 406
864 998
692 919
842 42
258 823
659 236
457 519
843 322
389 35
932 77
729 78
91 669
303 593
949 905
860 10
192 461
185 160
897 904
138 287
878 204
370 998
99 921
137 193
640 293
268 859
45 366
250 296
867 142
785 262
929 271
639 515
314 733
734 85
143 834
560 267
37 297
680 858
586 390
831 797
44 627
34 203
970 574
966 187
811 412
428 411
125 657
369 182
735 935
449 206
104 350
33 914
924 267
521 686
287 477
110 677
447 295
522 597
178 562
918 50
837 715
744 93
673 392
994 15
120 606
474 64
256 85
761 784
351 500
370 64
108 684
826 855
251 802
754 627
189 730
141 307
867 256
51 2
812 593
22 886
671 579
519 291
586 253
59 890
551 433
964 112
110 952
792 963
904 490
566 968
183 66
382 633
500 774
626 910
828 421
948 927
721 276
678 429
726 270
110 851
263 164
938 323
926 786
650 72
388 961
809 376
739 811
740 181
748 794
738 84
583 502
394 733
495 338
41 314
374 938
114 21
676 644
442 916
525 626
484 323
884 589
22 757
822 707
204 249
595 929
220 725
37 411
99 221
505 945
982 301
171 535
561 392
800 366
616 876
726 134
579 337
479 814
751 594
945 180
857 475
845 611
65 497
128 492
364 834
2 878
929 419
969 516
156 299
932 617
43 960
115 253
708 881
219 190
460 365
990 166
989 633
315 483
652 681
476 926
441 227
485 746
667 828
856 479
864 802
148 597
985 293
807 419
110 212
181 430
622 560
135 673
631 85
962 331
433 915
651 954
868 778
672 234
969 607
391 83
702 315
846 420
449 109
812 637
433 787
691 25
693 794
185 348
698 455
68 701
150 569
271 413
586 661
758 402
214 376
34 367
793 542
698 936
76 90
34 328
840 293
835 246
762 215
683 323
712 856
431 564
639 138
964 357
921 130
117 302
343 797
196 309
974 794
190 540
984 709
508 139
362 828
624 565
444 795
374 659
156 996
956 924
391 115
609 394
257 472
283 134
923 272
65 604
153 309
54 510
958 386
764 189
325 711
569 486
424 821
367 355
889 860
779 810
886 704
468 449
348 570
879 152
172 907
733 781
358 495
526 929
23 152
993 599
929 195
654 85
160 244
193 144
722 237
838 429
83 18
876 430
481 456
793 467
530 809
196 484
306 880
776 885
888 681
104 817
581 943
995 848
509 815
789 310
77 336
13 117
798 616
882 381
473 800
804 192
995 568
483 871
766 100
284 433
49 658
97 789
720 283
294 730
717 200
51 687
885 985
616 303
3 38
547 354
317 253
895 968
480 290
138 413
949 1000
443 183
556 795
492 316
823 192
788 132
608 495
633 948
811 242
431 900
948 772
702 81
107 243
525 136
794 699
626 908
705 795
366 421
607 267
165 755
907 237
400 844
519 950
146 788
628 530
965 25
104 377
605 899
994 476
426 694
386 524
506 883
285 693
77 185
83 961
763 200
604 313
782 546
267 133
708 390
304 553
755 718
699 761
272 222
234 203
582 330
815 123
528 610
831 103
121 599
151 368
532 349
429 410
472 407
480 224
130 824
855 95
306 595
483 772
994 832
296 804
677 671
174 721
886 949
389 852
570 673
537 745
817 14
966 767
97 471
306 150
305 190
842 868
943 867
127 396
272 423
362 990
779 543
941 103
822 960
697 869
931 372
315 727
529 627
7 453
412 390
454 164
222 346
273 773
806 380
44 370
489 568
739 180
681 775
639 805
112 597
938 602
342 82
168 358
988 300
135 202
290 693
108 697
105 645
210 488
425 559
283 809
500 920
198 120
106 298
57 320
796 104
533 550
711 333
72 231
173 59
153 543
87 933
274 60
895 193
953 995
507 777
226 869
613 566
239 571
876 908
569 885
267 735
460 390
746 75
444 594
79 760
415 632
51 336
301 640
98 992
972 20
574 230
180 202
165 912
305 950
13 650
284 782
294 365
174 885
164 256
728 335
524 114
587 735
928 303
889 1
227 862
58 668
661 763
103 520
389 398
998 799
353 705
210 315
697 377
757 339
2 972
314 489
225 60
157 517
510 100
510 843
28 680
772 999
464 353
136 693
65 795
41 102
862 354
397 840
377 108
947 561
411 486
290 503
453 501
531 238
265 942
879 556
65 333
926 593
509 416
280 632
644 869
297 717
2 137
581 463
278 521
258 724
518 874
154 444
125 216
904 214
791 666
90 727
721 283
296 18
602 103
74 189
217 480
212 472
126 489
603 777
424 211
59 179
335 298
45 450
61 678
997 613
363 525
329 118
363 393
770 491
75 9
529 687
649 445
81 155
829 420
371 235
664 638
990 295
26 799
501 680
450 334
293 712
975 754
993 233
199 793
153 894
897 357
722 991
524 990
326 677
112 966
404 921
337 764
556 854
16 14
581 310
679 719
789 3
707 106
869 136
399 213
668 327
586 611
887 884
91 413
719 191
259 220
760 48
757 426
373 610
419 92
550 278
368 384
938 529
923 731
279 970
631 824
270 155
996 917
447 699
396 469
119 129
771 42
766 581
813 646
360 286
817 306
179 65
137 637
554 671
200 853
91 60
605 435
932 731
258 937
817 470
455 481
90 253
98 535
454 85
234 498
243 262
774 128
329 119
812 612
90 269
885 739
168 444
515 603
750 531
327 444
738 372
980 65
494 453
355 912
355 66
827 39
949 21
233 924
118 495
751 969
977 8
96 501
46 913
802 974
537 627
319 229
387 803
228 374
680 529
884 672
854 19
367 81
481 325
30 963
174 382
987 665
912 956
318 568
520 337
874 9
604 841
309 203
484 770
601 62
370 304
621 969
575 424
593 239
927 835
847 190
168 857
515 855
831 301
724 141
576 573
484 847
568 662
728 844
153 672
324 783
970 283
960 45
800 462
540 108
727 529
783 158
892 226
185 163
15 960
534 493
586 77
887 35
227 671
655 264
763 330
950 364
584 410
137 503
997 807
199 834
301 622
845 156
509 823
867 204
297 254
305 129
153 165
894 328
494 820
915 269
959 695
678 729
762 301
544 404
93 826
133 335
814 164
551 862
776 642
199 184
911 256
864 193
115 810
855 103
781 119
760 522
71 135
69 178
313 332
549 292
511 81
27 634
253 212
876 234
980 430
632 406
133 771
41 53
647 408
129 394
13 516
896 19
43 549
427 110
803 507
92 834
755 458
28 124
985 374
839 265
561 896
434 703
908 400
805 543
178 599
172 617
157 502
885 960
838 291
236 468
91 826
265 836
596 685
354 656
314 694
510 260
212 742
147 483
150 572
845 772
429 849
632 450
322 541
108 111
793 974
519 743
603 226
726 960
761 915
949 116
964 366
311 306
750 672
203 961
550 32
786 30
597 163
216 205
114 892
958 670
645 163
42 111
198 516
700 727
86 510
487 748
653 831
203 949
44 139
187 5
752 768
662 287
302 692
153 825
441 599
950 724
305 550
929 938
690 797
333 910
432 809
497 600
967 365
669 485
392 685
34 185
5 76
608 59
219 300
27 39
658 950
327 486
791 684
995 99
583 562
93 817
224 73
480 170
240 958
478 28
844 14
987 28
390 12
188 282
522 913
796 548
790 474
489 948
12 789
204 904
724 854
829 704
286 322
964 584
438 399
659 439
18 751
745 234
15 606
341 816
98 286
744 422
311 387
858 611
241 975
857 25
582 236
741 567
254 654
62 900
737 775
545 806
115 744
993 902
116 984
626 334
432 771
375 760
559 955
731 595
784 631
998 780
447 579
992 180
384 360
428 929
586 606
502 917
216 719
468 928
323 329
877 444
370 889
613 764
550 900
306 24
521 932
31 331
943 987
279 516
522 499
205 287
373 328
149 722
132 601
283 119
263 326
91 339
566 997
264 561
552 943
181 934
1000 500
740 167
796 683
347 582
84 870
622 309
938 969
796 879
685 613
656 509
495 869
140 466
713 810
786 940
714 52
47 754
732 644
628 654
585 400
216 725
159 485
855 475
40 695
383 304
59 766
414 681
151 864
87 18
749 956
910 239
527 976
550 999
696 947
21 576
682 886
734 582
240 943
407 134
272 620
37 66
369 518
758 554
440 449
497 391
464 673
526 707
994 462
389 140
136 277
497 714
578 270
776 533
152 884
948 833
709 187
32 520
87 299
607 44
420 40
856 153
255 544
564 340
351 192
802 748
248 540
995 185
220 149
678 322
535 988
140 919
372 707
659 248
116 48
874 389
100 844
952 945
794 192
796 747
90 702
570 419
535 799
514 299
446 517
847 562
992 894
511 662
365 285
817 653
815 576
90 341
271 430
70 335
160 583
85 943
788 917
486 65
868 608
933 658
74 55
680 174
255 462
667 588
425 862
665 934
2 724
403 104
197 719
216 746
895 910
674 812
162 789
804 352
709 809
688 850
5 224
805 563
958 470
753 91
990 581
321 304
577 879
887 945
235 830
588 387
881 27
484 905
805 146
594 320
87 450
923 791
463 743
397 949
188 486
835 651
205 714
831 330
89 668
690 79
847 987
786 324
540 9
433 738
663 371
102 671
364 308
378 886
423 874
221 496
35 318
902 868
580 590
461 39
606 202
366 398
132 373
458 550
97 766
866 55
641 589
561 227
843 280
630 583
255 218
219 41
168 160
701 162
672 603
619 277
859 370
776 837
849 579
801 569
149 776
98 459
772 891
467 583
320 244
286 917
189 843
753 781
147 486
637 986
18 623
67 908
692 350
81 192
100 535
873 192
149 33
450 898
572 926
175 997
288 304
682 734
102 134
763 266
802 870
71 866
891 289
705 420
886 342
581 316
594 49
226 653
935 183
587 340
139 740
102 77
359 599
550 557
662 476
966 559
501 785
102 635
532 978
229 533
987 639
654 46
586 109
437 636
664 1000
928 464
341 485
342 145
848 3
94 229
701 134
791 348
74 338
538 689
95 913
729 757
960 404
28 743
899 834
812 751
772 583
292 834
216 429
581 358
827 368
109 219
254 266
396 951
9 193
462 250
537 918
318 46
499 576
14 145
425 493
746 31
44 967
443 917
685 588
951 439
126 636
803 980
299 222
7 434
63 646
149 453
360 472
471 560
537 256
867 325
475 132
191 278
71 243
868 826
277 967
780 508
54 400
343 712
942 993
619 572
534 620
420 823
53 706
461 969
762 430
669 37
520 157
497 444
323 51
749 617
945 598
615 484
961 722
378 184
133 65
725 121
440 890
868 172
22 850
893 851
904 766
572 686
546 882
578 624
217 52
644 933
226 162
813 803
109 246
363 744
389 42
53 5
853 134
210 831
182 585
509 24
975 867
220 972
732 312
477 219
693 823
974 135
418 307
399 510
903 629
142 131
569 982
416 427
608 482
9 18
336 869
383 987
614 407
572 639
538 628
22 765
644 605
151 858
509 121
844 989
779 833
20 107
307 393
617 552
836 460
423 921
726 533
641 180
251 510
802 810
306 710
882 550
811 780
670 262
825 425
74 525
268 889
449 301
698 100
386 452
889 410
287 429
308 869
810 753
734 874
46 795
461 901
553 215
594 973
228 955
571 541
824 289
129 903
845 510
19 479
7 848
148 630
186 675
914 304
591 488
746 600
925 106
319 75
986 928
14 976
577 961
968 629
571 213
115 261
623 243
171 471
622 10
244 740
277 15
554 494
864 427
652 525
292 257
350 638
437 548
324 70
823 686
14 3
900 408
16 420
118 851
859 792
664 103
991 461
690 66
736 825
973 290
999 542
409 161
935 440
955 490
824 617
573 305
561 652
102 393
816 906
795 907
755 568
236 892
287 411
136 481
708 458
218 699
460 76
1000 760
514 303
199 825
233 919
627 500
306 530
444 222
191 736
628 707
479 561
65 245
478 508
57 137
574 798
266 221
257 547
510 966
706 305
310 208
199 85
552 981
255 21
430 99
246 42
773 537
272 625
747 432
283 862
421 715
881 69
566 232
266 766
2 358
158 895
812 45
924 328
993 879
776 815
995 244
774 495
986 681
781 93
892 167
967 569
584 692
137 817
80 15
119 840
792 300
661 72
646 165
19 709
68 354
325 894
785 770
917 507
339 908
197 997
827 789
709 497
837 244
746 307
421 291
106 7
806 756
865 390
25 294
60 908
448 45
293 68
544 979
691 291
376 75
639 868
981 119
516 576
145 938
878 369
421 35
167 45
91 892
696 442
876 740
283 799
619 493
211 720
505 600
474 535
876 281
915 28
420 400
149 907
184 254
783 933
245 849
824 309
425 303
600 534
743 941
634 665
753 735
937 410
338 409
519 578
598 835
145 39
572 420
818 949
778 563
339 375
4 890
295 959
207 525
152 675
639 316
158 313
890 356
851 413
575 216
992 155
437 277
683 695
180 57
282 141
835 812
158 895
403 135
465 477
437 920
801 201
692 570
932 488
318 293
279 721
878 619
288 680
626 423
95 802
16 340
518 348
805 834
573 760
107 758
457 622
752 545
811 27
451 757
283 677
470 423
741 579
266 615
745 315
39 467
993 999
309 62
799 355
679 842
982 262
32 721
860 792
713 843
565 110
140 771
108 28
850 507
907 100
653 123
614 281
475 675
17 53
943 354
894 349
210 255
827 364
251 673
613 284
314 957
555 46
514 207
372 422
410 266
590 47
481 415
300 410
612 986
940 111
647 60
274 652
848 892
676 909
564 748
180 84
525 524
4 217
770 879
507 884
296 960
470 256
694 253
857 435
694 158
341 627
387 848
45 599
368 722
716 858
800 290
8 234
912 291
389 285
248 397
85 346
31 354
317 638
842 788
218 960
897 171
521 160
798 102
491 528
82 571
180 1
127 534
109 340
469 772
999 249
608 807
715 562
85 779
367 840
207 769
987 757
402 179
468 662
434 168
840 322
170 490
522 553
662 678
647 76
133 424
204 371
262 806
272 662
763 590
947 588
256 101
227 635
723 788
686 619
206 870
517 54
950 906
592 440
890 422
970 989
28 825
531 69
870 49
749 261
536 841
318 298
251 417
857 517
620 225
749 268
807 101
207 755
814 715
639 921
837 956
580 449
498 907
266 4
261 411
423 332
366 845
809 868
89 102
205 142
751 803
905 337
885 94
407 707
419 693
741 17
744 476
260 461
533 683
264 803
763 686
550 164
579 898
791 692
972 605
830 262
77 613
107 994
130 401
612 785
162 816
500 894
971 579
60 813
941 981
563 645
215 774
892 587
855 299
583 726
477 112
715 593
367 944
338 856
228 973
634 239
450 684
835 56
63 14
924 951
740 310
995 844
929 52
509 685
570 980
948 458
41 855
991 277
997 989
681 962
297 417
55 945
588 359
982 208
608 185
367 691
417 302
785 406
30 990
561 500
382 934
324 307
405 27
102 10
951 307
844 898
26 309
360 372
548 90
122 367
947 277
228 101
482 572
150 248
180 620
17 6
274 803
63 114
209 851
928 250
206 600
683 38
677 997
893 487
12 302
393 795
534 208
9 71
343 649
243 780
473 781
229 691
231 15
296 816
679 253
556 516
770 460
962 717
498 609
630 335
577 543
339 729
533 43
580 56
852 546
550 727
100 637
964 181
206 484
243 17
398 137
364 17
257 68
183 144
972 448
947 974
751 565
755 871
755 965
27 178
962 861
489 864
817 682
143 858
731 613
726 657
252 58
818 302
781 591
953 203
65 110
511 417
125 72
992 622
988 61
382 476
506 944
150 605
280 709
892 925
490 71
847 42
618 517
949 377
265 347
162 486
765 604
692 426
522 88
195 313
840 988
543 988
433 857
1000 274
160 738
685 680
743 349
899 291
723 624
361 116
349 351
735 479
287 776
923 248
357 865
41 397
451 854
503 172
416 94
558 938
799 902
137 867
415 437
491 343
315 306
186 259
626 872
759 517
390 335
86 414
93 356
523 796
544 806
17 799
923 713
221 594
865 651
479 182
543 385
400 941
306 893
211 901
376 201
214 696
438 180
895 665
494 625
711 790
486 678
899 443
727 187
206 359
147 268
84 730
178 435
809 718
855 271
736 249
50 106
305 232
480 986
339 42
977 954
767 15
973 258
247 268
763 205
649 849
486 867
955 897
696 202
315 224
136 850
780 906
88 237
72 885
184 691
102 701
828 780
359 807
786 388
519 555
886 18
653 252
52 925
110 63
255 438
58 106
202 351
809 916
881 968
571 151
59 441
270 658
150 390
304 165
797 26
454 855
208 14
261 215
607 350
601 418
555 76
585 500
484 800
924 336
772 872
317 671
115 863
831 770
333 741
993 476
24 833
379 833
602 911
909 726
935 538
975 812
210 770
208 652
948 374
971 885
324 103
193 123
147 506
186 646
422 87
681 394
946 749
616 757
439 489
722 369
505 31
468 857
635 827
536 967
457 550
775 679
75 866
629 883
47 552
466 679
633 76
126 909
389 839
144 449
1000 446
86 154
386 332
543 309
741 902
228 718
102 119
495 702
524 250
672 234
210 360
909 901
127 870
483 753
299 71
972 470
356 646
471 310
35 935
515 403
986 492
867 778
683 741
562 272
126 494
200 407
608 343
717 890
785 113
141 262
995 229
494 730
375 300
415 335
156 120
476 362
945 769
41 335
541 158
582 521
437 771
381 702
630 52
768 626
468 529
333 430
846 2
779 161
216 774
743 779
506 221
767 26
79 558
468 55
703 657
870 480
697 935
250 866
72 630
334 453
324 682
124 640
221 317
286 220
94 542
757 321
296 275
53 745
270 296
796 181
624 797
248 137
808 728
337 551
859 810
814 36
439 875
267 302
343 127
108 537
436 594
248 820
158 783
253 535
354 897
932 345
311 484
957 945
281 345
482 683
169 686
960 243
649 129
884 786
541 252
996 326
703 387
952 424
35 276
616 769
297 583
190 387
129 932
354 842
890 860
27 6
394 843
650 394
708 627
898 480
833 735
250 70
685 601
316 750
411 627
740 362
681 233
452 683
279 95
195 916
819 867
477 73
437 338
684 17
737 869
213 56
574 689
19 129
634 415
177 962
581 552
625 692
191 51
689 158
948 628
254 474
466 5
268 597
864 18
735 821
311 717
306 802
463 543
421 885
944 660
237 802
822 992
705 419
286 5
508 345
738 899
762 532
337 290
985 358
723 859
60 32
237 783
535 121
763 613
692 605
187 969
136 583
907 674
352 523
371 312
215 269
678 442
226 70
91 570
510 428
973 220
547 45
932 512
427 495
714 620
378 956
490 674
883 968
462 473
855 881
595 723
813 124
457 487
228 649
920 983
969 679
159 45
59 751
993 506
49 442
283 898
419 692
695 28
827 505
939 998
105 241
349 118
381 76
405 431
997 788
523 819
158 428
355 127
319 690
762 727
5 861
696 417
67 174
165 12
536 16
19 181
778 915
385 541
80 656
725 116
352 841
137 561
592 894
529 957
262 739
393 547
290 647
106 554
595 975
672 236
461 303
815 400
491 248
584 165
251 930
989 874
126 963
448 72
81 873
756 833
184 123
966 752
944 798
362 474
953 931
431 691
307 994
730 821
515 338
989 866
110 624
121 363
623 245
652 907
221 903
891 30
850 571
257 279
173 712
780 61
353 511
16 282
880 57
69 560
728 489
384 200
383 425
824 68
285 949
951 113
800 623
632 198
933 196
112 682
529 609
878 101
536 984
226 219
937 923
739 407
572 524
997 106
276 330
128 532
102 249
781 945
744 721
732 896
74 156
954 292
873 137
965 200
541 830
801 91
428 582
317 515
419 337
223 979
523 632
998 173
852 618
287 821
615 259
953 118
954 866
740 283
574 497
180 616
786 931
869 370
437 674
269 403
474 857
459 740
840 140
83 255
373 908
292 858
213 853
796 544
223 53
751 997
651 392
134 590
629 58
829 451
383 549
502 978
485 325
695 144
941 851
530 992
531 273
780 18
642 470
823 579
14 255
171 472
106 125
569 102
832 412
453 852
220 753
625 815
318 544
533 481
287 748
282 715
136 267
142 790
109 47
732 936
656 312
490 522
510 365
234 264
967 226
858 680
938 844
1 337
417 138
36 822
143 873
922 393
872 397
944 976
501 127
559 936
990 203
915 943
429 770
273 710
471 368
576 121
931 261
747 112
478 208
384 806
612 967
412 82
740 479
998 596
54 129
516 658
42 319
528 312
743 679
702 622
366 771
33 405
663 89
387 815
212 462
680 265
129 398
158 243
664 470
510 382
297 401
904 162
715 972
194 946
384 30
102 934
48 712
378 193
797 656
619 274
297 270
73 422
185 703
500 320
767 612
76 222
862 922
481 765
268 93
185 873
327 281
553 313
89 475
977 202
437 936
624 802
4 566
338 958
587 21
990 625
330 60
665 84
942 175
818 249
298 976
498 844
625 151
20 237
21 252
5 717
599 91
568 262
857 325
740 501
889 16
224 532
877 308
351 640
684 894
324 41
691 746
702 211
575 534
67 95
645 667
675 549
315 140
301 857
886 289
896 695
780 906
548 805
736 335
955 938
401 692
117 333
356 386
38 784
863 734
431 263
680 941
690 462
265 191
342 961
570 264
233 460
95 491
199 726
506 433
265 189
478 574
980 108
762 56
930 561
561 457
907 51
616 336
871 183
197 947
870 943
310 424
787 254
258 788
492 878
504 838
243 947
989 262
159 269
76 485
905 508
960 523
423 918
429 488
850 820
263 178
149 507
158 929
836 852
655 953
177 203
223 982
119 254
314 170
250 281
52 533
361 766
30 433
933 365
857 740
329 616
839 127
229 345
134 101
128 230
331 138
659 687
530 423
646 809
384 650
68 365
964 699
234 57
560 437
926 454
215 268
973 129
175 348
810 719
208 785
692 952
505 245
56 257
438 596
835 924
160 781
195 226
584 901
119 604
303 553
566 381
224 37
623 595
859 479
57 317
207 491
366 53
701 268
383 572
998 448
109 987
622 437
981 582
538 156
536 279
284 6
322 358
47 867
674 425
78 210
143 834
923 895
418 670
368 785
578 785
753 863
405 726
795 902
44 901
333 68
722 481
741 18
778 603
916 884
750 965
395 256
52 787
336 360
37 54
925 835
41 160
333 164
619 126
501 227
979 741
367 35
908 574
497 48
741 158
521 377
955 993
50 652
452 620
939 355
230 9
922 328
947 843
413 191
935 473
190 120
18 107
722 965
876 687
941 233
454 716
199 661
77 194
41 673
836 804
568 179
463 728
778 26
59 1000
251 246
136 329
343 700
543 369
264 383
730 573
378 798
711 190
238 887
892 191
645 809
111 806
209 913
91 513
349 579
884 5
400 118
25 730
859 575
764 449
539 245
530 79
710 667
266 152
733 715
659 5
931 62
323 33
822 701
463 839
724 102
106 461
717 135
575 744
293 632
198 984
627 111
618 207
622 749
212 393
458 401
118 348
87 603
673 938
998 609
725 314
855 564
213 549
108 939
544 176
565 390
81 8
61 96
747 815
787 817
843 124
184 210
212 187
461 720
898 501
271 362
513 299
835 334
570 965
95 951
441 210
490 539
185 501
237 606
108 908
387 174
32 221
854 343
755 621
766 412
426 408
419 671
219 400
978 61
575 411
429 837
814 436
919 239
541 670
954 537
323 402
336 68
928 527
767 645
396 588
502 965
449 903
315 679
147 115
766 92
575 881
649 161
122 469
395 742
723 711
609 368
448 208
628 787
707 577
462 936
559 73
453 388
194 875
675 252
213 722
145 838
247 6
463 849
552 755
260 851
567 755
64 134
940 969
193 392
553 803
804 415
141 621
884 744
481 763
203 720
404 329
637 643
51 367
664 914
519 130
299 645
984 394
704 494
500 761
296 224
921 503
188 957
472 593
430 579
15 58
964 548
579 624
105 418
890 70
55 593
509 742
301 51
532 237
495 961
42 284
105 926
493 885
687 857
83 929
364 904
727 765
195 575
643 338
49 533
663 36
863 895
174 878
169 347
239 808
650 372
788 864
33 949
152 217
885 993
353 543
682 83
394 169
31 418
108 924
188 398
41 675
32 182
432 254
49 410
602 894
873 23
615 130
875 161
954 688
283 107
247 768
983 908
328 446
942 498
187 639
79 929
126 306
112 644
47 885
683 425
697 435
352 854
866 993
191 996
361 886
324 1
769 324
845 246
402 549
429 959
154 842
354 372
866 310
165 240
774 644
899 629
563 766
157 474
277 524
200 920
492 603
922 711
406 426
591 645
143 753
720 958
381 343
219 847
52 480
964 668
197 547
877 447
963 601
756 618
980 875
608 905
995 625
297 104
927 167
703 437
496 9
164 781
39 350
932 994
965 23
600 257
67 408
643 42
730 924
683 882
165 585
112 48
939 186
425 644
198 398
411 203
421 843
341 825
261 909
281 858
479 855
344 191
78 236
651 78
419 248
57 801
491 12
91 602
599 706
819 68
400 696
731 166
936 135
771 136
832 671
630 303
701 380
724 488
419 685
384 244
424 287
497 234
655 908
626 468
768 149
646 766
186 538
42 867
726 837
646 27
858 760
158 887
175 225
563 94
521 906
958 53
93 486
682 487
977 284
254 817
359 568
442 348
746 692
603 647
363 29
824 737
601 257
57 385
879 405
405 563
94 966
298 2
764 964
463 908
528 241
443 163
720 908
481 965
30 610
9 355
991 995
860 860
827 575
387 24
731 553
742 404
816 488
940 46
738 718
292 562
256 726
680 961
578 710
305 290
805 972
828 59
72 337
937 277
991 229
231 101
465 622
987 759
647 232
869 58
889 362
306 350
504 778
997 533
409 142
906 682
179 379
14 634
692 960
387 968
402 413
759 438
635 796
848 139
229 508
147 778
913 295
360 619
251 669
633 482
224 154
913 399
922 70
662 833
637 869
772 648
158 264
270 624
180 130
44 5
446 842
595 142
582 485
153 889
879 884
100 376
374 207
146 276
808 665
556 616
249 63
583 63
624 884
325 991
655 715
612 937
43 327
642 628
210 326
807 218
128 515
556 438
697 372
127 474
359 1
316 249
200 883
883 359
647 901
887 622
112 168
778 341
345 62
698 79
139 324
109 548
270 207
476 33
487 554
265 631
169 801
366 447
635 738
189 914
539 941
870 871
432 83
376 424
951 439
47 458
834 803
563 516
148 151
415 262
863 953
31 456
639 176
923 681
382 320
936 866
176 410
337 825
301 877
893 600
630 637
727 898
790 641
319 864
679 560
593 358
97 465
911 15
875 396
176 106
941 501
92 159
523 479
693 234
766 974
792 475
292 445
111 668
473 640
236 977
402 852
42 344
610 825
618 357
66 781
987 636
860 126
646 715
532 456
335 209
990 744
710 622
693 145
533 939
515 178
900 850
834 258
142 852
75 535
884 261
122 318
86 843
666 944
231 396
63 283
467 354
681 220
218 625
423 730
143 99
130 789
441 117
835 563
987 730
323 680
186 6
722 914
500 503
42 163
828 153
587 834
343 836
348 441
60 507
85 99
338 363
894 320
494 518
783 239
483 73
176 919
956 358
92 146
318 356
951 647
989 418
522 931
385 445
923 431
610 222
358 741
477 76
19 898
252 785
498 976
363 214
453 6
657 440
539 35
841 346
333 808
358 692
71 688
884 106
944 470
840 975
259 212
31 863
271 856
807 204
37 906
447 788
955 522
477 66
28 363
324 278
361 160
718 74
295 128
877 830
692 297
793 206
340 588
43 707
148 408
32 949
272 931
407 501
464 285
318 897
637 31
892 917
819 384
822 547
263 38
683 702
943 698
848 829
13 221
528 874
435 279
698 750
819 936
459 664
287 476
234 454
142 190
1000 524
180 491
570 156
829 407
359 475
137 380
795 518
121 230
455 210
598 185
402 364
205 13
905 443
856 173
930 538
537 661
796 638
786 537
576 771
737 675
40 11
4 208
212 129
92 336
815 78
994 169
642 965
791 52
752 654
787 343
159 712
924 503
965 658
238 620
851 876
413 360
472 746
757 699
65 104
854 910
994 949
743 950
19 322
842 411
813 358
652 646
208 537
540 617
952 92
632 978
27 452
417 605
851 14
135 729
43 736
218 594
757 6
30 486
336 194
760 22
415 384
528 936
126 346
688 727
8 931
951 155
404 589
196 704
739 456
338 965
594 848
849 923
288 434
180 999
478 657
39 93
574 784
247 331
732 747
634 533
440 817
251 560
911 464
811 134
963 156
105 201
724 758
30 410
304 546
95 823
780 509
388 60
100 531
90 410
585 712
465 575
498 586
627 568
211 418
992 253
873 624
191 115
974 377
273 515
255 369
129 201
260 773
466 803
298 62
270 354
167 297
329 200
581 838
834 839
785 680
674 480
601 784
623 40
218 780
602 654
193 823
323 923
807 342
666 394
800 560
995 439
84 852
413 876
211 261
814 202
685 796
262 857
809 499
314 695
58 927
619 384
499 788
206 740
659 74
869 778
891 764
461 906
672 258
889 378
151 180
661 283
589 756
446 701
502 150
725 182
955 674
251 771
235 527
999 486
408 487
136 30
464 408
415 390
986 896
295 971
768 914
418 98
527 601
184 49
650 423
78 692
525 833
577 537
967 815
836 394
180 397
600 117
34 713
345 292
848 946
863 262
277 635
520 758
964 396
601 475
518 520
497 791
763 979
900 485
485 269
426 180
365 867
528 7
754 528
883 156
423 294
694 273
168 396
223 898
891 160
756 776
704 453
832 971
300 848
914 939
144 140
693 863
545 769
363 688
492 307
732 86
839 870
333 851
964 426
129 63
967 241
710 408
910 48
593 78
461 634
463 342
663 886
555 845
80 269
410 782
178 184
110 71
37 345
194 648
798 752
496 956
684 92
128 423
31 548
342 256
324 476
152 432
678 81
300 208
94 22
345 884
803 675
887 570
531 515
298 365
829 171
175 693
460 996
119 669
953 825
345 269
991 462
3 793
390 379
707 378
747 452
970 533
836 741
15 867
35 612
987 886
365 596
773 421
352 482
494 110
963 40
163 595
995 709
376 714
764 5
874 462
795 391
784 248
459 682
187 508
810 549
827 233
717 963
922 17
844 47
856 376
562 702
586 497
654 522
536 874
230 503
284 858
686 57
232 764
974 274
551 72
514 246
594 541
429 636
141 620
89 120
52 679
128 747
236 610
465 547
975 72
254 7
500 487
2 396
420 213
637 859
301 706
728 164
6 22
641 742
53 904
766 882
850 549
673 121
369 918
888 968
177 599
163 119
712 995
285 493
839 345
123 613
967 851
704 405
330 617
683 915
868 557
142 27
540 310
162 745
497 936
904 997
267 874
671 640
883 389
782 705
485 787
190 502
397 72
909 825
283 629
832 148
703 797
694 965
414 713
197 778
858 39
261 770
235 445
196 478
946 130
599 494
950 198
757 495
517 431
835 314
99 925
144 469
358 259
512 664
629 627
968 485
965 940
552 734
889 490
675 534
519 65
144 171
58 743
786 498
693 451
397 945
130 2
341 40
256 582
62 291
799 465
37 515
257 780
677 43
405 473
24 309
194 70
434 183
178 990
680 885
330 634
590 82
697 261
819 972
632 422
800 46
333 529
425 882
108 937
700 922
766 669
435 817
892 307
196 871
776 809
446 50
622 679
526 563
966 654
601 76
804 383
576 993
920 379
247 266
944 159
118 43
382 565
456 723
804 2
281 95
39 978
667 615
522 526
233 992
788 374
105 723
788 495
586 653
370 993
141 911
818 10
648 440
129 936
123 865
319 637
507 226
34 255
754 974
694 558
785 426
805 703
66 430
340 601
190 526
408 954
279 314
856 689
263 828
7 474
663 455
18 73
951 117
658 467
28 85
300 34
573 240
82 951
372 113
736 702
469 558
840 96
496 222
788 226
5 56
18 787
122 92
79 503
897 811
15 626
992 517
112 969
395 941
878 953
790 430
357 653
109 363
826 456
559 281
841 853
869 12
600 855
713 959
675 853
10 360
187 288
531 660
616 265
184 902
449 304
689 941
627 629
255 371
630 445
259 920
93 437
395 441
703 749
81 834
571 227
608 432
310 800
223 576
952 467
432 425
338 36
512 626
223 115
372 398
130 266
890 604
246 788
440 834
669 52
309 55
11 744
423 151
436 55
78 75
888 432
380 863
823 875
420 347
876 37
143 392
484 734
658 961
287 314
388 985
688 766
675 291
272 825
766 116
3 356
891 592
388 799
917 527
611 608
632 509
974 833
980 831
89 48
748 112
858 227
739 863
574 742
396 309
55 372
491 165
688 610
276 528
314 111
464 552
195 169
615 18
346 283
510 83
320 550
526 854
478 239
921 659
365 695
941 385
394 755
918 826
942 468
134 961
542 511
382 619
787 353
722 513
728 645
241 564
106 867
889 125
496 565
864 111
278 529
606 729
148 606
509 851
877 266
820 880
11 795
27 845
667 326
745 644
881 163
784 790
803 994
813 482
922 580
569 691
93 86
245 272
699 354
109 772
632 848
135 659
494 354
257 797
147 223
27 915
92 369
636 147
707 12
879 312
73 395
762 935
142 341
501 107
483 21
103 459
997 987
621 886
707 289
985 56
433 385
587 745
483 342
219 172
257 977
574 171
533 146
408 76
525 110
841 241
912 432
775 782
889 771
388 763
88 74
806 150
998 507
897 196
9 337
673 225
353 95
167 932
970 255
782 260
93 316
220 114
271 625
359 604
955 774
265 440
456 152
311 458
324 547
293 381
928 769
252 826
842 783
163 617
349 278
322 971
878 460
574 97
965 501
311 691
664 665
933 130
228 441
365 793
299 147
696 174
213 591
556 437
129 478
45 876
948 849
190 899
307 599
602 888
86 932
156 178
290 637
920 979
799 948
262 479
621 809
377 679
872 995
648 707
119 578
365 721
744 127
599 966
991 25
629 775
982 849
573 687
167 541
796 453
688 599
673 875
260 363
370 544
992 676
94 102
667 275
924 715
807 315
658 656
425 978
342 640
979 96
533 405
723 247
387 603
501 399
75 582
925 980
439 33
518 880
682 110
475 963
528 718
154 782
57 725
364 390
103 554
974 776
544 384
141 651
62 433
879 848
634 398
798 303
559 141
807 507
697 309
596 863
57 790
683 56
574 758
629 355
709 905
903 138
403 365
339 837
552 652
573 696
95 104
872 314
879 923
551 620
41 642
915 891
151 610
741 272
204 777
217 430
641 255
73 762
562 834
434 755
