1000 1288509
5000
199 351
542 493
940 770
557 44
682 165
688 89
14 657
818 833
239 242
580 107
537 863
801 442
906 631
518 442
675 607
231 879
217 602
14 686
225 102
679 872
200 939
956 40
125 44
549 42
347 261
742 500
809 989
519 237
221 120
196 51
494 134
573 797
32 277
61 716
773 215
676 874
825 613
337 908
520 839
707 857
401 185
202 615
984 394
364 45
745 473
308 340
878 535
346 595
928 118
712 575
97 577
104 244
599 215
913 994
958 456
375 871
325 302
784 429
911 766
264 941
326 710
95 204
205 159
591 796
745 484
30 498
983 742
991 717
468 721
439 349
942 383
383 697
149 625
611 738
228 442
638 435
33 626
571 468
569 960
676 39
84 472
781 103
207 72
660 806
856 734
800 743
55 904
617 525
732 205
410 233
812 650
617 179
356 465
986 832
319 810
477 10
815 735
401 465
587 962
542 263
85 931
472 980
341 727
869 93
827 304
206 577
73 776
33 655
253 611
759 476
596 209
907 325
494 915
274 924
208 477
397 902
454 615
357 242
70 76
537 889
272 708
561 309
835 49
758 109
951 46
415 910
250 784
55 561
14 699
716 675
793 336
287 312
808 714
897 524
731 526
262 826
859 882
982 664
581 584
988 22
830 426
603 424
557 291
47 190
163 584
632 566
89 374
449 944
694 755
946 96
151 690
43 593
700 6
875 993
633 223
676 694
490 225
706 327
411 890
978 390
405 948
173 338
74 558
63 288
679 677
775 917
65 61
722 838
559 553
25 775
888 579
459 996
712 163
101 507
676 825
517 414
720 533
33 525
749 915
532 989
372 867
292 664
945 495
219 761
350 341
498 620
221 364
63 117
217 699
172 586
684 937
81 721
320 686
18 188
826 3
486 684
484 342
897 529
222 872
592 303
956 423
3 711
601 480
770 647
70 292
455 52
307 439
50 856
173 266
298 814
409 975
180 429
752 802
219 570
689 243
525 541
715 394
176 540
561 982
813 48
763 669
724 803
819 183
740 93
994 251
5 192
244 137
519 981
279 594
861 332
570 296
385 656
883 63
996 982
987 422
393 614
588 826
574 564
400 648
682 899
991 812
281 65
120 21
139 616
622 642
284 146
424 251
273 994
683 953
641 321
720 773
43 27
33 139
636 867
577 109
809 114
48 235
851 852
727 2
733 424
391 54
307 169
960 638
270 69
79 714
243 391
765 120
330 593
983 65
817 613
63 11
351 366
43 468
89 984
208 754
633 726
921 93
251 540
488 401
282 702
44 908
801 992
512 698
770 100
168 176
578 710
727 928
359 668
786 790
355 768
35 151
652 738
567 154
377 842
718 630
748 531
739 379
874 72
130 424
16 944
447 690
607 8
630 317
378 426
132 130
837 846
120 968
639 474
825 447
841 662
120 475
494 164
536 533
51 317
371 530
531 316
526 639
159 668
516 911
412 44
769 962
651 556
196 113
354 681
39 189
44 197
273 894
103 690
818 717
19 926
399 781
107 416
240 64
469 645
615 200
765 14
23 418
743 62
521 838
353 473
125 576
663 950
782 562
139 627
108 736
731 487
905 447
290 483
801 87
791 584
261 596
110 518
267 172
320 573
999 752
286 360
649 624
320 886
866 647
226 575
952 645
919 250
168 461
928 452
699 595
480 633
598 983
875 668
998 647
468 557
88 509
572 583
869 790
460 892
870 157
397 623
551 272
643 343
836 906
53 806
272 630
102 756
868 473
628 706
963 795
884 267
939 233
425 843
171 367
971 468
566 31
426 5
483 830
432 588
692 881
197 520
721 730
830 220
408 802
627 329
153 124
277 911
591 467
16 771
344 990
621 842
524 868
192 572
253 977
483 999
754 87
359 2
428 845
197 264
984 854
456 9
692 247
4 685
328 767
304 197
414 547
157 725
418 554
501 471
7 234
76 685
554 391
523 707
467 394
280 324
838 51
129 511
496 890
526 486
167 882
715 522
39 409
397 276
648 582
111 563
436 778
489 2
573 287
113 884
36 705
671 186
989 354
578 569
826 597
892 997
291 801
78 711
744 829
604 134
542 796
424 34
214 370
471 815
183 17
658 585
758 513
881 702
809 89
304 426
882 678
937 572
746 714
345 852
310 962
96 983
257 112
89 995
722 240
881 180
870 395
253 837
262 644
322 851
483 191
52 479
753 130
473 577
139 767
187 623
772 182
500 374
517 921
244 842
967 111
104 435
929 382
877 882
960 717
199 661
577 224
979 904
936 724
594 980
329 15
344 656
546 149
910 300
708 283
742 709
410 484
246 247
570 919
983 945
72 891
160 556
197 444
688 952
832 993
796 121
548 950
509 932
976 289
390 264
49 733
842 769
172 300
448 1
821 946
140 622
125 908
955 510
836 499
209 885
667 982
309 549
228 807
741 560
558 73
673 30
957 493
314 957
906 645
477 254
514 719
528 731
766 253
629 645
969 258
655 206
935 338
750 516
829 912
467 425
318 820
5 259
211 591
395 201
501 264
379 546
606 233
74 671
950 749
652 234
586 497
767 377
145 324
355 458
517 126
803 876
144 710
415 116
783 75
204 617
549 296
104 794
430 796
738 160
67 225
27 873
514 905
172 460
389 439
314 296
170 900
568 30
333 113
669 702
453 911
101 203
579 302
63 21
296 779
802 891
129 70
908 362
179 472
72 829
573 932
719 847
241 17
429 32
854 698
469 324
279 946
694 98
59 332
468 851
379 510
498 411
815 58
723 906
856 496
613 658
497 525
204 463
73 870
513 87
81 219
54 151
779 829
434 770
344 678
245 356
81 572
246 176
520 501
428 87
219 806
884 381
856 389
974 726
99 283
135 914
893 959
53 341
345 705
511 175
629 364
89 996
147 157
458 697
127 372
601 966
637 237
559 37
89 75
60 440
22 619
44 525
689 167
794 979
936 768
288 118
687 335
714 497
83 840
608 875
90 711
633 581
718 925
41 359
87 104
290 751
962 870
954 449
770 116
612 144
409 784
546 626
74 970
113 706
251 251
137 480
660 560
917 42
760 482
407 463
785 341
388 544
633 928
457 746
562 947
323 581
688 251
719 612
66 442
932 566
757 558
305 783
928 709
927 847
911 340
722 865
20 99
109 99
523 129
603 703
961 437
322 904
211 84
900 674
486 835
724 187
574 123
24 46
574 807
623 520
882 511
971 546
691 222
666 202
39 72
944 860
28 99
388 265
681 644
688 874
304 817
684 292
750 528
757 394
592 670
249 381
35 314
913 211
719 537
81 872
723 712
597 711
345 164
799 886
991 506
103 641
740 92
680 489
332 89
775 929
646 879
108 456
302 677
962 163
104 788
216 80
448 617
441 322
900 833
400 336
869 973
296 498
52 298
165 245
577 43
238 693
935 721
128 620
49 504
769 240
354 410
918 839
68 99
158 378
714 657
793 66
786 726
358 36
971 41
428 299
219 467
865 601
834 897
621 835
34 308
151 306
900 317
982 866
806 146
674 888
52 548
755 638
503 873
683 610
398 96
339 490
693 505
883 20
990 626
401 307
240 798
133 575
632 769
708 455
563 100
251 461
18 419
456 20
331 447
364 494
90 870
878 967
8 895
253 759
251 484
615 174
788 777
733 252
901 664
212 738
70 783
193 438
588 630
259 681
673 876
456 82
47 657
401 268
113 91
400 702
601 556
465 122
777 245
28 627
201 514
146 912
484 262
373 402
834 3
335 938
200 238
377 64
498 12
317 913
395 427
93 861
515 439
641 221
706 657
778 731
663 124
185 754
49 609
795 539
270 869
582 718
531 434
17 729
538 810
926 958
441 749
145 909
572 421
133 631
625 911
495 262
932 8
780 337
739 106
882 320
409 560
724 192
988 156
420 222
224 3
951 320
561 383
8 469
194 858
98 957
941 373
84 515
645 312
859 765
533 18
755 249
578 637
821 928
928 716
468 22
902 318
485 531
128 927
509 349
424 839
73 269
727 617
585 946
247 540
918 298
112 630
255 848
455 189
840 965
861 334
671 833
922 343
268 644
568 201
599 833
398 204
483 816
480 532
706 415
955 181
914 442
698 395
86 445
872 467
95 251
918 728
344 249
621 290
332 882
459 479
897 187
487 311
473 968
478 231
701 900
901 306
861 196
827 309
513 533
749 840
485 782
886 434
668 682
328 148
360 987
339 212
199 82
97 321
481 260
2 352
749 308
295 633
502 517
521 464
697 820
290 489
250 768
487 567
499 639
264 18
922 18
436 574
149 158
680 527
805 115
237 91
631 652
228 107
363 94
940 247
334 76
113 306
838 255
802 898
199 257
720 443
774 897
667 509
530 936
986 442
537 370
425 711
159 615
49 747
468 782
210 307
895 786
444 277
957 466
595 222
366 352
568 612
56 790
561 390
445 852
549 266
364 970
414 816
656 468
304 671
783 977
501 777
501 357
803 547
971 979
518 886
172 427
465 894
969 38
203 399
482 822
214 380
462 889
499 977
393 220
917 281
905 430
618 547
818 27
655 49
125 375
750 794
501 368
105 509
706 400
622 72
892 146
82 241
699 220
358 803
602 445
652 643
915 143
539 665
172 887
544 795
683 230
87 552
216 764
775 479
883 325
843 698
736 974
342 658
118 518
899 140
645 171
768 557
108 868
806 200
963 629
218 218
233 843
302 636
220 444
449 190
462 939
189 304
276 973
463 899
212 261
115 869
405 639
747 490
284 943
373 69
43 70
616 36
553 81
101 21
23 147
939 999
336 992
78 363
184 6
458 625
280 596
896 372
448 959
413 804
257 474
847 344
947 808
728 621
154 635
274 230
711 214
855 330
518 687
218 931
481 745
178 744
343 254
717 5
560 12
243 587
605 349
390 82
531 659
703 561
827 459
533 948
651 281
980 201
99 553
578 483
787 470
222 701
20 142
519 943
40 497
82 657
735 12
343 888
447 594
965 978
444 302
819 359
977 103
154 160
920 477
296 352
628 170
771 549
320 138
936 878
616 208
979 30
210 152
247 962
372 676
155 472
608 218
365 933
573 787
547 209
487 233
222 544
91 671
260 502
173 354
300 487
358 138
235 342
920 194
601 466
481 505
582 329
927 282
421 409
373 654
584 457
67 990
91 33
503 297
552 698
221 431
335 144
763 266
184 265
105 125
853 227
360 289
990 354
418 936
964 153
18 231
331 599
985 317
261 56
495 55
454 412
851 166
46 578
778 726
597 389
140 394
981 389
858 122
995 260
834 733
842 186
127 819
584 175
120 913
336 99
520 742
265 571
466 74
655 359
268 882
103 133
146 914
28 302
816 22
41 144
282 743
177 123
224 315
610 867
532 574
475 384
38 296
270 703
5 986
652 580
913 478
206 603
743 572
907 897
708 132
876 591
23 5
103 681
197 986
750 455
187 233
523 103
276 570
342 926
845 429
699 657
47 373
979 386
674 564
810 719
700 806
537 36
334 734
924 367
959 706
833 202
787 770
330 530
350 155
241 167
862 822
777 332
381 19
722 366
554 891
76 843
44 367
246 813
419 16
445 152
446 380
291 910
118 814
643 774
892 652
751 188
852 305
241 751
599 720
379 877
93 702
73 3
276 37
424 233
337 791
706 475
841 424
129 518
68 836
857 451
721 422
937 329
918 937
268 429
172 896
50 845
407 620
983 255
552 669
592 342
178 361
710 6
265 285
553 14
552 191
8 743
4 137
388 494
240 967
557 446
67 982
825 72
647 149
766 374
725 224
811 809
119 348
5 367
943 203
557 173
500 956
126 391
926 86
500 948
963 298
296 928
402 237
535 12
324 604
80 273
33 491
429 853
185 635
766 839
857 485
815 282
518 436
585 45
323 826
722 763
388 754
752 739
365 514
285 608
194 146
228 578
678 725
859 737
986 503
380 622
357 561
186 735
437 418
215 593
722 571
529 957
390 771
494 458
209 627
452 805
308 898
979 377
107 123
471 638
44 897
931 224
1 216
205 674
504 972
69 413
459 356
529 461
50 29
970 134
921 175
82 851
201 450
381 325
450 975
528 859
737 700
412 304
340 57
635 163
124 648
503 4
96 513
463 553
877 409
620 931
658 643
176 31
982 392
10 318
490 264
850 457
89 970
416 215
292 125
330 633
308 625
771 483
866 222
912 427
854 562
881 411
73 776
130 821
537 863
225 294
377 903
933 419
580 108
258 385
785 924
231 67
961 436
196 135
182 314
661 881
204 497
766 84
243 697
508 407
816 206
22 607
939 815
348 198
849 244
832 412
146 41
428 336
636 209
543 447
21 156
266 888
799 129
128 978
220 147
203 253
400 252
699 244
535 170
679 215
728 299
273 558
428 268
410 120
187 238
451 593
482 301
360 639
873 818
380 518
661 458
388 622
492 421
274 863
729 155
735 804
607 913
243 660
720 580
44 728
14 668
975 850
997 452
100 823
985 879
960 484
143 526
32 195
302 356
570 465
59 317
564 715
293 94
966 831
7 252
114 272
358 736
962 725
669 320
302 694
443 902
802 665
262 686
502 644
947 519
56 575
4 556
190 128
221 541
284 238
890 825
49 804
555 777
720 993
751 763
593 670
323 423
31 212
110 942
152 392
997 409
556 129
919 105
637 675
747 717
914 991
78 938
26 936
738 552
909 430
498 505
294 745
517 302
95 24
566 905
716 337
916 845
452 976
132 489
658 662
519 356
880 815
224 252
555 689
628 957
595 177
867 789
557 856
760 93
782 75
731 103
40 162
867 646
466 859
102 830
399 427
467 293
149 154
307 29
327 391
939 86
685 789
263 776
36 111
892 152
382 147
435 313
53 790
717 699
521 804
726 671
616 608
209 738
788 560
92 499
123 498
958 135
512 554
4 166
711 993
872 322
612 521
85 792
203 501
62 818
262 239
192 173
792 40
14 836
609 336
160 365
831 62
430 801
731 757
205 816
955 157
528 515
143 775
69 784
759 39
574 390
550 842
833 917
881 492
574 55
85 143
827 961
965 290
980 941
56 759
82 449
70 861
641 997
621 691
156 881
757 562
557 949
685 618
670 183
241 454
605 65
228 960
109 407
767 818
663 123
259 8
153 967
190 361
343 299
931 650
66 182
857 690
22 195
424 915
18 993
483 138
472 80
576 364
29 34
114 128
835 800
635 646
478 309
436 746
737 1
819 832
127 106
142 197
858 209
927 351
853 694
999 670
534 267
944 278
935 744
775 3
129 330
613 878
489 863
27 336
264 655
189 406
152 924
604 115
149 916
929 201
793 737
509 661
629 262
505 568
647 301
844 372
224 467
11 644
633 994
673 611
266 590
680 853
66 290
48 935
40 795
169 611
813 558
771 177
520 477
715 288
169 806
565 277
969 561
262 295
313 721
372 103
520 258
497 957
959 36
383 906
18 662
639 946
281 64
966 154
53 787
223 551
655 967
801 643
554 301
768 653
872 321
684 102
228 226
867 111
450 258
536 777
70 935
586 491
756 97
815 431
465 654
601 270
890 762
177 498
889 293
809 728
243 51
942 426
495 552
629 178
800 41
437 577
106 495
697 209
800 156
717 47
533 319
149 728
85 380
75 206
254 849
303 501
375 290
282 633
938 876
144 419
859 532
908 23
392 285
372 143
394 105
363 966
455 79
733 650
575 958
168 777
4 255
558 243
626 160
572 309
876 60
899 634
665 83
300 702
944 911
81 387
127 295
658 211
788 576
280 374
346 758
888 262
369 756
732 915
182 755
189 281
158 793
759 308
780 501
440 277
453 369
967 417
545 921
792 967
462 104
72 938
749 727
939 219
975 190
669 801
483 724
866 954
358 378
667 951
439 867
431 247
922 496
470 525
572 531
205 914
521 102
677 786
955 26
917 420
593 198
418 656
124 733
365 760
500 228
166 171
40 72
802 264
509 243
948 455
918 800
144 960
937 655
907 660
435 834
438 310
672 927
886 3
597 182
602 832
136 579
592 578
900 962
931 422
575 619
619 255
449 505
422 446
406 760
811 614
715 522
514 481
426 286
990 153
523 997
364 41
636 89
672 785
442 269
216 319
916 507
749 540
645 309
620 162
694 258
762 839
115 798
448 611
905 39
917 414
995 976
742 269
544 354
128 385
179 142
647 744
612 954
67 853
847 255
295 515
165 956
144 241
329 817
40 573
923 134
176 46
945 928
904 793
78 409
912 122
400 418
77 887
914 14
860 405
825 874
507 682
673 120
243 464
885 352
872 706
12 338
732 49
188 459
974 988
388 829
607 584
543 309
678 478
753 455
127 814
41 543
138 798
168 319
345 159
322 125
519 268
859 719
710 109
774 224
586 514
228 113
467 867
278 790
481 316
54 5
558 181
784 381
956 296
654 328
814 12
177 292
971 195
322 269
494 414
43 276
944 246
655 108
784 663
791 336
431 78
255 704
445 37
134 803
358 831
454 541
784 204
871 202
359 137
544 478
340 753
709 312
634 892
866 50
179 306
144 115
490 224
152 967
439 49
436 263
905 417
918 385
718 607
534 688
451 898
87 375
920 972
101 39
800 461
63 763
28 100
950 999
698 911
840 527
411 286
646 36
717 14
212 7
487 233
677 213
473 601
649 518
103 463
704 540
54 449
741 771
991 963
248 284
855 761
871 284
434 195
516 494
644 158
475 630
2 918
104 305
318 702
756 466
261 590
681 112
5 817
474 872
823 906
904 527
546 657
820 595
776 149
287 163
388 623
510 362
517 269
853 225
609 594
806 620
472 119
952 619
729 777
913 998
431 769
458 125
799 463
693 908
629 267
201 543
236 210
20 870
1000 351
122 247
107 478
874 405
795 546
271 285
403 55
770 542
523 892
185 840
130 296
471 516
816 124
710 701
176 249
992 924
264 753
767 368
214 176
803 42
49 834
937 247
684 543
621 676
336 215
57 833
530 733
113 6
548 259
393 235
926 324
82 625
984 251
713 26
596 896
526 798
782 814
429 670
161 626
595 970
841 199
985 980
994 677
319 420
251 899
685 706
677 640
592 710
727 434
214 758
610 338
726 399
69 544
48 793
471 124
654 32
1000 151
363 717
102 348
738 969
655 806
834 441
21 805
504 537
517 412
597 6
74 217
531 41
828 512
193 465
68 45
615 972
186 912
993 585
812 905
554 397
509 235
746 87
40 620
812 153
232 196
724 392
494 255
341 793
419 147
876 598
923 10
374 934
258 998
904 154
20 261
849 905
810 76
697 162
268 769
422 791
968 458
628 427
218 896
108 350
198 276
113 18
477 789
946 710
765 976
9 990
740 338
286 541
36 722
42 683
214 554
235 345
405 541
520 149
795 469
438 715
305 203
860 97
630 829
986 972
73 296
709 789
107 85
678 842
629 453
949 973
846 898
111 924
332 843
827 852
817 159
123 498
885 990
853 980
650 990
433 360
498 423
466 6
310 490
500 726
577 975
856 739
296 810
895 158
175 928
410 532
653 854
626 625
268 205
362 795
508 5
51 692
277 665
138 89
606 140
869 89
999 874
828 239
806 392
950 74
603 159
43 452
407 639
873 254
684 494
944 640
551 811
458 431
6 459
280 450
89 224
778 320
607 975
537 539
328 743
727 27
644 32
132 805
552 781
435 872
478 614
596 982
340 223
528 467
212 672
619 329
499 633
260 659
799 927
324 943
608 910
507 55
859 412
68 379
933 130
79 617
180 940
537 975
840 402
423 435
435 436
935 796
160 874
81 543
331 296
349 846
519 268
650 738
303 61
258 357
679 18
334 641
543 338
158 576
895 383
704 562
127 473
17 104
998 169
671 925
76 460
889 243
549 208
763 514
80 149
412 538
349 100
347 452
249 243
40 348
613 540
716 405
266 701
142 544
753 525
598 527
398 68
992 740
229 838
931 821
677 444
698 946
947 226
276 861
925 789
926 356
19 854
229 688
840 899
360 807
571 344
555 974
192 341
313 953
44 316
985 741
128 381
21 765
802 701
139 658
391 888
221 855
731 784
735 925
532 279
251 611
622 139
663 949
422 741
528 957
549 908
807 484
183 694
224 465
944 58
362 136
462 970
667 157
486 596
180 626
495 222
484 633
34 233
74 656
12 628
759 996
391 353
850 760
794 553
955 858
278 119
150 556
771 349
143 772
611 160
625 280
823 654
537 146
183 199
689 240
63 766
932 120
355 398
8 693
537 469
571 134
155 797
315 277
189 444
813 370
621 133
77 505
590 239
831 202
236 109
901 894
883 500
237 852
271 332
336 606
738 49
778 673
507 211
515 219
230 435
39 946
446 914
615 487
992 136
227 741
833 930
548 935
903 789
1 962
734 751
603 198
38 349
451 605
118 944
866 191
782 675
920 176
908 890
531 932
882 715
267 864
836 433
314 33
635 159
368 936
910 20
467 149
987 80
485 712
798 918
536 388
412 632
403 724
331 492
284 195
428 765
778 361
411 524
150 163
595 218
449 187
446 533
680 386
180 43
420 377
61 490
854 304
804 620
594 169
834 35
907 687
446 269
790 72
49 527
489 872
469 838
294 361
241 77
375 236
639 379
631 744
276 885
505 945
480 85
540 317
837 600
859 539
639 831
664 147
736 842
559 168
280 549
34 796
979 367
578 617
132 463
837 786
881 872
968 321
549 743
349 762
348 745
783 692
500 239
80 287
554 596
502 758
834 272
789 343
369 695
77 400
937 357
88 757
683 28
413 576
759 363
804 313
290 112
636 925
707 569
983 692
568 623
646 549
427 981
414 61
710 492
233 186
413 282
10 377
260 370
981 740
735 298
720 740
435 341
629 836
410 936
835 765
728 875
528 674
876 282
62 30
489 411
137 651
236 532
927 893
913 763
551 379
309 194
555 838
484 602
148 619
737 882
823 427
480 294
871 627
500 942
684 391
435 824
25 741
143 630
672 714
392 84
640 355
291 581
374 93
626 387
667 203
519 135
954 337
171 572
341 557
128 518
446 89
52 147
158 401
801 115
955 28
348 637
218 194
610 463
214 702
675 835
945 374
841 129
18 655
646 700
845 17
109 371
679 769
312 701
512 683
594 211
628 580
67 919
384 72
630 440
215 670
872 405
931 912
582 6
54 876
501 787
853 186
660 295
311 196
423 175
774 435
189 676
457 140
959 109
84 516
584 859
302 562
884 592
931 711
449 358
345 866
433 372
895 861
505 574
821 368
412 287
574 209
362 878
854 759
418 387
779 8
154 130
112 901
75 439
834 545
899 456
80 322
395 38
681 221
219 940
488 330
347 874
712 600
85 572
922 253
263 543
571 164
912 949
835 240
68 197
789 251
114 692
159 600
89 109
134 689
971 803
531 832
973 195
38 579
40 213
53 413
203 754
532 990
288 259
376 282
342 860
517 704
82 627
672 330
333 35
542 815
161 502
241 941
396 406
99 409
489 884
742 270
692 907
275 949
334 931
360 724
679 593
539 671
942 596
781 929
952 212
291 143
229 755
924 960
430 364
515 96
986 521
247 907
870 603
219 954
950 618
302 417
603 202
839 522
9 755
498 902
976 484
289 567
961 66
688 86
669 662
170 910
423 97
91 613
490 373
135 70
599 225
418 914
613 240
767 870
135 49
869 947
625 694
653 524
990 797
337 523
801 863
651 216
90 362
266 268
179 883
496 157
13 965
516 480
956 463
511 134
970 542
330 961
218 289
808 713
29 823
742 208
73 130
816 735
521 607
418 980
947 346
978 40
454 387
563 279
44 663
652 297
34 639
871 876
572 323
811 535
999 677
858 57
598 988
246 309
960 186
122 661
188 691
7 773
571 721
65 401
430 678
790 100
30 810
75 447
488 361
502 508
412 359
967 898
866 21
653 529
4 784
237 376
919 532
473 368
758 684
417 623
821 576
112 75
20 829
430 125
553 959
365 157
106 659
129 341
664 496
304 10
301 598
194 519
347 458
742 883
730 582
484 326
823 824
927 903
213 43
678 421
663 51
128 974
215 267
909 979
536 197
289 508
875 906
419 256
849 662
738 340
467 264
192 230
407 107
528 218
508 460
655 527
707 331
582 632
90 153
399 900
570 287
577 324
650 62
875 326
921 800
383 358
359 759
223 448
15 597
802 810
969 760
453 84
438 199
350 46
713 377
419 770
699 348
103 191
209 828
102 382
259 164
126 934
780 784
204 353
943 392
362 588
18 765
846 136
449 408
108 379
662 660
566 159
805 888
600 634
131 580
383 836
863 816
636 414
752 609
648 945
582 563
548 848
361 769
419 476
222 861
81 672
18 750
699 830
530 812
369 309
710 718
932 154
488 125
303 418
188 125
106 545
338 624
202 578
692 605
753 840
838 856
684 242
438 371
344 726
298 140
669 8
838 38
270 254
367 144
479 505
389 546
453 52
680 852
441 280
329 971
512 559
753 831
433 888
953 246
263 163
267 469
411 790
904 241
224 81
823 534
105 842
473 899
554 173
395 434
292 731
554 981
131 751
803 585
700 598
127 197
766 910
873 219
363 138
240 445
661 667
518 489
94 685
947 49
40 892
225 843
176 416
948 588
866 843
443 704
749 552
772 986
838 254
289 84
445 841
491 61
425 365
276 880
359 698
863 924
622 610
637 781
719 401
674 161
63 391
641 832
840 550
968 537
53 358
842 104
113 439
881 175
638 292
973 508
550 608
684 159
327 757
907 97
195 99
731 800
951 79
596 476
420 265
207 233
336 446
94 423
846 589
420 419
137 75
209 455
779 156
480 977
881 302
787 236
745 768
55 66
425 281
421 233
956 182
559 942
758 7
29 552
222 873
501 308
767 648
851 509
705 679
339 807
686 154
553 120
863 318
560 553
425 276
736 789
822 484
609 77
306 883
67 448
930 955
707 440
468 96
981 43
984 969
459 26
482 93
764 48
412 851
942 13
437 658
889 169
494 372
553 467
546 560
897 735
622 8
693 437
654 497
735 902
723 602
289 280
841 662
662 626
12 180
251 432
685 206
216 840
872 77
404 162
123 945
356 741
612 173
10 323
8 59
409 375
50 383
161 249
326 457
181 96
542 630
189 891
792 644
276 145
391 346
116 638
242 680
290 72
713 253
505 1000
784 242
616 91
229 573
880 84
116 411
844 805
787 724
887 619
55 38
725 675
673 381
800 2
156 495
623 141
338 538
411 987
264 945
674 422
773 633
147 270
551 78
360 800
230 590
328 855
601 450
490 450
619 170
804 920
856 206
695 280
547 913
912 332
219 362
445 979
356 600
912 922
123 695
744 687
609 936
833 815
877 413
829 772
676 759
272 659
120 506
193 309
200 37
593 893
346 693
46 351
158 591
588 149
518 543
257 286
701 833
689 189
735 83
400 63
442 962
238 116
38 11
399 72
392 233
638 216
665 660
806 972
975 435
986 300
609 828
403 76
181 281
947 594
812 425
388 189
550 229
952 298
142 487
614 647
228 796
707 860
49 189
409 49
640 533
278 756
918 572
131 15
414 494
217 937
473 447
511 916
780 600
462 293
596 337
153 210
611 533
922 746
782 499
230 36
224 119
63 5
370 557
998 998
522 199
435 585
276 647
974 64
916 751
600 238
693 798
377 189
546 748
578 890
919 751
660 138
548 874
227 193
769 623
79 871
497 890
417 684
344 456
108 259
928 798
73 759
494 366
731 885
553 310
804 333
413 308
328 73
536 629
820 367
412 669
706 73
556 524
757 157
337 44
489 710
539 365
24 794
157 297
723 808
757 91
784 704
654 717
732 644
889 688
36 401
759 433
937 632
784 689
524 330
449 234
703 607
321 678
931 325
622 741
584 313
719 219
204 648
967 812
568 924
115 177
667 229
96 570
553 765
443 985
721 457
870 251
609 250
31 770
211 381
416 907
35 767
455 171
366 204
40 297
866 598
467 113
772 614
345 866
113 733
542 65
943 915
716 953
346 382
816 869
988 731
640 945
780 753
440 75
317 621
853 591
90 103
824 801
895 912
121 276
335 421
441 493
222 193
153 853
720 745
499 975
804 710
889 893
311 38
793 510
614 660
596 277
100 364
93 574
108 909
345 154
815 341
112 446
205 335
844 898
51 625
663 447
973 728
347 72
539 78
907 987
544 923
963 874
984 625
318 398
607 150
614 937
450 349
673 712
733 312
104 821
28 639
941 451
913 44
259 244
695 190
293 5
903 790
63 73
951 671
794 810
376 891
528 207
721 652
829 580
717 103
635 861
6 627
937 664
693 511
448 702
219 529
365 31
735 357
99 408
136 610
968 107
372 645
453 663
934 360
344 50
252 444
726 949
502 892
618 767
108 868
577 804
271 701
424 282
2 345
640 481
576 791
593 179
880 144
894 8
564 190
810 716
941 792
679 461
211 805
153 510
355 602
198 815
253 458
41 522
65 99
319 780
415 787
816 193
225 884
413 151
757 518
25 442
174 520
611 384
441 681
443 902
855 72
32 866
972 764
739 80
641 669
769 870
797 345
315 247
459 304
239 725
800 827
90 964
881 555
276 196
189 473
274 35
253 875
10 109
604 423
83 859
845 824
918 216
362 926
644 43
466 655
783 506
546 957
176 185
142 703
400 708
669 497
329 765
401 644
808 96
786 846
776 789
629 274
899 121
338 781
294 857
803 492
327 223
477 445
862 585
448 798
611 573
475 330
302 989
294 487
406 788
451 906
133 254
165 218
138 745
138 782
629 531
208 218
501 374
741 666
894 297
906 308
856 327
875 22
655 772
433 68
794 789
238 523
92 75
893 912
334 656
18 651
479 609
669 877
503 185
567 798
603 826
44 976
156 252
830 608
736 201
225 110
720 190
599 923
421 555
66 566
584 424
461 489
513 826
757 805
492 80
570 866
126 512
263 284
689 997
224 266
668 368
130 208
981 605
910 864
154 980
218 594
236 610
284 340
560 568
736 422
999 246
565 562
788 49
571 731
938 761
695 588
19 200
694 16
869 812
110 83
448 89
969 447
60 921
145 236
763 305
91 766
578 937
942 529
511 67
440 458
337 102
764 424
395 324
323 579
336 660
855 430
455 251
222 968
765 209
938 28
679 789
361 205
354 813
762 782
392 931
700 26
373 840
242 706
474 495
440 741
124 123
1000 387
114 227
817 475
901 510
224 839
797 494
57 714
370 190
989 924
461 640
980 636
69 607
386 186
716 752
770 735
979 823
683 504
525 387
767 39
860 821
681 240
472 866
919 938
679 951
107 141
51 554
49 250
334 819
676 223
193 749
543 947
473 148
395 57
292 631
101 880
627 105
336 165
930 909
68 530
732 880
564 767
234 754
812 542
313 897
805 701
678 777
475 890
778 528
823 711
215 609
810 884
118 859
918 56
369 887
105 879
672 562
73 260
256 887
240 115
53 289
379 826
565 88
835 58
798 915
152 924
376 285
216 840
954 732
28 358
973 811
867 403
853 468
163 621
162 384
611 937
992 632
956 600
573 236
362 959
240 996
277 844
501 716
691 952
804 804
929 616
400 702
28 779
234 717
845 776
596 357
285 248
901 72
142 586
834 633
813 764
797 948
386 352
804 989
729 609
943 136
969 929
535 654
825 482
895 290
606 982
845 677
804 62
375 358
719 688
410 888
698 656
825 790
304 547
138 109
901 143
71 930
100 6
130 505
668 422
475 726
823 449
969 200
634 39
568 793
9 533
933 474
899 838
565 76
552 961
959 238
898 257
762 755
467 588
545 383
798 243
586 89
80 708
647 659
406 487
73 991
357 278
696 961
263 619
454 177
301 50
695 317
809 25
490 457
424 427
225 969
326 13
489 481
98 210
545 748
971 443
523 273
903 706
339 622
906 68
277 167
275 33
761 822
899 293
768 354
474 856
689 20
755 753
81 725
582 911
17 174
210 744
320 327
567 16
195 14
861 189
254 459
473 260
320 393
426 518
660 173
714 91
918 129
722 891
541 756
81 188
315 623
226 576
138 248
282 139
98 289
442 85
376 346
90 110
883 879
264 738
167 517
642 989
459 33
553 253
970 63
379 682
611 43
427 487
748 595
633 19
956 171
976 956
870 530
689 972
876 57
628 772
965 580
864 273
407 832
474 961
733 828
668 882
815 756
92 336
369 545
654 529
693 248
393 188
229 960
945 324
200 86
437 240
392 985
891 86
223 125
478 826
273 332
717 895
793 122
509 195
647 131
520 821
619 945
648 637
272 509
120 420
135 112
83 813
119 923
950 41
711 474
476 40
113 432
984 352
762 119
249 987
401 403
870 212
906 136
289 207
381 263
509 621
957 743
524 422
730 701
858 511
491 249
922 889
302 718
216 871
739 166
931 708
496 994
971 530
435 189
640 405
24 710
948 707
7 734
632 703
649 865
169 515
189 632
924 310
646 920
605 939
405 690
718 895
519 726
678 762
530 861
3 418
791 320
769 398
833 9
795 296
27 977
73 484
867 56
536 842
614 785
927 81
991 351
885 97
523 227
326 76
930 249
704 810
666 729
559 539
343 699
428 429
201 11
297 44
940 631
601 865
633 643
98 883
182 937
381 632
662 824
580 674
570 506
288 816
579 282
153 475
751 397
125 578
276 403
204 916
542 761
788 11
833 166
705 305
274 267
942 26
540 616
136 448
844 857
214 430
333 131
492 11
246 306
230 122
108 869
570 515
798 49
753 767
925 379
742 289
61 865
382 164
323 563
866 873
483 744
283 432
248 776
636 547
99 100
656 625
757 639
44 369
734 117
988 118
818 353
624 307
845 986
995 41
577 574
401 586
303 77
322 451
134 878
203 379
369 595
536 289
635 629
69 827
59 628
321 401
515 293
92 525
957 788
601 677
72 761
74 523
835 168
157 490
90 56
481 188
834 881
7 892
81 296
917 324
475 356
667 7
285 419
232 198
933 311
44 122
274 31
616 353
680 597
137 602
708 694
688 695
591 998
201 179
299 416
49 28
549 372
450 268
64 931
827 892
755 301
740 599
600 558
301 844
367 443
924 714
21 24
590 701
386 229
347 719
491 835
993 238
268 759
495 858
174 85
397 271
977 484
856 194
379 22
901 470
574 933
314 3
305 539
417 691
470 841
285 478
43 327
890 674
2 16
915 538
621 148
993 556
455 962
983 14
987 354
531 200
878 914
807 223
672 299
646 628
746 531
9 846
712 749
527 359
261 364
667 22
738 420
498 561
505 207
715 603
894 136
784 457
151 921
858 334
700 441
896 175
620 989
554 941
452 325
519 628
67 923
946 329
548 798
173 792
794 839
758 956
551 114
794 845
972 691
662 146
288 935
487 211
196 600
717 785
988 947
41 274
731 413
470 237
854 161
988 760
598 85
341 202
462 544
689 690
143 650
173 832
162 502
97 595
888 318
52 888
598 56
945 139
759 63
231 390
421 377
973 703
242 668
525 531
708 850
964 21
948 709
413 733
523 406
515 392
76 129
815 44
974 730
593 119
137 851
825 134
423 845
757 866
865 513
734 559
124 958
105 446
424 920
399 990
31 665
925 83
97 498
901 306
198 178
571 698
293 797
757 928
525 735
628 632
891 103
751 620
51 475
10 609
784 553
283 632
215 213
80 976
494 59
55 813
276 54
35 187
212 376
853 31
160 637
764 173
817 436
66 828
460 990
353 567
123 52
659 466
979 55
880 692
158 654
624 364
870 318
779 978
313 489
734 1
452 325
216 703
136 182
132 299
176 969
255 751
266 199
558 64
793 589
963 882
230 973
858 584
145 722
312 818
557 118
910 417
538 720
364 445
798 612
775 416
271 8
276 227
920 826
184 341
375 397
977 669
932 867
266 408
924 54
608 119
607 10
648 465
227 844
332 134
906 893
18 709
299 576
520 449
972 726
644 975
661 315
427 620
925 975
283 124
304 724
58 746
791 275
706 773
727 560
179 644
934 990
235 69
817 666
661 196
260 999
511 633
337 489
337 92
390 85
752 322
361 777
193 375
379 279
486 112
134 97
522 119
772 205
571 464
870 175
830 200
530 627
270 162
685 413
350 16
231 536
826 505
47 632
136 710
191 233
300 857
924 194
285 674
298 794
270 193
60 931
545 475
511 676
422 727
90 669
288 384
628 763
118 704
347 115
483 4
931 20
835 349
701 669
373 391
313 227
498 731
188 996
150 353
81 130
218 168
665 591
801 331
693 545
513 711
515 444
801 651
679 213
526 245
953 865
155 517
415 72
424 784
111 981
508 88
792 866
482 412
233 45
691 33
13 315
301 385
783 644
902 724
778 603
864 105
296 909
396 332
164 251
457 405
612 403
100 185
954 760
98 375
189 416
791 586
466 363
508 751
217 435
257 899
516 804
668 451
643 677
537 788
980 843
585 412
344 857
207 260
815 238
869 471
880 76
168 93
808 878
303 28
385 53
388 50
48 518
152 683
347 729
155 393
291 48
440 947
694 770
280 17
141 39
997 750
53 135
421 496
624 986
649 568
130 88
197 615
937 989
131 143
201 661
32 39
867 115
62 70
957 13
460 107
997 838
544 962
317 152
125 982
392 809
551 595
409 628
316 495
827 467
902 239
805 462
318 261
316 328
767 812
405 234
549 628
971 355
156 191
183 886
591 235
925 442
998 965
662 504
319 156
444 179
669 323
412 608
196 635
697 929
675 863
534 787
905 472
652 809
228 907
666 983
456 171
855 34
399 887
863 754
790 345
373 269
198 484
496 44
462 218
624 786
738 363
242 27
206 836
870 719
645 247
460 644
584 826
465 140
724 212
447 304
469 109
605 887
80 810
946 976
18 493
858 642
787 489
815 450
868 862
6 944
99 657
121 100
490 640
386 298
754 55
758 770
938 270
60 502
946 860
902 129
907 553
520 579
111 833
70 232
277 52
786 305
251 447
824 559
625 512
210 929
999 192
762 405
791 64
759 923
824 864
275 985
463 205
900 272
96 290
526 232
787 762
945 400
400 935
599 819
871 219
306 984
242 219
706 65
14 865
717 786
936 230
718 141
841 228
748 357
985 94
298 605
784 510
199 680
915 835
233 633
978 997
924 526
303 916
308 97
971 364
609 22
892 298
601 602
109 373
831 769
434 302
373 515
521 773
62 137
698 466
331 995
242 123
500 704
345 278
501 366
547 951
52 495
442 181
964 552
952 507
438 353
682 473
205 696
491 882
226 457
249 591
397 275
461 986
883 231
173 637
937 18
417 388
678 78
921 591
389 820
33 61
187 29
407 475
909 902
367 233
694 812
931 611
664 62
536 151
919 621
725 628
177 669
517 443
836 661
220 128
739 560
907 935
155 851
616 389
854 599
195 609
750 192
336 36
817 381
567 564
659 723
811 520
27 246
425 581
387 929
130 511
666 636
882 802
727 852
149 392
348 514
533 957
526 149
982 899
311 89
203 652
200 163
268 37
447 173
501 138
863 568
687 782
421 246
429 353
184 637
905 700
492 204
931 956
439 904
764 155
810 863
835 243
760 696
205 883
840 142
349 814
335 614
168 652
63 822
785 135
76 910
299 756
833 923
798 988
14 465
619 33
993 91
387 911
927 695
868 882
924 330
944 787
448 849
904 354
458 787
215 458
7 624
632 357
565 975
367 870
598 318
422 607
359 824
606 543
722 552
660 835
256 425
530 713
528 724
452 623
44 206
374 828
373 951
846 789
971 83
644 80
686 614
471 700
720 570
761 513
644 291
878 665
753 356
783 968
714 998
691 696
874 52
845 899
117 706
947 764
753 920
96 928
984 645
122 296
452 407
637 51
384 899
910 619
291 87
930 246
398 490
728 246
115 498
394 670
338 438
428 268
857 99
960 893
278 755
190 353
396 525
627 915
559 178
289 102
240 824
253 448
518 147
126 784
270 879
249 733
270 420
767 876
330 394
211 625
428 367
877 65
498 382
268 447
918 907
125 220
769 27
431 267
625 550
929 357
506 955
29 672
17 186
241 408
616 460
732 495
496 235
223 390
621 414
114 370
2 110
480 101
111 860
40 842
933 238
647 600
434 278
970 736
678 70
45 899
983 927
887 827
823 138
297 648
231 871
794 617
996 507
961 700
437 93
655 973
228 131
926 684
45 756
718 321
955 298
149 609
452 934
182 822
75 750
680 446
121 752
212 337
731 289
802 463
618 582
989 848
720 639
869 932
468 852
494 243
891 899
795 275
123 514
810 699
296 280
821 431
357 594
121 696
592 116
275 206
959 781
934 815
331 105
992 764
708 422
298 194
773 408
950 801
762 362
59 663
176 824
530 380
357 195
777 633
940 185
195 981
349 116
825 655
594 329
679 994
168 200
127 116
877 902
103 697
891 487
462 650
33 777
448 781
905 744
258 31
917 901
357 574
294 227
520 768
805 435
961 417
268 281
853 852
865 792
599 215
175 721
105 413
756 289
899 23
913 311
26 880
7 772
988 358
175 316
689 974
727 497
977 745
458 319
292 155
527 301
520 240
539 751
946 491
982 479
154 830
955 389
89 821
268 925
717 991
626 976
126 574
240 411
141 31
569 641
979 679
655 499
99 595
226 723
101 722
679 434
498 122
416 91
987 362
202 462
234 91
743 822
342 382
719 699
599 172
374 535
418 390
945 310
801 564
809 341
312 178
708 18
181 327
610 72
26 307
41 719
957 587
320 281
814 641
162 328
971 970
840 724
844 774
217 533
469 627
224 142
468 377
239 288
243 810
979 189
871 810
302 479
584 926
242 829
439 490
664 140
561 121
800 876
630 101
131 180
557 322
905 50
835 651
876 462
271 504
739 760
535 134
821 135
609 903
620 837
683 536
162 510
306 576
652 729
921 855
993 766
838 315
678 362
714 543
970 72
620 458
883 307
947 128
681 360
975 98
732 868
325 463
247 384
805 196
588 139
246 158
214 927
225 871
87 33
435 143
642 7
662 854
265 498
322 447
961 197
38 33
181 433
146 805
756 295
201 385
59 441
394 457
9 867
846 783
565 121
618 530
556 883
591 113
829 85
108 695
539 251
33 403
906 604
996 8
852 209
297 459
291 867
722 497
589 366
107 560
528 781
476 803
800 168
618 161
699 367
255 802
57 837
241 430
847 937
366 70
978 911
886 68
764 410
570 57
146 209
927 914
447 143
121 226
863 997
406 230
399 275
567 542
882 244
653 790
851 626
775 523
185 281
828 280
267 629
649 181
567 949
903 620
622 342
905 156
165 573
147 669
725 462
78 449
193 686
783 223
912 19
562 27
836 38
462 399
751 723
138 847
535 472
87 584
723 258
653 21
209 108
252 840
583 289
352 771
388 573
624 104
24 462
497 461
211 364
507 758
480 622
32 987
928 380
771 55
184 626
225 638
472 949
464 458
177 757
377 113
347 927
43 737
410 331
56 28
221 528
202 213
75 681
531 182
461 954
39 134
923 943
454 692
840 191
136 443
61 334
674 131
293 324
536 676
975 248
257 258
260 541
843 135
636 172
472 607
907 351
774 470
857 67
274 437
833 323
442 129
565 693
113 961
204 879
852 516
6 908
359 421
387 623
502 714
688 500
919 312
299 742
320 532
915 680
739 294
144 705
144 803
500 318
752 755
180 879
122 468
335 939
267 215
990 683
452 502
82 445
242 117
730 987
977 10
30 354
472 46
241 609
572 203
845 184
956 718
640 84
459 258
549 669
466 753
741 941
767 265
767 96
569 818
28 204
530 252
592 519
625 569
440 797
723 843
527 371
518 646
943 897
574 393
406 966
260 46
241 192
400 993
324 534
868 272
680 870
281 167
364 20
834 681
62 991
697 479
853 371
122 486
667 317
956 613
532 855
147 90
421 262
231 264
57 804
483 491
674 824
894 964
71 518
155 553
7 152
900 497
204 936
57 595
796 836
984 680
135 547
612 201
512 782
80 751
900 424
319 414
548 398
564 82
378 259
741 901
821 22
789 8
598 870
857 233
111 191
201 812
326 418
627 924
294 978
31 730
321 691
146 51
8 558
345 719
368 477
812 292
586 751
820 790
181 303
516 132
429 974
711 550
330 947
717 557
724 329
394 178
386 579
686 42
705 769
936 680
288 436
545 699
538 857
592 971
428 306
464 685
720 436
985 101
105 710
749 71
76 449
658 289
42 515
458 45
696 181
618 586
199 986
213 16
853 691
448 840
295 205
401 224
907 678
791 277
627 621
703 736
703 942
706 739
721 899
927 765
262 558
886 861
870 549
978 979
889 54
706 449
927 823
997 606
33 640
493 147
221 659
356 489
961 447
684 345
618 138
709 351
345 457
782 990
754 312
483 942
586 945
59 781
574 337
819 276
192 601
448 562
472 308
91 872
702 79
196 360
503 94
787 151
890 219
305 885
626 369
702 868
162 601
614 414
255 351
247 668
751 536
589 403
662 744
446 428
159 362
308 293
907 444
139 85
228 764
942 625
289 302
828 387
325 83
873 928
33 241
227 11
525 977
575 535
19 848
869 146
627 897
479 21
687 69
680 752
638 273
268 36
853 974
229 15
121 197
122 116
157 602
863 654
869 864
640 479
925 283
194 722
437 369
779 973
694 934
93 461
343 775
208 520
579 44
620 19
461 159
741 609
732 134
530 932
865 316
972 190
854 314
932 383
131 570
159 116
747 903
435 24
388 963
693 398
814 11
184 862
518 86
676 696
544 178
607 309
715 686
900 756
631 427
