1000 1259059
5000
704 160
491 638
997 488
962 617
518 960
550 579
293 581
298 169
365 306
53 727
393 903
258 897
846 27
117 407
346 247
153 559
543 548
285 936
873 726
996 411
224 743
41 238
942 596
910 770
946 967
672 82
256 598
263 499
829 498
277 181
820 316
763 800
51 877
618 919
813 74
22 591
629 3
916 204
546 159
277 83
273 306
53 718
78 84
249 987
372 609
120 278
721 139
537 985
2 45
832 60
326 2
750 94
463 301
964 137
103 265
220 241
482 290
621 5
381 357
363 46
659 214
278 263
241 388
794 652
914 945
514 761
40 240
131 560
343 180
335 730
36 417
559 254
985 316
97 773
721 956
325 22
904 726
576 420
317 795
907 571
671 880
251 328
150 132
672 116
12 720
140 566
113 449
793 658
154 429
321 937
868 940
64 970
488 342
354 437
62 708
95 673
235 127
319 697
140 409
554 197
632 597
489 150
655 735
23 839
739 215
663 323
609 529
544 381
467 617
513 915
119 896
827 364
614 173
125 359
526 557
681 596
155 525
812 771
912 169
846 46
335 609
812 58
498 166
362 270
743 945
559 552
505 349
889 660
572 838
788 323
186 368
167 140
416 979
366 755
355 441
79 495
783 627
42 134
816 561
574 40
615 810
227 569
968 699
370 912
641 753
618 334
687 927
729 8
597 987
157 709
947 94
562 902
878 287
785 13
409 396
759 60
495 964
206 540
923 439
770 969
808 707
742 356
969 658
923 68
526 623
823 59
972 617
545 292
692 239
579 486
906 471
758 55
613 157
433 410
159 572
4 459
583 327
257 597
406 529
610 991
903 420
113 489
693 285
859 208
747 30
733 731
772 675
300 928
896 168
862 305
467 65
330 338
360 124
219 45
479 908
986 712
545 632
662 596
278 947
535 886
947 844
93 497
90 417
540 520
135 838
514 944
654 855
439 651
747 793
222 13
982 609
81 994
452 783
507 154
315 987
965 842
709 277
123 169
986 300
342 483
511 836
424 682
244 836
96 562
766 817
489 85
808 921
184 759
669 487
200 537
445 914
259 552
439 202
209 525
139 543
477 30
387 896
715 333
481 243
287 806
931 864
50 453
593 192
37 500
94 574
765 978
597 840
890 177
130 307
699 318
248 68
821 534
842 446
144 712
134 887
487 333
829 817
214 917
316 454
326 950
806 536
867 169
559 672
730 256
725 879
969 506
281 644
627 627
614 261
382 736
701 623
995 371
99 576
226 316
228 586
310 691
10 959
574 378
884 321
111 359
319 587
863 58
95 25
1 856
738 298
1 967
576 610
902 744
625 848
478 6
128 85
795 294
328 519
285 635
48 355
141 405
726 855
847 455
96 95
99 680
442 763
575 195
141 724
783 675
873 227
407 489
800 18
733 762
857 231
935 601
16 279
541 828
18 933
57 698
996 467
666 798
245 71
649 915
449 458
9 516
112 294
367 170
557 23
292 945
964 872
914 472
683 793
414 878
144 950
366 186
975 933
235 61
135 317
304 502
722 527
700 149
524 965
358 752
230 506
180 106
386 412
764 446
665 788
359 278
920 913
596 810
222 334
163 271
862 718
86 147
316 826
541 29
842 87
591 935
667 157
455 141
765 666
51 966
285 858
747 385
216 363
515 502
744 475
696 427
172 632
234 282
750 358
406 984
372 535
5 698
293 198
246 160
965 669
720 789
930 759
3 247
106 943
816 303
193 69
346 236
685 429
751 259
72 879
706 992
84 560
968 150
737 752
819 38
338 840
341 621
410 629
929 556
474 926
767 992
171 541
126 781
736 125
996 787
762 555
281 446
405 427
730 337
300 228
683 511
983 73
246 889
187 967
4 734
609 333
474 471
449 630
118 663
343 435
253 139
331 684
651 798
487 931
52 49
168 771
1 401
634 451
456 798
488 144
492 262
553 698
64 442
300 398
9 898
217 185
939 971
307 871
469 985
662 549
972 217
43 471
409 886
148 173
447 259
819 282
639 124
115 135
783 156
66 201
506 669
32 992
842 952
519 358
656 301
330 172
271 377
854 945
67 601
316 46
998 615
342 839
267 394
758 871
392 483
915 534
878 922
808 953
664 291
959 170
803 471
670 112
202 684
689 429
702 92
185 474
321 181
733 89
274 585
445 978
853 482
432 702
400 831
124 492
8 59
46 16
236 514
919 799
507 917
983 26
543 80
597 890
503 967
379 236
36 563
854 874
203 124
266 486
381 8
660 856
622 447
651 216
156 169
580 749
965 793
212 682
179 178
530 361
49 559
758 723
187 367
854 974
830 39
614 665
151 356
49 361
398 598
508 999
836 26
137 947
692 894
605 25
208 560
985 744
814 795
57 567
501 494
749 663
577 496
282 332
610 426
408 571
585 866
440 277
133 856
687 856
732 947
176 283
984 33
678 36
176 425
61 133
376 244
488 126
117 728
70 283
576 944
185 593
555 963
600 268
505 546
843 394
167 605
770 202
659 623
319 296
775 634
618 995
74 562
702 937
393 178
981 174
873 464
563 695
542 608
25 465
948 382
140 704
471 771
694 792
715 646
534 957
422 262
177 444
123 98
807 190
550 289
46 512
635 79
282 366
488 418
709 755
304 418
86 124
695 420
779 640
111 524
768 820
892 551
521 2
70 986
427 385
762 161
432 371
243 681
433 625
448 778
449 180
993 70
825 599
151 658
334 820
587 296
559 259
947 77
261 946
778 929
850 878
675 16
777 717
61 618
837 602
409 507
99 432
691 526
149 703
195 948
372 584
423 695
677 506
67 998
114 40
120 445
783 710
303 819
593 330
978 950
63 21
81 953
46 941
612 656
373 873
140 602
457 329
161 783
728 540
825 146
627 877
53 59
5 953
52 923
714 691
16 78
250 936
432 711
837 953
763 217
808 149
986 474
597 623
296 987
131 985
711 773
161 961
571 605
742 382
663 394
708 129
277 962
272 778
666 871
65 488
956 743
829 739
473 887
793 754
327 192
743 274
576 899
530 454
386 674
121 119
347 400
930 100
561 829
520 697
64 591
995 672
499 509
739 452
762 914
74 387
695 650
363 552
311 9
65 525
129 107
683 763
106 986
888 448
747 92
254 372
630 143
893 633
942 934
888 681
536 329
515 250
956 690
889 449
418 153
20 53
293 246
206 93
311 861
710 969
96 431
582 993
567 397
164 947
347 360
327 493
983 836
301 701
782 452
808 134
699 739
716 736
476 807
157 480
625 940
258 278
212 200
49 653
478 665
972 209
554 619
792 305
106 5
685 356
62 850
122 521
827 124
486 892
152 816
684 568
601 843
584 516
551 243
438 160
369 277
34 995
302 115
465 681
6 723
318 348
339 441
428 775
312 653
280 225
714 8
244 111
186 120
289 378
336 787
755 513
809 392
503 224
464 574
926 535
352 531
798 697
229 194
610 387
693 75
615 95
515 734
86 899
112 647
451 484
802 367
233 722
559 620
762 451
335 307
964 620
352 779
605 373
936 985
517 112
527 385
821 316
229 877
741 785
777 332
484 849
628 380
475 30
36 114
756 39
585 13
807 632
531 866
892 492
536 609
927 467
942 319
586 652
291 221
493 544
357 654
628 385
513 115
998 708
194 657
43 498
919 165
518 172
601 329
27 618
929 650
639 43
499 999
929 512
875 901
211 503
653 803
746 105
908 821
329 539
343 910
823 821
84 753
461 38
893 121
196 594
419 497
660 730
10 603
547 380
629 825
238 919
908 464
868 561
788 549
997 353
802 969
693 979
784 527
336 219
596 728
831 173
329 401
151 655
641 349
561 737
687 909
470 904
285 919
306 970
518 97
462 533
881 327
129 246
298 195
987 2
176 300
612 710
534 363
258 869
844 366
283 327
808 117
2 405
439 447
615 824
67 212
119 773
52 307
593 660
798 388
188 341
347 553
877 605
813 920
594 476
97 735
440 865
307 924
256 92
549 555
101 217
226 513
412 642
233 15
705 981
927 94
262 540
976 338
892 187
262 529
94 119
302 350
394 549
60 95
813 49
727 607
555 782
895 475
335 336
460 589
10 680
201 38
248 7
819 313
298 637
883 373
149 885
71 533
981 788
276 435
129 821
958 500
731 851
65 675
813 343
318 806
889 837
497 980
586 33
893 448
91 293
638 563
286 91
411 536
221 891
722 537
65 818
845 617
417 647
524 879
941 121
650 466
672 409
19 832
573 573
215 588
572 554
548 459
582 765
374 998
327 63
838 512
968 657
99 159
926 694
305 176
927 464
285 567
386 566
137 66
10 615
868 193
671 355
854 105
201 154
129 698
997 544
348 445
19 291
996 697
286 957
234 813
921 773
104 130
626 877
485 48
980 550
974 480
80 457
205 252
533 927
996 79
120 991
285 411
554 750
99 796
425 910
627 147
868 840
347 123
253 464
408 462
271 904
202 680
883 76
645 386
386 571
675 341
462 766
807 198
438 810
343 265
871 118
684 617
521 850
11 706
156 653
948 708
270 898
266 125
739 370
436 102
37 73
784 289
973 80
251 516
593 629
718 730
693 339
845 772
567 80
586 671
529 830
246 773
150 719
881 58
82 40
642 272
80 464
224 759
341 55
151 147
286 346
452 64
807 289
995 176
238 903
353 177
328 707
656 845
794 470
204 992
876 77
506 42
464 533
697 653
488 546
16 900
178 983
769 923
9 435
192 506
352 761
494 678
868 237
319 505
179 269
421 951
48 638
106 82
348 481
73 483
78 536
490 700
484 293
994 633
772 72
59 462
479 419
254 866
290 936
359 82
471 164
659 234
414 209
585 971
154 907
646 841
477 297
656 125
326 632
964 261
464 715
193 931
162 592
128 452
948 877
201 817
900 822
288 713
152 542
584 540
538 449
85 81
920 621
772 636
503 561
358 424
950 978
583 53
92 859
593 685
375 689
194 334
739 525
174 564
171 798
482 201
950 848
291 445
777 908
595 739
742 619
236 929
888 43
899 454
564 133
600 178
34 701
147 911
519 246
949 849
611 828
440 338
183 554
564 739
639 351
925 594
27 205
886 742
724 987
687 230
984 487
931 416
161 172
858 504
749 591
125 76
88 213
299 880
834 74
693 147
866 210
788 823
1 740
629 977
113 885
732 286
4 18
860 722
56 410
440 24
633 790
131 93
711 745
180 408
605 606
973 223
11 185
55 361
490 741
280 934
860 625
529 313
585 73
356 90
662 620
696 29
101 770
328 221
194 918
148 766
40 633
531 763
230 972
233 58
536 764
575 328
849 154
245 810
627 112
46 779
76 131
870 993
481 101
229 238
145 565
655 954
175 252
787 850
409 887
767 311
88 145
421 424
329 14
669 124
552 481
524 383
947 964
424 107
253 522
512 829
959 827
203 775
320 824
518 63
264 818
188 588
53 980
331 504
898 819
553 66
898 171
840 44
137 82
157 973
304 289
411 416
170 172
505 232
631 468
946 532
446 810
725 556
481 190
124 867
944 201
220 52
449 216
46 498
891 442
413 955
515 855
937 147
950 731
955 516
17 183
53 589
394 400
678 186
851 683
242 81
490 630
503 90
587 292
954 518
497 89
949 901
501 137
217 540
530 352
273 92
453 965
455 694
79 268
606 953
526 180
988 494
55 449
535 491
184 287
154 989
302 1
495 521
695 137
94 767
672 920
775 244
881 89
544 47
978 916
309 100
200 115
789 118
274 136
82 384
143 111
658 673
698 574
567 230
578 910
941 228
761 889
80 784
658 243
267 879
347 419
970 211
7 806
14 889
448 294
839 629
526 918
992 980
591 277
827 764
909 389
571 811
124 543
525 720
223 230
445 726
471 314
378 807
648 833
965 103
827 217
655 723
833 427
469 820
117 495
217 644
365 543
171 141
161 561
132 661
927 499
478 46
568 480
270 1
65 140
871 950
876 175
708 781
857 525
561 791
985 809
721 883
220 62
304 678
709 502
329 430
8 251
943 322
571 405
925 829
808 769
782 421
670 649
678 498
512 358
979 61
542 565
856 166
41 989
743 455
808 759
51 990
331 202
311 153
202 809
97 746
388 586
960 574
167 495
161 237
624 50
638 102
107 861
224 843
444 693
322 486
179 674
198 533
30 114
916 15
493 49
521 394
943 837
458 215
531 922
38 308
503 136
302 988
816 44
40 120
505 23
856 950
449 466
944 8
879 369
10 819
749 642
487 311
226 214
317 38
39 420
836 669
321 564
540 23
511 373
210 800
724 550
567 253
182 979
462 276
417 238
71 100
83 642
969 227
647 635
89 698
590 870
813 775
374 52
285 673
388 941
683 564
631 111
70 937
95 411
652 288
913 699
230 115
962 17
982 252
340 984
976 158
955 584
123 753
836 944
405 121
882 944
953 746
384 24
796 628
347 144
622 68
843 913
298 434
673 816
424 594
514 4
670 877
143 265
74 310
226 823
383 185
657 556
613 928
48 137
655 844
664 138
288 237
755 718
760 154
248 263
365 526
719 512
66 625
437 210
513 719
821 393
181 531
405 795
426 490
94 65
735 470
31 984
207 925
773 427
677 375
511 807
137 934
295 463
853 363
437 478
338 266
419 957
437 888
778 89
561 552
135 164
67 689
250 821
234 843
537 700
486 78
522 470
970 661
606 502
880 437
294 267
669 478
380 408
991 41
543 319
766 324
897 827
659 970
772 269
581 838
853 918
48 546
957 278
793 740
165 197
749 89
614 425
550 205
403 958
605 702
639 358
838 497
539 958
843 343
623 8
338 702
828 954
291 540
375 16
100 685
726 538
904 568
963 193
929 751
600 6
180 882
741 575
203 842
729 228
336 224
117 395
489 552
50 64
931 296
451 892
689 314
933 725
794 40
248 64
130 786
482 689
102 69
744 273
849 377
874 620
258 51
484 90
92 742
547 652
651 487
804 897
440 824
738 971
996 75
163 978
537 888
735 938
311 777
5 104
84 904
875 844
763 489
15 507
579 1
762 539
247 754
742 408
385 502
31 987
886 233
816 746
420 333
391 206
187 612
589 75
338 526
403 407
688 358
133 584
326 520
667 867
294 80
36 943
979 843
971 98
215 482
750 514
492 148
216 55
157 240
295 286
465 219
383 257
119 144
308 929
140 200
108 767
700 146
307 27
801 392
74 989
487 660
531 38
557 200
701 326
743 683
169 49
804 963
87 99
349 325
937 878
399 864
886 590
45 954
266 760
290 782
680 861
977 349
721 941
280 61
1000 317
845 467
201 215
985 932
499 86
893 428
602 593
238 623
193 201
500 945
973 681
477 772
645 686
576 676
675 638
370 175
690 727
670 114
247 901
633 94
641 347
102 589
697 920
777 155
286 511
39 946
505 515
761 366
990 291
931 427
649 100
970 453
91 441
535 392
400 651
968 734
489 245
911 830
935 720
647 629
324 190
788 553
740 409
148 11
294 265
997 579
988 126
644 522
660 178
155 81
278 931
346 165
903 58
703 959
39 476
407 179
461 94
259 800
932 974
596 602
549 50
870 263
722 731
460 727
546 504
880 621
947 165
402 578
39 989
263 466
341 565
892 905
304 108
836 148
78 199
264 41
637 499
178 629
372 374
3 155
272 422
228 61
370 756
518 138
77 66
830 681
568 282
514 757
710 686
205 458
396 531
642 770
538 676
362 479
106 129
546 41
681 517
579 73
113 886
832 89
13 625
900 822
850 583
483 844
427 78
922 873
294 666
425 533
631 670
499 640
986 868
282 710
60 265
246 587
433 385
200 46
891 190
863 705
242 633
642 369
232 127
326 269
257 765
850 862
470 648
660 227
391 194
129 185
945 472
157 108
965 709
90 687
27 764
322 29
217 653
381 375
136 175
991 791
780 42
612 738
63 598
697 831
384 980
618 967
791 185
270 850
737 892
903 129
468 36
750 639
212 514
607 830
841 628
163 346
517 59
171 762
541 805
817 631
35 881
614 71
219 729
747 331
66 486
972 920
478 472
580 619
635 186
858 6
954 370
389 685
723 633
635 920
137 45
433 464
577 127
454 795
77 877
692 977
43 388
376 756
996 489
822 57
72 72
120 263
671 847
579 179
843 218
841 528
948 265
557 164
796 104
201 642
837 48
844 350
54 145
916 752
988 960
868 981
637 711
620 157
917 505
417 548
531 875
177 773
862 358
993 307
457 635
837 67
937 889
564 516
437 797
207 877
296 917
699 767
420 384
42 547
172 375
284 104
86 25
92 988
329 560
247 808
468 942
360 642
670 353
520 584
189 275
14 371
479 35
788 813
265 392
319 309
782 768
91 491
108 944
42 311
850 18
719 801
453 472
660 11
1000 734
917 414
764 823
188 45
79 248
191 678
617 263
560 284
499 464
251 846
192 769
767 933
253 832
550 130
386 832
650 11
487 984
114 463
67 495
957 213
801 90
685 845
97 802
531 580
352 678
251 980
915 303
938 327
854 528
112 902
839 8
840 802
220 834
218 234
642 252
939 721
310 17
869 329
747 855
942 131
473 508
810 877
265 564
798 312
714 875
799 888
859 543
448 956
208 254
9 377
712 781
434 379
624 376
192 217
384 793
552 354
434 164
998 256
722 882
112 174
849 172
92 185
873 868
238 48
488 225
653 596
83 268
733 72
645 704
500 390
456 594
29 767
275 942
798 308
920 959
968 873
998 480
505 826
667 239
586 945
541 565
297 654
818 190
813 9
424 673
792 202
411 896
701 371
999 688
263 127
265 477
982 853
36 8
333 178
171 110
568 613
147 762
849 155
678 962
349 107
223 950
936 189
809 118
896 78
699 59
276 430
8 60
436 346
54 419
374 138
956 903
235 877
999 264
625 647
337 224
234 202
916 360
500 970
219 128
777 333
288 34
599 375
621 105
847 715
197 376
691 291
938 115
420 397
244 425
392 210
52 67
174 97
173 735
126 695
452 458
698 925
148 379
622 794
181 357
378 167
615 555
893 970
156 253
995 149
655 212
277 806
383 747
201 103
158 443
747 518
635 18
620 613
783 322
660 201
780 765
992 85
412 167
86 473
643 57
33 120
882 3
379 60
314 913
577 946
378 938
439 749
135 409
519 158
302 332
897 820
83 155
464 995
921 661
256 295
710 530
640 426
888 430
804 862
950 974
914 90
850 886
30 95
660 942
889 168
915 843
593 355
432 459
361 803
630 622
686 540
242 32
89 918
905 71
283 652
853 18
765 1000
853 893
445 614
910 130
691 283
872 855
892 778
604 839
545 97
144 685
329 69
620 365
132 294
122 201
235 980
458 225
399 264
938 80
101 717
616 349
6 962
57 465
138 568
920 312
637 429
234 911
114 284
725 338
244 629
320 604
73 197
546 311
742 142
978 300
327 414
963 58
195 618
17 627
638 60
440 819
268 30
606 4
489 97
144 256
643 692
979 412
626 475
282 219
474 811
213 845
30 626
233 1000
720 1000
296 257
627 405
498 636
198 247
911 245
611 633
477 320
796 225
155 303
560 464
217 460
185 167
249 171
32 823
367 621
755 423
38 85
176 929
222 620
549 582
598 211
925 379
48 790
414 516
574 32
634 949
974 324
276 638
427 778
903 190
680 437
800 302
642 250
969 455
753 88
136 409
930 348
974 504
777 884
820 642
268 853
988 454
482 240
570 310
822 817
839 729
316 732
212 723
691 338
871 898
611 445
547 418
299 400
858 485
196 291
163 989
181 144
133 917
696 814
277 682
314 520
778 984
579 555
36 117
703 225
799 52
4 740
226 928
526 306
957 402
677 120
190 930
254 565
870 324
585 881
482 818
527 723
927 502
782 189
744 295
518 433
378 289
831 84
222 186
757 625
428 468
9 973
332 592
464 517
92 662
820 548
507 662
326 309
586 731
774 903
350 312
530 119
230 437
231 777
327 932
880 967
697 769
950 393
74 463
611 769
383 585
858 700
334 607
501 900
472 938
560 944
973 641
137 325
624 487
216 34
253 250
561 6
621 920
594 41
62 191
115 740
42 315
696 802
901 344
577 281
651 384
423 31
544 77
195 623
882 869
820 845
53 892
657 694
339 95
69 652
968 787
762 646
396 459
66 522
61 484
461 177
15 804
490 493
912 582
957 73
769 361
446 585
387 419
654 894
910 747
899 14
734 505
196 164
130 474
920 132
509 911
496 703
476 674
924 462
717 278
714 611
589 938
215 11
679 386
125 956
864 398
301 362
180 315
744 183
393 250
700 335
834 924
1000 180
572 192
748 597
307 259
923 947
81 92
64 544
322 26
641 310
711 362
890 807
812 601
635 596
141 822
183 693
48 409
791 106
152 5
491 15
518 412
493 645
824 370
259 297
888 726
159 568
35 123
904 381
822 698
630 411
850 827
614 443
182 72
359 994
157 303
357 850
238 137
935 399
720 611
802 241
265 429
36 574
278 992
614 104
60 497
788 367
431 499
623 337
454 403
941 119
904 537
853 907
691 333
711 925
147 949
996 184
703 304
75 284
14 729
271 374
252 559
287 654
300 811
496 715
80 705
255 393
291 136
889 528
235 748
790 139
58 963
959 307
690 912
889 720
477 668
62 378
44 683
489 48
847 654
854 831
696 768
31 181
567 11
449 314
150 139
698 491
826 285
516 159
451 373
949 833
484 419
214 426
775 274
719 529
918 176
10 31
504 589
732 353
589 430
318 350
439 52
63 315
258 836
423 166
471 785
835 260
995 85
781 600
458 646
359 843
585 326
256 624
245 345
274 135
960 444
876 885
373 432
868 118
536 286
162 763
697 994
680 11
589 153
634 743
721 883
182 470
921 782
80 956
592 304
660 837
16 942
51 251
474 728
767 135
817 340
91 599
522 773
36 536
875 106
899 909
731 72
36 606
717 405
465 847
690 896
794 840
289 521
539 547
860 494
706 734
927 641
879 715
782 321
743 843
338 849
397 165
217 812
717 864
137 739
973 521
618 695
890 173
311 930
753 715
793 85
275 795
832 486
570 201
787 393
890 885
866 90
819 396
388 29
951 543
484 887
957 965
690 754
782 904
344 439
254 398
964 307
828 353
598 535
872 266
825 787
566 844
704 185
881 779
529 564
846 694
383 348
765 106
749 87
133 931
957 154
827 80
865 793
3 70
998 595
818 422
472 701
967 692
358 505
101 398
873 321
443 810
150 578
293 993
798 137
262 122
342 576
608 970
934 613
398 200
565 977
250 378
231 114
259 385
242 174
285 520
30 204
405 413
660 808
996 859
658 115
282 65
770 616
783 745
306 585
300 17
229 853
299 648
319 681
439 423
784 65
90 516
666 680
390 519
338 114
399 495
597 825
68 607
664 607
730 142
436 868
841 821
177 567
443 818
457 170
425 161
248 523
854 690
330 468
249 172
925 146
833 376
835 165
493 33
96 841
935 468
432 287
12 619
101 848
788 370
58 681
76 295
14 128
623 950
850 220
497 457
684 61
96 892
8 143
840 462
132 407
841 686
18 849
834 175
178 622
155 156
920 689
758 110
294 919
702 370
99 306
261 323
515 170
916 42
174 487
925 911
842 686
536 926
573 389
93 950
79 353
43 642
664 700
419 743
308 780
809 89
180 325
335 17
853 593
549 151
23 33
140 563
312 890
81 419
482 901
703 12
829 776
280 853
557 172
736 144
9 620
502 396
769 61
131 798
116 265
402 251
46 676
624 154
687 883
514 954
293 618
379 616
84 292
200 829
497 757
177 927
286 682
76 537
382 373
194 793
435 823
300 923
850 651
234 273
261 86
310 459
598 63
308 194
382 846
23 139
102 550
110 841
619 455
899 48
86 930
457 74
252 563
338 300
968 453
488 398
906 964
79 5
194 162
63 313
874 810
308 738
541 650
185 573
479 895
833 779
391 503
35 12
790 819
176 128
936 848
287 839
28 637
539 804
696 435
741 218
786 282
30 270
518 203
106 106
167 729
185 557
30 105
140 23
502 634
25 418
74 674
403 228
825 417
4 755
752 854
939 195
26 386
433 692
117 152
36 183
525 286
119 444
495 980
637 186
554 169
725 76
253 542
324 840
316 79
104 886
82 543
160 610
998 163
911 958
141 186
400 306
712 420
858 671
42 130
527 789
270 338
865 298
865 112
250 647
178 615
834 989
308 741
490 241
885 920
830 54
403 626
968 973
56 12
18 671
361 626
743 553
529 219
260 39
95 801
580 181
276 244
248 895
782 845
132 423
201 270
719 105
336 475
547 181
501 804
508 89
827 616
59 121
650 531
824 911
838 243
597 760
800 808
837 545
188 237
953 117
514 672
528 117
399 101
946 326
620 584
508 365
29 559
950 554
879 451
550 252
238 273
108 9
426 602
921 80
428 828
913 484
452 636
654 702
733 702
443 23
999 563
102 264
930 14
314 170
49 760
825 937
636 363
514 517
856 803
739 989
574 21
171 854
330 99
97 929
776 811
427 772
333 357
831 596
463 575
626 438
991 175
867 507
182 993
636 507
474 754
556 692
184 981
617 871
344 970
309 580
887 415
639 832
589 403
126 380
910 937
886 177
658 521
753 692
540 269
325 998
763 272
929 257
577 551
826 528
26 663
263 135
790 224
322 18
12 656
407 428
42 366
110 206
645 216
694 419
807 667
49 912
205 927
879 231
525 245
647 57
586 767
101 359
212 416
888 930
426 307
803 10
635 961
656 234
511 162
89 102
528 11
633 514
341 860
802 194
983 960
27 485
974 945
343 367
534 327
921 671
317 636
986 151
716 817
855 918
326 843
991 785
576 149
799 661
438 908
698 817
389 787
221 680
961 144
929 43
233 760
689 702
167 559
933 931
945 879
499 914
507 843
536 373
391 297
215 525
267 790
853 437
156 831
210 686
553 498
690 439
722 945
873 991
723 838
97 10
96 89
965 287
215 582
480 268
932 59
607 240
754 36
120 307
882 386
923 310
614 114
623 818
714 889
945 913
698 398
263 958
933 33
300 562
392 566
431 332
38 476
470 426
199 902
937 460
138 418
337 943
273 659
722 469
235 891
163 824
908 508
819 634
905 717
277 63
569 349
813 151
768 13
182 61
488 868
501 698
436 822
859 84
184 575
629 708
853 942
423 225
316 228
663 459
502 760
962 757
991 591
426 239
543 707
917 517
868 636
417 468
573 254
549 938
644 594
33 109
483 941
992 510
381 80
590 472
396 458
204 943
291 96
919 682
549 967
865 106
63 901
436 436
562 442
19 347
184 552
611 604
645 959
591 557
672 300
821 437
834 650
478 781
418 680
643 499
973 979
61 875
479 436
159 189
851 955
944 477
321 799
419 360
661 561
628 522
793 590
480 690
664 342
893 116
971 345
689 238
226 943
177 595
564 403
86 405
477 470
455 351
333 438
204 487
161 969
229 884
265 290
758 658
952 331
471 695
673 843
193 705
506 920
399 636
71 315
720 450
676 196
375 615
915 599
915 856
309 2
758 56
542 676
810 471
987 691
194 753
72 428
558 869
18 70
432 751
845 726
297 271
309 659
146 514
326 623
302 192
550 702
132 953
658 465
801 50
123 293
762 843
537 528
907 383
695 723
69 623
142 38
478 925
640 658
914 411
996 642
380 760
724 854
178 28
823 439
75 942
418 748
185 630
197 558
201 167
392 844
373 506
15 91
823 597
298 334
464 503
840 44
874 359
589 608
805 5
82 638
966 548
109 281
153 689
816 703
665 945
98 143
916 619
917 140
384 26
241 365
867 490
164 836
918 819
422 348
248 579
762 392
849 891
680 18
531 275
710 51
60 469
358 655
808 32
580 713
45 692
845 724
20 334
801 978
923 736
460 970
727 700
687 563
246 405
146 622
707 122
558 480
443 387
437 586
826 851
799 857
106 421
988 162
673 212
778 106
637 697
388 943
310 106
567 732
439 312
860 300
358 38
289 206
46 406
532 900
977 997
893 660
514 77
337 669
561 283
237 524
617 249
906 912
297 800
515 619
159 401
482 849
138 32
374 871
476 980
571 206
787 10
24 333
560 491
930 347
199 341
87 123
926 991
831 541
149 477
485 361
208 578
899 458
676 691
182 48
248 390
180 422
272 937
481 812
554 488
789 985
414 259
492 47
375 917
812 598
966 771
942 462
614 254
7 333
510 867
752 255
842 889
91 565
920 463
856 605
624 23
99 198
219 870
488 432
531 105
142 939
693 663
875 934
686 734
130 569
974 843
580 201
306 89
983 166
832 945
917 165
466 707
972 419
54 959
627 607
851 804
374 139
235 865
671 290
350 753
871 230
565 177
107 724
531 271
106 847
605 509
445 148
136 733
233 556
257 753
113 283
224 997
384 179
782 689
805 270
584 521
755 508
137 224
724 705
554 536
688 498
483 153
561 634
980 972
600 657
948 674
323 129
33 948
682 181
141 799
786 573
859 814
438 496
799 465
79 130
464 440
145 797
161 80
719 392
44 269
41 254
614 120
372 738
716 893
674 172
525 849
541 124
821 864
485 492
901 905
80 361
270 494
569 263
590 795
93 843
752 760
550 307
158 657
622 440
664 581
584 120
234 53
857 633
618 133
262 302
16 280
46 390
230 856
398 1
408 76
12 794
709 839
366 598
261 719
217 774
874 692
725 500
495 239
803 418
385 6
193 810
395 861
397 470
272 540
585 945
409 388
380 298
999 308
360 777
625 490
933 313
571 289
259 822
695 400
219 514
256 90
165 465
645 210
116 344
471 439
805 998
205 24
834 84
524 774
903 41
3 552
261 481
248 782
457 551
872 696
140 764
970 885
634 440
986 618
481 2
544 501
723 253
926 769
366 731
795 632
546 9
593 965
266 223
912 430
361 922
756 6
903 706
69 961
165 284
547 963
450 644
93 442
991 414
469 503
282 601
298 752
933 790
106 411
703 572
916 699
522 359
559 47
963 229
271 849
417 457
809 169
144 242
490 821
400 974
605 862
116 848
43 315
448 160
542 239
755 737
449 721
511 17
647 567
472 747
846 852
725 8
937 609
224 106
179 89
995 819
105 252
221 33
366 630
997 236
7 613
845 629
352 577
533 881
856 671
697 340
247 775
194 174
202 127
226 660
424 384
17 567
310 225
512 532
719 986
96 800
722 902
963 666
533 849
807 13
295 938
985 462
763 251
673 624
868 203
99 441
62 153
372 860
97 300
978 29
82 435
274 813
103 76
819 247
292 973
324 640
714 27
238 686
514 282
397 302
614 798
78 442
436 350
514 519
38 142
878 228
571 406
926 644
894 642
993 229
922 41
357 695
675 605
345 971
33 48
423 760
84 37
520 904
664 848
707 301
142 219
87 70
862 1
889 576
723 12
540 365
222 607
253 298
251 939
151 916
276 496
576 35
204 3
975 707
507 926
372 111
550 617
504 38
207 844
444 25
857 678
452 95
367 528
671 360
89 132
25 859
764 426
760 410
932 285
31 368
776 638
935 942
666 472
299 671
890 232
602 694
881 419
628 716
801 63
879 809
226 488
200 439
828 781
213 180
81 423
273 99
840 35
566 862
531 136
339 838
827 806
753 293
550 67
976 734
455 137
734 724
703 482
215 879
203 626
465 727
768 865
383 711
395 1
771 200
91 529
846 853
493 461
936 296
614 795
901 739
975 711
538 926
829 165
891 901
690 606
42 11
623 481
108 908
45 416
734 446
493 987
230 738
29 766
821 205
357 19
921 864
572 992
538 909
596 5
406 26
398 757
846 166
234 653
853 358
898 804
21 28
462 135
399 173
546 588
573 853
369 442
278 21
324 845
926 81
812 589
742 857
463 53
596 770
336 25
646 969
126 272
164 63
423 589
752 279
324 405
660 688
708 708
68 454
214 397
345 80
577 626
69 652
63 260
889 382
356 489
809 566
696 636
205 308
585 171
428 143
972 211
615 279
563 217
858 908
97 115
31 45
767 204
996 347
531 323
984 155
356 35
51 347
755 816
78 537
415 238
553 680
728 934
710 555
827 902
817 209
1000 743
436 851
690 900
235 500
785 82
706 137
676 71
245 865
257 228
64 21
23 289
895 601
335 79
827 550
67 306
86 153
773 736
790 729
263 627
806 741
442 414
612 284
806 880
975 325
634 783
519 321
448 672
753 336
737 764
224 90
970 608
851 84
195 742
478 888
856 976
758 402
815 990
723 118
564 909
32 654
820 899
55 822
691 734
431 411
179 317
83 169
214 34
494 388
133 708
213 275
165 433
954 709
826 640
182 640
712 565
105 184
87 783
108 996
26 843
973 286
261 559
627 702
758 132
629 355
379 883
809 930
247 520
877 32
321 612
524 368
941 938
415 602
439 784
167 509
456 570
132 154
877 957
656 232
419 714
813 997
898 887
643 593
228 562
288 579
363 160
69 684
274 86
811 76
656 398
547 372
194 721
901 188
261 864
958 805
767 64
977 680
153 808
117 177
168 521
80 462
534 884
417 751
545 210
7 659
725 219
561 342
993 448
338 848
411 936
790 123
379 487
63 125
196 697
457 753
313 819
179 32
686 208
960 271
13 91
252 447
158 47
30 973
585 59
831 500
191 760
869 214
956 178
784 179
12 97
776 504
492 27
264 949
42 695
78 95
846 921
382 429
138 79
924 211
178 352
190 336
864 584
640 835
117 199
504 138
347 473
694 634
232 984
542 556
188 215
140 59
942 671
666 146
528 256
766 50
460 743
4 202
172 327
307 55
911 782
628 465
838 527
779 856
196 840
375 215
27 472
231 794
596 367
278 58
729 787
661 179
646 344
260 919
123 932
755 271
639 418
249 597
31 189
557 977
560 124
551 843
878 219
872 774
818 101
570 568
213 313
666 600
891 507
374 768
6 443
986 139
145 293
743 362
71 385
248 965
889 130
681 686
95 885
581 556
57 483
609 374
981 92
606 39
482 649
508 148
665 741
588 733
709 20
27 607
403 284
735 881
470 743
664 566
258 436
790 681
900 549
98 693
825 947
255 174
447 232
607 52
240 739
338 42
35 660
811 596
715 699
835 96
26 191
990 331
956 923
494 755
325 712
289 256
406 789
198 228
973 39
493 323
365 854
431 2
921 727
241 77
561 374
20 671
655 5
279 986
242 941
119 6
613 31
444 568
548 646
332 929
600 336
496 723
50 584
527 318
732 188
51 155
683 321
471 562
482 596
18 747
274 787
164 81
271 804
830 688
368 512
178 641
414 639
543 217
97 444
406 270
661 113
151 552
199 391
628 334
125 295
617 353
837 623
754 973
653 412
841 140
884 952
485 504
755 504
260 379
178 660
19 992
299 744
251 993
433 31
272 95
184 331
459 966
558 868
190 366
75 874
96 960
886 637
475 985
548 707
397 386
884 878
245 996
91 307
253 820
768 904
149 253
495 41
814 863
107 551
900 674
774 157
996 619
792 540
780 75
292 416
601 313
428 300
6 938
512 869
353 229
534 782
282 339
739 235
485 820
144 510
914 864
38 989
643 762
788 193
95 803
312 563
108 575
659 9
479 453
713 826
867 813
645 596
601 805
604 893
999 927
606 479
820 173
660 657
221 354
767 355
469 761
336 179
378 207
703 792
839 541
8 3
356 712
363 682
104 282
851 803
64 436
873 382
657 950
642 730
511 460
637 973
831 349
779 579
992 473
522 622
817 26
966 648
99 936
638 204
103 508
856 912
912 268
993 284
276 801
63 636
131 945
966 897
996 519
316 869
648 9
628 21
16 505
521 546
920 195
523 901
589 701
794 48
359 128
410 155
393 598
551 784
230 258
590 282
536 742
10 990
36 483
151 581
705 120
40 61
852 71
147 219
38 888
509 144
938 22
706 281
546 903
447 104
337 720
317 397
512 817
102 285
763 605
360 230
616 238
313 840
966 796
104 830
618 772
108 818
950 270
53 923
409 81
904 810
89 121
817 839
35 823
590 768
999 390
501 388
269 610
22 526
84 569
434 133
773 582
46 841
810 725
134 443
636 206
701 532
654 73
957 128
209 413
571 823
38 680
167 885
69 424
482 632
794 619
472 914
295 583
349 542
491 294
870 959
843 255
125 108
61 736
891 525
663 827
43 731
925 771
803 943
744 429
400 653
305 997
120 986
904 561
882 682
344 222
860 495
717 330
424 338
940 231
230 496
604 346
876 178
55 661
613 23
22 481
943 803
433 330
701 266
969 936
373 319
601 321
443 642
312 891
568 76
287 804
878 485
955 281
604 340
573 960
346 287
919 869
760 992
692 136
423 423
426 219
493 778
351 880
163 641
840 519
294 248
929 652
399 973
161 408
348 344
866 764
358 967
896 541
355 762
125 77
650 130
603 70
852 391
713 318
135 12
634 770
337 385
892 861
283 105
933 171
241 522
970 972
664 523
318 41
672 966
42 723
151 640
643 237
872 158
793 383
963 595
260 837
698 179
445 750
545 698
81 747
135 956
419 400
239 959
283 841
277 508
371 154
90 479
197 813
430 337
972 621
780 742
779 525
811 692
752 177
766 594
848 52
188 819
580 701
601 434
161 922
331 652
463 993
895 792
590 137
874 287
258 265
549 122
160 176
798 393
556 971
687 345
785 287
850 167
196 836
961 680
813 9
463 697
837 705
687 663
749 846
809 312
940 303
511 407
608 860
274 871
945 542
236 656
136 49
714 907
404 143
155 953
840 440
31 74
885 201
464 151
883 23
718 838
1 349
723 366
687 459
627 74
819 728
710 164
226 727
733 329
577 36
110 581
396 335
18 49
997 349
238 592
228 224
476 794
839 660
384 185
881 172
785 452
746 818
974 481
576 86
443 257
329 804
940 689
50 327
741 338
2 580
794 885
543 769
105 626
659 478
814 800
129 840
125 371
656 418
495 323
16 132
963 875
223 962
566 736
143 765
590 347
624 239
725 62
72 610
215 482
67 124
801 230
264 720
330 589
628 849
613 799
469 133
781 762
917 754
350 798
574 549
977 870
377 200
456 655
999 351
335 623
178 365
941 478
355 208
351 661
872 25
178 121
324 200
540 73
730 834
677 371
600 230
117 332
102 919
69 624
367 549
987 525
35 973
344 735
475 185
947 545
638 73
127 98
389 988
422 615
903 853
977 448
533 586
496 834
611 725
49 892
603 205
409 844
910 705
661 319
916 795
596 533
859 142
335 8
796 913
989 732
496 524
210 789
867 605
223 890
88 49
56 450
832 817
669 845
314 817
284 501
598 866
416 324
987 509
741 664
511 922
516 481
468 466
420 110
319 886
52 307
171 43
951 727
437 631
411 98
649 605
382 443
544 367
603 33
826 870
153 629
383 760
840 465
835 916
895 517
741 650
604 246
561 959
654 706
833 65
699 66
567 494
928 956
138 298
519 88
508 333
308 527
840 677
457 505
503 528
916 194
201 321
642 830
255 655
478 581
34 41
893 258
113 435
413 402
218 71
12 825
137 170
856 162
672 505
251 598
660 132
314 327
70 729
530 688
990 647
484 152
167 103
107 913
612 577
226 49
12 518
972 889
598 271
986 451
624 918
541 754
113 31
462 940
980 531
376 570
8 53
319 383
629 59
754 551
168 312
900 835
250 955
26 497
647 509
922 449
841 76
285 693
398 49
548 823
62 652
153 794
247 209
450 197
173 437
25 542
356 150
211 542
593 980
447 111
323 251
776 740
659 490
859 408
809 425
600 148
960 227
147 668
738 267
118 794
512 856
565 718
419 411
739 638
831 39
401 866
844 349
284 481
19 591
635 661
246 461
9 612
290 966
932 811
192 859
988 972
431 693
23 263
191 771
546 822
50 169
522 171
881 15
250 281
945 550
663 664
311 853
273 990
774 546
434 611
246 359
545 451
347 326
702 85
992 290
622 111
467 392
441 993
493 834
613 844
659 371
369 927
703 871
715 464
146 208
806 722
659 919
725 48
907 978
721 790
158 938
988 410
504 377
944 521
358 255
87 437
587 765
626 67
707 418
899 95
460 408
304 480
161 376
405 212
638 705
841 191
784 789
83 759
318 112
14 287
731 101
750 846
193 805
119 902
349 187
211 212
326 842
437 695
403 809
312 463
399 47
47 549
923 41
831 751
940 716
712 619
198 299
639 482
989 949
674 991
501 163
556 196
137 617
232 121
435 577
44 84
419 87
258 231
846 562
347 148
411 969
497 913
488 185
822 103
154 135
355 227
383 958
202 717
181 606
21 194
750 251
366 274
985 781
416 312
455 293
695 674
610 858
132 475
209 655
242 772
515 385
463 338
329 933
949 296
980 495
644 271
786 396
330 238
92 363
181 394
75 806
904 536
433 368
499 331
851 660
152 969
950 541
804 562
678 354
987 10
834 493
864 268
603 451
201 790
81 163
19 287
176 576
656 332
473 958
834 187
205 269
274 372
782 860
262 456
341 815
858 445
556 447
834 34
822 870
809 242
39 798
706 959
23 400
432 207
131 641
822 32
871 995
884 296
261 289
871 897
723 377
808 203
962 205
766 3
595 946
129 258
204 982
947 275
479 621
46 519
87 351
560 488
307 455
825 784
916 174
913 270
128 611
719 569
835 777
263 234
326 823
941 653
386 970
93 102
403 878
842 753
713 608
367 988
844 545
40 501
260 41
166 729
127 891
120 389
881 213
575 3
856 79
520 367
979 317
291 57
389 879
765 543
650 308
477 52
956 398
174 427
558 393
214 460
683 999
527 344
698 531
471 176
701 116
601 551
28 540
173 360
455 354
393 864
21 681
821 179
387 993
419 806
222 39
586 165
72 993
329 445
925 30
632 497
556 631
543 294
316 669
288 248
918 185
805 518
803 702
900 112
529 509
588 217
9 956
222 320
355 348
985 579
601 288
613 120
889 105
88 659
170 182
314 413
240 657
950 862
138 276
596 325
497 593
481 413
915 727
532 343
601 90
822 983
217 552
829 920
37 767
886 476
429 75
934 925
385 923
860 610
338 930
472 271
209 401
48 191
807 569
252 527
443 872
517 529
255 379
49 605
81 413
956 219
62 183
401 292
233 522
323 432
358 575
839 280
408 427
193 396
446 22
316 233
564 467
617 776
1 173
299 740
600 552
290 613
912 504
603 963
69 70
867 177
74 64
938 854
502 507
635 632
943 17
120 250
958 17
469 164
455 778
527 128
323 63
507 62
115 650
681 363
308 807
516 611
327 675
989 282
17 601
696 432
343 863
129 502
977 927
525 556
837 707
457 556
301 226
713 649
146 82
909 502
193 331
878 433
211 932
350 418
819 960
699 103
247 703
845 627
619 770
957 694
198 72
579 988
314 512
928 552
906 574
285 111
205 617
284 367
505 299
241 651
692 1000
199 771
482 851
863 728
535 915
355 444
662 443
161 61
408 150
956 299
313 584
155 516
57 550
164 291
971 157
794 946
870 353
444 825
645 664
196 695
533 987
988 258
944 225
147 166
151 900
30 933
35 963
61 931
605 756
797 110
178 109
458 912
932 403
736 52
409 732
436 52
276 508
844 161
587 969
489 590
921 585
993 853
824 509
916 66
291 451
451 547
204 664
643 305
937 719
842 761
172 513
602 871
953 784
478 570
907 510
262 114
767 482
823 339
947 141
977 713
567 976
687 132
495 228
194 216
834 688
493 70
737 956
207 880
56 210
187 58
198 340
797 338
368 583
226 469
448 100
855 67
817 604
914 813
833 179
478 528
885 691
833 125
566 56
420 260
698 184
965 124
942 894
556 870
619 792
751 538
201 442
7 316
963 575
68 307
114 248
432 55
407 921
617 727
705 896
291 30
786 680
636 325
163 110
746 445
268 192
166 91
968 375
555 495
283 153
564 83
184 911
564 701
34 594
621 818
615 593
868 174
70 978
353 760
426 782
470 113
229 59
172 550
292 71
596 574
407 60
20 975
992 353
637 51
177 859
373 40
823 351
791 402
48 303
482 348
447 869
998 711
837 145
240 783
765 896
913 120
191 149
133 174
331 531
197 279
33 645
622 983
97 634
506 88
488 166
46 832
186 504
181 12
475 525
659 648
278 189
560 183
580 234
130 563
61 936
832 593
251 501
845 858
26 191
311 216
859 675
155 906
946 573
340 699
597 440
321 452
936 212
656 348
848 919
994 899
701 821
588 202
809 554
934 661
534 20
696 577
556 437
782 96
93 560
302 595
654 17
805 956
267 111
168 826
577 602
52 628
145 862
914 606
94 761
95 179
870 704
484 528
101 250
384 832
311 405
228 585
272 589
313 177
467 511
898 772
50 643
159 710
536 981
242 8
206 810
150 485
852 932
41 980
383 841
217 465
947 977
448 64
762 787
451 836
439 936
671 371
199 421
661 435
746 39
74 22
72 352
210 310
345 654
106 582
398 22
611 423
923 22
970 333
28 378
953 615
716 297
964 753
36 720
617 526
238 10
352 137
554 56
559 973
848 646
21 477
410 649
826 378
559 839
730 20
981 839
993 875
803 931
793 706
558 664
728 932
279 573
583 859
227 331
606 136
129 208
461 114
755 496
638 214
223 602
599 320
115 700
688 68
745 60
436 341
32 163
147 188
100 49
36 672
554 537
596 829
365 5
596 533
158 154
988 673
500 836
381 745
450 368
201 794
614 107
995 406
421 286
903 896
275 381
48 792
786 528
214 469
620 359
227 395
393 293
144 454
692 559
467 202
977 356
583 985
228 665
