1000 1248378
5000
666 169
819 297
287 446
994 191
35 573
673 560
78 357
946 138
228 436
114 429
568 879
100 729
343 571
837 889
764 386
630 642
490 224
490 623
71 725
30 279
955 656
622 98
487 814
491 248
161 369
737 852
972 557
183 727
954 197
424 840
120 14
878 679
937 998
210 247
772 610
752 199
796 92
980 450
702 77
588 278
732 358
416 256
900 965
808 519
732 807
87 744
758 589
443 986
840 331
486 133
54 519
531 582
112 276
283 485
909 27
517 77
177 235
458 780
783 838
623 865
772 80
971 458
272 914
388 355
623 124
264 759
902 373
556 817
689 383
353 214
413 39
206 612
224 847
961 140
731 34
265 246
379 755
661 438
42 330
520 955
834 474
335 318
852 41
937 711
433 487
51 291
355 360
127 142
241 830
814 7
827 402
607 505
547 991
125 941
747 476
672 327
474 654
669 117
915 156
639 62
962 271
747 240
395 624
906 28
825 940
479 305
814 273
606 724
795 944
220 425
678 157
974 179
652 692
650 688
347 490
304 324
878 374
553 517
939 262
173 993
202 966
287 646
93 668
399 736
31 785
861 874
885 59
296 144
551 449
394 607
703 771
733 15
24 885
407 899
387 660
467 103
480 890
599 653
166 699
747 776
973 180
255 49
260 81
342 207
166 713
933 610
888 479
942 495
696 669
841 727
49 33
557 187
926 311
603 223
672 397
676 354
478 223
156 875
22 235
682 376
121 277
118 586
393 977
226 93
384 235
55 992
712 565
252 727
367 999
118 631
915 296
284 19
124 135
887 391
642 643
493 154
813 362
929 687
181 961
465 905
549 649
703 424
998 817
191 126
416 880
533 309
870 629
397 160
450 513
777 355
624 583
956 122
658 894
659 919
704 729
564 399
42 63
901 153
457 832
74 131
371 871
876 482
58 408
340 722
974 513
682 562
945 12
492 541
360 876
778 403
131 397
903 727
172 5
94 925
163 226
881 972
352 647
750 928
339 390
286 612
418 388
839 321
169 292
181 609
672 320
48 283
706 927
479 390
348 738
844 962
729 968
777 801
890 107
487 821
840 26
586 545
284 31
177 319
562 828
109 35
218 278
494 866
686 145
879 259
766 416
183 638
784 308
354 495
133 678
714 33
994 964
789 671
513 837
241 745
787 220
799 723
900 981
716 707
304 742
252 119
435 939
212 901
601 855
361 217
901 387
359 466
734 170
371 826
240 888
305 214
462 341
183 200
874 710
205 852
274 936
865 165
933 417
63 138
657 995
811 376
692 641
75 361
43 11
870 925
734 81
824 151
564 421
580 459
335 120
631 546
368 183
810 385
721 692
996 588
695 576
842 440
171 42
562 39
776 611
336 290
139 579
332 983
607 880
981 703
933 614
296 482
932 47
809 283
131 732
956 252
134 902
673 788
985 855
943 437
666 106
280 363
433 677
441 962
264 368
798 144
450 295
924 376
828 547
424 490
793 867
12 730
689 53
59 365
389 829
298 135
899 722
24 283
777 965
32 135
947 40
586 19
570 508
492 285
564 710
232 842
903 714
310 117
342 141
688 615
931 698
58 812
23 148
918 480
822 628
676 166
910 401
243 954
107 382
841 913
488 986
192 533
179 485
226 425
896 198
351 446
415 349
88 124
425 566
189 286
318 333
478 925
941 177
511 984
398 756
266 521
738 321
799 235
497 847
736 613
24 646
373 105
702 120
904 286
708 572
464 41
178 720
575 317
427 298
720 563
325 125
741 550
938 275
405 707
131 781
877 911
389 838
31 292
257 438
233 653
36 848
634 929
936 62
424 277
510 859
397 345
386 853
990 355
407 660
962 256
143 462
242 401
681 763
881 626
600 284
794 128
204 362
856 518
140 444
748 441
138 650
595 749
514 202
99 386
579 166
331 562
913 840
30 920
879 935
295 789
375 851
412 538
131 272
529 668
786 788
352 68
403 136
245 595
698 989
850 269
435 886
311 240
381 115
708 962
418 533
385 829
385 350
933 520
390 483
286 977
289 399
406 928
818 510
573 867
183 385
266 606
423 656
822 373
98 788
489 843
782 233
580 244
623 113
189 89
68 318
69 132
492 396
853 509
301 96
511 497
872 255
266 632
167 570
831 920
719 541
841 186
711 511
792 615
778 468
913 72
639 272
743 297
384 697
677 407
529 175
564 289
443 381
383 688
72 447
665 230
307 575
635 509
98 36
303 505
515 861
370 947
236 35
53 496
108 452
583 784
432 556
193 859
672 583
878 923
202 699
582 336
403 149
39 366
63 900
54 377
288 827
723 491
870 250
916 241
380 576
708 226
552 264
464 685
479 992
249 551
701 310
200 227
672 562
71 137
470 436
938 22
603 786
495 333
689 435
743 685
829 56
481 190
658 369
974 9
584 324
926 548
329 829
487 305
522 228
497 688
325 332
763 767
492 391
334 523
405 725
398 912
579 526
60 723
151 718
385 258
320 995
259 578
466 584
479 171
140 455
90 531
741 23
254 110
862 779
468 816
75 273
717 462
403 185
98 775
115 617
608 553
474 542
434 336
495 408
119 78
697 459
360 298
971 649
120 436
162 21
838 365
96 873
963 380
274 158
642 488
319 956
726 187
108 554
89 515
902 902
571 626
976 508
579 87
452 268
450 298
356 890
578 374
101 168
170 625
719 341
231 7
332 811
877 863
560 327
422 301
477 188
842 370
737 661
27 766
680 939
747 119
105 188
690 515
951 837
939 765
138 40
720 972
995 223
214 409
871 315
862 657
385 838
846 695
605 511
821 184
654 818
506 610
87 483
520 709
837 473
850 105
685 833
287 650
968 133
610 413
261 546
466 344
955 986
420 315
656 86
2 905
1 318
427 587
435 517
497 713
623 530
712 45
484 393
948 220
452 328
7 546
652 905
923 131
736 463
518 365
708 944
142 900
23 742
407 951
179 378
174 407
56 615
193 217
37 848
407 350
494 427
850 211
128 762
201 313
773 538
891 793
906 664
582 967
585 742
583 490
694 692
359 775
86 773
98 711
620 152
432 578
217 864
411 742
960 397
731 291
153 945
331 219
69 16
122 366
624 803
73 679
371 448
302 775
909 871
446 597
206 57
627 396
930 30
920 45
860 783
489 55
161 18
12 394
161 894
372 530
620 401
160 12
16 265
804 295
666 890
462 765
797 160
270 352
463 902
248 96
382 849
930 866
9 661
253 525
237 93
230 614
656 920
488 926
288 850
111 786
507 846
21 445
640 111
598 581
889 267
629 977
832 546
703 47
89 943
902 563
998 524
204 562
4 2
627 342
910 851
580 35
235 854
188 405
393 702
514 317
929 186
998 507
293 361
471 728
826 101
907 926
730 314
991 22
536 474
548 55
744 373
923 128
555 775
494 780
77 486
547 757
675 259
701 453
598 261
732 144
518 197
557 832
941 745
832 582
383 155
992 477
875 499
860 556
300 958
18 406
991 423
859 50
424 385
527 845
839 946
477 573
350 451
648 874
694 193
742 704
522 921
951 594
523 842
496 67
125 23
723 674
77 391
786 220
325 243
353 117
421 827
583 381
401 200
120 31
705 462
808 579
747 284
469 261
620 153
55 150
757 347
979 710
158 751
257 547
892 596
60 788
831 580
724 788
437 525
519 376
791 468
777 156
501 19
78 528
102 248
639 70
587 493
281 12
411 236
151 604
576 872
368 97
937 696
512 418
513 851
126 708
981 28
478 858
999 839
845 423
504 752
527 337
556 846
868 920
77 140
258 8
201 135
711 458
937 642
464 995
264 182
777 3
950 942
567 739
819 78
387 690
650 644
73 648
788 10
910 804
705 183
473 972
307 523
306 990
709 767
829 732
542 289
967 593
878 234
959 52
523 422
416 649
571 973
676 872
548 542
395 955
873 360
415 60
532 263
963 488
785 194
469 566
85 288
555 646
626 157
265 436
877 826
237 56
792 559
199 450
220 219
209 837
179 583
353 360
66 246
254 794
480 371
602 264
442 993
612 466
700 528
196 439
104 330
878 821
852 313
344 835
867 74
284 7
19 305
732 197
869 237
850 616
363 498
710 502
476 59
82 113
545 773
311 433
143 325
98 133
294 678
119 182
273 70
471 238
944 915
554 327
862 826
280 734
646 319
963 54
51 368
114 904
501 702
68 575
9 155
353 766
522 697
463 709
65 258
56 231
582 173
374 256
711 591
506 413
819 20
245 578
244 993
292 749
887 648
895 832
172 925
160 353
395 993
738 690
209 562
261 937
531 456
841 912
625 739
127 117
424 836
865 1000
37 275
753 32
46 453
565 848
37 211
619 510
536 611
465 670
825 138
726 300
347 260
360 196
875 467
34 920
591 676
151 1
477 953
644 274
594 558
424 637
540 826
763 788
631 70
446 144
373 51
368 962
136 107
914 920
783 1
242 401
131 982
881 452
125 132
678 668
733 106
407 980
357 60
284 743
760 924
525 996
409 983
382 516
509 556
475 698
618 169
423 216
551 445
983 230
800 860
785 610
857 927
103 266
653 185
621 840
179 380
349 553
737 624
980 867
31 234
507 865
532 600
302 882
468 397
21 854
347 597
238 287
137 587
50 713
147 740
277 18
46 110
874 666
32 629
562 700
344 64
469 445
886 414
962 914
20 136
820 695
394 706
30 506
326 701
538 606
846 475
948 274
311 18
645 68
825 701
330 751
971 65
781 998
511 819
433 907
524 341
881 542
410 604
662 717
443 264
476 206
439 349
593 743
612 290
857 427
835 106
640 461
189 517
296 991
811 584
923 601
272 967
565 8
288 985
626 479
576 853
480 551
764 81
127 93
666 633
50 220
78 77
526 373
217 391
127 17
42 423
108 153
751 75
936 791
778 307
803 818
463 801
37 685
248 508
557 989
370 660
307 826
448 175
729 142
37 602
248 127
180 536
670 175
212 924
571 792
824 169
885 652
496 866
278 549
628 529
568 513
572 977
254 436
411 450
837 687
738 22
862 2
392 161
494 326
126 735
764 700
820 141
480 301
449 156
400 461
540 834
8 394
727 822
254 747
670 683
434 989
293 465
555 896
190 233
361 956
649 446
950 536
841 950
45 488
414 113
861 523
618 488
393 761
963 874
921 623
744 965
802 74
975 932
996 826
926 243
15 814
991 749
428 867
220 948
170 863
99 128
309 439
48 863
578 535
793 327
953 155
923 374
560 983
609 52
713 68
712 580
93 486
321 772
501 262
586 646
326 60
771 593
613 168
804 758
351 207
540 433
392 379
505 263
355 905
947 228
361 719
330 527
73 870
942 464
59 492
255 603
606 231
715 722
282 567
388 57
61 75
95 514
576 806
547 138
393 339
437 198
484 76
486 857
651 665
447 774
897 563
3 629
819 787
229 278
471 845
864 623
26 184
561 64
867 20
168 798
964 207
102 693
219 486
744 714
438 879
43 835
696 629
759 665
701 664
47 493
859 881
124 608
619 895
695 591
527 882
908 238
918 559
457 555
678 682
517 244
57 917
964 572
364 888
366 713
265 191
546 123
424 934
991 548
463 560
966 37
817 783
386 523
487 76
309 127
178 244
162 857
182 809
539 959
235 65
341 517
612 572
496 34
326 951
197 429
828 820
740 844
877 757
431 225
335 147
188 766
345 925
419 828
932 219
486 234
172 466
105 278
308 772
811 930
42 360
877 706
534 704
394 455
553 566
657 419
639 835
530 647
657 90
186 47
55 285
271 876
13 78
445 531
575 578
385 887
167 749
201 725
98 665
265 487
730 790
499 475
270 806
224 642
596 263
64 163
242 702
613 527
369 410
254 157
146 236
496 362
836 597
793 477
943 21
56 92
937 699
494 541
835 208
211 442
346 290
353 415
33 981
326 441
123 812
575 564
403 683
179 726
411 804
479 166
106 392
53 281
32 115
28 217
289 912
189 566
573 429
687 205
732 732
168 396
25 181
781 231
206 580
163 107
478 9
675 580
922 84
935 206
720 736
308 763
376 980
66 966
573 407
877 918
888 206
96 452
819 108
188 898
582 547
938 15
846 117
352 740
440 806
353 747
113 14
728 836
563 635
672 914
702 764
935 165
809 95
339 848
596 223
758 234
269 669
777 513
768 227
733 582
386 326
909 364
37 485
233 685
294 163
707 655
402 837
140 578
761 769
780 757
35 297
320 193
552 440
842 265
956 378
84 506
930 416
673 666
982 521
15 600
553 572
419 323
966 157
47 165
351 64
736 697
818 819
655 260
7 773
301 199
788 92
191 577
824 426
382 138
450 147
984 330
78 750
651 170
403 741
876 817
280 13
5 624
523 713
42 303
654 68
914 253
396 376
877 4
328 396
950 696
349 742
724 860
473 764
425 56
793 151
602 70
548 50
222 811
376 841
167 90
16 566
448 165
852 196
382 367
52 6
870 366
125 240
813 391
698 139
920 751
48 393
260 889
819 907
534 62
140 757
625 819
338 227
16 333
412 80
155 370
782 668
796 230
933 262
634 352
34 223
529 448
78 582
620 394
89 790
516 312
904 95
829 364
47 859
623 918
76 997
726 749
779 29
998 480
52 42
60 274
222 800
411 146
494 127
609 271
640 527
937 367
129 80
707 499
59 911
389 124
266 376
781 626
126 288
543 664
977 812
120 129
212 23
337 27
595 860
175 773
922 959
634 64
904 206
895 605
502 155
560 946
121 786
175 336
811 409
933 176
63 581
360 135
917 938
853 191
533 709
592 547
329 170
415 229
279 11
56 336
532 454
591 347
401 87
427 433
110 745
740 745
790 795
142 325
332 726
503 6
936 590
857 128
438 674
623 574
541 438
734 808
59 72
404 223
956 807
818 174
92 12
582 920
654 592
511 603
917 113
631 133
833 469
83 19
659 153
44 234
122 459
397 336
166 420
562 92
792 869
503 29
796 474
361 506
973 826
959 669
763 547
577 399
407 448
12 106
683 660
208 526
218 886
250 262
498 73
882 745
156 190
286 919
296 723
538 336
467 530
841 428
698 162
718 502
276 588
746 585
502 567
16 788
500 552
122 122
394 838
905 759
40 744
443 125
191 860
599 565
931 747
216 645
344 216
988 488
432 603
573 923
134 584
294 664
84 585
592 358
744 11
804 766
45 846
350 189
157 828
812 364
568 932
494 720
676 967
231 74
109 111
798 66
171 276
432 777
757 450
610 36
318 238
46 865
63 859
207 72
116 531
251 582
815 196
558 104
841 627
124 695
50 245
443 70
346 762
860 494
459 734
336 395
502 682
554 906
347 693
569 575
365 140
610 758
473 756
753 433
611 540
576 36
713 337
713 890
684 435
794 736
126 900
550 963
363 77
110 271
969 833
445 672
802 571
710 868
626 784
692 317
59 719
267 716
936 522
873 517
406 974
60 589
481 249
32 810
395 727
921 896
57 694
209 726
230 508
130 595
90 408
179 539
351 977
764 303
455 864
710 741
904 444
299 140
101 400
220 584
249 723
739 854
355 567
217 406
246 136
305 604
677 309
628 293
163 916
265 809
942 655
316 645
188 92
397 139
959 890
232 555
628 781
510 948
869 894
752 129
736 504
961 822
885 573
351 915
201 801
621 963
584 634
135 255
463 611
81 518
342 773
668 925
75 336
568 633
607 355
120 830
679 969
332 385
413 111
310 547
821 350
804 88
837 653
242 33
870 62
473 928
840 924
406 82
77 51
663 573
805 815
462 632
427 802
682 667
852 883
967 401
357 641
927 558
822 710
85 761
593 875
795 592
114 643
902 152
809 785
480 824
613 722
948 100
785 71
252 511
279 996
689 321
844 838
717 268
428 208
592 297
184 451
589 240
193 565
324 737
998 20
877 154
117 656
393 561
707 471
719 308
469 684
280 641
80 999
573 622
685 583
876 757
658 923
364 412
28 868
766 775
82 776
357 506
629 758
468 693
973 309
259 397
114 380
739 681
990 703
781 468
510 960
497 255
476 542
343 684
10 429
539 339
779 544
792 893
763 536
122 903
663 913
587 999
80 726
214 420
75 541
178 796
286 580
763 69
584 12
620 320
386 840
564 455
91 652
926 149
359 251
405 202
278 775
944 203
165 255
218 58
832 67
696 705
511 530
903 19
120 887
614 231
604 853
772 329
635 826
167 415
840 671
695 633
114 996
947 364
188 295
276 163
50 507
995 694
576 985
615 829
854 474
889 374
506 861
948 185
195 491
596 800
365 240
689 893
186 58
141 226
589 89
390 696
234 526
704 819
704 326
80 891
272 281
487 443
381 947
876 392
277 959
557 333
221 63
39 339
4 450
870 263
391 12
142 570
903 350
766 689
154 370
585 643
104 601
824 611
413 849
410 884
210 144
644 795
675 931
378 568
366 642
56 129
650 110
646 254
405 951
118 141
308 80
467 437
878 239
912 780
745 991
429 547
693 450
527 504
398 598
319 5
814 479
717 12
271 951
862 199
421 222
749 757
293 319
960 999
405 941
948 109
667 748
603 957
505 761
44 885
196 269
49 197
156 650
681 140
153 62
961 808
482 325
876 837
582 686
339 311
590 293
747 758
765 608
366 341
526 231
778 829
560 672
87 279
588 153
517 353
842 997
14 569
593 717
91 868
853 774
383 520
255 726
766 783
188 647
713 830
880 927
415 434
518 946
669 491
324 871
813 717
74 686
816 132
262 518
911 451
442 389
774 733
834 74
799 699
414 666
358 114
263 822
981 98
793 160
391 443
375 579
900 437
138 969
237 718
533 668
440 44
23 976
962 834
976 24
338 37
189 986
432 408
107 329
77 488
834 125
157 166
748 61
68 212
356 948
865 375
180 648
938 968
174 507
81 885
321 368
15 478
39 846
578 227
998 125
932 69
639 195
149 527
786 388
595 791
732 656
956 902
365 375
196 337
166 708
799 665
961 38
460 761
676 911
34 336
246 215
719 150
781 898
784 570
146 230
440 864
599 821
43 405
990 646
17 853
432 739
731 582
33 914
628 284
657 180
779 598
152 823
495 495
979 66
419 666
312 683
855 642
42 394
764 31
377 782
954 549
616 720
507 752
503 441
211 638
785 43
143 534
56 519
899 221
729 825
113 815
198 757
591 535
909 523
145 846
934 389
339 72
732 235
309 689
562 138
965 337
315 14
533 281
962 136
110 999
618 404
247 278
451 658
725 703
605 954
541 376
773 920
704 996
802 497
524 681
4 869
325 885
56 827
723 625
678 803
520 578
989 348
762 765
915 148
318 382
32 831
344 111
666 442
407 636
503 18
982 720
899 379
129 527
64 814
422 471
981 64
619 682
539 482
153 971
685 868
226 482
403 918
114 778
337 531
971 600
357 707
250 211
268 315
669 300
999 164
550 4
885 184
194 198
789 210
950 18
135 12
737 203
796 887
412 696
272 253
695 760
152 976
763 550
988 531
849 83
17 270
110 672
110 219
439 90
44 799
996 235
683 320
996 796
332 920
489 557
353 301
553 668
951 927
642 302
247 301
405 380
189 695
916 599
382 943
77 639
228 835
555 865
321 732
813 468
683 987
496 864
578 612
293 499
43 309
107 643
390 260
938 999
535 409
185 626
805 639
369 328
628 594
552 660
229 843
715 967
471 769
85 531
962 397
814 350
335 678
11 18
465 698
42 910
822 502
971 850
397 431
228 539
53 919
654 371
544 687
207 936
407 611
262 98
926 102
472 403
413 196
892 418
447 763
435 905
689 201
940 999
178 114
324 198
166 823
500 661
891 130
752 265
822 5
619 550
659 574
486 668
153 583
403 551
560 574
808 883
562 150
91 509
387 136
369 738
884 418
643 447
840 956
661 883
522 178
855 35
597 738
133 2
599 482
813 860
925 817
671 852
700 189
323 62
870 399
49 561
76 465
346 463
450 259
255 742
798 10
424 433
432 854
61 255
658 111
52 31
334 584
454 47
919 542
141 243
256 686
493 850
336 797
692 795
447 637
674 599
866 493
42 966
479 992
590 22
198 292
283 925
727 271
283 499
557 35
503 546
853 536
169 91
999 301
780 297
951 442
912 588
308 693
532 747
858 281
122 444
399 351
171 598
141 765
99 732
952 978
972 249
321 134
2 50
417 679
440 691
844 118
533 466
127 970
472 466
761 165
976 414
135 309
388 685
54 586
819 512
111 60
459 579
994 188
891 14
575 113
712 416
650 783
571 483
70 234
488 279
483 444
298 976
953 316
482 725
481 183
651 662
679 70
246 265
421 680
955 907
990 538
140 372
452 24
647 323
537 427
885 924
303 294
886 97
44 246
233 305
371 542
628 287
481 217
161 656
371 893
9 107
656 486
74 326
397 824
23 453
505 270
371 720
244 154
316 255
82 517
807 695
22 841
1 914
973 319
397 526
384 377
470 22
487 242
186 605
409 914
721 43
67 905
172 481
778 441
332 654
175 523
160 225
2 889
772 690
867 408
963 350
793 196
240 737
83 139
68 878
65 650
253 369
617 704
92 139
267 42
71 660
812 871
861 290
973 897
983 880
496 745
208 42
630 179
735 862
929 679
508 543
229 387
621 114
207 121
738 944
558 128
838 562
244 602
598 155
796 430
9 648
15 786
804 511
875 507
609 796
482 396
438 521
810 498
423 96
615 15
479 985
928 286
901 709
639 635
717 820
711 842
217 804
799 238
877 596
715 154
312 266
469 318
669 368
379 70
417 293
459 737
57 123
539 514
54 855
239 366
843 453
923 688
1000 977
260 928
635 762
372 297
186 585
726 380
212 341
813 24
237 699
874 735
930 63
451 113
156 807
410 672
102 501
753 583
891 685
636 55
984 458
852 848
697 119
593 210
928 956
677 481
361 234
934 484
284 208
89 493
463 650
111 204
169 213
73 735
339 388
385 918
154 554
101 590
223 175
109 38
694 349
758 414
225 280
890 970
365 881
579 12
650 389
902 809
816 28
646 588
740 459
1 713
68 754
991 824
171 344
640 768
435 246
808 196
37 294
10 767
777 238
54 150
840 829
594 364
108 998
949 402
207 151
495 653
791 781
875 172
881 826
587 476
991 805
488 658
304 713
394 824
950 423
981 896
852 809
717 260
75 953
30 669
672 972
325 801
218 943
125 514
970 960
537 660
310 576
326 385
56 414
977 380
753 634
503 848
229 269
551 559
881 726
631 119
1000 195
135 187
684 868
388 231
862 470
719 609
103 112
317 782
857 140
70 653
935 567
674 44
310 846
722 673
863 646
657 817
230 734
554 252
542 105
712 279
483 979
590 973
467 962
194 683
530 81
307 286
349 371
2 910
177 350
443 642
90 268
415 983
83 415
619 670
124 614
597 819
474 613
725 444
761 605
88 37
300 984
342 446
92 412
557 748
70 467
509 845
704 871
608 572
292 602
118 384
889 215
479 862
521 691
129 108
61 373
842 378
646 339
526 263
477 919
699 67
207 654
195 116
407 863
77 802
656 492
31 518
880 706
161 946
649 650
590 376
131 789
51 569
707 698
723 653
794 121
406 436
399 728
213 366
440 376
782 967
70 460
393 634
667 561
92 636
117 444
201 402
239 604
898 696
955 252
550 116
264 558
953 583
995 457
137 821
760 583
250 708
826 435
918 915
299 836
994 633
338 578
480 738
833 633
225 967
456 493
882 399
322 226
473 569
520 307
908 269
644 905
451 304
444 98
623 636
624 199
465 681
750 48
771 552
432 612
109 836
84 77
955 216
375 566
455 533
20 353
996 275
703 364
294 215
229 683
888 19
566 395
516 412
155 310
995 611
814 18
279 305
389 118
292 38
50 912
87 119
836 81
686 864
307 902
48 50
571 981
91 408
385 746
353 319
608 431
124 97
390 854
235 661
626 542
351 572
92 809
677 739
567 535
815 75
875 424
533 55
717 339
518 525
699 708
903 210
689 418
762 120
193 325
742 414
975 488
656 686
693 540
244 810
524 306
980 568
673 353
552 64
936 104
751 725
410 458
900 81
291 701
307 565
472 109
974 954
257 192
880 838
844 105
285 283
340 538
242 50
29 485
541 851
342 973
807 749
601 950
908 101
361 706
405 633
225 17
41 795
461 910
111 302
768 817
142 748
882 960
67 185
441 892
202 545
455 733
678 551
56 400
824 408
725 309
942 527
985 825
675 420
989 737
270 565
923 176
630 428
563 521
799 642
185 46
772 837
886 163
475 753
954 91
676 492
417 363
988 345
678 48
184 278
186 565
784 291
219 364
260 632
186 889
840 294
250 939
650 952
888 999
174 223
125 34
91 882
219 607
207 90
738 637
950 250
469 978
574 705
98 319
614 785
213 882
369 904
944 744
448 554
252 335
732 319
354 532
983 74
981 712
442 601
823 939
278 949
555 228
996 766
39 206
30 957
474 800
701 62
180 428
53 390
330 421
921 175
992 744
659 202
257 237
822 86
55 676
639 7
776 274
659 89
901 801
930 24
706 601
681 437
931 812
91 161
445 655
116 620
373 778
464 620
281 728
164 69
930 858
921 663
815 853
74 156
171 360
27 357
878 14
54 52
25 94
815 946
39 947
623 143
117 436
355 569
139 422
922 310
961 911
188 298
248 148
170 971
825 614
302 961
184 133
65 781
974 80
999 380
889 168
642 846
71 947
181 220
532 124
711 617
961 57
440 426
583 480
205 113
60 14
526 116
562 800
748 233
471 296
194 791
33 951
673 117
773 974
22 315
818 866
644 723
822 19
481 484
189 286
750 840
464 614
485 457
734 339
192 702
627 519
311 16
400 429
165 702
32 165
127 771
625 959
802 204
996 641
229 64
510 676
439 961
940 841
151 70
673 854
507 914
427 970
604 807
143 962
81 137
56 166
75 390
176 156
927 672
983 425
628 197
578 444
625 360
766 495
664 507
378 590
3 125
1000 123
248 569
118 717
940 259
915 811
975 236
165 400
674 293
230 833
705 929
56 709
865 643
464 137
514 877
802 775
538 290
351 270
511 121
206 29
269 410
149 209
888 133
597 458
107 592
596 831
481 221
521 631
555 752
966 387
382 591
709 432
377 746
874 262
152 708
368 97
764 721
713 43
439 861
105 409
257 386
307 921
482 150
661 197
709 406
971 628
224 122
87 519
581 261
576 300
924 683
805 540
997 764
961 907
599 209
118 288
772 764
396 624
49 574
49 696
621 282
286 138
515 990
896 435
15 944
705 834
593 238
248 994
672 91
262 738
861 210
425 321
372 405
602 493
527 156
199 139
556 683
935 769
401 699
357 930
935 783
130 88
78 811
681 141
527 791
560 968
941 631
539 942
138 796
549 920
322 529
161 957
182 903
402 393
164 508
981 143
880 539
479 197
86 149
462 320
128 993
136 224
716 79
611 415
233 114
756 688
504 366
223 142
11 624
49 513
440 255
649 474
588 350
313 150
780 402
621 694
32 611
144 712
352 282
227 899
479 993
809 843
495 825
644 520
8 441
555 874
274 271
11 145
270 677
865 536
29 724
853 556
864 877
856 511
756 241
403 315
457 254
901 926
504 312
40 323
438 673
281 877
870 867
195 127
648 55
681 32
606 170
984 108
31 982
628 611
295 873
276 857
96 460
802 471
42 298
42 855
348 309
844 546
458 452
732 80
268 801
331 335
21 560
328 735
280 674
479 251
650 56
471 577
89 667
948 963
912 703
214 472
30 175
468 67
499 897
814 500
984 151
334 768
493 97
237 401
642 542
667 311
795 837
910 460
570 667
12 844
186 569
426 887
491 347
473 173
859 694
647 609
769 505
158 35
193 759
411 3
673 575
444 942
621 192
57 243
672 19
345 341
554 618
532 570
243 566
689 157
862 557
992 540
204 977
97 82
851 20
427 222
833 157
757 184
196 495
23 240
671 881
280 629
176 536
892 911
341 144
43 682
844 824
811 95
513 435
458 848
181 627
461 581
813 831
64 462
714 99
19 397
389 835
488 889
376 613
272 308
877 655
970 506
85 378
100 328
224 554
277 925
765 942
206 175
508 718
647 545
394 769
101 445
215 714
490 71
282 88
402 942
555 297
398 919
567 349
488 214
711 210
535 427
235 988
224 206
251 888
127 39
810 173
879 8
95 374
850 344
410 944
594 254
925 736
331 275
900 775
201 563
118 685
622 114
543 272
713 577
800 19
107 422
423 124
40 894
61 801
672 200
443 318
417 586
686 398
358 693
7 968
801 315
994 266
959 975
532 790
155 362
644 442
319 369
582 680
272 824
433 412
568 227
873 246
740 532
674 545
490 282
563 814
244 707
390 503
865 269
828 618
979 96
825 610
830 841
399 945
882 746
709 309
548 767
333 337
948 390
842 501
17 306
930 167
598 562
340 100
778 144
920 2
560 268
170 187
941 678
480 874
427 479
747 138
981 297
123 719
852 391
886 167
443 11
196 724
454 330
626 46
693 394
880 651
102 84
377 303
321 444
668 646
408 282
142 632
663 404
131 931
357 712
974 931
968 106
987 549
148 72
856 407
612 291
886 624
28 858
564 165
696 152
558 237
319 624
591 38
973 521
550 674
142 577
123 77
640 645
708 53
666 21
869 266
708 729
212 870
208 856
549 462
929 417
717 65
682 628
969 50
2 624
741 651
299 725
597 998
789 661
327 947
615 752
526 68
785 599
88 856
27 151
462 516
829 748
900 470
765 666
830 482
350 616
11 545
965 158
904 565
471 825
222 828
507 777
998 697
825 692
702 711
599 801
652 996
75 80
993 811
117 672
616 304
653 891
866 851
655 226
68 701
452 53
582 315
300 457
973 158
359 585
768 571
668 199
52 371
196 711
435 807
414 625
156 215
910 860
78 147
931 510
53 696
825 694
628 507
347 981
689 375
188 595
69 707
15 724
860 94
386 785
441 884
133 968
632 324
808 39
738 961
150 947
554 874
46 803
22 886
883 501
90 37
683 773
571 112
671 32
584 371
959 653
512 489
20 18
687 412
509 821
544 827
820 54
212 205
718 4
624 805
898 128
24 80
582 615
817 175
508 64
370 686
439 736
772 273
453 894
240 150
813 271
879 72
938 424
358 253
90 741
780 972
30 951
654 347
615 95
50 378
978 157
735 335
255 382
536 964
673 42
680 231
524 946
586 477
637 788
49 361
653 501
683 115
284 248
398 686
880 625
617 691
300 49
184 152
798 753
349 751
32 100
167 100
809 528
596 187
173 640
340 744
605 674
81 921
568 35
115 983
867 261
34 354
909 590
946 704
223 325
184 140
634 731
823 850
861 977
94 459
820 247
718 655
684 365
236 6
946 656
953 389
772 501
940 348
235 872
528 436
581 302
633 516
35 227
924 753
310 422
813 652
373 966
597 480
984 230
582 838
867 895
484 409
724 633
631 656
110 853
171 369
806 624
682 866
436 111
609 477
470 622
886 751
469 57
903 359
436 242
621 85
708 211
92 174
850 968
90 182
662 3
870 333
718 695
673 106
360 412
259 872
641 675
230 641
903 701
86 155
537 842
892 252
93 684
537 611
470 418
28 159
19 896
296 61
607 912
133 577
191 237
704 919
894 295
184 868
12 979
235 610
521 900
532 14
641 121
541 231
148 670
500 691
539 151
986 807
138 565
11 569
660 562
275 912
409 873
359 303
623 520
807 347
660 297
973 235
817 598
604 302
313 749
213 264
768 35
250 785
295 450
303 110
529 622
908 340
337 862
951 154
970 264
240 517
500 802
692 761
691 763
9 317
23 356
994 646
644 682
18 582
662 186
811 975
473 353
380 156
345 76
755 747
908 384
818 963
38 365
714 106
364 43
71 309
507 731
969 765
503 962
871 286
194 326
10 700
245 925
857 719
460 772
718 845
729 86
151 853
317 180
127 198
635 28
125 556
206 9
642 715
41 662
618 877
917 82
560 835
122 56
104 943
464 612
784 347
571 540
102 396
486 492
74 459
550 410
910 487
100 263
844 884
745 885
689 298
950 781
801 380
609 710
105 904
423 992
171 314
701 999
562 480
509 246
998 867
462 984
419 975
241 724
917 36
934 163
505 835
74 553
622 281
23 76
830 56
427 740
344 695
192 638
835 811
320 478
200 532
458 191
748 790
480 477
779 748
491 67
952 813
204 878
488 696
978 851
107 379
676 824
527 586
378 18
503 386
775 303
500 432
870 375
919 875
164 345
260 715
820 189
693 370
659 100
174 105
116 437
688 636
258 447
226 897
551 260
243 253
199 107
127 435
523 54
806 918
881 570
583 644
456 494
57 436
818 917
475 428
594 633
332 652
791 701
18 428
198 20
857 765
372 778
876 775
998 861
191 851
151 173
169 979
4 964
422 569
835 629
658 658
710 983
584 921
554 320
709 765
594 514
970 547
242 37
625 509
922 391
651 712
192 753
362 999
685 163
602 408
284 226
397 784
470 158
549 694
763 425
559 905
934 407
184 575
606 259
198 893
962 224
255 899
927 633
661 665
608 389
995 983
586 879
483 159
149 647
308 396
173 666
846 439
168 410
443 903
819 286
436 954
917 391
114 967
919 915
927 550
951 546
242 312
913 676
22 303
459 498
524 652
298 92
492 517
57 585
296 698
479 828
127 299
391 325
265 38
409 968
17 317
386 159
20 135
383 512
327 530
731 807
138 493
899 764
215 289
63 989
961 119
512 15
909 56
921 697
92 397
508 242
913 498
952 150
953 381
256 913
956 408
109 707
469 100
174 30
250 219
524 612
543 621
84 762
831 339
249 936
362 826
106 356
386 453
723 932
883 48
780 251
3 966
204 630
666 20
1 579
325 590
101 549
307 121
47 37
991 465
948 270
916 286
345 261
285 163
559 802
354 478
21 29
184 445
121 522
932 539
869 1000
846 71
60 327
515 540
905 542
317 960
327 730
462 35
501 291
803 455
740 527
511 41
753 42
841 860
396 584
166 843
795 242
793 771
843 918
385 919
264 616
641 537
999 491
729 102
97 274
704 674
599 930
708 227
569 545
162 533
673 868
8 59
811 673
17 368
115 804
860 72
582 110
953 674
811 757
396 444
774 919
198 392
94 725
290 890
906 876
464 952
555 322
537 430
555 74
152 155
289 313
636 12
483 614
395 231
493 898
553 957
446 55
685 406
232 69
805 493
161 27
549 506
738 939
150 207
89 671
226 327
31 249
221 452
880 180
630 633
404 984
304 241
127 263
822 3
16 432
221 639
484 735
557 637
625 650
556 576
406 572
532 17
782 698
110 129
517 665
441 363
714 201
430 273
728 728
757 376
939 770
331 209
977 100
811 276
25 700
771 312
167 844
526 84
426 542
611 958
520 518
887 918
437 329
833 452
77 662
144 236
134 726
421 805
784 445
657 176
566 505
767 437
151 115
127 653
438 861
108 463
235 766
716 382
195 549
174 23
582 752
144 553
918 702
47 501
480 64
743 609
264 823
747 104
162 606
741 877
799 355
684 248
774 427
251 759
48 274
647 831
390 548
900 417
710 982
732 515
862 94
394 165
983 188
412 689
805 148
187 374
387 569
146 511
831 413
313 974
703 617
815 412
828 349
3 79
725 168
30 387
857 733
231 843
525 884
286 334
751 501
845 962
960 126
85 844
609 712
310 760
46 287
67 661
70 739
812 863
521 122
919 553
197 799
456 471
538 63
337 353
511 712
43 226
265 615
652 867
68 472
499 65
756 62
194 426
188 809
743 664
832 506
12 706
320 23
399 553
526 261
988 556
435 584
771 253
394 623
58 526
228 778
426 122
532 290
162 262
585 769
911 773
364 179
833 608
289 269
799 854
158 765
954 943
679 287
562 574
187 146
615 271
708 607
86 47
860 410
85 724
695 973
503 525
519 795
980 645
894 166
763 12
428 597
920 45
390 122
29 54
123 701
781 863
73 4
967 937
962 487
961 64
390 919
998 492
188 653
271 938
587 441
691 400
513 770
96 639
568 112
655 232
804 357
292 426
83 893
459 316
799 645
739 684
390 505
972 589
678 997
110 365
476 233
497 918
375 800
526 641
726 485
45 910
650 836
804 138
367 815
349 756
882 390
921 293
175 921
144 686
539 985
461 436
423 818
571 273
357 820
98 270
635 524
927 725
904 582
159 893
609 209
52 624
709 699
128 357
523 82
97 766
125 578
241 962
125 98
798 626
220 131
66 226
208 302
832 746
924 825
42 640
251 729
579 834
675 389
295 377
384 153
113 196
748 652
785 360
432 433
115 459
299 396
341 80
401 706
75 522
62 965
604 354
478 179
570 283
886 786
330 988
356 403
296 771
644 504
627 143
922 647
253 687
131 505
80 283
179 293
127 692
970 861
726 916
739 896
492 693
836 993
769 874
17 416
28 303
77 448
665 675
19 640
521 41
338 527
245 547
505 907
747 73
938 999
11 781
490 795
884 36
784 528
479 600
266 459
805 63
197 597
93 255
286 681
899 885
72 417
223 287
557 344
844 462
458 605
582 416
419 864
961 33
810 135
511 846
132 653
339 446
21 553
157 536
763 203
837 950
454 830
331 419
816 643
116 296
168 581
647 152
137 274
778 357
31 148
80 28
361 798
223 892
13 756
470 27
161 32
918 774
952 502
894 548
758 416
202 972
811 393
788 600
996 865
122 968
899 361
87 194
943 725
100 815
46 901
217 660
327 827
618 837
190 448
944 755
843 323
929 438
234 267
860 108
30 966
633 787
713 184
935 278
597 640
139 957
12 478
100 531
320 390
989 720
881 792
32 724
94 628
583 285
774 778
896 17
417 809
292 742
819 496
646 870
219 380
437 849
733 330
106 266
341 104
694 287
217 419
655 488
166 316
982 240
680 603
380 822
145 278
553 934
967 666
621 812
525 98
367 427
941 571
460 369
413 930
230 713
490 23
664 984
664 152
314 701
128 597
676 426
954 949
77 171
725 20
137 367
967 449
547 86
186 998
667 171
754 849
22 458
312 621
317 523
519 803
101 832
506 588
67 330
950 463
46 331
285 451
887 137
672 871
777 29
641 852
961 537
148 256
584 105
769 629
890 976
990 865
307 288
874 760
60 73
929 362
582 552
587 68
991 626
143 4
379 413
597 642
155 595
803 234
802 497
431 783
684 97
396 193
843 321
647 746
551 915
585 581
689 546
738 461
768 422
225 236
37 418
301 630
600 837
265 154
378 381
939 453
340 249
681 973
678 472
152 178
443 114
937 342
693 16
347 10
935 859
19 818
557 752
278 590
284 681
239 239
411 216
858 781
457 894
523 520
398 107
649 187
533 354
904 132
512 814
847 72
968 217
630 555
316 194
506 574
505 343
991 251
432 740
327 621
448 39
403 380
237 593
626 983
635 506
443 112
190 464
348 245
284 891
687 770
960 869
530 320
117 988
732 882
677 592
379 48
373 729
177 433
670 231
840 792
462 128
904 66
124 417
273 776
917 194
64 390
988 80
117 54
518 465
47 840
145 835
344 358
58 436
528 365
244 170
394 730
856 190
107 107
640 42
831 870
766 597
230 441
555 221
314 988
595 771
57 709
746 677
616 634
546 618
600 785
261 631
529 918
412 524
513 742
286 541
980 852
657 572
657 551
76 745
418 5
270 508
641 979
229 976
454 168
985 223
757 66
742 256
623 503
505 470
159 125
335 262
637 829
784 114
425 323
453 401
674 938
303 504
113 947
915 916
533 578
710 940
46 735
982 888
602 475
215 339
838 253
416 438
891 41
750 173
236 539
421 857
736 559
452 389
975 752
841 871
536 144
465 739
346 105
716 42
931 185
803 854
298 935
450 258
241 589
718 818
426 484
603 923
1000 674
103 440
741 834
695 173
850 632
6 997
329 660
271 685
292 353
190 515
782 637
353 699
395 854
71 802
179 477
234 849
580 215
914 557
214 920
478 793
181 979
19 947
239 262
809 360
733 290
950 990
302 798
887 386
489 419
167 366
429 496
485 895
42 483
47 668
590 990
757 322
721 592
696 868
580 78
445 199
386 449
857 524
927 505
477 615
251 781
21 744
394 405
945 666
382 523
119 464
157 192
22 910
994 833
893 469
713 112
979 429
774 161
523 295
772 85
376 198
315 170
232 253
96 220
820 142
84 560
355 734
661 480
80 810
143 541
422 69
927 48
533 182
192 973
408 15
707 260
784 551
406 99
237 929
228 475
955 482
970 344
835 973
429 836
180 471
133 230
881 961
202 157
379 474
771 250
649 133
919 482
576 578
617 120
741 437
311 871
331 377
229 23
823 793
206 6
645 115
974 93
269 7
147 621
519 42
515 216
27 366
434 927
421 933
420 652
557 352
628 409
361 227
569 674
252 200
678 281
522 464
432 896
110 687
461 806
535 31
264 628
200 374
507 254
595 245
3 624
287 281
376 853
103 675
762 474
966 276
502 757
34 79
147 984
302 583
997 652
648 176
42 912
94 401
143 142
876 570
67 72
69 652
747 407
385 423
132 376
663 343
325 726
407 366
854 361
941 555
481 505
867 469
542 595
617 211
647 706
602 590
285 201
356 305
282 934
704 917
435 293
742 138
365 445
989 968
650 98
186 39
168 755
244 932
631 699
543 716
412 453
406 917
806 537
577 383
19 735
664 690
378 21
254 468
211 80
781 761
64 768
463 307
769 471
466 58
747 769
18 781
792 285
122 945
717 294
511 117
671 393
875 747
212 228
672 555
743 272
364 483
988 999
274 41
531 955
980 887
263 880
447 143
220 843
535 166
265 570
906 253
402 660
126 816
19 20
378 878
78 569
869 142
492 499
800 78
646 600
42 191
886 191
152 929
69 133
890 939
137 4
188 640
268 899
738 171
984 812
187 869
858 109
184 202
846 122
8 222
103 410
904 639
724 435
956 440
783 173
305 222
706 583
839 815
800 590
272 627
394 465
561 577
493 392
421 449
427 158
651 755
894 995
634 30
807 422
167 123
935 370
945 319
126 63
403 720
649 44
206 240
506 6
680 779
647 813
256 971
312 924
7 462
961 577
364 20
124 29
403 563
684 722
770 473
839 649
763 117
528 211
399 641
322 180
957 900
591 444
279 815
648 433
9 348
836 161
660 285
728 921
203 987
937 541
627 151
463 679
630 415
821 637
352 522
409 419
71 988
646 75
71 971
293 755
703 217
308 1000
365 719
534 138
19 201
786 712
28 494
883 422
450 932
842 279
661 619
220 226
215 745
46 882
117 403
856 825
431 268
58 693
958 238
941 913
676 746
50 910
471 239
999 962
253 26
553 63
849 573
425 686
319 686
415 293
598 639
735 125
533 409
534 493
155 140
491 45
424 835
191 442
142 951
784 382
827 428
241 555
813 553
163 267
302 784
391 26
571 764
104 389
89 409
806 490
614 842
609 59
599 839
748 844
619 564
516 551
808 862
82 14
596 446
467 286
132 756
305 128
476 403
948 237
791 417
202 879
701 214
406 40
394 637
982 197
885 769
857 539
684 966
420 893
751 147
479 47
567 214
885 77
870 650
666 672
648 706
903 238
84 557
314 324
813 204
405 859
330 853
167 441
410 607
567 716
497 139
443 513
850 381
46 350
911 4
643 26
22 184
957 369
194 321
650 682
253 190
374 349
73 301
458 75
173 875
521 95
862 607
781 734
891 234
933 885
134 305
223 493
936 680
571 744
252 161
519 720
971 103
417 923
201 959
845 430
416 330
696 671
389 502
311 548
286 348
228 836
950 391
989 906
756 858
732 71
48 457
112 693
608 509
204 159
903 459
964 106
25 389
396 762
290 334
771 235
220 504
135 111
135 44
746 126
820 278
37 315
214 753
804 626
117 129
382 881
850 688
22 561
837 463
993 75
942 275
526 853
317 531
131 565
528 544
521 564
676 411
110 185
606 455
598 385
312 186
500 843
803 947
748 236
12 1000
724 838
239 257
982 91
46 835
438 880
527 649
11 995
323 54
688 555
396 28
535 291
410 144
473 787
625 317
683 255
788 392
589 215
935 770
795 964
553 642
599 464
106 452
932 592
293 407
280 356
379 554
432 791
105 709
674 668
967 822
891 476
653 497
605 554
391 496
264 387
63 445
162 525
965 592
957 985
605 320
989 346
310 992
663 311
477 871
480 303
602 861
261 385
472 904
341 749
87 833
677 801
693 5
410 809
907 16
259 652
656 229
53 782
727 411
398 517
659 725
749 81
88 171
173 798
854 556
405 969
303 221
137 756
569 236
405 326
974 74
744 593
951 827
467 748
773 861
547 214
995 366
850 904
308 214
26 301
261 393
510 548
294 320
1000 173
460 958
747 171
651 327
345 976
450 609
682 276
809 542
403 99
420 671
413 526
872 430
325 162
663 426
42 756
373 644
545 974
657 598
586 664
450 968
82 866
559 154
31 506
597 189
843 872
514 553
734 579
771 880
30 599
60 394
669 521
739 137
230 743
273 825
78 453
382 731
176 570
890 921
390 582
869 25
544 653
625 989
751 187
977 932
714 677
217 608
863 164
732 327
486 306
200 647
71 826
201 609
608 682
105 160
958 506
103 104
774 588
404 124
359 879
389 777
603 54
555 250
330 789
522 168
629 819
207 177
451 267
457 633
145 538
549 679
863 821
71 90
579 556
32 988
430 776
427 834
115 914
920 509
62 727
301 987
977 539
553 41
350 508
726 429
78 28
644 387
134 672
706 123
