1000 1237608
5000
697 708
82 366
374 994
992 884
918 975
609 566
476 15
719 866
659 156
318 738
649 954
470 437
130 67
989 388
575 104
32 71
508 218
865 217
985 837
740 851
915 352
544 446
288 183
481 963
977 438
177 781
821 117
413 294
787 206
191 283
116 902
451 784
743 940
246 383
902 286
505 882
986 870
686 147
485 22
873 552
287 658
303 904
736 832
514 577
706 750
237 735
956 241
961 300
172 423
568 312
636 741
840 977
776 612
203 661
991 679
103 152
696 873
10 15
529 663
656 214
903 658
343 467
338 586
938 425
243 830
101 722
495 639
994 850
494 277
26 592
657 245
408 24
421 459
504 131
559 158
967 24
63 52
530 604
317 929
551 426
940 861
414 717
999 168
343 422
658 434
221 849
600 844
224 379
197 609
951 397
735 58
276 355
713 171
236 97
605 218
517 710
763 400
523 508
19 532
64 749
887 57
600 697
158 916
499 918
177 881
302 424
527 740
689 327
216 772
836 299
93 525
499 891
601 187
196 604
236 353
549 771
438 494
525 443
142 177
692 400
960 161
325 547
704 944
423 495
218 276
458 569
975 533
260 680
807 74
457 578
920 610
499 357
349 901
622 890
537 657
663 877
214 823
157 709
103 130
610 394
33 166
773 362
863 466
942 803
505 488
871 935
2 378
625 760
85 918
647 280
270 378
44 937
237 408
372 414
157 496
186 453
618 462
941 854
115 605
689 677
566 420
236 644
433 574
597 675
450 504
339 705
20 989
265 170
36 165
422 523
192 662
692 926
626 669
853 210
811 554
67 761
302 937
43 289
263 863
476 362
161 777
214 651
351 938
50 965
170 251
683 18
994 610
978 238
581 573
823 222
334 597
258 961
688 468
389 755
504 17
602 819
812 718
141 368
864 168
159 38
665 784
405 45
535 204
183 176
992 585
959 906
933 978
665 96
515 820
127 617
216 891
242 499
876 209
515 111
502 581
632 296
311 50
465 693
271 441
563 366
138 533
655 960
155 504
110 807
88 755
578 512
312 701
293 79
308 237
561 131
826 71
69 519
840 209
301 909
278 437
551 57
703 622
591 558
817 31
856 92
774 23
347 187
96 989
553 132
296 672
58 4
953 333
762 512
342 846
925 628
238 491
469 493
331 791
911 956
260 904
348 13
12 807
744 8
77 206
838 401
168 351
680 836
387 543
500 531
633 478
919 910
935 667
34 777
236 701
215 281
572 832
88 562
406 137
521 361
442 643
159 867
569 324
372 345
761 527
559 747
227 670
475 781
682 795
772 315
861 73
807 210
140 200
835 147
698 538
895 766
399 207
716 677
826 540
666 733
672 655
517 126
255 47
618 309
309 436
839 380
561 324
938 413
129 114
18 586
452 488
504 3
631 873
76 231
409 447
391 737
567 400
21 12
66 245
229 88
944 650
208 299
533 158
567 923
209 370
482 6
656 947
745 885
509 478
773 215
713 7
363 995
265 943
51 833
394 486
265 44
773 13
657 836
729 53
742 685
478 146
663 151
876 552
683 607
81 587
396 419
271 262
343 662
271 425
752 198
91 428
421 536
776 441
124 633
856 902
448 552
731 20
123 359
876 315
549 650
476 753
880 97
815 423
356 796
35 488
632 831
798 635
845 344
743 633
581 805
808 172
421 308
948 734
908 687
738 97
487 242
201 586
708 246
826 701
78 310
493 762
479 121
641 285
885 859
393 313
249 142
858 931
223 850
5 866
752 428
598 958
34 157
569 636
356 657
729 135
203 79
675 539
400 683
513 271
131 357
436 767
439 96
107 508
517 818
592 162
764 907
169 774
733 339
659 194
69 340
723 355
473 266
765 915
790 191
831 535
714 229
310 524
356 121
89 847
676 985
939 615
499 500
476 585
717 184
233 525
153 99
761 388
904 553
429 167
305 834
360 812
230 114
449 508
784 106
363 955
864 723
411 530
302 213
209 874
229 710
124 103
175 635
875 635
198 382
951 658
254 989
758 782
869 534
862 669
146 734
557 9
334 811
798 20
547 658
944 980
549 914
334 544
922 240
573 656
577 462
773 723
848 58
864 903
770 982
630 282
964 597
154 371
394 744
687 598
695 271
225 40
899 335
596 697
876 70
230 744
111 782
94 276
666 179
875 850
65 666
614 213
163 69
953 66
593 305
228 544
622 592
362 409
601 585
805 384
311 104
706 513
152 96
562 685
324 399
96 7
512 804
816 528
547 82
786 328
672 351
295 614
21 541
448 888
71 64
786 98
740 367
967 306
444 979
64 687
285 888
66 321
74 778
255 335
894 500
135 526
971 208
613 548
836 30
204 725
620 739
721 605
910 735
456 481
388 130
450 992
694 392
310 343
219 121
227 981
108 888
286 724
688 625
313 894
25 206
738 556
821 883
156 520
799 702
386 763
543 37
600 487
209 651
225 470
762 877
363 793
221 201
671 817
614 154
7 80
492 424
176 732
984 354
246 431
401 273
601 452
820 26
991 659
30 915
719 520
631 128
747 855
327 838
864 246
447 841
513 585
861 178
821 862
710 195
334 518
421 984
930 280
550 326
31 661
625 339
278 938
317 398
889 823
56 449
311 674
606 56
5 950
688 162
999 380
708 199
760 429
349 947
902 341
529 147
960 380
128 439
690 494
258 741
835 668
283 663
276 831
360 229
987 868
3 500
260 363
159 390
616 788
544 415
458 404
84 723
776 723
167 410
243 181
571 953
671 169
554 188
744 252
98 461
941 45
178 178
646 299
681 973
466 903
138 830
723 539
713 266
896 234
716 874
993 107
982 450
79 389
392 501
266 585
463 969
146 411
141 759
686 623
948 332
867 427
55 64
805 390
764 146
643 194
519 662
131 346
295 897
136 185
783 335
768 970
115 915
799 101
578 958
82 105
415 59
65 923
626 800
997 599
945 868
540 552
961 420
238 866
710 368
368 288
477 867
386 218
796 889
370 51
860 354
85 524
123 390
667 420
659 755
436 413
318 654
479 488
284 193
222 483
168 539
417 9
81 795
771 242
300 57
193 748
294 955
14 675
964 256
531 291
309 146
381 269
68 261
449 430
135 829
777 827
889 454
416 260
744 922
13 687
190 390
206 539
708 63
327 935
418 520
243 572
802 746
648 570
411 659
780 522
786 384
172 685
981 838
656 863
50 783
881 103
770 777
282 728
186 865
117 699
78 279
42 224
304 953
491 213
737 687
407 123
657 685
328 432
777 734
271 281
137 527
940 383
655 174
623 29
76 771
809 482
352 523
628 484
694 85
560 750
99 93
19 651
303 550
472 660
92 433
859 543
856 296
89 871
728 364
424 104
54 850
166 705
844 594
822 835
712 719
727 146
431 940
867 532
996 543
587 980
964 360
138 838
116 887
211 944
601 994
696 49
720 411
409 219
239 99
519 197
903 308
130 890
746 740
931 328
567 255
972 163
437 258
611 337
604 637
434 223
465 115
623 587
642 519
350 636
792 309
599 485
632 560
438 932
231 289
844 984
978 702
670 97
17 372
346 587
327 546
370 788
718 820
544 694
742 904
617 891
688 359
98 51
891 587
134 443
722 158
136 913
474 66
647 596
341 886
68 354
334 16
593 33
540 316
786 690
589 780
150 540
333 146
845 46
564 277
225 37
96 371
959 488
516 132
712 691
408 661
505 18
305 933
999 612
555 235
949 113
497 876
519 442
237 939
835 704
240 422
706 771
821 506
740 74
202 415
664 463
101 791
303 768
923 738
590 488
480 345
658 889
734 644
529 138
206 677
616 543
289 812
584 4
428 207
400 987
68 778
501 892
284 300
344 231
727 794
148 942
804 775
445 460
681 358
536 671
487 694
796 769
866 103
347 600
446 213
890 355
361 192
225 439
715 850
656 641
374 842
236 514
694 793
432 456
245 469
130 385
511 788
52 486
903 508
952 887
462 143
255 13
728 416
67 147
50 123
917 709
730 310
821 566
730 954
661 459
390 383
865 421
643 237
741 728
800 107
486 575
374 365
283 216
847 127
537 327
143 950
635 354
351 954
201 170
558 83
250 843
593 526
378 834
142 643
735 726
385 108
381 564
887 106
573 178
170 117
521 706
795 367
228 448
245 200
108 203
294 165
861 243
179 529
810 410
82 535
762 146
261 308
198 318
965 189
246 643
278 839
643 708
482 158
300 717
140 360
344 625
705 10
883 743
264 256
805 429
461 619
850 386
308 796
362 153
878 242
501 70
890 267
365 17
178 36
65 473
99 555
902 46
612 37
334 29
686 598
175 712
113 435
491 443
89 424
252 733
227 86
727 2
659 567
358 554
380 257
871 343
631 251
852 269
212 55
181 996
610 461
503 376
439 400
838 68
981 120
635 145
503 220
139 815
289 376
727 752
189 968
338 812
126 200
220 328
622 780
149 478
373 811
283 121
827 273
179 204
955 314
17 23
591 882
383 369
536 178
266 196
422 434
736 837
37 840
975 881
113 841
853 163
367 892
753 423
689 552
623 762
482 965
681 329
931 212
116 313
813 472
237 979
321 530
514 397
425 258
414 981
538 73
264 905
838 257
846 29
650 489
521 827
758 147
511 924
857 992
886 539
979 270
701 744
118 933
781 45
499 588
853 152
738 45
49 3
757 126
11 47
739 20
39 642
807 644
892 73
795 690
85 55
611 812
331 986
620 729
114 836
79 38
307 836
217 972
241 273
925 382
452 363
686 684
953 973
475 316
522 786
20 565
107 64
28 336
420 293
286 230
626 420
2 887
377 701
858 42
562 508
63 175
347 222
789 38
416 15
4 778
743 741
848 750
209 214
463 17
731 460
152 165
557 951
383 812
897 153
591 120
507 690
357 153
140 173
310 71
477 605
590 580
153 729
971 497
146 377
770 802
674 352
540 429
914 392
221 630
285 759
481 28
713 835
385 601
58 59
314 306
212 47
109 265
663 739
890 275
929 869
140 657
202 725
975 909
451 655
834 865
192 162
160 148
971 321
443 190
597 545
23 584
577 736
808 919
184 942
888 72
722 652
294 203
55 789
289 758
201 48
474 473
388 122
609 650
767 989
990 25
746 140
319 804
421 594
208 961
853 110
510 242
947 264
7 616
13 377
935 192
605 537
732 638
798 708
829 134
787 771
523 205
369 471
66 233
671 419
802 344
632 61
144 571
877 85
40 16
386 203
207 969
675 32
792 184
565 824
933 321
438 285
39 177
151 918
380 913
366 157
964 242
47 969
103 714
641 619
896 699
250 626
895 225
164 216
189 177
402 300
796 570
594 217
775 985
834 14
364 338
127 998
593 449
528 449
551 414
992 813
31 667
536 321
797 891
767 758
407 42
91 885
69 531
248 557
275 78
452 961
984 778
620 711
599 67
505 487
240 750
67 369
845 339
16 903
297 484
59 639
687 288
496 45
393 314
422 479
135 715
522 579
452 25
623 742
50 728
107 573
853 507
10 71
869 543
470 733
83 831
128 699
540 921
885 816
575 489
224 525
820 386
134 884
417 73
619 704
213 728
932 541
170 314
583 453
72 611
457 830
179 500
491 481
453 951
248 600
616 339
184 636
909 346
855 277
563 703
751 513
589 683
789 636
802 678
728 466
747 686
6 390
878 829
814 745
894 634
579 937
764 141
271 62
175 151
333 815
323 900
479 879
656 854
797 74
813 953
86 38
320 152
600 428
925 786
748 279
906 947
468 262
793 775
35 811
270 94
439 728
238 301
380 349
65 14
325 551
949 593
977 519
846 752
637 811
531 73
508 30
329 575
897 58
261 589
797 608
500 195
30 278
362 685
216 620
627 928
331 695
793 384
425 152
463 400
107 236
51 512
188 751
642 13
143 216
721 196
404 194
328 47
836 345
149 67
412 417
701 657
398 667
745 980
157 289
144 297
790 994
963 369
404 773
747 699
568 466
777 991
395 566
736 71
508 943
237 260
944 467
459 539
449 692
65 167
78 585
311 276
899 935
56 514
352 141
236 469
680 445
116 547
93 557
945 851
735 843
156 834
688 337
586 972
34 73
577 375
245 760
198 704
313 971
421 295
298 654
370 171
982 777
806 132
203 989
694 693
96 360
585 895
365 326
925 663
977 988
808 39
901 229
299 637
635 580
878 155
980 157
536 14
693 262
237 517
192 922
567 442
57 255
398 522
109 445
22 49
44 282
361 186
489 997
915 12
506 1
837 605
187 825
36 83
671 763
803 832
351 948
964 255
600 106
411 99
112 263
721 21
758 921
236 617
363 229
107 575
628 974
396 155
110 727
383 609
851 675
100 643
828 688
141 333
206 785
917 723
446 820
397 849
853 819
504 332
21 95
116 268
272 884
571 24
601 211
271 996
753 105
695 851
975 225
691 307
108 531
547 321
398 137
91 732
435 551
924 976
778 867
879 374
17 140
323 844
273 124
734 173
453 389
256 633
109 675
475 812
477 433
285 542
889 92
493 826
540 137
899 783
883 326
362 654
771 86
339 670
311 865
930 633
547 238
805 494
903 60
515 802
246 875
675 222
164 904
139 591
403 610
893 9
820 385
117 4
943 598
952 6
188 20
781 501
694 574
737 261
367 29
664 936
299 699
561 863
692 314
255 46
848 411
814 417
660 787
825 230
158 248
661 801
434 185
883 257
785 220
536 801
536 95
632 222
278 594
654 400
327 268
59 770
245 796
201 519
601 563
43 454
28 803
937 800
413 771
309 951
129 668
233 281
383 762
997 169
689 322
683 525
199 733
351 185
374 732
185 684
430 579
365 954
363 91
3 727
290 776
6 518
819 816
628 928
990 178
114 560
407 225
372 762
68 246
17 365
664 304
429 458
58 981
708 315
576 499
565 770
50 431
417 321
105 336
783 59
409 747
121 832
988 303
154 123
786 794
955 992
138 705
983 598
360 287
894 270
406 709
327 30
357 237
290 612
37 958
782 975
622 799
284 830
777 899
902 595
444 628
649 917
656 380
212 854
366 934
115 213
661 510
248 836
298 184
270 379
275 964
298 263
386 816
807 348
87 826
249 941
883 425
108 525
758 236
553 566
848 564
10 702
577 516
292 482
100 976
847 982
929 644
441 8
433 920
316 766
530 462
610 762
70 20
68 112
67 526
224 868
982 980
597 322
401 450
856 473
786 145
542 379
106 960
941 816
99 514
272 91
493 616
1 700
29 179
208 48
339 260
860 696
356 115
626 266
141 801
542 173
895 201
893 369
325 896
129 318
272 326
2 964
793 923
943 571
316 595
17 660
883 112
519 611
907 795
519 309
930 846
475 797
8 715
616 799
407 122
513 785
776 17
870 46
311 413
895 354
858 320
87 364
239 715
376 862
124 81
594 908
639 232
488 903
386 41
589 897
55 487
516 430
931 187
636 353
609 880
82 921
644 39
664 261
29 241
610 160
207 508
648 32
963 685
879 423
532 26
350 187
934 399
628 893
961 611
677 800
257 928
863 215
989 596
126 542
861 517
203 329
221 690
133 562
392 904
292 205
434 751
286 642
982 658
545 616
516 764
265 25
407 765
564 309
627 890
691 724
602 27
492 734
175 149
487 953
348 725
31 413
380 98
983 777
421 598
968 736
511 365
621 944
851 232
238 547
725 661
497 544
951 987
841 41
694 432
163 607
376 544
212 514
905 909
641 552
258 649
601 683
522 628
51 309
909 768
202 910
364 246
361 158
395 604
178 870
594 296
6 150
803 242
427 624
443 236
725 647
862 106
871 7
596 652
204 823
718 190
606 844
113 260
476 378
276 149
554 513
574 215
443 873
279 267
782 962
412 867
104 612
297 772
886 739
95 398
53 501
914 176
120 340
474 350
378 140
890 246
666 284
265 625
182 943
930 839
768 576
154 249
134 605
831 199
318 921
936 4
585 966
81 128
167 583
556 984
405 875
59 598
802 665
170 499
221 118
283 855
950 641
639 100
525 801
505 696
389 813
893 579
909 381
145 135
135 396
22 415
302 766
711 691
387 328
797 49
69 341
416 91
919 391
141 881
184 119
412 841
27 611
47 594
807 383
225 997
247 161
822 38
491 591
362 616
184 224
96 206
180 713
92 839
163 443
529 443
138 192
243 319
608 864
518 719
163 51
493 727
904 884
233 825
23 777
478 381
344 367
420 690
755 810
447 37
527 20
731 4
353 298
721 280
356 91
200 231
6 241
601 679
527 603
710 712
600 121
931 347
700 455
285 719
641 405
42 674
787 718
200 722
632 741
472 557
179 503
253 643
657 780
642 602
712 140
52 822
887 47
372 37
44 281
647 427
265 899
612 883
982 594
152 507
463 410
445 420
861 294
187 178
143 617
497 354
266 279
246 928
34 678
839 170
81 761
947 662
230 470
530 11
426 485
904 499
816 607
640 749
771 967
564 890
93 717
66 623
991 471
499 162
111 731
559 905
839 985
572 754
525 697
221 484
995 82
631 4
315 894
970 441
565 752
819 694
88 332
774 893
83 950
789 797
696 855
420 837
526 15
739 896
538 211
923 736
293 226
458 812
354 687
935 577
926 539
527 41
936 183
636 578
101 287
664 18
127 327
155 607
328 143
258 329
819 681
278 827
931 229
51 886
581 813
204 48
299 847
194 747
858 801
158 482
191 926
537 873
792 60
788 87
374 588
781 774
166 620
697 785
523 363
245 150
219 603
758 866
800 587
444 162
90 378
99 300
388 743
118 344
351 340
558 303
259 761
634 713
205 170
263 481
748 856
214 718
615 476
735 546
971 896
61 778
472 762
855 569
251 117
907 395
196 177
239 904
84 954
538 302
6 658
66 296
894 659
248 119
475 435
991 845
302 688
726 172
716 984
250 244
196 546
272 631
24 279
829 780
185 855
489 706
417 25
638 574
976 591
255 408
846 610
887 570
561 517
524 5
676 842
623 488
183 911
424 924
652 242
709 171
92 129
799 895
412 565
637 411
254 87
847 653
498 467
195 705
801 432
892 119
787 461
578 957
730 253
341 390
803 915
756 608
361 212
788 610
940 351
525 662
325 733
280 68
124 598
99 924
362 86
167 250
134 401
390 94
16 731
412 872
431 930
632 466
730 934
184 802
460 837
212 294
571 265
815 284
734 232
802 544
521 283
560 331
763 460
255 356
491 118
977 136
784 967
137 510
7 729
397 605
33 514
244 318
57 690
838 900
270 601
189 754
550 99
369 297
894 279
282 553
663 602
435 707
129 190
1 929
47 743
323 895
705 879
186 99
30 300
596 52
176 9
771 217
920 209
701 849
589 685
180 487
874 846
543 255
210 48
841 370
913 246
883 388
588 689
627 174
183 764
39 848
780 49
55 967
952 275
424 815
398 437
376 732
189 295
686 350
749 222
913 442
471 692
180 305
399 798
94 944
577 477
462 476
586 11
589 752
889 255
662 271
919 313
152 723
946 535
450 119
158 949
600 363
832 198
261 659
11 564
472 170
256 329
745 39
765 287
833 381
12 890
326 272
89 213
369 62
289 314
581 527
65 477
893 457
517 589
72 811
751 896
145 812
337 840
129 24
716 454
713 920
367 929
480 86
12 700
471 275
257 544
745 426
60 485
350 693
316 122
150 753
516 426
778 891
654 386
26 287
768 724
780 373
407 138
797 793
671 888
975 398
583 629
893 389
922 921
46 828
461 997
644 674
638 105
412 623
904 93
225 796
201 926
489 51
169 437
945 328
205 903
213 850
536 674
979 897
246 767
107 939
905 965
580 725
787 201
25 28
761 693
963 169
39 934
598 751
841 670
387 51
859 495
708 701
845 218
121 139
872 566
9 696
451 312
285 470
924 794
805 397
217 902
226 946
720 988
481 693
782 936
751 427
98 503
810 512
681 899
783 92
614 414
921 192
937 98
109 952
543 958
752 405
258 931
873 620
750 982
256 782
781 340
343 395
190 174
223 288
66 795
438 844
303 558
655 631
94 126
966 453
218 292
343 643
976 460
696 301
130 971
500 183
100 243
37 579
862 412
831 656
730 139
254 416
419 200
757 178
634 333
381 241
805 416
888 225
668 707
949 639
253 826
820 883
628 254
565 205
268 689
860 95
306 150
609 124
666 374
239 882
509 647
516 240
260 759
798 436
345 590
333 807
252 812
986 186
805 691
782 253
861 949
247 744
6 969
674 514
875 974
924 36
511 476
820 888
89 524
902 199
460 668
847 735
861 649
490 145
288 904
117 528
53 491
89 38
262 964
305 678
42 700
949 440
56 684
903 189
411 255
866 165
525 998
576 644
294 10
570 260
461 555
332 159
417 445
949 831
363 816
746 589
36 530
624 486
9 803
466 637
522 810
823 459
267 472
76 801
937 813
910 257
470 675
1 544
768 219
325 959
156 926
64 236
168 757
527 785
78 370
516 710
211 652
220 802
804 994
463 181
682 383
605 866
911 793
895 140
114 269
604 940
628 965
17 947
624 62
174 15
897 370
583 930
630 345
748 928
303 870
693 66
391 872
142 535
855 39
342 344
793 500
211 464
309 36
16 928
395 194
702 196
827 194
74 480
232 590
627 110
461 526
450 694
797 483
959 248
218 247
700 112
140 412
654 216
975 683
335 209
517 551
761 733
282 329
881 57
331 105
383 59
243 896
874 979
8 326
94 605
374 719
840 538
378 770
559 878
634 205
844 660
736 30
77 373
128 90
407 301
65 166
163 884
224 563
62 11
957 339
550 134
712 956
996 439
867 613
766 924
261 1000
11 492
428 840
9 14
118 824
368 355
15 833
389 858
697 561
507 77
810 386
913 504
500 125
907 402
119 884
379 277
421 67
923 529
97 31
361 977
471 411
9 912
75 318
713 706
127 87
233 913
883 982
370 447
609 22
401 246
690 431
468 946
426 933
303 902
706 486
264 498
498 338
115 827
744 218
919 791
877 986
445 602
815 198
700 947
355 782
422 30
653 707
401 649
588 353
615 72
93 857
761 982
631 88
817 133
814 443
982 925
151 509
218 235
196 910
340 124
382 40
904 104
548 800
768 624
955 829
658 555
322 529
448 905
5 929
369 206
78 457
679 73
893 663
381 635
720 389
748 795
610 996
760 674
24 545
5 597
83 123
659 348
89 765
554 650
966 425
862 946
375 117
103 293
942 854
539 37
663 448
288 520
411 922
545 882
27 172
105 82
223 895
998 20
949 639
769 463
422 576
374 219
365 856
58 465
627 439
468 494
285 826
577 161
400 347
877 823
917 558
790 406
458 991
241 742
965 799
422 168
858 46
237 959
195 810
481 422
239 75
864 770
555 750
438 349
247 886
609 486
196 695
47 27
971 409
998 473
159 260
579 44
83 463
454 305
963 757
762 223
845 984
592 502
575 662
756 440
605 543
748 838
481 803
758 635
97 885
262 602
171 56
945 808
395 704
402 18
383 313
717 334
570 908
697 349
492 563
9 337
134 810
958 817
572 266
105 302
24 217
685 40
359 550
233 221
651 783
950 826
619 93
311 480
479 944
974 364
173 766
440 595
110 634
119 687
332 204
995 680
520 781
267 857
598 750
470 21
452 765
139 888
169 84
857 491
579 689
420 847
352 189
962 802
970 908
198 368
634 182
555 597
808 601
305 586
241 32
653 393
797 27
20 681
648 36
54 399
131 455
51 405
72 88
305 400
907 572
553 421
660 300
286 64
957 510
126 860
154 440
266 689
586 198
800 598
42 547
499 979
279 979
491 101
522 828
21 809
536 549
170 705
738 949
239 59
144 357
307 663
703 281
762 185
854 854
384 868
755 369
474 342
752 167
187 355
970 327
882 857
807 21
251 25
722 548
421 821
369 870
923 76
833 402
336 708
686 211
293 508
689 306
612 899
890 725
280 98
318 480
567 652
493 950
343 241
142 849
420 795
25 268
639 226
576 543
984 130
306 871
765 429
171 970
581 473
419 892
146 88
38 297
138 211
228 299
333 151
944 618
107 933
286 709
499 567
146 662
548 497
754 914
209 848
470 518
691 373
642 487
293 267
481 803
106 727
449 70
425 588
724 167
551 36
655 588
512 145
506 990
107 769
541 944
369 93
591 644
707 246
863 499
588 832
474 672
184 537
888 880
230 63
592 351
334 690
139 888
845 329
609 972
823 117
992 818
850 928
27 768
751 268
241 918
767 352
31 950
622 130
867 246
364 434
638 145
288 296
983 947
913 268
796 272
912 94
807 5
837 671
616 27
50 915
674 98
235 380
608 120
389 150
277 55
308 79
83 16
16 648
584 100
230 586
395 623
718 763
452 215
917 942
459 39
798 494
808 993
483 687
818 74
738 235
319 470
319 896
843 892
723 890
171 198
313 949
795 278
654 795
932 279
98 849
162 621
237 214
290 531
273 893
885 866
833 47
181 566
254 192
56 323
444 968
810 511
902 402
791 951
375 659
703 317
917 985
528 448
726 874
114 411
358 729
256 456
133 537
117 188
409 753
686 194
973 572
799 85
457 191
716 979
581 54
115 527
967 102
414 382
686 167
856 915
765 484
620 690
311 275
462 707
535 131
791 3
689 360
589 878
650 171
770 514
397 225
730 968
358 744
272 250
209 913
578 2
325 876
818 778
192 927
119 561
288 144
102 289
631 587
633 597
118 920
528 79
962 120
293 348
114 220
970 214
847 349
708 491
658 464
902 785
140 446
589 939
400 174
246 487
105 802
892 328
228 152
844 946
825 841
878 655
550 606
983 96
196 202
873 746
85 223
386 720
698 176
702 78
156 816
500 428
888 725
991 643
688 76
43 503
498 584
995 676
195 234
940 27
439 356
273 332
721 740
839 674
821 622
460 781
49 360
763 333
780 956
522 641
97 988
100 198
47 762
634 938
92 268
217 352
448 569
497 170
721 302
944 100
67 683
655 76
257 209
921 328
863 643
781 711
88 582
484 279
25 415
994 961
856 836
989 688
94 484
908 512
561 794
729 525
718 861
23 829
457 224
949 242
989 586
931 644
654 993
777 164
569 116
881 317
871 673
692 742
304 824
770 634
934 500
442 534
419 414
651 196
694 563
63 104
200 737
28 325
278 572
680 47
754 171
61 842
738 332
788 341
797 619
722 497
195 821
918 408
807 881
888 863
498 326
236 38
469 498
468 954
151 184
180 47
49 903
543 844
130 602
752 698
186 969
46 297
999 636
569 880
796 295
339 953
414 469
920 202
108 55
951 902
767 275
124 159
753 192
790 710
28 243
482 936
388 934
949 423
664 486
146 441
242 304
485 677
529 81
229 494
55 774
524 769
649 576
843 425
818 820
873 628
457 281
681 1
895 488
658 909
633 589
348 766
241 901
940 528
213 910
638 223
393 903
798 241
319 364
384 466
524 681
21 677
892 448
442 777
554 235
375 36
375 23
937 966
998 24
679 355
167 71
488 82
871 561
996 853
861 872
546 27
358 905
661 855
971 59
686 10
785 420
393 129
664 657
193 513
399 386
308 507
748 232
124 287
640 501
798 390
793 561
704 999
708 638
38 382
51 662
205 510
691 503
757 983
183 980
529 801
178 417
461 166
602 810
456 737
16 731
934 442
210 117
532 478
594 429
628 653
354 409
38 828
208 175
857 383
337 546
637 746
485 573
453 793
457 703
212 5
807 928
882 877
330 229
616 715
249 841
303 366
343 640
473 203
233 581
781 61
936 940
117 912
826 292
710 650
938 913
132 212
951 789
556 435
601 553
809 665
686 353
690 609
427 481
791 985
120 477
271 616
171 941
760 375
709 315
928 529
80 392
762 145
112 43
295 876
284 931
431 176
648 945
673 554
466 268
760 700
526 8
278 228
736 365
59 510
366 317
220 500
981 630
215 339
814 386
878 314
925 690
891 401
317 718
59 588
136 809
186 668
528 394
913 573
368 608
206 882
900 145
420 79
858 13
910 700
478 821
906 984
962 608
615 6
926 972
449 840
908 18
451 554
390 731
75 726
475 599
719 148
426 569
596 829
94 378
11 251
446 522
182 499
110 770
456 828
646 271
268 647
549 113
412 62
439 585
414 113
804 904
691 742
217 655
696 601
744 162
235 145
607 919
799 948
74 775
356 272
526 107
775 706
825 110
282 448
279 117
682 199
819 231
239 323
498 582
650 68
492 826
369 996
7 13
761 21
772 525
732 625
869 561
720 625
247 145
398 368
326 515
280 211
334 120
867 623
112 644
29 495
487 693
598 982
99 640
33 733
811 916
292 10
47 595
333 929
349 36
876 510
813 95
808 681
250 114
725 761
311 851
194 878
703 91
671 150
130 417
205 616
971 400
367 552
167 190
303 48
109 102
294 894
247 77
653 264
396 689
631 465
746 395
542 833
918 305
833 106
989 74
355 930
370 747
643 36
101 659
805 30
715 648
503 242
656 130
486 410
740 462
284 338
762 174
199 838
821 204
79 781
964 536
39 87
152 431
468 530
666 584
4 619
43 413
644 139
599 154
396 607
666 455
685 997
274 651
910 913
64 157
164 51
568 908
819 195
450 586
578 935
940 563
847 386
758 355
516 178
730 517
63 61
147 496
379 934
733 874
888 414
629 406
781 743
144 329
545 717
683 650
929 264
92 32
14 106
506 312
160 188
388 673
477 497
882 450
97 613
536 279
695 700
939 570
678 491
453 265
904 740
14 670
729 160
562 453
455 926
290 760
839 39
584 82
288 764
325 133
583 416
900 468
831 640
781 48
395 642
113 665
572 658
139 94
590 475
131 667
664 191
158 120
957 462
385 536
117 1
225 509
608 819
522 137
436 663
211 266
552 287
324 286
482 249
791 856
683 737
549 234
689 934
66 403
598 497
290 423
596 619
976 871
448 481
54 285
382 964
108 802
155 20
415 100
277 536
429 439
793 200
917 258
664 887
928 303
830 200
89 500
579 79
277 792
449 550
934 19
431 805
564 64
391 75
805 571
668 187
63 230
408 854
879 640
808 93
337 753
650 558
730 487
76 94
724 121
331 885
483 104
222 599
381 918
437 49
96 195
40 402
479 143
202 371
994 96
5 194
996 641
838 959
814 996
75 643
227 710
308 587
398 839
724 869
551 558
94 977
832 292
76 744
589 785
201 370
383 591
883 729
638 92
275 992
771 36
638 161
11 785
496 400
803 180
472 874
586 364
295 249
425 165
120 309
609 569
566 37
437 681
621 508
708 608
278 931
592 764
208 440
716 923
308 327
108 179
661 877
614 637
98 78
313 32
595 669
959 64
502 220
216 79
566 334
37 217
258 609
737 540
274 910
847 881
461 718
237 205
299 142
968 550
905 719
615 4
616 957
134 600
261 536
181 917
96 996
448 254
861 488
889 295
845 207
130 634
15 144
175 37
32 451
614 712
202 87
27 193
142 92
468 769
271 21
438 334
494 163
106 844
451 772
55 448
399 671
134 220
873 761
38 94
218 262
32 928
436 242
881 242
602 26
519 36
468 851
488 208
557 811
463 238
551 839
861 34
409 381
673 169
320 708
920 598
155 826
723 564
515 565
588 128
404 614
15 211
966 207
592 908
468 495
241 312
7 594
176 397
898 762
721 214
343 656
820 625
753 893
98 991
564 963
923 933
354 532
201 92
460 699
458 443
864 570
927 418
100 790
805 663
568 794
600 473
376 992
804 299
235 163
139 632
408 388
482 569
159 300
821 985
224 149
571 127
26 594
430 877
450 236
314 513
466 763
280 266
259 215
252 523
785 140
100 870
154 394
495 273
718 115
215 706
537 201
537 781
420 76
30 149
236 100
416 747
516 63
23 123
705 339
1 120
673 517
561 674
274 373
237 152
570 58
132 665
946 136
715 594
654 213
695 513
807 635
543 356
86 391
989 486
50 815
723 357
673 945
690 898
415 102
346 732
621 423
131 716
338 625
316 450
646 619
630 999
101 482
987 335
752 101
32 386
220 19
651 600
969 834
39 929
208 481
201 356
377 369
578 402
587 743
871 213
344 313
881 458
48 202
402 630
683 424
111 96
276 998
229 356
168 162
924 959
125 311
50 617
756 246
846 983
613 733
526 796
828 516
547 387
591 131
677 984
259 971
256 858
391 830
536 169
816 884
233 152
981 879
69 338
52 402
755 324
10 280
937 756
980 211
41 588
434 822
15 626
860 301
615 453
425 900
438 667
125 627
999 555
631 375
991 124
753 396
733 298
869 641
21 139
803 401
693 403
227 39
821 607
5 999
828 743
995 94
60 959
795 78
276 852
627 298
735 195
13 236
963 844
377 302
616 552
460 294
269 114
18 673
728 156
346 337
954 691
423 389
622 332
872 399
787 817
995 901
847 150
992 667
731 302
916 324
716 633
771 585
993 211
819 419
314 481
856 924
111 774
333 1000
11 839
744 390
207 303
597 309
450 155
377 122
594 282
781 373
858 848
166 869
567 237
771 148
514 336
935 89
892 411
45 173
611 869
527 76
996 445
593 845
521 424
711 69
852 437
298 748
996 683
702 191
691 904
795 241
676 833
971 721
841 504
271 104
796 577
911 933
92 205
566 286
478 265
144 318
790 528
196 548
521 528
462 601
250 600
825 638
782 65
753 917
475 802
201 287
821 918
514 88
606 452
590 421
750 693
736 450
564 927
909 148
823 130
292 64
415 964
614 438
859 410
530 436
242 181
855 959
649 281
539 766
357 479
882 927
10 852
4 919
960 347
608 33
446 729
757 304
462 290
825 341
925 107
978 19
727 756
754 168
502 257
88 333
511 926
668 586
906 452
8 547
391 27
231 261
45 380
824 547
258 929
198 525
468 383
996 116
328 162
902 209
286 991
782 962
357 242
924 758
123 803
908 338
124 694
521 156
404 843
505 763
324 880
259 396
418 923
434 696
504 757
412 62
714 992
289 830
751 798
262 673
611 996
898 355
99 341
384 103
735 711
297 387
551 854
734 440
271 694
759 421
525 920
854 736
811 623
525 302
419 395
811 890
292 500
869 171
282 190
727 373
109 375
208 774
300 13
147 751
411 31
916 821
639 796
120 948
753 31
30 576
561 954
199 863
139 31
437 833
95 554
818 582
582 378
7 371
40 634
629 476
50 700
820 23
832 229
34 911
510 30
403 811
786 60
786 286
913 809
842 19
624 636
212 427
860 266
895 530
256 787
175 364
677 444
413 842
677 657
278 488
249 976
961 63
521 761
710 387
938 642
742 646
859 326
445 424
10 158
551 789
444 758
386 765
132 1
881 803
59 112
264 765
347 577
479 958
72 331
538 952
627 472
838 65
894 208
546 232
843 806
985 431
588 195
206 548
383 717
584 991
861 82
778 780
401 831
41 790
692 175
452 90
475 933
817 593
131 467
158 315
11 702
405 247
565 579
450 893
272 607
914 720
994 490
127 3
146 46
604 61
521 783
465 831
340 755
773 154
915 367
780 929
258 752
192 898
434 122
551 87
484 666
805 546
184 755
239 867
934 301
368 311
295 757
486 684
976 67
861 764
290 363
741 164
860 278
994 912
175 756
585 704
283 953
112 365
806 416
269 971
678 508
729 323
717 802
790 618
445 830
19 567
827 600
959 710
457 479
13 951
147 693
333 155
810 480
790 836
5 206
812 427
602 94
546 130
639 266
403 785
896 283
209 952
729 780
188 238
505 452
61 397
436 141
986 491
37 299
65 938
694 451
549 741
584 795
52 321
530 428
337 740
953 182
835 73
454 870
551 799
980 644
582 144
366 532
477 499
310 42
985 317
80 988
232 660
713 404
101 114
559 10
660 371
521 992
963 655
637 124
184 243
256 676
27 520
873 898
224 892
487 476
607 582
580 478
349 645
971 482
127 569
908 586
648 409
776 607
829 103
219 541
365 804
562 748
223 653
553 174
778 876
537 11
389 62
128 6
498 384
173 646
626 147
159 339
884 328
806 533
515 91
731 897
864 477
452 447
412 266
146 632
402 878
927 930
847 880
722 372
952 227
550 239
422 826
454 643
82 305
605 435
416 773
760 185
794 780
801 944
279 268
113 411
784 155
549 516
672 516
712 842
621 219
794 139
106 402
479 580
162 875
193 13
531 867
890 762
160 500
653 165
280 555
547 229
445 540
2 740
534 337
990 695
26 657
627 408
287 766
959 612
611 839
857 308
756 593
228 947
16 979
990 856
929 567
964 724
961 244
198 235
283 388
366 943
587 171
516 928
795 437
707 498
691 590
192 979
350 837
485 352
834 94
101 9
848 896
11 715
266 184
9 687
756 781
954 780
109 707
549 67
363 541
670 811
337 534
358 542
808 509
653 233
668 245
773 22
546 726
834 641
45 416
742 443
980 912
532 798
218 931
783 479
45 59
286 473
242 416
544 786
590 369
649 67
455 795
301 769
330 752
476 878
690 654
530 563
377 583
238 239
166 952
715 649
822 884
176 823
238 627
442 990
680 579
562 687
924 454
250 722
355 59
904 936
702 199
805 80
504 380
159 357
971 362
47 439
50 559
505 848
694 613
469 720
279 259
721 286
384 549
3 30
829 403
174 705
900 256
608 609
322 385
435 649
801 208
885 694
44 406
84 308
596 306
712 836
347 842
411 544
857 229
415 194
245 473
84 242
566 865
993 760
678 164
316 106
437 191
482 833
232 613
302 722
932 937
780 851
66 651
353 292
920 860
735 514
995 895
575 362
433 663
284 517
796 36
532 491
555 954
121 986
287 770
181 5
905 298
456 444
827 966
270 43
638 518
735 681
429 113
481 611
341 872
77 24
554 431
584 917
607 537
666 40
308 364
354 721
142 509
307 777
823 808
188 732
624 360
890 141
548 818
714 512
336 986
65 710
299 679
565 655
573 23
671 455
265 556
217 277
542 52
680 849
800 426
765 716
393 122
445 672
981 262
125 470
230 57
219 731
798 501
882 626
442 121
869 447
562 607
999 757
952 75
953 980
32 295
727 626
858 828
693 303
30 295
21 573
343 186
394 355
502 473
579 603
12 409
168 243
594 109
427 136
595 721
478 289
65 350
48 299
521 253
127 870
230 907
890 922
935 163
362 22
513 593
134 642
210 840
320 21
398 163
381 492
659 15
25 456
358 85
388 209
606 580
928 134
753 375
644 504
622 207
953 521
613 279
66 12
117 770
130 919
893 915
833 372
680 282
905 859
501 44
208 655
95 20
643 240
399 285
9 706
293 386
114 460
743 63
411 738
377 521
416 769
767 566
637 818
645 994
644 79
695 747
590 270
10 938
180 657
159 474
845 34
174 358
63 510
973 997
586 159
966 547
618 699
990 621
674 489
62 716
586 830
662 221
68 727
586 271
50 412
416 175
662 251
99 533
708 686
546 714
669 878
256 787
661 428
826 93
610 623
842 27
760 796
284 260
255 911
776 154
810 285
194 138
698 698
531 316
34 863
441 259
264 288
630 669
422 495
291 141
361 204
298 88
104 85
260 95
70 743
577 898
993 945
666 123
666 386
440 142
673 37
313 879
548 327
105 844
843 384
704 373
171 913
596 944
300 908
589 547
143 55
792 557
259 361
439 596
480 355
554 435
208 381
17 992
156 389
994 824
638 187
903 616
545 819
448 638
110 210
299 880
304 802
289 96
681 583
892 690
218 367
780 70
935 503
701 401
169 221
77 936
741 215
960 589
512 889
231 556
514 428
792 943
863 304
757 738
859 496
478 718
293 504
508 869
387 331
522 486
135 383
87 190
826 131
182 708
688 792
585 752
848 895
230 135
334 892
836 938
635 472
942 79
319 189
336 470
732 609
586 618
595 175
588 505
266 190
560 501
642 319
816 506
104 436
353 788
878 15
79 951
419 241
235 874
307 938
542 451
593 315
508 113
764 406
638 373
913 531
80 358
447 249
939 296
942 321
137 712
811 822
100 93
604 285
224 997
20 234
689 595
626 955
401 400
5 99
254 238
341 984
592 681
907 643
274 613
386 719
952 319
544 208
732 175
752 660
803 176
374 99
134 980
679 754
893 869
351 902
988 174
193 175
461 432
379 556
133 627
695 705
529 440
337 839
947 785
317 882
953 758
646 48
244 151
790 690
304 213
467 104
300 646
741 560
286 294
634 501
703 211
629 797
87 583
364 210
355 842
39 414
66 772
950 498
400 987
136 756
457 187
652 984
619 134
617 195
917 660
387 217
863 312
283 734
984 190
525 598
450 997
296 645
229 772
221 148
382 603
944 341
159 825
836 799
940 676
702 202
413 941
221 315
99 245
301 692
683 43
886 525
119 433
203 447
406 660
887 639
264 939
211 189
179 759
635 337
715 725
300 263
97 214
962 912
359 553
570 829
635 736
639 978
576 275
808 178
188 123
730 75
482 907
170 621
745 9
830 664
474 175
155 256
769 362
789 358
894 140
437 427
572 183
91 30
942 593
178 352
927 881
884 6
691 543
118 153
451 581
162 426
944 755
520 312
928 200
539 217
761 773
315 746
115 842
435 7
506 925
425 158
594 949
669 189
738 591
934 13
843 553
71 646
261 523
670 60
808 412
138 702
115 350
514 603
824 779
838 649
525 500
767 71
212 730
921 545
961 969
856 978
855 158
103 486
379 426
959 234
964 594
207 685
902 722
52 551
755 17
555 834
533 867
842 895
482 953
686 14
117 353
746 704
993 147
225 451
799 214
860 943
215 769
267 6
369 690
814 300
10 671
416 862
48 283
796 984
784 784
509 223
546 502
580 479
607 83
911 274
270 600
512 136
794 593
674 57
57 640
219 791
13 807
579 532
1 619
719 4
756 376
940 236
306 374
473 568
807 533
905 207
190 59
875 415
901 910
753 276
964 975
974 177
583 401
845 989
712 989
524 716
82 931
252 359
930 541
153 587
857 414
132 906
226 908
218 541
765 674
748 560
693 13
539 26
507 730
106 102
85 547
823 489
314 488
517 865
799 942
102 652
513 669
300 372
301 104
321 993
256 619
499 203
851 493
669 737
307 99
74 254
87 107
257 996
448 970
755 120
404 887
521 840
599 597
644 508
533 739
397 64
779 979
239 668
959 143
154 727
996 863
732 476
32 662
909 263
719 117
578 901
48 460
723 964
317 734
847 443
129 130
484 436
106 305
449 639
5 442
137 431
888 870
178 28
539 856
620 827
73 415
610 726
27 910
175 503
102 350
511 459
306 821
422 405
124 44
683 898
368 855
963 302
98 484
394 282
909 944
75 99
413 374
85 497
519 461
897 516
423 880
102 307
641 169
213 836
451 625
64 511
120 566
166 590
675 264
201 487
722 60
274 284
729 957
146 412
667 617
109 711
663 562
730 912
845 582
368 630
481 210
718 900
791 959
111 38
812 419
999 640
848 546
240 239
223 94
110 219
939 280
227 215
470 297
426 335
285 308
569 602
278 480
582 708
173 198
979 92
508 565
374 168
86 368
97 88
186 249
652 848
684 239
835 584
560 670
486 636
918 604
136 377
106 364
412 83
668 920
248 449
309 913
155 569
365 680
34 376
759 213
804 632
413 247
363 238
895 76
750 676
22 932
727 50
146 228
644 687
160 585
271 874
286 682
787 127
706 282
774 628
833 443
611 235
872 44
418 615
681 995
494 304
412 524
927 605
518 214
708 291
863 113
863 384
121 647
542 755
219 706
236 47
438 988
122 905
769 35
545 408
887 653
177 241
520 191
971 550
68 415
356 154
895 323
451 770
975 961
995 130
312 380
954 62
943 404
875 563
692 829
287 313
380 571
159 785
483 997
505 218
555 521
159 987
117 918
576 384
765 601
608 965
372 217
436 615
310 871
159 271
854 975
182 816
414 568
349 833
46 466
997 322
713 930
462 27
650 405
295 789
785 884
936 192
638 363
597 982
191 556
744 774
289 690
976 854
28 8
865 183
71 145
7 302
159 127
627 561
123 230
644 722
518 447
613 867
259 535
286 844
393 135
91 917
401 252
36 846
549 511
484 432
632 582
734 130
430 7
230 259
129 335
414 684
875 448
174 195
218 269
138 130
890 120
94 759
860 13
869 919
507 843
451 745
18 901
650 503
733 725
191 627
747 870
537 336
482 975
753 887
487 9
303 121
638 941
659 275
651 737
878 310
447 675
316 722
814 86
183 39
440 169
729 732
5 703
450 6
340 764
645 528
514 327
571 66
801 145
598 960
599 822
614 508
738 753
720 846
680 987
901 15
554 155
994 468
994 771
744 99
727 491
915 40
958 182
255 537
430 139
23 879
379 956
230 493
758 990
918 270
114 447
677 753
974 500
64 232
242 520
738 75
751 15
421 999
339 965
665 363
867 887
682 544
976 674
434 390
127 595
935 131
198 360
335 4
940 240
208 532
759 80
177 502
688 998
184 884
817 658
63 931
617 743
99 512
4 945
458 119
407 630
450 244
87 676
22 699
341 538
229 35
16 805
956 285
913 309
949 148
72 292
42 938
124 639
155 36
838 347
70 678
870 165
703 467
453 740
832 649
678 938
220 164
469 553
729 399
453 771
363 934
312 404
36 446
763 369
849 262
347 276
601 300
127 476
143 679
473 394
523 114
688 450
342 229
415 919
383 198
412 714
864 399
207 772
803 954
260 691
473 677
116 925
487 300
507 737
730 462
37 352
932 606
305 940
979 666
503 797
366 978
279 715
16 889
986 220
890 20
469 86
768 650
206 787
