1000 1272907
5000
815 146
125 914
577 264
936 858
799 108
1000 586
369 8
837 719
681 217
152 656
711 74
670 188
724 702
791 782
571 715
720 640
633 656
83 142
821 498
542 316
156 766
690 13
910 241
874 952
331 748
404 795
570 262
381 886
215 609
345 120
883 738
750 826
679 730
755 104
117 748
962 461
997 781
268 77
164 497
14 993
680 855
460 659
409 169
251 607
805 770
491 525
127 399
776 961
258 9
85 694
312 277
326 702
807 748
838 776
20 323
392 619
578 156
11 981
707 357
713 654
169 414
124 110
381 194
825 890
421 291
999 902
350 899
323 38
647 489
611 515
148 39
871 356
987 520
565 674
725 14
1 235
553 531
926 923
77 589
383 589
432 209
801 502
834 761
320 220
284 169
318 306
215 10
926 679
549 597
755 566
337 169
4 547
106 413
647 878
982 737
954 10
162 640
772 815
401 727
945 283
523 834
944 963
949 877
195 389
967 294
31 561
265 768
708 974
677 27
384 471
482 133
984 521
601 235
185 168
592 829
914 393
736 442
193 984
853 846
660 442
472 789
689 952
584 316
849 421
487 971
145 380
590 674
726 363
246 370
530 307
368 663
398 212
658 817
317 966
742 416
361 654
190 720
629 78
430 230
301 792
975 743
834 798
572 633
735 34
934 96
308 842
734 499
587 522
171 308
719 589
16 46
204 405
201 138
734 167
377 700
736 971
962 118
63 827
466 514
873 721
752 269
686 227
774 991
73 837
789 774
402 194
445 664
732 428
979 592
640 173
911 916
713 694
518 31
273 471
447 318
127 9
889 33
921 579
794 721
996 162
280 322
631 331
508 435
328 915
961 365
23 198
180 948
277 143
718 853
550 18
646 308
568 332
309 562
454 79
386 527
951 379
942 320
774 87
930 968
270 33
794 919
44 172
618 884
30 789
539 826
109 421
583 184
808 596
882 692
718 813
448 671
123 608
601 226
345 869
160 777
503 414
961 473
669 585
918 603
274 664
734 983
752 990
187 81
303 828
203 166
528 522
30 340
269 221
470 715
942 731
104 778
847 182
120 444
186 356
646 641
504 555
306 148
16 278
203 41
301 558
212 761
79 37
91 187
371 459
606 646
390 403
858 355
276 568
592 19
84 14
416 238
153 758
489 351
302 931
599 161
280 525
877 612
558 642
436 513
608 927
679 598
769 135
104 181
825 585
724 686
453 66
591 337
678 534
757 768
357 22
401 51
478 152
6 115
928 201
684 564
569 217
358 461
403 288
922 925
211 780
454 879
890 498
672 195
382 792
810 949
40 854
203 158
789 363
308 823
787 547
4 2
475 643
634 957
671 177
320 338
655 472
770 387
90 658
303 525
456 366
303 532
739 541
354 971
212 934
631 107
309 36
620 592
146 698
424 208
553 550
908 947
874 663
949 297
352 247
897 487
437 977
808 842
868 796
898 64
335 820
278 859
316 680
23 341
919 222
454 513
953 691
79 56
80 953
861 229
992 179
440 536
303 190
999 732
685 549
543 355
995 977
889 472
452 117
228 79
874 530
899 98
705 210
36 522
407 104
308 947
973 693
944 885
198 165
307 767
297 445
157 475
759 185
424 114
784 928
76 924
859 575
943 204
561 42
168 526
996 985
66 961
49 804
485 485
976 283
2 87
17 316
647 722
301 680
717 826
1 905
413 224
789 429
148 567
966 609
201 847
838 449
695 854
523 765
456 953
465 113
75 337
281 461
447 526
61 136
20 915
752 106
277 519
560 611
817 119
21 344
490 779
243 673
203 925
764 935
8 591
419 984
714 20
886 628
962 504
638 65
607 748
979 921
24 465
609 367
643 501
532 862
546 855
473 530
405 269
373 850
39 472
223 924
821 545
105 581
727 2
797 28
615 297
776 546
530 31
453 953
23 831
471 617
115 317
480 780
332 177
633 261
596 116
473 288
76 67
290 620
413 13
348 580
521 179
709 322
903 759
641 120
223 73
964 898
79 537
303 847
874 853
995 101
948 80
381 814
975 692
238 133
783 38
785 61
149 682
29 442
946 850
202 16
748 305
932 12
589 816
356 438
881 605
196 371
286 149
756 521
391 83
384 36
255 597
512 735
560 209
575 262
491 497
652 41
726 723
276 609
63 286
946 536
254 583
777 314
474 567
339 80
150 198
866 726
353 616
859 199
454 98
380 880
320 791
857 723
20 354
361 951
444 471
197 426
582 15
680 948
741 175
945 723
84 682
43 889
19 696
137 713
980 802
929 163
723 269
279 760
267 737
568 823
872 886
706 906
547 948
152 335
747 48
315 358
846 291
218 8
158 598
543 801
175 361
326 388
25 586
574 707
356 377
512 878
503 73
90 611
907 159
416 54
359 356
654 492
710 731
179 773
774 595
191 992
806 145
943 628
702 845
449 916
626 921
693 69
848 517
761 702
701 720
423 43
660 20
825 671
812 505
148 341
160 768
339 588
985 499
352 796
257 537
695 910
956 422
963 696
207 941
548 734
552 337
894 675
574 907
260 440
955 319
998 84
617 824
885 311
177 135
541 997
676 567
955 753
190 891
507 909
996 572
13 514
808 259
722 449
508 442
383 217
666 576
33 955
402 980
453 362
488 305
76 613
955 435
900 631
49 921
725 126
577 272
714 366
396 928
263 690
481 502
611 43
121 704
188 426
315 828
136 496
172 1000
955 655
859 363
693 164
182 2
980 570
675 215
874 421
569 882
734 814
845 78
171 294
803 873
796 111
91 83
500 281
446 126
483 638
362 325
867 324
475 678
569 809
177 922
64 513
771 290
38 64
24 949
204 984
789 351
965 579
777 951
412 425
186 520
784 866
506 562
220 622
614 284
286 952
317 567
294 465
32 368
591 855
882 265
938 204
606 866
711 950
169 965
288 577
197 32
965 457
144 593
810 823
177 539
51 357
227 469
312 280
391 348
526 11
46 125
811 244
552 766
371 621
18 828
246 214
52 993
649 674
936 348
94 132
231 706
14 717
377 149
819 98
659 787
216 144
188 191
644 398
177 764
814 399
983 231
47 921
384 679
289 388
833 843
602 969
112 7
544 14
360 602
510 404
933 705
719 755
965 800
77 645
155 271
993 158
97 117
366 906
148 436
881 897
139 14
597 67
765 982
256 812
46 526
474 474
937 1
637 246
256 279
760 989
749 399
196 650
988 758
446 28
260 812
477 17
758 268
575 181
900 551
984 176
629 959
942 511
390 234
558 883
170 412
278 579
131 967
757 837
364 90
449 331
839 830
864 444
203 181
321 482
292 672
598 31
628 85
170 584
57 995
211 147
115 81
788 926
189 357
443 92
764 50
424 175
419 194
924 474
575 336
792 426
246 370
605 308
703 325
486 41
12 843
154 376
745 961
434 980
2 254
936 595
975 438
820 106
499 270
632 204
646 19
866 426
973 284
940 228
294 243
948 751
119 964
947 577
135 139
5 351
821 600
392 161
699 189
735 474
250 917
806 676
292 887
659 669
175 618
334 898
666 651
503 866
84 482
303 56
292 682
320 828
32 223
523 721
615 649
157 313
410 329
521 897
577 683
482 538
453 862
325 295
380 939
722 761
80 635
237 139
158 188
336 634
823 903
985 460
112 726
950 982
757 407
587 851
709 329
512 622
156 553
533 980
368 60
649 917
270 987
443 554
593 623
20 598
196 548
474 318
860 346
18 348
788 524
408 801
134 761
146 996
571 45
807 270
693 238
746 265
25 907
421 408
254 62
573 16
139 143
241 894
676 116
5 499
693 994
193 829
451 403
302 317
69 811
814 959
630 884
882 182
89 598
671 906
204 512
966 280
317 897
802 664
147 221
570 731
930 329
499 512
166 165
457 673
594 309
407 586
743 915
428 505
524 401
461 830
498 952
191 968
400 702
285 641
506 497
900 827
287 845
959 829
951 846
910 383
522 218
105 918
561 27
418 446
943 632
388 532
714 174
475 958
809 375
389 183
898 206
272 2
559 727
522 195
342 940
987 770
134 799
206 232
325 885
272 576
951 905
596 237
600 320
182 158
691 721
59 892
315 327
330 251
274 912
4 476
905 370
648 793
453 617
814 733
287 727
621 71
964 795
68 873
779 964
797 921
482 86
235 452
977 310
380 526
908 278
728 635
881 148
664 896
790 423
622 888
366 876
691 108
85 207
156 781
367 16
793 280
460 753
833 664
803 707
190 378
389 974
410 924
414 115
177 442
860 116
648 465
122 640
359 165
51 535
54 382
829 158
959 575
818 795
106 305
22 228
807 571
920 402
42 731
216 246
559 160
50 549
446 551
696 896
3 269
323 889
345 731
495 813
320 682
881 567
165 266
893 31
252 566
726 648
585 641
396 347
469 146
681 338
846 286
418 484
430 936
963 355
389 128
949 701
493 862
628 114
358 667
316 446
265 766
707 870
468 138
593 160
390 270
420 588
766 381
276 122
283 567
356 291
665 905
535 364
988 838
550 255
538 593
862 322
731 674
656 822
565 425
498 803
53 988
626 40
41 236
801 649
167 296
701 951
726 920
521 301
128 649
500 757
55 761
394 165
888 822
921 990
564 87
947 320
559 421
418 763
127 863
301 765
252 469
60 451
45 272
855 649
870 997
161 484
390 309
863 502
199 970
816 315
18 494
763 878
183 300
330 855
631 322
601 622
980 252
884 614
365 291
463 425
991 425
712 181
307 355
709 831
934 99
730 572
442 480
754 605
661 323
148 707
392 329
283 240
999 45
402 20
210 213
53 371
329 664
835 379
225 928
439 9
990 72
987 891
504 278
219 741
624 312
959 25
689 768
780 260
930 46
186 533
408 479
661 427
956 257
787 181
990 372
817 655
512 706
533 544
308 380
814 910
303 64
661 128
134 680
738 279
597 995
864 373
535 265
426 267
6 538
51 16
672 20
985 334
514 539
616 169
759 987
31 593
733 48
171 627
989 969
718 865
441 309
901 937
434 510
456 156
595 654
700 414
592 381
814 967
40 945
848 819
565 460
517 753
169 944
625 278
188 972
922 493
136 308
985 54
870 783
105 24
149 942
689 153
479 280
733 28
500 711
761 890
766 609
16 160
88 50
617 101
539 419
173 446
377 97
591 902
755 923
929 994
283 888
961 469
704 465
163 927
853 334
962 271
397 516
754 667
517 398
301 648
140 282
630 851
87 774
672 946
656 812
686 816
967 130
972 746
422 514
662 995
227 497
689 91
255 195
675 383
732 218
332 878
582 314
718 394
140 907
895 420
772 462
42 375
179 907
119 716
45 728
463 348
492 851
513 414
538 654
620 501
31 763
247 193
781 70
544 420
722 679
364 286
27 940
1 813
615 965
88 766
246 254
452 124
845 165
335 614
827 659
430 360
24 760
389 215
949 846
976 748
126 792
301 186
115 435
280 221
330 493
971 880
461 398
678 834
125 213
169 630
73 63
159 506
401 986
683 816
707 654
142 252
212 471
494 923
449 195
385 210
209 846
14 757
717 863
596 803
979 140
92 171
427 46
781 605
416 302
756 928
635 869
397 174
232 248
216 709
338 185
478 971
288 382
435 483
337 499
739 929
523 767
161 565
254 202
974 22
590 249
493 322
987 262
946 465
745 942
846 306
777 19
50 827
385 565
709 260
328 382
57 221
107 498
478 174
164 29
831 564
880 178
776 282
463 641
321 796
998 53
503 19
646 31
80 899
853 690
138 801
927 975
658 662
529 225
211 732
305 831
269 865
528 834
874 964
898 95
207 448
830 233
320 997
15 802
197 693
773 501
747 257
318 197
308 236
753 661
494 292
414 408
136 115
634 2
231 9
826 661
177 958
343 534
544 16
312 327
790 686
483 400
236 840
967 666
367 300
753 613
936 121
32 775
560 727
392 291
598 295
360 531
46 700
968 489
965 988
365 746
681 945
417 94
80 596
210 934
284 943
795 821
695 106
603 158
644 121
944 993
192 246
638 984
917 147
306 610
179 183
420 87
220 17
221 245
922 508
503 58
352 601
912 149
553 361
152 590
49 882
509 5
764 763
944 634
271 774
145 884
329 445
882 33
772 850
2 270
546 732
193 713
998 638
151 974
114 775
664 63
485 628
114 28
589 791
726 479
434 996
482 738
543 337
365 412
610 40
715 247
565 342
828 613
304 92
406 268
571 940
810 20
294 233
433 641
46 379
315 87
32 465
986 43
659 827
731 731
66 154
253 834
950 641
391 493
1 209
531 189
818 814
941 329
459 770
551 745
952 485
41 382
337 52
424 518
101 99
298 878
488 149
145 311
376 937
760 711
226 310
842 744
391 822
329 518
786 166
218 453
91 154
699 863
788 113
229 330
227 917
668 969
101 5
164 647
944 775
152 515
359 662
873 909
545 486
357 454
857 226
495 683
803 25
556 753
139 43
461 993
206 236
113 848
623 737
826 710
290 54
753 564
477 477
877 488
394 612
587 397
765 535
405 80
762 713
773 990
310 686
368 699
133 296
819 80
223 12
478 676
520 776
636 294
868 701
158 73
825 647
235 64
588 407
563 849
182 153
290 233
621 848
118 28
280 288
510 383
797 561
102 597
385 323
156 148
457 728
367 581
217 396
145 308
870 161
300 701
856 454
931 530
563 903
329 23
805 474
897 30
190 399
741 54
695 393
879 239
824 189
843 822
202 380
400 236
396 686
903 261
756 444
57 49
933 637
496 35
866 147
968 642
558 144
285 835
11 181
869 78
737 988
41 359
885 984
563 836
446 508
589 800
273 616
71 606
161 864
183 897
198 555
240 783
929 286
247 131
303 310
438 986
668 281
320 718
447 342
524 265
899 991
538 921
233 956
855 911
841 624
464 39
330 501
444 453
149 22
356 991
152 726
925 234
840 915
196 248
722 3
247 225
793 948
944 872
292 649
123 391
460 863
398 436
201 334
743 952
141 106
227 397
473 693
105 338
46 98
149 335
339 873
828 438
869 606
95 366
818 323
576 377
372 924
93 235
454 532
507 773
662 739
758 119
632 791
786 187
178 17
761 927
635 76
196 135
844 394
752 244
862 520
303 439
769 731
192 136
437 863
175 332
562 279
848 186
142 741
160 674
715 31
514 988
833 437
570 67
284 802
464 554
626 987
680 276
299 249
30 625
908 729
837 479
905 818
579 482
197 247
610 561
450 437
110 341
358 462
87 804
381 172
391 506
795 540
589 671
806 658
346 532
778 668
477 843
961 685
524 557
930 516
517 538
767 311
706 844
233 472
913 119
69 680
146 985
975 838
372 745
652 403
483 525
511 247
876 995
39 537
222 772
880 50
470 476
77 26
23 627
11 808
321 492
245 620
34 214
174 511
373 214
394 937
647 315
500 52
787 662
170 186
367 99
451 845
53 11
37 545
11 54
333 595
841 693
104 984
635 594
833 245
37 496
441 116
272 949
359 464
613 901
873 607
313 333
488 578
764 542
687 621
884 523
696 155
679 129
453 801
179 577
984 597
715 70
977 103
406 206
254 641
522 800
683 99
862 702
80 878
719 923
688 393
283 798
874 221
256 366
69 770
26 529
486 120
114 942
999 64
437 527
315 553
460 241
795 355
649 377
967 549
153 542
791 232
127 50
536 684
911 5
495 741
348 136
384 406
590 851
337 699
34 170
94 348
598 83
395 760
525 269
118 373
443 354
908 279
562 320
15 63
361 302
889 461
834 964
49 735
373 385
815 66
442 158
61 468
563 92
311 798
180 415
491 836
688 246
372 615
119 638
984 795
495 40
574 533
428 577
473 972
884 951
163 643
910 496
350 449
315 349
618 210
877 258
607 235
270 434
466 665
73 765
897 517
361 100
828 134
533 405
520 759
703 466
660 687
920 743
513 917
481 213
186 690
351 637
566 356
55 869
654 501
926 802
991 645
51 835
311 16
175 917
255 962
379 85
26 508
234 649
754 965
58 914
737 329
771 648
898 349
39 700
185 1000
60 653
343 222
484 259
915 155
988 378
968 978
413 54
285 568
311 569
167 42
673 8
434 26
550 236
83 802
692 274
404 739
114 531
565 391
505 615
621 952
743 562
272 135
894 777
978 196
919 5
841 168
130 36
381 173
379 119
135 815
890 594
303 246
852 495
387 701
897 797
837 354
725 302
254 924
860 460
903 38
862 312
702 496
343 760
440 797
851 162
706 598
803 622
777 669
937 872
903 273
588 999
515 762
973 406
858 136
816 741
886 604
952 799
570 764
961 530
607 225
225 1000
869 195
412 686
932 377
456 67
49 840
436 966
981 466
649 92
572 445
565 842
948 961
308 254
894 851
391 924
508 807
834 488
166 961
653 45
674 869
776 173
385 804
255 324
718 166
285 130
959 546
465 911
138 527
860 199
626 984
806 49
231 726
7 76
695 67
977 13
862 909
955 71
578 813
352 121
371 139
971 340
860 683
490 894
431 621
836 728
448 897
718 464
964 660
177 409
359 473
662 816
626 776
433 769
467 824
861 747
379 342
663 506
494 214
947 713
901 694
584 313
385 94
373 945
458 105
572 68
58 563
892 817
514 249
728 479
2 445
583 703
792 802
521 949
216 687
477 179
679 840
649 540
939 989
63 968
288 48
991 159
796 217
464 8
403 897
919 184
383 258
407 909
306 293
36 111
415 526
277 610
251 270
328 952
132 927
862 671
966 884
679 894
716 390
197 554
958 700
752 20
710 284
201 517
530 459
617 663
310 520
156 85
981 371
785 994
273 106
162 143
340 562
922 784
108 110
18 72
186 553
831 837
367 470
676 669
518 169
326 746
231 646
665 76
35 37
155 763
420 971
365 801
377 209
819 516
788 505
891 759
65 744
707 127
916 575
142 134
700 669
496 342
636 165
326 706
632 668
678 577
501 500
689 347
318 567
791 345
967 334
357 810
178 519
638 565
51 974
694 692
919 701
888 221
450 782
491 356
985 514
669 400
80 636
617 491
798 320
993 851
380 680
637 930
840 666
238 479
669 147
90 483
675 51
298 148
425 208
765 720
777 298
828 279
173 271
362 712
44 339
840 386
714 20
967 980
602 44
288 753
671 505
803 793
288 488
895 209
763 319
292 294
131 761
65 93
906 392
361 193
935 696
159 920
982 429
381 500
875 978
983 359
573 80
808 672
207 644
145 335
279 388
829 455
296 256
959 201
758 803
679 440
518 841
140 180
301 384
740 30
974 392
733 951
823 345
486 737
21 95
118 463
155 84
287 917
811 610
293 666
965 391
849 618
88 603
869 281
748 89
467 331
69 245
484 91
205 388
766 778
637 687
48 209
745 594
1000 43
861 623
149 140
982 950
769 859
749 117
865 732
579 42
640 936
177 828
453 141
511 102
177 675
119 765
599 388
94 919
221 199
132 489
342 863
774 957
833 665
874 785
31 47
333 304
335 681
494 292
940 396
175 927
89 234
429 895
934 399
154 757
638 376
669 889
82 393
588 725
978 21
657 411
94 500
504 587
358 193
555 557
328 656
833 847
32 784
160 266
466 336
457 394
703 405
228 604
682 770
233 572
45 106
441 389
920 17
356 391
894 146
666 126
1 816
105 141
706 41
83 105
687 706
210 367
799 332
449 712
433 82
80 711
301 141
603 51
256 91
303 6
828 603
936 881
459 432
438 818
434 672
28 722
467 325
866 641
531 484
656 748
875 806
85 417
484 718
571 683
98 166
201 256
910 790
989 154
838 923
581 191
100 955
491 67
324 977
75 710
755 180
436 376
121 909
575 764
752 294
635 159
761 300
25 609
576 575
939 607
62 243
121 629
279 314
649 924
716 865
345 533
625 873
832 355
536 481
514 756
858 301
305 840
984 562
693 420
507 295
868 430
885 661
475 281
468 609
645 214
209 672
461 772
403 970
18 290
873 941
35 430
920 727
3 728
371 786
10 779
253 71
257 327
736 824
924 247
411 699
73 860
128 166
855 920
756 573
712 163
514 264
357 404
708 681
24 996
532 400
117 246
751 7
116 380
563 872
717 202
940 755
551 386
557 842
930 638
655 379
186 352
95 875
503 710
584 897
162 353
149 73
896 904
235 277
860 824
453 742
725 645
460 479
682 351
960 49
918 545
546 387
201 483
342 667
47 395
136 762
156 510
809 724
481 503
6 634
119 161
320 166
977 584
354 661
824 527
38 300
841 933
49 385
886 831
245 152
555 781
554 369
288 354
846 439
347 729
859 381
18 884
313 1000
657 616
553 561
585 379
910 75
464 304
394 763
888 829
658 695
762 25
891 244
273 964
446 220
835 174
343 874
34 621
656 966
928 996
747 738
617 883
842 747
849 331
64 289
694 355
541 764
430 350
952 474
487 123
508 420
690 485
13 12
219 49
850 205
843 891
856 886
490 480
786 973
380 301
723 494
987 444
276 407
248 530
917 991
888 302
931 879
912 662
457 530
325 847
351 789
539 994
848 182
238 926
11 348
881 82
776 326
616 911
647 159
421 176
254 198
790 231
859 291
141 736
726 899
470 935
411 344
776 167
2 641
226 211
241 164
659 886
264 548
236 679
998 585
773 102
862 272
128 153
821 271
963 647
343 683
362 229
704 129
345 572
796 989
564 888
389 821
953 553
186 236
202 572
576 317
523 993
796 640
892 118
151 753
113 780
85 949
425 937
273 122
318 335
952 931
751 564
734 732
520 805
901 483
920 154
243 874
193 90
157 330
391 186
653 661
230 630
256 737
984 779
861 801
498 493
883 904
155 83
632 581
334 95
423 193
131 404
509 192
463 608
260 790
567 139
542 500
448 581
709 932
454 827
543 154
455 514
949 512
332 652
470 922
809 414
886 220
793 750
142 897
309 854
455 973
528 90
549 403
360 558
479 265
897 238
169 683
583 622
56 663
562 474
138 934
25 854
824 401
352 733
997 774
368 18
808 850
607 689
577 497
425 271
139 149
299 858
290 786
333 663
87 617
698 665
809 413
936 81
491 29
805 610
502 431
520 78
391 681
219 832
329 395
842 791
597 458
867 987
24 381
800 615
663 899
72 815
213 990
308 367
406 729
199 199
366 821
753 454
855 580
329 868
180 605
963 703
463 554
26 742
706 29
709 546
703 800
57 386
482 213
314 516
993 11
366 465
748 685
810 763
932 203
897 49
715 569
901 283
487 841
8 247
717 164
984 61
691 884
414 245
942 714
389 539
444 172
685 387
792 949
204 809
622 555
740 117
284 874
852 543
462 560
591 489
578 375
763 25
847 981
546 106
310 159
57 109
653 11
750 142
670 963
96 469
235 362
580 480
275 4
809 942
535 991
590 474
943 18
258 310
656 708
369 911
80 978
974 977
840 860
814 469
444 256
724 192
68 731
615 452
529 957
114 30
567 550
981 702
859 710
409 228
418 73
482 268
162 611
137 985
513 660
124 628
364 962
854 578
647 975
812 555
749 759
685 160
814 432
458 301
86 666
287 748
239 381
977 540
123 596
658 779
541 271
341 213
88 115
988 141
115 822
495 300
713 465
335 348
539 782
552 944
310 822
108 415
586 968
559 669
412 127
447 919
537 648
535 246
203 572
260 80
925 410
277 418
82 839
49 805
792 192
864 672
539 543
871 999
52 70
570 847
71 506
802 845
770 876
594 362
581 107
969 553
624 125
736 149
17 619
664 180
165 329
979 658
730 810
505 499
830 485
286 303
202 516
687 540
491 639
755 148
106 19
495 250
31 111
217 405
685 242
642 144
539 677
824 159
284 902
669 702
997 348
819 6
653 295
824 590
760 756
477 60
884 247
341 45
790 505
669 277
486 769
605 623
437 866
348 568
447 157
88 604
271 476
416 991
734 407
369 959
559 535
277 250
11 143
163 161
9 86
365 848
922 620
828 165
255 838
89 22
422 469
37 751
372 400
259 295
65 539
825 936
955 154
662 394
228 489
325 272
525 506
860 167
346 841
169 598
540 459
756 736
267 752
119 74
679 552
641 155
971 389
100 90
802 78
67 20
605 658
356 201
955 228
667 958
199 450
458 378
153 121
345 382
516 917
611 572
258 332
103 452
966 706
832 878
101 177
472 609
690 236
899 413
74 229
474 48
261 315
194 860
29 634
684 825
392 179
770 612
929 306
166 75
520 382
408 791
91 165
722 924
974 720
104 774
358 903
351 517
153 883
519 697
520 566
916 708
829 710
458 920
33 245
239 483
180 828
404 88
637 673
273 709
842 65
286 863
169 477
727 880
864 35
12 358
54 7
701 509
311 559
949 248
558 29
850 463
652 253
125 401
770 363
419 972
905 1000
323 70
678 581
618 947
790 935
202 777
954 381
965 436
918 291
856 67
63 593
314 73
174 588
40 555
241 548
945 624
950 649
120 354
975 676
789 997
682 201
850 668
714 372
781 904
550 10
30 99
78 464
386 651
612 844
841 898
610 385
331 164
123 581
928 282
541 179
72 702
548 753
385 885
48 155
308 928
494 605
641 838
431 730
483 527
727 825
602 37
342 565
946 51
848 103
679 305
69 744
654 734
731 711
671 954
673 59
699 597
336 452
480 533
259 125
440 778
337 109
9 362
587 196
42 875
608 552
862 791
486 955
414 818
965 659
961 107
832 261
564 131
911 760
394 751
446 308
233 644
300 927
261 957
560 425
569 539
92 630
115 18
755 968
50 935
375 401
272 795
951 684
247 796
50 358
271 759
304 154
974 186
313 828
732 985
353 964
871 430
56 653
634 781
556 808
94 444
883 584
161 847
642 460
636 331
54 821
388 19
388 673
998 643
828 244
711 333
302 767
684 752
86 779
353 506
927 946
385 897
416 827
992 421
589 318
594 936
454 266
734 612
89 580
658 390
446 299
880 701
360 492
788 350
94 733
720 143
596 301
476 364
388 995
120 610
49 139
131 624
415 173
249 848
153 373
89 690
298 514
910 207
825 476
412 35
565 684
225 728
540 822
58 440
711 429
390 802
398 547
148 896
989 31
626 31
648 387
253 151
551 140
524 816
39 728
986 269
6 565
515 202
116 22
166 978
89 994
349 473
696 92
633 743
651 97
903 181
713 891
876 300
488 661
841 274
112 703
724 29
127 928
928 754
522 188
683 631
752 1000
983 450
571 523
671 285
695 148
646 161
226 706
872 436
761 632
430 772
175 570
797 558
722 483
116 618
752 33
514 540
525 795
856 128
927 858
299 666
88 52
775 121
980 728
450 931
671 350
207 151
641 60
142 413
530 588
230 907
337 490
687 672
337 683
250 920
26 626
674 958
8 215
495 482
744 868
745 632
942 149
7 408
347 52
236 242
812 101
383 191
421 693
103 263
17 461
188 138
793 515
146 494
129 562
770 709
574 718
23 157
673 298
266 306
514 21
712 691
44 336
965 613
843 449
241 352
381 547
731 387
200 457
256 308
815 354
954 521
353 263
911 33
308 991
397 182
588 665
124 689
623 658
631 612
306 952
314 91
531 899
131 291
193 134
65 397
996 812
118 302
16 643
910 912
638 344
696 498
885 630
122 959
904 235
34 378
619 73
881 739
965 559
463 136
306 456
495 529
274 121
747 140
630 568
899 381
61 507
923 811
163 417
476 329
433 589
985 370
27 320
917 4
107 816
407 490
50 137
221 223
670 472
342 957
301 267
909 517
476 746
37 90
134 517
49 564
390 811
972 374
701 482
949 744
515 468
881 660
925 521
520 144
890 406
725 172
748 262
903 607
463 366
366 635
206 222
509 379
265 232
731 278
511 633
101 556
166 916
588 569
37 883
85 63
269 485
360 46
21 289
123 33
418 115
239 235
613 756
423 720
779 931
295 495
894 264
889 552
424 384
108 63
159 617
578 316
870 884
286 284
288 402
136 795
965 619
835 115
358 126
411 648
181 208
306 703
257 465
21 846
402 940
283 183
303 504
772 110
541 862
40 438
233 374
449 862
660 724
234 397
987 96
249 14
388 96
577 255
441 332
580 808
398 642
983 881
287 160
317 124
287 512
42 656
262 266
814 240
473 842
765 193
806 89
660 63
836 346
965 682
986 403
907 863
799 812
340 494
44 974
789 922
490 303
98 583
904 721
975 601
669 727
939 560
370 117
9 273
143 918
570 405
908 401
805 909
476 358
853 481
685 197
190 523
13 618
30 403
751 419
763 422
912 944
683 855
802 909
521 737
80 456
456 140
938 961
287 395
870 899
244 127
771 552
594 611
374 471
661 513
316 745
358 118
996 332
181 154
181 676
147 474
811 231
713 254
289 436
650 267
820 645
312 39
778 339
290 697
139 535
410 484
89 648
290 191
723 482
391 603
402 689
951 559
824 204
498 109
152 990
760 310
949 704
332 998
366 899
998 418
793 229
835 769
688 638
710 553
541 876
732 488
154 430
783 974
667 285
7 345
471 835
435 274
845 136
951 531
670 128
583 993
628 131
41 310
709 761
941 246
960 291
97 641
605 184
821 965
694 338
387 44
367 746
686 749
330 386
769 454
21 156
926 60
235 957
238 685
725 685
995 261
138 356
343 78
603 153
923 177
695 711
596 10
403 197
586 695
574 101
144 352
719 113
901 949
949 252
740 401
380 762
451 405
656 51
317 401
970 837
374 987
929 170
792 400
966 885
472 760
695 751
258 768
678 329
972 420
94 266
767 385
525 269
582 717
847 112
50 442
281 379
877 15
855 698
773 852
933 442
130 188
847 749
817 257
213 337
668 191
234 727
429 877
459 2
821 895
571 585
271 163
41 935
61 255
964 791
113 505
341 366
242 177
61 443
255 200
686 705
761 890
618 46
762 617
181 956
737 412
952 511
814 762
915 476
787 547
69 405
139 874
343 423
694 996
465 968
433 267
744 746
874 786
456 15
140 489
351 483
638 167
314 301
401 56
328 179
877 871
696 998
711 240
414 12
73 150
834 744
727 592
328 723
349 451
686 491
351 506
667 623
49 659
382 253
158 324
106 303
704 453
933 419
577 482
192 354
600 184
983 893
569 376
501 975
57 945
485 639
162 868
69 296
477 456
891 490
99 804
334 589
145 173
939 448
928 644
494 877
466 112
703 536
361 384
175 860
953 261
77 326
410 330
900 922
394 348
387 226
765 172
478 835
566 415
40 502
932 843
802 777
347 904
850 280
932 715
334 634
910 715
528 205
227 699
603 237
570 35
591 777
20 212
590 762
597 905
280 824
226 106
76 229
579 593
458 786
509 15
599 394
947 358
468 39
557 31
279 397
465 105
863 827
185 938
396 636
457 436
823 661
380 623
784 798
23 393
764 888
132 389
838 475
438 603
6 299
261 357
684 599
221 997
342 217
413 170
5 433
251 499
612 495
943 128
342 945
336 873
135 702
679 202
941 8
902 472
831 106
968 53
339 382
471 642
449 46
495 347
65 77
65 246
995 557
220 254
954 915
474 139
821 850
959 359
86 996
850 631
854 849
355 335
433 250
693 691
402 228
909 447
262 251
3 328
817 997
115 374
527 332
528 640
212 287
459 532
135 192
990 9
605 520
319 546
701 102
919 666
280 555
464 125
902 401
918 582
616 862
936 356
251 605
924 278
878 960
150 551
895 694
624 112
529 511
641 341
493 277
140 540
568 933
439 795
925 719
500 715
853 11
342 466
340 72
551 424
165 679
297 891
151 865
913 426
988 418
276 287
520 426
226 16
762 33
668 974
334 604
18 273
810 923
360 20
969 210
737 584
633 828
612 351
968 985
369 589
266 422
133 201
142 295
716 977
714 929
974 955
396 514
811 105
885 786
415 845
97 293
209 808
295 963
76 602
14 552
364 677
630 731
625 209
491 216
508 699
264 699
706 563
319 820
7 593
373 87
679 390
567 690
628 519
973 416
146 47
443 205
375 713
544 270
342 531
249 302
146 292
612 310
615 942
866 334
725 411
682 844
664 361
207 461
449 845
236 275
611 359
819 13
814 469
843 375
429 147
537 968
944 364
815 994
77 573
40 798
236 848
419 259
129 246
222 280
346 679
936 804
202 986
868 995
61 509
65 862
861 561
202 525
681 731
41 10
740 821
497 135
733 45
387 618
183 790
286 41
866 15
220 446
792 620
875 770
626 752
236 391
491 520
97 611
532 859
257 306
142 665
464 819
439 313
952 33
726 96
788 778
903 215
18 863
26 789
545 305
811 933
47 751
493 129
767 370
684 232
9 723
376 477
128 70
196 308
833 975
36 881
595 313
828 209
221 11
37 186
170 52
281 569
808 804
728 518
519 600
321 383
150 980
652 885
801 768
61 366
474 965
540 375
943 359
966 543
924 698
677 933
56 585
919 362
154 989
298 521
470 281
151 591
470 343
152 185
240 744
748 317
29 675
439 341
940 250
4 731
621 764
780 692
792 242
167 170
732 706
380 283
696 951
682 375
7 696
661 832
550 514
608 420
732 715
420 622
748 441
896 519
136 579
133 475
501 773
70 542
995 233
859 138
254 571
911 516
808 846
334 339
695 445
903 890
405 113
337 549
638 447
940 143
304 656
281 568
593 465
4 428
504 802
290 610
860 705
265 287
556 8
120 74
14 947
200 56
913 375
779 282
108 608
685 83
786 371
582 349
501 626
923 479
318 171
905 836
448 859
56 616
731 445
74 528
325 223
705 312
525 450
675 785
535 66
819 312
791 426
247 15
392 833
808 212
144 103
363 420
269 116
271 444
899 320
408 546
368 70
102 616
288 249
180 701
977 584
93 751
429 908
506 660
290 769
116 706
530 385
712 614
976 668
927 574
658 934
567 739
220 551
182 496
102 493
738 656
603 485
794 140
327 99
237 76
650 154
6 924
229 978
859 899
461 155
5 484
114 819
999 602
122 881
144 405
180 89
630 281
275 209
333 638
403 12
567 902
908 543
770 898
965 104
933 966
75 166
925 817
683 124
556 516
91 618
905 316
81 270
941 583
854 633
425 380
285 466
133 162
947 392
553 485
499 69
249 432
592 913
260 660
113 825
367 436
402 635
208 493
883 679
181 409
582 29
855 856
452 857
694 41
278 148
165 846
999 839
160 573
18 288
715 404
110 338
102 794
871 573
280 164
304 366
898 393
343 148
344 350
312 842
598 344
571 286
392 653
69 17
794 472
14 882
152 395
998 156
662 433
191 929
873 193
636 487
334 604
296 753
4 940
886 137
1 210
809 829
975 247
93 453
890 81
291 696
97 844
969 195
702 150
88 670
689 726
26 740
89 841
884 43
880 675
617 636
573 239
343 703
118 101
11 59
383 110
938 738
271 169
151 165
399 138
850 128
322 941
329 863
665 647
845 379
141 12
390 41
687 587
525 706
961 930
801 916
825 420
927 992
944 636
225 893
562 187
752 297
843 734
593 147
645 951
77 641
540 645
185 48
716 809
782 101
546 697
712 532
581 638
620 4
967 397
482 208
424 837
417 381
435 740
212 963
952 694
817 24
206 627
828 613
529 42
538 375
131 939
973 337
792 89
111 929
984 921
222 175
49 725
942 924
128 642
752 745
154 128
982 411
172 789
819 678
869 690
132 262
624 401
280 393
443 236
624 479
399 622
20 620
139 331
732 539
402 598
983 819
930 768
76 659
449 256
23 385
175 933
386 522
766 192
480 579
815 287
406 542
923 246
728 683
285 763
159 425
53 49
497 576
380 797
702 966
123 208
330 616
838 278
775 820
578 895
247 694
486 31
35 595
476 873
88 424
74 603
164 246
751 246
665 502
960 659
648 566
657 588
678 257
753 423
771 837
275 523
675 656
338 86
481 405
870 737
546 196
850 112
732 654
857 758
664 69
220 204
250 175
975 998
718 509
522 768
956 701
307 1
695 699
523 902
151 27
943 166
720 63
332 26
254 937
322 331
348 875
152 472
53 368
752 218
482 613
412 642
968 856
329 126
553 594
889 294
403 749
928 399
852 834
432 806
800 207
591 453
247 3
981 190
670 684
18 466
677 967
714 885
839 803
465 905
480 897
715 607
601 84
784 620
712 254
409 6
274 156
680 437
159 813
46 495
129 927
122 464
219 9
66 150
510 159
872 679
57 862
803 612
776 67
241 722
861 397
921 524
824 712
639 457
379 204
175 298
233 748
331 222
285 748
268 726
930 612
161 664
290 535
136 945
45 289
512 348
144 736
838 982
123 679
86 785
981 448
261 947
971 605
425 664
408 913
956 452
701 940
195 29
136 248
442 570
242 402
155 936
451 240
849 899
494 810
926 95
5 921
879 26
96 713
108 136
525 959
333 837
627 233
278 461
552 826
563 873
18 12
679 562
559 947
207 664
94 10
247 774
200 622
410 382
944 739
804 467
304 354
106 514
660 442
441 27
487 619
41 28
702 473
384 905
676 906
583 865
87 879
627 887
336 207
106 352
966 245
538 673
922 883
822 996
256 812
828 305
764 437
832 547
85 764
862 814
696 912
292 816
748 455
519 516
990 896
732 25
790 383
785 565
330 86
153 197
222 647
931 281
927 708
92 20
487 547
582 973
567 614
253 219
580 45
281 366
790 222
321 306
395 853
980 632
855 119
919 367
607 696
232 172
686 82
699 356
918 794
567 468
469 524
69 822
462 987
38 973
615 321
258 263
690 875
601 599
133 169
466 908
619 247
291 642
497 529
875 967
41 821
848 798
133 919
458 227
85 952
500 677
708 48
328 980
84 393
258 488
948 924
593 874
780 917
252 819
380 395
689 822
643 300
124 994
315 726
899 440
681 720
616 854
760 887
4 956
527 990
288 43
104 17
843 586
725 392
907 33
883 573
201 170
514 757
881 976
679 403
112 630
413 340
942 362
352 462
953 140
904 658
468 463
562 175
404 193
808 896
716 409
144 802
217 381
99 160
50 642
958 409
173 722
424 213
393 29
822 508
312 806
487 503
667 19
334 971
352 83
931 679
721 249
298 978
592 873
856 695
772 129
825 585
360 226
809 922
184 199
997 664
538 901
765 721
872 403
118 33
501 39
436 1000
952 143
494 704
230 256
809 833
441 579
374 983
383 45
725 495
717 668
34 182
15 95
449 672
58 77
375 144
335 621
585 524
791 276
889 767
963 136
707 289
952 647
778 952
671 888
273 193
838 838
472 106
152 219
249 63
615 546
925 807
824 169
237 506
39 506
97 114
175 216
305 233
249 852
644 773
163 602
990 22
725 636
485 681
27 822
388 853
2 326
288 454
924 295
73 476
912 997
224 282
211 492
625 111
212 552
64 312
116 504
487 66
398 361
235 57
721 943
509 473
60 948
112 649
829 629
799 278
796 86
226 304
20 722
758 544
306 470
6 979
566 705
860 279
567 498
687 992
946 47
241 149
336 933
176 789
973 958
285 847
661 381
851 519
280 758
539 328
914 816
182 700
644 298
674 973
144 373
35 316
518 187
416 903
769 582
499 502
145 239
429 845
818 209
411 294
271 207
616 47
156 817
799 109
470 446
431 952
1 917
461 475
360 773
973 478
379 764
728 558
848 804
489 539
618 944
307 942
158 953
470 515
37 470
100 7
517 82
788 93
329 378
949 813
836 397
75 42
911 490
471 998
477 473
275 710
74 13
379 769
323 533
290 629
925 78
385 801
748 246
817 959
407 842
222 760
782 702
954 997
302 426
318 551
399 144
483 441
979 341
494 665
420 436
378 40
631 683
248 529
731 500
358 720
443 584
265 126
757 953
42 868
842 488
600 119
15 619
475 39
578 835
442 69
309 558
47 689
72 467
315 367
547 880
859 663
962 625
879 79
93 187
850 960
498 545
614 266
693 221
367 429
940 897
137 332
661 283
229 243
371 26
85 481
389 304
868 854
806 698
273 593
885 276
956 651
790 939
715 95
25 478
961 763
577 3
950 840
858 904
11 625
663 586
403 39
505 110
896 886
803 496
181 957
829 728
145 226
633 963
254 467
626 364
210 64
640 196
761 878
313 58
236 704
246 464
26 564
101 374
727 493
159 442
743 505
433 895
959 807
388 75
35 492
570 583
963 352
798 957
613 984
237 695
303 281
681 648
993 426
345 883
899 133
198 517
457 466
347 141
282 964
284 307
179 77
613 784
275 737
722 658
365 368
762 249
989 33
313 178
647 64
523 968
272 816
420 650
443 330
148 31
445 70
503 410
799 302
686 942
55 791
30 106
925 409
228 420
980 550
96 444
218 117
497 577
977 714
901 752
440 478
920 423
789 885
63 503
245 575
363 849
122 247
94 869
429 224
7 505
549 455
155 327
656 665
909 363
857 414
987 322
391 802
879 294
444 659
471 664
465 749
439 161
670 446
961 811
37 235
151 192
276 471
746 935
110 527
21 648
77 543
213 605
1 354
936 599
136 219
484 754
171 885
385 581
925 154
265 44
547 182
625 75
496 183
260 302
311 264
182 230
708 230
388 464
947 942
889 230
988 924
870 731
946 715
320 536
959 441
341 325
207 106
340 230
601 160
865 290
86 161
551 469
676 714
75 835
515 672
19 992
467 617
47 715
988 409
559 507
61 100
21 439
412 12
676 405
50 853
12 800
167 451
504 195
344 736
661 887
114 434
614 787
56 786
51 625
325 534
135 515
540 635
870 311
296 149
665 506
263 187
369 968
154 233
733 170
49 215
187 276
850 193
447 291
430 673
271 750
805 488
856 1000
342 819
506 221
837 602
192 846
256 522
1 307
294 194
249 197
318 331
896 482
74 277
428 249
339 79
329 588
577 956
73 700
408 625
106 194
463 189
594 317
305 451
42 47
388 576
693 106
142 468
949 223
957 558
18 950
254 582
964 900
643 868
863 922
216 383
651 772
352 352
72 810
417 866
667 825
136 463
405 83
125 675
396 780
119 386
568 910
557 693
671 466
659 732
732 293
235 838
994 174
186 748
150 64
291 456
500 654
435 419
460 268
548 958
699 829
988 666
370 361
345 143
283 740
131 395
111 289
221 317
220 948
545 746
932 923
933 212
574 482
97 420
39 158
161 42
45 572
370 516
565 722
526 153
574 331
603 393
830 667
386 200
886 750
623 59
216 279
131 958
772 603
701 677
905 501
454 813
79 915
645 561
2 528
702 887
19 666
382 835
959 882
211 766
645 863
972 146
193 841
200 516
835 238
274 867
148 419
408 189
592 394
594 965
228 675
351 953
963 341
672 636
989 335
710 131
993 259
119 347
847 561
316 725
961 29
77 298
742 984
328 822
691 206
989 158
456 362
211 351
437 552
756 414
224 63
861 79
909 523
554 812
394 667
802 524
93 128
482 912
672 305
324 300
331 269
259 233
615 310
58 33
847 686
682 117
190 237
899 418
125 629
935 982
697 58
450 676
812 831
726 69
36 864
554 14
39 314
558 241
566 729
518 593
445 123
542 812
520 274
414 718
660 555
952 582
140 950
352 561
542 162
625 887
596 603
190 688
49 255
372 393
446 881
882 618
582 725
819 180
39 739
157 177
369 531
627 752
672 958
668 358
422 995
834 206
57 860
863 384
800 41
673 985
597 879
933 725
349 693
846 457
431 771
401 909
558 626
306 980
906 318
601 774
399 945
388 889
168 30
190 799
263 944
281 486
671 259
119 669
492 313
367 9
111 937
330 961
535 37
96 566
513 569
519 632
456 268
58 37
492 687
601 45
333 723
864 43
585 742
600 851
225 147
403 538
594 28
942 540
596 324
566 337
118 836
659 539
938 252
209 916
328 351
88 691
774 72
563 62
640 312
194 339
40 829
858 77
179 6
671 964
10 9
376 902
645 711
569 51
81 814
721 579
49 16
34 19
313 189
853 97
659 393
563 292
964 389
66 629
828 366
721 903
372 290
239 782
451 204
639 956
992 383
110 274
704 859
189 749
396 893
161 970
686 145
38 995
635 811
808 603
291 37
159 332
661 756
298 935
992 316
905 485
905 223
798 354
653 809
805 878
272 27
967 606
418 45
736 906
976 301
262 767
728 286
168 155
411 505
271 980
475 618
417 852
290 965
226 903
894 650
978 581
713 132
130 80
342 861
625 348
290 746
648 439
149 555
986 916
813 258
357 37
131 939
762 265
179 729
781 249
386 256
471 54
356 927
933 179
442 704
182 619
182 767
156 887
919 163
906 775
247 191
691 611
754 514
543 493
676 766
375 613
351 747
314 336
958 325
145 323
510 229
200 904
682 646
599 192
689 852
516 565
688 618
421 484
465 45
725 69
663 345
604 623
12 151
558 675
946 221
709 727
130 782
484 540
445 835
569 534
838 711
609 102
172 616
415 942
403 53
676 144
128 470
388 493
397 14
240 94
626 362
511 985
473 924
561 495
21 560
798 606
8 516
469 907
60 247
845 645
924 36
414 453
725 469
557 368
444 380
853 629
271 201
472 708
45 878
228 945
271 797
719 948
200 925
260 421
307 648
670 685
636 789
796 845
78 527
171 430
139 786
42 348
881 285
201 494
256 262
51 335
430 717
117 106
185 581
631 981
34 131
440 482
512 581
656 389
170 411
57 847
326 232
971 524
584 70
958 44
536 330
390 819
476 192
849 817
637 432
20 377
699 705
378 714
607 878
641 261
737 683
5 855
253 844
484 775
899 769
248 223
786 13
614 315
586 303
260 919
126 185
429 565
497 518
400 401
123 182
590 378
288 582
901 881
713 279
219 602
19 347
150 61
