1000 1273352
5000
196 795
972 895
402 218
866 179
339 44
689 107
627 859
977 298
478 640
449 262
918 906
335 648
581 287
293 966
69 677
674 61
495 819
789 49
304 775
281 546
415 31
256 848
743 373
798 948
223 388
640 19
55 100
324 722
382 781
806 239
489 753
750 727
454 556
879 520
94 46
54 707
398 544
365 281
58 674
771 88
792 415
840 945
716 537
968 968
766 210
375 295
102 231
297 697
533 580
965 929
530 450
917 570
36 585
442 651
11 198
29 582
166 698
680 518
899 955
411 638
883 715
228 660
53 661
244 845
545 681
318 99
46 49
553 215
223 621
826 114
396 12
696 713
360 280
192 634
704 835
916 735
475 221
462 859
354 497
356 159
783 948
869 860
233 396
639 145
418 821
254 881
511 946
77 867
839 30
128 147
656 64
248 724
147 785
587 842
21 435
100 629
613 517
464 132
685 710
504 628
794 808
69 346
409 860
848 714
761 83
310 19
556 486
60 786
863 982
10 482
198 726
488 464
804 419
181 521
874 561
418 859
381 622
327 687
679 782
701 938
849 248
139 721
11 764
199 939
978 48
582 983
973 80
729 48
883 827
189 558
991 933
531 783
339 773
882 388
41 241
323 411
741 885
935 192
81 673
79 583
487 917
874 833
730 978
952 989
540 951
293 346
34 653
60 465
546 791
639 193
142 393
478 856
894 45
507 669
466 726
934 963
932 54
828 517
656 595
798 20
921 681
751 704
898 349
709 56
271 799
839 104
522 170
531 764
792 815
64 537
564 840
675 263
374 418
759 37
552 751
634 938
695 241
639 663
230 904
525 70
806 805
35 754
707 427
194 42
51 206
771 852
614 309
387 260
633 266
232 316
60 755
853 217
680 950
635 155
367 204
236 106
262 372
517 698
139 428
282 697
322 846
600 38
292 713
297 956
356 542
741 506
832 873
844 545
289 683
118 516
462 81
719 260
488 118
313 500
208 80
868 577
733 478
535 125
953 843
546 974
674 716
88 325
635 147
640 452
320 340
843 630
111 278
149 575
49 858
220 135
834 979
44 244
172 574
752 630
723 61
958 690
848 678
742 118
27 749
785 868
802 412
950 296
969 630
783 136
251 816
180 466
306 242
261 450
213 386
429 377
627 639
485 92
537 682
967 919
200 870
514 577
250 561
983 67
304 808
657 425
478 777
498 990
91 173
656 711
126 408
504 377
694 242
839 228
200 7
266 645
289 574
385 38
510 280
757 303
872 378
73 498
289 542
293 55
946 928
94 386
606 822
655 289
189 707
943 166
567 776
40 839
634 90
395 469
157 998
253 43
858 418
565 795
273 672
867 731
25 564
223 353
48 593
846 496
827 500
866 374
63 535
316 521
423 770
867 925
894 332
806 697
76 964
246 490
448 9
616 343
907 778
443 987
122 367
21 155
159 414
1 229
195 224
642 915
931 88
428 574
880 551
600 342
414 956
366 537
193 547
146 508
159 79
112 118
512 88
778 770
29 334
478 84
173 416
504 539
237 562
351 278
797 559
711 199
885 390
7 857
399 814
816 558
309 102
114 910
131 874
222 20
549 530
966 760
228 756
922 957
651 7
270 90
316 614
493 421
564 796
241 123
642 728
982 565
835 453
51 775
641 867
771 580
199 626
916 803
865 418
281 83
422 647
943 278
349 791
165 244
70 935
702 620
964 934
919 607
906 267
122 621
149 950
83 882
525 824
20 201
44 458
235 964
608 884
219 968
652 550
856 261
917 388
807 118
54 36
678 630
784 542
447 552
571 34
36 420
913 341
155 242
759 575
349 322
589 147
940 338
439 973
737 988
101 596
774 931
297 395
891 458
185 588
57 835
260 654
43 293
802 985
105 252
822 508
660 746
779 469
362 831
805 908
639 661
659 581
71 429
287 431
667 648
537 578
902 558
902 186
917 105
428 972
682 817
751 851
441 371
47 544
217 881
200 365
612 874
392 897
265 936
617 20
223 348
614 794
54 595
532 876
824 362
763 708
983 750
709 715
22 753
396 33
141 678
798 616
633 477
681 325
220 708
296 585
85 233
933 894
948 726
349 978
763 873
752 118
151 880
336 301
761 14
508 934
983 287
561 107
981 746
774 103
103 636
976 656
839 339
377 24
269 977
447 79
595 927
465 338
235 885
645 92
884 211
583 757
220 564
514 737
732 443
961 820
336 95
1 236
340 720
329 484
855 499
936 52
331 320
286 793
643 995
503 526
706 300
41 121
290 682
959 913
694 353
55 546
160 739
86 771
78 63
180 990
984 241
798 62
944 797
213 295
11 693
692 53
628 600
32 110
935 866
700 4
480 75
459 855
17 766
42 815
997 282
526 826
487 199
223 959
856 320
326 886
896 825
804 236
495 447
830 713
735 151
245 99
43 969
310 100
70 865
423 988
676 783
905 324
746 134
741 2
96 142
541 776
487 995
430 368
943 427
192 127
568 129
776 367
669 505
832 998
279 103
963 642
43 578
774 350
427 50
191 927
197 753
492 607
718 38
462 377
986 78
39 315
445 917
936 938
559 875
848 134
4 492
536 175
5 877
372 521
151 864
469 837
629 881
737 990
139 469
660 254
409 239
26 99
545 537
535 368
410 835
771 70
249 574
249 153
534 95
889 733
747 400
934 115
234 514
255 904
996 14
673 217
990 900
87 546
28 329
365 155
726 973
328 290
914 202
1 44
793 941
863 665
648 503
1000 201
610 650
60 188
535 336
101 411
595 421
580 16
113 54
584 168
933 646
548 258
801 157
960 758
529 309
831 358
743 5
382 697
337 65
839 954
113 248
595 701
412 970
822 372
910 489
777 959
98 195
698 392
340 384
168 941
813 303
151 804
684 792
261 279
451 621
28 612
988 790
301 815
687 89
405 873
89 215
147 248
517 559
999 755
247 366
622 915
524 96
620 190
41 773
455 902
722 394
113 937
710 134
415 403
932 22
836 863
593 567
394 240
284 93
857 642
342 493
544 658
935 860
115 154
142 457
353 471
862 706
551 774
733 603
196 849
444 717
302 799
291 343
813 470
821 398
732 557
318 157
91 477
530 621
601 978
508 678
630 219
723 294
736 499
698 369
378 474
118 198
829 577
949 557
953 850
734 244
715 943
400 61
722 324
681 772
829 668
33 429
203 774
302 783
674 118
621 541
761 389
841 560
191 55
658 292
216 93
275 469
738 220
639 749
422 758
389 619
386 471
23 414
705 259
87 73
866 926
108 591
222 770
682 74
781 315
911 368
993 206
526 430
689 9
392 896
686 700
686 989
7 293
875 295
740 383
366 317
391 898
495 50
50 66
11 994
968 642
832 860
63 570
239 632
590 258
464 239
386 35
944 634
461 603
775 190
383 719
268 878
565 56
182 977
625 120
1 535
14 876
333 335
314 892
298 187
452 596
637 705
434 758
78 909
325 218
603 100
97 938
746 996
301 227
297 246
851 279
900 175
561 171
965 68
729 328
873 911
193 753
369 648
815 62
729 342
893 596
373 143
764 881
502 395
151 396
718 759
344 218
401 791
658 680
573 845
678 232
10 39
578 14
218 431
184 425
377 614
141 547
468 684
215 799
783 664
517 639
233 135
135 640
78 641
96 662
88 616
591 625
453 288
650 636
827 713
740 14
839 161
706 59
318 402
186 622
813 796
821 233
711 1
746 348
320 598
961 490
399 405
8 627
93 752
142 580
634 562
967 717
282 449
602 861
830 330
434 697
606 912
795 685
480 449
814 343
171 761
978 330
472 367
86 895
855 30
176 481
614 267
632 795
323 398
365 788
903 154
971 554
439 52
478 373
770 348
418 318
307 392
566 117
960 726
104 491
987 17
166 253
989 468
595 179
782 173
650 132
557 554
115 357
220 562
458 632
37 425
684 826
10 492
640 678
979 131
523 413
240 436
194 765
522 600
765 977
586 340
794 518
114 993
159 985
703 895
155 379
262 168
295 903
700 46
985 646
296 54
781 541
533 545
791 404
526 64
197 700
123 407
91 636
910 622
379 206
877 996
383 257
792 126
254 683
680 984
736 116
86 779
818 616
104 978
345 50
993 920
424 282
675 168
67 951
614 985
784 47
913 983
480 161
399 27
237 960
935 728
65 843
80 598
506 677
686 813
847 484
8 577
472 473
993 59
202 121
619 875
285 329
517 748
758 608
504 849
60 942
26 943
899 121
794 457
480 682
941 568
782 786
82 743
336 904
832 500
593 30
653 69
148 574
721 979
945 118
515 931
204 834
8 442
394 712
358 222
246 267
982 198
460 978
1000 49
79 380
619 48
928 23
252 15
580 414
7 90
233 987
841 701
636 105
383 27
862 481
777 540
305 580
825 757
914 31
292 187
542 567
841 865
54 543
43 10
399 90
150 840
508 189
294 487
185 505
266 489
108 699
118 50
591 263
183 746
31 77
999 96
209 992
984 929
432 315
750 397
572 890
343 811
854 103
988 305
265 571
947 687
701 806
997 964
23 646
78 609
206 1000
932 792
248 76
108 2
1000 416
457 362
663 703
814 26
627 5
219 824
888 336
850 249
292 927
196 758
376 990
400 803
740 946
496 111
69 941
896 472
714 66
719 108
230 850
261 622
321 751
732 926
429 653
746 962
660 719
314 748
339 962
822 838
754 660
319 20
924 654
173 742
945 319
356 17
58 116
408 705
995 696
642 975
476 743
978 357
873 410
384 5
641 11
980 35
885 511
893 347
334 643
898 137
609 642
952 563
599 311
823 247
497 927
704 257
565 741
933 913
833 690
847 215
458 649
984 253
800 225
258 905
304 43
408 284
672 597
678 523
534 200
725 680
579 746
685 360
871 966
848 161
709 715
785 81
752 537
687 316
347 944
144 731
787 364
174 446
705 808
631 431
963 449
22 686
3 845
712 49
318 330
743 761
513 817
192 606
833 72
315 210
664 785
768 324
957 508
423 903
564 326
500 105
70 228
716 853
724 31
715 98
201 848
762 156
870 145
694 13
698 863
198 516
861 460
385 455
643 46
538 383
302 647
165 541
487 750
431 189
874 847
81 354
12 746
603 981
1000 622
553 980
42 487
737 25
305 77
25 668
782 139
307 96
969 237
378 912
331 812
939 567
727 590
704 402
519 363
193 52
596 682
815 255
744 52
619 845
108 958
173 266
458 175
828 910
679 154
265 432
487 637
851 674
31 434
915 94
187 453
199 11
134 406
450 94
726 672
971 547
779 818
577 713
204 127
7 54
289 610
219 524
72 651
743 884
689 90
660 322
322 878
819 392
653 969
181 282
962 209
858 437
145 464
394 150
254 890
128 224
361 859
255 598
787 10
915 287
905 261
856 322
283 926
726 404
744 409
25 727
526 628
413 448
380 254
250 416
973 238
739 728
491 240
689 538
734 950
944 999
707 829
227 638
954 368
802 694
583 257
655 374
612 601
60 219
36 505
339 836
535 464
122 47
391 19
94 598
818 156
452 599
95 664
296 881
741 241
307 128
768 605
981 357
594 513
498 899
799 224
37 677
511 285
900 592
236 803
496 16
801 666
152 153
343 224
493 641
702 778
709 265
627 66
174 430
695 879
487 341
540 471
88 632
319 829
860 825
925 152
383 455
466 432
815 790
586 243
729 451
438 525
880 898
852 304
563 970
695 127
301 310
861 789
531 22
184 725
526 457
108 882
925 722
991 58
144 64
903 325
261 211
109 374
391 934
282 156
783 616
564 570
319 90
316 351
294 589
38 559
557 572
548 878
464 209
196 788
664 793
325 102
40 95
560 694
501 840
869 287
219 214
71 851
161 500
908 463
623 689
269 217
716 414
784 714
541 201
146 514
245 509
332 522
773 658
928 860
115 692
342 704
427 254
419 40
965 214
645 116
662 274
912 269
615 79
421 443
943 733
686 756
112 868
99 83
742 951
968 639
622 280
990 367
26 495
172 333
245 8
783 688
254 495
863 91
849 770
493 177
897 583
472 9
484 853
350 374
154 888
285 668
620 792
140 526
301 670
674 731
768 975
421 876
803 949
357 392
420 331
1000 824
292 336
199 231
940 422
696 94
27 957
884 221
385 499
583 428
828 865
24 778
252 419
257 824
320 954
241 36
529 702
283 807
501 319
49 334
507 311
30 733
655 236
412 51
335 578
702 687
219 645
923 932
822 668
259 189
558 206
916 699
483 801
939 254
456 280
412 552
944 99
730 891
174 719
283 106
920 533
865 989
780 825
781 291
533 774
638 340
785 913
979 586
557 671
444 789
934 209
816 324
333 236
937 905
660 902
777 660
212 324
941 704
126 739
833 90
914 51
726 602
407 489
844 317
555 637
686 124
849 12
487 347
682 332
27 422
183 906
115 444
279 925
904 533
407 530
752 255
478 851
668 770
672 98
227 797
629 395
199 835
525 851
279 549
638 212
960 586
154 361
982 476
247 289
74 129
628 943
400 339
592 761
146 892
388 803
322 545
690 287
691 221
580 874
227 39
585 921
397 581
510 485
146 77
816 330
747 873
67 573
730 866
203 814
35 134
627 646
369 865
855 825
955 221
27 1000
263 934
967 914
399 1
513 283
288 797
187 884
979 399
169 955
230 694
158 664
19 711
460 861
238 703
11 25
870 764
509 783
507 283
356 346
135 259
673 428
737 838
91 541
118 520
37 568
239 461
86 638
81 369
639 640
441 628
100 852
475 691
385 625
870 289
196 87
830 237
827 388
886 83
142 741
455 684
860 816
491 99
374 939
444 472
742 223
441 112
260 418
637 39
406 799
600 669
992 701
210 41
737 735
892 630
227 771
258 2
15 591
679 173
30 711
637 590
862 379
836 412
879 453
946 517
743 38
984 883
932 7
323 396
827 750
472 704
784 665
531 834
697 680
548 967
999 564
639 866
488 578
272 752
406 556
227 85
491 717
303 536
153 222
897 638
700 558
16 206
758 186
289 227
334 605
720 252
157 118
326 769
304 421
536 875
591 758
212 398
733 785
695 664
684 872
960 5
875 474
115 418
557 518
484 964
103 222
755 110
937 107
739 853
73 229
915 694
451 88
719 506
422 256
127 342
860 778
513 810
264 999
18 424
801 351
597 738
176 720
459 513
78 320
971 69
212 92
582 680
345 916
750 17
216 866
744 419
378 660
329 706
219 49
624 333
753 652
638 721
525 183
144 662
963 394
623 120
570 732
760 639
391 537
892 79
862 917
283 298
135 485
385 807
754 603
293 65
694 939
854 534
60 302
254 748
976 729
738 270
440 808
805 55
364 147
270 310
137 51
738 103
317 170
334 243
940 770
577 176
648 870
504 885
331 656
878 613
446 100
724 590
259 62
770 295
243 72
377 720
818 462
521 265
93 985
992 99
907 300
359 43
572 488
936 73
778 287
402 36
994 283
361 226
397 171
467 571
228 397
216 530
806 61
694 874
418 784
936 328
126 512
395 721
866 410
714 641
62 798
662 461
952 108
133 652
592 218
37 582
140 62
34 488
125 729
683 95
328 753
779 379
224 904
999 743
338 184
554 372
686 676
446 149
284 900
406 278
76 117
141 797
837 183
689 549
455 36
970 346
566 20
54 387
104 390
660 441
384 826
499 592
985 938
311 626
757 679
237 265
79 210
117 23
433 202
53 633
13 589
832 238
872 111
419 577
810 77
774 257
655 588
337 669
633 235
483 103
855 549
51 20
433 220
965 322
427 526
385 755
1000 250
133 550
801 630
280 986
856 641
834 27
27 71
919 175
913 550
924 528
513 11
499 99
128 345
396 968
291 267
364 273
148 689
608 216
972 552
758 203
84 207
90 629
599 402
360 498
721 636
230 41
13 1
625 999
389 199
692 932
819 449
772 556
537 258
791 734
275 454
278 742
748 718
143 776
578 589
600 395
819 359
535 980
778 954
368 895
358 803
283 592
907 350
808 177
571 842
831 980
23 228
221 383
741 193
772 705
547 819
803 939
182 48
729 550
454 237
76 876
346 656
51 854
388 703
367 807
260 941
275 490
981 21
614 289
640 675
825 55
604 22
244 846
741 401
246 629
213 300
619 523
364 107
508 265
234 414
581 90
210 278
373 790
377 654
341 467
962 428
346 882
714 449
195 266
318 886
911 132
965 615
263 162
89 642
472 297
97 738
128 247
347 646
979 108
47 967
902 705
692 325
396 101
548 985
254 273
600 880
811 350
660 967
488 54
902 100
250 848
563 696
497 541
273 464
552 245
442 326
879 482
29 716
462 628
371 350
872 665
939 855
538 822
931 684
416 706
884 168
511 333
316 295
368 218
22 420
912 845
532 711
562 591
395 477
643 633
414 776
115 368
548 521
932 74
990 659
43 212
117 576
698 592
779 87
268 499
142 837
265 726
957 845
850 225
569 677
302 223
254 528
440 325
980 789
793 782
73 995
462 60
82 902
799 188
525 372
786 122
955 253
191 393
821 62
514 431
391 200
144 478
718 539
994 127
852 432
961 140
118 786
768 955
31 502
763 425
95 48
685 387
720 420
167 832
473 449
558 136
450 486
210 32
612 360
18 782
98 216
795 907
108 322
191 690
517 554
61 882
828 338
941 467
36 860
607 729
87 380
524 423
172 947
381 756
450 593
677 399
651 880
209 794
322 504
742 498
48 594
5 555
304 474
951 73
840 131
684 869
916 361
209 930
534 913
328 728
262 760
684 615
175 950
318 245
233 832
118 906
988 734
753 632
781 39
142 453
335 534
521 815
286 4
36 551
605 452
680 935
200 973
461 951
914 171
482 155
436 375
871 651
112 820
856 132
869 130
258 972
388 329
458 907
488 68
786 73
444 228
252 359
931 824
914 369
914 260
407 358
389 42
624 806
188 254
291 413
164 793
537 340
460 493
523 85
400 915
748 930
22 515
927 906
686 379
999 434
238 722
307 502
716 522
888 237
47 341
303 279
836 437
194 253
686 343
942 350
640 246
710 668
339 159
262 244
372 22
56 669
940 255
697 721
776 610
526 116
879 334
296 836
841 6
9 148
36 416
898 683
174 35
267 650
980 621
422 123
862 14
297 314
849 867
683 550
756 52
855 753
750 598
20 26
95 801
812 193
473 613
402 317
245 875
281 688
328 989
954 604
400 183
250 3
146 907
381 455
261 480
817 311
982 824
858 321
515 474
734 803
682 383
318 279
711 435
54 274
547 239
206 636
114 79
718 556
930 890
286 286
610 223
494 792
51 104
584 575
255 563
309 657
801 709
709 501
84 15
299 64
605 554
828 708
400 878
882 909
778 109
768 426
272 70
742 952
993 190
211 299
39 778
748 217
683 108
660 722
577 849
815 920
798 979
639 247
893 451
673 876
171 766
530 573
495 95
382 249
48 592
792 315
933 380
492 463
528 593
488 622
480 215
926 393
537 289
280 525
411 809
886 410
153 920
718 871
4 545
84 417
421 733
306 640
406 585
795 834
989 939
78 418
934 146
146 292
783 479
953 602
386 67
513 368
804 144
152 529
809 120
176 273
541 739
104 865
997 500
629 411
476 964
379 909
507 652
305 140
441 374
652 592
36 248
944 269
527 825
167 613
137 349
693 381
593 537
452 255
400 829
189 85
712 417
187 653
504 443
80 601
218 854
10 220
558 950
689 559
604 396
403 292
517 943
86 31
666 223
333 749
457 839
363 822
744 187
993 112
815 787
142 581
336 971
200 258
718 492
214 335
256 860
455 383
122 605
451 214
838 77
596 822
422 962
74 51
342 921
957 13
980 556
475 649
501 861
782 414
370 624
370 369
580 132
100 339
508 752
794 603
182 517
224 900
472 435
401 550
127 911
874 978
865 887
848 124
528 872
913 757
167 517
364 838
681 923
1000 985
731 645
961 418
190 59
94 584
231 907
676 913
202 112
952 356
651 252
954 617
738 889
459 3
34 49
893 509
1 240
600 852
541 230
49 43
784 933
106 939
916 50
920 471
737 963
591 73
917 445
262 490
857 881
747 62
991 518
260 939
587 98
234 794
103 963
909 736
301 135
771 508
361 728
962 524
620 87
611 11
752 856
500 672
224 821
77 664
285 109
860 431
559 124
813 827
141 841
281 283
733 485
270 959
657 585
385 777
610 617
498 650
66 309
173 241
492 914
683 325
900 563
97 858
180 908
431 781
880 355
42 756
824 591
850 764
209 817
718 560
763 842
609 913
617 176
305 927
221 501
256 843
641 810
150 768
520 820
315 251
980 62
181 832
37 774
678 758
93 182
412 458
760 740
109 929
766 981
585 25
715 37
90 148
16 839
25 56
288 315
492 707
842 713
764 611
465 911
483 398
973 120
702 129
726 918
123 556
208 45
889 963
509 816
924 143
794 806
965 6
816 196
188 387
260 599
86 835
520 315
691 417
592 214
885 655
345 581
559 478
512 199
122 917
836 860
581 297
807 428
770 662
951 52
878 790
480 988
353 298
117 239
817 183
124 617
272 739
171 144
37 512
627 939
958 233
625 231
277 912
789 184
947 902
59 568
175 69
51 40
648 85
129 260
979 670
483 350
236 311
223 529
37 472
830 586
816 488
442 385
832 32
969 578
632 804
988 848
229 782
121 185
83 802
996 624
922 172
115 200
755 417
624 504
174 111
374 365
884 355
213 483
937 231
940 3
403 889
700 219
878 936
871 102
487 254
295 619
89 801
438 662
647 535
858 587
160 913
107 141
186 319
255 568
550 527
755 863
681 485
994 755
224 945
905 664
949 81
452 112
606 447
928 257
956 408
216 73
967 267
556 102
798 863
29 756
732 681
497 968
423 822
32 508
182 516
630 106
952 145
109 846
313 331
215 870
117 694
111 383
347 12
90 812
263 10
711 89
780 796
572 132
438 142
939 693
918 859
30 281
461 247
40 989
37 609
99 246
549 232
486 487
93 757
508 326
225 186
255 271
29 885
479 343
763 416
585 914
147 990
259 735
574 894
13 722
872 449
858 617
245 356
194 608
598 813
654 570
960 740
174 392
620 879
234 490
655 691
905 725
100 527
158 523
477 701
946 261
835 624
816 65
644 412
630 896
60 46
62 797
614 237
253 116
954 454
471 495
225 724
940 212
409 451
82 904
540 321
410 623
498 175
752 163
759 367
336 558
418 75
958 490
50 885
550 457
217 300
308 845
25 507
910 413
430 352
136 321
682 492
368 45
31 570
203 908
470 590
937 878
535 52
92 663
562 8
384 399
452 74
903 741
519 553
55 605
238 480
745 394
928 281
586 569
682 607
348 470
710 392
110 242
72 351
961 79
821 811
244 234
809 6
893 890
154 420
905 423
175 908
248 119
564 522
646 610
775 572
542 391
128 717
644 330
993 677
147 26
353 666
701 835
872 629
486 719
637 316
381 877
828 956
526 216
340 752
170 781
283 244
478 631
99 270
901 432
676 348
999 732
903 46
726 37
774 941
439 262
394 852
395 752
630 935
270 510
507 824
351 331
453 730
74 987
732 407
830 355
254 668
626 545
537 904
635 309
151 396
408 950
63 568
807 575
7 408
227 477
327 701
62 896
273 668
172 827
334 588
963 735
408 897
227 606
640 438
305 651
227 455
273 37
281 20
933 828
628 683
455 847
556 559
845 691
989 670
221 161
607 54
546 913
716 766
126 461
468 334
919 647
91 571
620 552
762 991
640 847
931 772
845 853
893 492
250 533
634 201
765 108
781 132
443 105
410 423
532 212
309 892
411 117
138 389
81 498
743 445
93 741
353 327
746 354
970 803
384 810
144 361
57 526
566 535
963 712
949 171
31 328
48 919
778 671
928 302
311 636
296 496
582 422
751 621
756 359
556 518
994 164
443 90
280 160
723 336
856 539
921 778
245 688
469 476
70 222
736 560
900 331
370 734
57 757
594 276
250 67
802 469
673 364
471 875
553 903
144 991
92 472
787 647
292 708
92 827
784 630
913 747
960 567
346 570
992 349
663 986
812 720
28 245
713 973
233 153
497 800
330 693
213 481
668 360
138 15
149 476
956 399
463 216
106 756
1 893
64 454
116 674
418 87
592 950
31 891
104 487
970 414
743 874
863 549
620 682
789 118
302 246
291 340
845 501
704 871
290 591
933 67
422 66
579 691
714 915
759 38
322 868
796 369
591 540
624 181
23 809
992 644
549 525
559 794
913 344
691 936
354 304
152 759
159 239
70 275
496 702
600 424
664 354
55 545
293 344
257 759
527 267
430 879
518 45
543 593
296 394
841 621
995 517
161 121
360 241
268 499
576 693
713 386
490 927
98 192
161 468
791 377
982 489
530 51
845 166
30 540
642 73
263 209
839 659
733 772
362 314
71 457
591 852
486 621
917 238
852 160
557 230
518 311
539 229
231 852
764 597
738 645
687 821
992 570
428 72
948 376
958 442
649 915
432 817
901 713
1 193
996 786
339 984
828 480
129 465
992 870
322 363
599 545
518 707
750 328
988 716
516 298
406 467
271 17
938 937
378 527
29 763
156 507
93 690
117 481
229 433
776 218
123 881
162 41
767 490
948 784
872 452
504 866
756 250
102 450
643 56
381 235
984 190
592 497
186 58
789 916
86 444
882 719
132 594
847 517
691 310
291 676
668 210
161 978
53 930
61 587
44 208
628 896
79 970
390 323
124 907
309 489
273 164
880 875
203 390
356 681
728 321
401 379
798 367
128 189
553 559
920 471
403 511
998 419
274 27
228 502
636 803
434 80
811 396
241 568
218 519
823 577
212 185
23 6
307 963
129 616
398 262
974 872
647 519
449 753
685 811
630 308
673 684
708 782
299 50
562 488
549 461
173 649
610 808
959 325
806 787
818 370
306 114
593 326
639 785
798 991
953 234
237 950
43 334
968 656
527 980
344 306
442 119
891 322
255 178
375 559
59 541
453 41
137 454
972 111
225 152
201 903
870 809
422 453
581 558
408 209
138 977
192 50
381 627
258 313
676 703
878 527
126 503
230 474
479 217
804 222
499 987
725 879
943 574
456 442
246 51
860 225
135 217
297 536
519 724
646 391
35 414
196 588
959 622
365 772
203 936
75 632
524 764
742 247
141 222
680 113
578 123
806 931
360 668
278 542
507 881
202 833
804 228
251 603
575 576
870 559
650 579
38 572
568 835
258 158
224 262
674 57
353 761
359 35
636 453
169 924
318 331
887 589
705 609
183 145
204 957
419 129
869 630
450 280
229 528
318 46
321 987
929 686
556 553
826 252
597 431
51 157
404 906
427 720
35 231
446 950
99 545
829 465
124 592
101 405
252 112
93 238
797 799
735 518
247 735
607 79
663 324
497 842
723 27
41 852
753 518
500 766
228 202
720 686
578 430
80 660
474 476
455 416
496 765
346 40
198 325
322 861
749 214
676 379
257 946
682 345
68 386
415 869
343 707
618 488
371 742
515 158
526 786
101 375
757 57
383 782
887 681
305 438
230 301
22 625
767 813
931 2
670 348
639 664
699 609
354 936
316 948
41 802
45 430
480 113
542 331
589 377
427 706
908 390
56 606
66 376
770 77
960 528
909 793
734 323
864 614
456 53
502 479
342 601
420 728
244 5
599 755
773 931
785 897
587 350
458 114
861 782
31 473
466 529
726 967
165 154
781 380
598 617
525 172
559 628
769 337
739 650
22 625
477 642
245 507
178 91
46 476
331 356
861 733
78 592
544 830
651 839
473 293
481 916
219 654
465 876
246 117
254 659
488 102
2 990
973 831
990 858
402 109
681 415
654 394
274 590
817 161
701 951
907 66
150 600
901 214
276 255
232 812
408 492
653 537
906 965
960 10
354 534
806 444
117 928
975 633
942 202
481 888
518 129
980 941
196 97
921 604
177 377
143 686
827 384
303 991
731 768
334 636
286 733
927 611
356 819
922 81
488 601
865 447
51 230
569 811
518 680
616 427
55 384
680 766
126 72
366 366
204 25
610 658
684 439
165 504
263 681
289 884
288 366
145 784
96 837
722 891
579 240
929 846
165 729
104 35
466 538
325 24
412 301
720 731
570 593
674 516
505 886
109 566
212 437
468 297
758 450
711 781
977 593
697 526
651 394
356 63
962 573
638 983
899 602
408 303
761 820
769 776
336 350
459 658
96 259
767 811
258 421
74 304
58 574
590 920
20 58
854 56
687 280
559 778
949 967
865 203
384 112
88 453
763 357
783 998
804 305
628 738
144 25
757 878
459 845
531 481
723 695
389 822
373 65
165 99
203 486
390 409
72 139
122 3
974 8
705 44
83 54
926 655
376 849
82 339
366 120
631 144
348 477
842 825
886 24
579 328
229 16
946 929
234 181
709 699
348 813
235 29
884 259
335 516
344 104
42 663
590 740
305 780
506 387
953 468
595 830
453 747
648 82
73 597
489 140
468 954
83 977
336 178
105 426
793 882
40 713
194 470
797 649
297 430
665 658
399 657
572 90
80 995
236 855
156 238
316 235
954 922
419 158
575 862
988 659
76 609
765 947
27 575
141 890
800 556
345 961
748 830
327 387
648 334
377 21
707 67
944 14
187 508
649 991
87 59
102 598
653 995
466 200
768 497
432 518
628 329
707 336
820 9
506 368
804 743
936 380
644 982
741 714
906 371
836 410
420 511
663 37
520 865
644 795
224 160
206 442
928 897
488 769
505 487
813 699
313 211
276 653
84 134
519 949
647 227
912 388
265 91
590 697
119 61
179 953
241 972
925 384
138 817
957 667
307 60
309 465
927 669
393 241
983 767
190 445
382 744
22 241
741 810
410 104
335 544
934 647
15 422
663 53
980 34
879 541
225 234
435 753
118 425
826 145
601 381
500 567
708 544
631 800
679 814
299 667
104 23
259 578
717 222
455 497
696 427
577 120
930 363
581 865
828 31
310 212
204 295
377 784
181 839
353 382
834 2
756 80
187 143
157 341
965 994
705 655
28 217
724 627
971 412
281 879
182 597
748 707
460 463
524 332
792 257
43 760
785 133
611 872
540 559
86 354
961 228
341 407
622 581
290 713
96 59
956 496
671 986
208 134
654 276
988 207
145 307
940 184
220 721
727 115
774 295
338 228
6 992
988 865
558 158
762 547
123 661
982 624
829 461
132 325
689 728
729 812
58 714
57 990
901 35
465 882
261 12
721 587
270 614
734 196
993 693
1000 854
207 886
521 820
692 700
281 168
873 39
940 386
576 796
406 57
734 7
854 485
217 783
751 565
607 482
25 220
151 382
280 497
249 281
103 462
854 882
656 764
681 778
783 89
521 289
252 331
275 518
262 743
548 884
481 364
117 302
890 504
556 391
282 233
674 750
136 849
66 246
750 17
642 424
289 989
195 470
372 542
124 207
275 786
922 295
100 17
451 414
581 208
447 226
256 493
821 638
900 659
493 86
695 42
891 483
979 136
130 795
372 550
672 753
433 800
287 336
139 389
459 134
641 76
685 130
978 251
854 655
67 154
694 467
319 34
946 401
730 232
353 248
49 764
301 409
814 589
345 839
976 242
91 419
951 667
230 149
811 464
96 921
478 352
164 71
225 968
752 692
70 755
184 555
808 554
428 882
349 592
907 781
634 538
764 669
325 313
738 573
948 365
253 276
494 725
621 100
287 107
573 948
462 71
921 545
546 918
162 34
841 763
305 545
150 632
120 371
836 520
268 551
174 365
472 249
355 985
252 557
585 710
782 206
22 604
366 919
974 171
823 769
845 791
397 742
50 757
154 558
8 343
773 896
473 728
113 58
271 852
717 115
926 421
723 924
852 807
739 615
649 840
666 377
404 348
448 285
770 402
111 205
585 426
405 449
896 867
981 505
426 832
333 6
553 615
341 80
429 894
469 255
906 238
940 249
292 67
914 396
218 350
384 80
314 953
597 762
755 188
365 454
136 67
707 324
794 339
739 412
79 720
222 416
671 900
567 835
992 166
667 168
566 335
491 644
293 288
356 313
533 54
35 868
567 417
361 25
76 425
705 40
187 833
551 82
408 228
879 72
983 302
683 579
625 284
581 478
440 530
967 169
582 245
831 148
438 418
766 1000
748 556
566 988
553 655
481 555
865 978
889 131
331 266
355 509
464 173
234 213
935 751
991 646
953 758
70 788
68 790
372 625
237 491
197 698
292 92
812 755
15 527
98 495
504 813
472 952
838 914
68 202
827 830
316 235
806 172
40 531
505 571
537 298
160 948
801 385
152 712
150 541
237 987
45 718
148 151
151 116
33 400
684 279
746 652
183 411
204 56
818 222
473 929
738 720
372 452
650 249
741 403
709 866
711 418
138 480
876 600
282 239
713 860
264 113
509 731
737 443
96 222
489 354
706 911
777 970
735 780
438 257
845 462
955 248
850 94
665 714
913 566
431 436
731 133
333 757
73 425
363 542
849 228
109 774
892 464
264 179
289 758
534 497
117 838
650 755
101 645
927 652
637 924
905 910
928 167
432 404
544 469
64 663
19 967
61 715
225 418
536 173
511 24
879 702
711 293
251 570
348 685
971 62
631 936
24 997
788 989
117 18
317 250
777 114
539 773
556 892
607 238
219 306
206 492
338 361
384 47
689 273
409 794
849 491
364 347
674 738
149 320
464 951
115 939
193 322
863 339
66 529
825 638
800 223
429 573
634 664
968 327
193 856
118 780
442 754
752 512
672 416
499 898
458 422
127 836
414 280
760 520
629 632
513 313
496 336
55 581
57 465
847 154
531 125
160 781
323 120
697 543
592 898
223 638
492 575
430 886
139 862
314 1
15 734
177 864
694 340
253 645
386 602
987 185
369 728
838 856
829 859
703 43
607 643
899 657
658 878
802 800
401 433
649 723
919 958
920 681
140 487
78 683
605 686
387 68
781 826
713 887
854 599
588 326
344 890
177 549
873 978
870 532
215 892
651 964
281 697
983 622
79 705
717 520
788 43
476 59
116 402
293 445
686 613
799 59
42 322
624 317
554 844
245 755
205 990
935 996
997 284
296 867
35 787
183 892
225 24
255 531
593 467
185 166
260 116
572 891
248 70
723 291
30 884
74 86
890 559
29 806
654 510
579 459
796 379
93 472
61 678
830 120
537 596
990 818
853 977
77 516
709 625
156 389
422 799
570 480
116 71
918 831
55 124
679 863
819 817
918 191
533 214
26 549
932 190
772 171
49 813
390 324
652 579
308 173
497 162
426 502
863 219
38 131
957 393
496 255
393 724
164 47
622 12
390 995
71 906
849 558
314 87
922 556
817 234
506 561
900 609
227 189
320 457
874 101
159 609
603 77
917 77
615 798
458 256
183 127
624 694
94 250
380 145
361 888
335 413
778 104
947 803
244 457
420 208
248 719
361 845
36 877
647 202
553 646
289 644
811 588
145 721
848 11
462 523
105 210
774 929
624 569
965 802
29 342
546 919
518 114
660 636
613 571
318 265
60 227
90 644
832 243
137 686
115 446
802 558
709 860
386 515
189 648
424 263
794 156
215 116
293 7
578 954
256 515
263 838
807 579
744 688
95 860
446 40
629 520
729 744
825 576
751 290
652 202
896 87
980 781
95 118
368 240
521 857
867 288
920 167
270 97
452 126
387 171
717 803
549 14
825 259
720 163
683 315
420 737
62 354
309 271
408 482
503 833
567 529
26 747
46 922
177 458
396 917
276 272
925 835
50 375
571 828
799 587
163 426
808 718
602 966
760 421
852 411
243 795
225 10
987 779
977 385
998 957
558 756
550 964
98 432
841 464
162 827
8 715
684 555
252 801
501 125
750 325
202 915
365 270
294 255
140 272
173 333
584 466
263 553
283 302
527 710
718 479
971 420
978 441
744 260
783 311
502 824
600 909
951 481
730 744
714 468
138 562
316 724
888 634
854 976
635 761
934 545
810 353
828 221
270 625
595 118
683 155
941 411
718 432
996 637
859 842
149 108
356 566
496 248
283 833
259 895
979 152
794 412
55 45
455 689
540 370
41 215
569 68
568 550
746 635
89 920
331 558
812 912
263 262
517 101
719 875
516 179
814 104
683 121
494 524
413 379
518 938
743 765
939 450
204 82
754 19
128 694
553 67
440 376
918 291
19 516
824 417
438 282
108 953
307 936
116 427
519 220
624 988
91 702
565 79
825 293
474 621
981 855
75 258
148 717
74 17
502 164
496 167
711 346
164 164
635 737
367 284
105 569
453 54
523 982
343 277
598 815
985 204
367 436
493 711
719 62
493 622
786 472
11 697
679 270
626 591
686 581
414 362
537 196
700 884
582 960
496 101
467 295
264 175
574 392
581 247
493 243
18 991
896 895
69 963
808 475
728 29
602 227
534 498
123 977
524 48
860 588
910 65
692 406
315 466
622 251
955 226
553 249
637 195
308 795
187 639
658 291
351 20
518 93
920 455
620 307
451 370
772 318
550 428
958 461
256 823
398 954
372 123
689 547
102 300
510 792
574 867
124 798
888 428
407 862
850 614
815 762
986 115
107 538
693 750
622 846
166 216
374 1
144 127
55 826
499 679
593 84
718 470
389 861
411 514
754 996
38 833
309 76
477 865
10 656
583 783
373 113
906 391
321 359
142 991
503 426
301 923
822 535
299 466
805 579
856 224
991 88
103 819
505 871
603 516
454 896
650 533
233 413
370 338
112 92
372 842
145 753
141 709
783 456
883 243
109 281
149 727
857 145
869 29
322 644
463 255
944 734
125 541
918 387
722 323
247 358
678 454
59 441
356 949
591 697
363 392
573 296
724 720
337 305
114 705
642 623
868 883
562 789
9 702
195 544
280 136
603 805
269 47
780 307
608 599
763 500
61 552
524 86
341 117
752 648
577 702
46 311
953 153
538 534
73 551
431 446
280 179
303 970
393 89
54 500
665 996
947 964
966 185
439 950
210 75
750 15
820 22
306 173
785 961
852 928
187 564
906 819
325 166
771 163
882 688
957 607
725 875
406 365
174 73
786 192
403 737
118 217
821 187
81 51
924 887
586 639
897 916
475 852
87 221
508 770
125 163
661 269
722 426
55 877
731 853
129 860
724 38
497 479
596 994
93 191
703 896
325 551
126 766
526 960
530 697
734 968
380 292
863 460
367 904
943 577
601 443
24 491
122 531
48 695
926 867
88 490
149 13
76 83
146 450
127 997
88 204
690 357
888 337
354 861
108 889
489 606
964 674
225 566
90 939
872 985
296 341
270 116
746 301
28 555
343 74
869 887
33 898
638 668
262 202
328 841
492 836
638 669
920 709
489 400
774 950
266 185
295 870
525 957
428 26
319 728
692 107
828 785
209 181
626 703
469 5
246 404
768 993
673 552
600 707
726 188
195 930
388 343
24 611
999 9
163 397
442 349
539 809
628 626
640 273
793 458
549 998
178 386
437 634
517 613
756 80
361 224
237 144
328 351
678 378
610 808
254 345
324 670
676 266
18 382
920 814
359 361
744 452
2 950
145 294
398 431
595 1000
992 46
176 488
750 460
866 650
217 795
63 784
500 951
65 720
590 352
263 985
710 581
146 563
23 980
767 78
997 40
909 310
257 614
983 715
295 168
348 499
445 460
455 256
367 368
411 528
433 902
248 269
628 56
366 766
198 85
33 727
951 832
523 883
199 998
385 140
942 142
978 396
571 616
71 945
455 405
126 62
531 110
518 990
651 494
748 384
416 793
799 985
939 99
645 231
122 60
894 438
868 184
514 756
87 981
332 84
933 244
142 459
985 103
835 880
706 392
75 978
994 815
714 593
652 617
745 81
391 251
568 895
1000 133
302 542
457 223
696 868
229 522
439 93
233 554
52 67
82 724
118 652
536 837
564 124
859 770
722 698
101 736
931 160
273 649
336 605
610 697
254 564
809 520
520 848
386 755
735 547
571 855
497 994
793 731
891 451
858 588
365 814
359 601
350 63
536 919
305 523
935 593
888 219
787 197
499 531
500 977
525 996
504 759
577 99
910 877
406 480
690 934
493 390
75 36
125 556
943 809
368 308
523 939
319 327
250 496
671 811
506 152
127 239
511 463
181 307
575 337
789 169
798 556
255 319
821 375
149 358
455 993
195 977
467 403
675 695
789 434
996 666
441 624
526 289
564 220
764 548
497 649
363 690
171 613
657 216
192 129
720 205
770 600
303 451
960 63
48 886
450 693
241 347
649 158
233 442
64 919
530 880
616 455
386 793
428 14
419 33
137 14
377 198
30 169
250 375
329 646
854 407
694 26
83 247
450 71
643 654
196 331
697 390
761 200
940 662
886 663
846 153
958 539
712 605
221 2
968 280
532 184
93 373
143 896
712 603
552 428
95 282
947 286
688 948
279 118
866 360
679 1000
344 253
667 274
738 725
324 127
864 251
316 913
406 105
238 409
249 754
996 387
375 189
517 338
563 248
272 818
598 702
125 744
385 184
642 223
840 609
213 900
502 200
167 943
413 143
112 378
36 385
149 115
531 252
822 530
437 70
519 651
910 610
300 511
329 914
781 469
439 811
994 180
143 957
149 425
793 868
321 648
191 962
797 786
322 471
729 665
741 279
876 204
356 885
752 890
284 276
198 555
718 735
341 869
56 643
570 947
507 30
936 959
236 258
165 517
946 516
582 982
442 643
516 969
345 943
29 820
316 542
787 623
623 686
717 300
826 598
860 362
236 922
567 996
938 767
378 526
43 981
62 993
738 980
251 390
101 640
1000 526
434 596
37 608
176 272
198 233
917 225
620 377
565 115
408 133
363 854
612 658
560 59
927 563
719 690
549 936
144 11
739 467
313 225
613 593
313 537
738 350
58 8
706 328
632 302
718 782
273 181
217 720
555 938
961 169
92 384
821 516
130 520
134 386
357 289
202 211
49 993
171 118
632 503
694 20
951 163
160 662
494 913
568 728
168 433
117 993
97 692
517 191
372 109
924 362
235 839
182 29
930 649
428 146
356 834
926 204
986 934
297 462
308 582
146 930
143 374
164 705
54 744
427 532
869 361
595 852
137 900
955 200
778 246
371 418
10 708
240 656
616 501
59 372
623 683
809 144
576 328
6 536
392 826
664 548
655 658
607 946
177 617
497 853
762 381
656 137
470 606
572 149
791 294
32 429
287 182
23 842
18 407
555 498
27 206
951 816
381 909
896 221
179 108
199 410
9 449
18 642
909 526
323 323
297 163
398 240
996 985
696 727
49 394
240 677
579 272
694 682
700 127
70 904
830 833
54 353
976 544
586 350
622 478
39 765
28 632
75 616
60 711
894 359
486 288
144 901
412 330
832 138
671 129
685 134
814 83
471 352
579 621
789 667
902 114
278 546
511 445
418 201
128 96
642 720
149 28
922 904
876 154
691 68
920 685
892 465
31 867
842 850
854 318
583 66
11 834
158 806
745 950
782 854
404 470
974 906
579 428
920 380
186 210
965 102
779 181
15 994
59 132
177 743
932 583
579 268
214 492
925 532
424 295
92 107
610 353
82 222
499 294
81 148
901 75
784 961
456 505
678 331
853 889
342 693
286 222
45 282
670 423
950 871
608 691
870 417
437 541
133 772
579 586
114 941
156 466
688 135
487 44
662 150
685 39
679 778
940 169
536 483
75 680
515 226
822 570
382 137
966 539
77 131
224 835
487 250
988 814
673 19
844 958
210 960
330 304
602 170
263 895
867 490
345 699
165 164
671 885
21 762
308 864
440 328
54 159
269 333
174 365
368 832
161 212
226 447
799 849
75 527
574 793
10 289
656 693
212 487
855 145
937 899
861 617
678 549
765 721
384 314
676 66
841 143
517 893
923 812
545 675
187 256
227 599
603 794
844 838
199 149
2 371
389 743
957 988
538 332
356 859
327 240
348 320
4 713
51 295
850 166
868 85
935 141
866 805
750 109
418 86
686 991
152 353
298 17
229 477
570 641
673 355
949 810
93 592
799 708
642 291
850 304
412 329
981 195
627 157
642 60
134 179
192 944
39 479
583 877
874 847
731 203
944 173
949 205
589 309
823 853
649 864
692 703
44 271
160 20
839 908
352 611
100 711
592 527
809 202
102 25
504 544
725 442
322 436
945 419
829 996
61 756
455 708
994 598
833 206
834 961
971 1000
491 913
605 714
553 865
164 486
780 629
82 396
704 654
710 47
306 310
561 769
477 187
651 523
115 307
848 133
80 313
97 805
494 257
796 38
797 236
124 528
851 441
754 319
544 180
595 170
377 477
695 337
305 724
42 452
580 745
997 65
736 647
268 961
679 627
368 595
161 755
855 131
92 253
31 266
826 177
325 781
962 418
114 744
876 885
543 554
462 5
316 156
871 968
668 161
397 970
505 246
603 982
727 826
58 773
479 809
485 787
611 756
404 867
100 909
271 727
371 475
975 896
390 814
622 291
50 656
666 218
332 177
395 53
845 376
403 370
315 276
496 885
749 755
703 961
870 952
292 578
177 650
7 988
567 406
893 671
628 422
890 311
269 893
217 757
932 318
570 634
59 77
647 354
28 693
376 871
1 855
877 181
54 52
334 122
846 102
639 886
921 157
50 450
83 409
311 444
100 455
959 355
219 621
502 9
46 904
284 931
507 653
20 180
927 338
437 641
679 10
890 610
250 703
55 156
824 957
46 831
168 743
605 246
900 178
669 618
66 881
321 284
635 506
282 785
96 221
701 655
140 881
651 552
538 871
