1000 1261988
5000
238 942
574 1
603 321
505 519
689 71
890 751
724 66
913 758
35 978
254 278
915 183
656 944
804 187
440 821
203 530
96 641
598 123
932 473
88 504
904 941
358 436
260 88
351 194
827 66
370 749
906 753
529 792
875 845
644 853
468 692
777 935
156 947
200 1000
396 63
395 646
672 792
829 269
201 857
882 400
730 969
87 892
431 239
708 454
665 65
746 941
457 224
956 410
550 813
308 58
374 211
252 552
328 163
912 239
280 650
242 118
160 490
310 108
824 489
166 431
166 351
866 242
946 707
624 288
894 902
109 374
499 947
475 686
551 827
782 262
894 695
477 760
337 82
275 998
592 678
984 662
557 755
7 879
886 947
751 354
477 126
99 296
133 783
532 745
351 721
663 245
387 919
164 711
664 231
611 997
288 399
361 542
446 220
145 37
203 618
504 168
635 375
565 902
72 205
197 117
473 928
836 460
894 743
187 829
620 508
723 281
666 279
166 332
816 451
706 564
52 463
711 640
407 160
613 751
597 13
875 165
895 821
997 402
391 998
740 493
748 475
270 267
931 854
568 87
768 502
832 103
304 926
992 394
962 297
214 741
495 575
853 288
379 375
158 872
644 805
215 770
259 937
156 947
275 834
102 772
343 612
134 925
738 476
347 979
848 315
980 276
167 249
157 226
448 330
77 488
82 541
492 808
909 468
351 153
415 323
175 129
490 506
211 478
69 43
228 748
235 88
748 374
854 378
979 845
588 305
947 163
565 68
910 956
611 256
34 791
493 432
852 925
58 158
979 592
131 829
407 424
935 637
778 845
469 55
967 717
723 386
918 660
812 877
949 903
625 87
896 930
220 153
756 596
556 624
855 272
970 362
196 316
650 186
172 250
65 898
909 185
164 963
533 28
326 543
219 347
165 130
72 291
304 34
826 697
437 546
829 571
649 442
720 484
687 465
386 220
783 279
164 149
801 775
412 880
405 856
96 315
885 975
138 269
845 232
586 286
784 969
191 211
652 406
635 592
622 703
147 202
821 356
5 282
460 752
632 22
121 560
202 232
479 378
717 522
23 415
869 225
821 252
959 246
685 460
179 545
317 436
486 374
414 783
327 170
310 146
598 865
181 733
609 474
183 501
912 510
536 10
302 902
346 210
426 398
485 634
140 16
522 364
213 608
204 938
319 426
699 225
839 650
467 95
164 73
213 9
650 607
692 518
706 976
770 960
871 292
72 426
544 680
105 397
456 59
170 260
553 453
396 956
821 417
354 737
884 789
272 66
942 176
211 904
515 758
915 8
692 387
418 25
292 515
713 853
182 930
613 261
156 258
229 571
321 45
595 937
908 36
779 238
437 283
480 281
687 859
194 829
740 711
603 704
557 861
932 187
894 331
728 729
295 324
748 229
668 329
427 129
813 203
133 106
425 739
415 357
361 90
227 129
883 264
836 577
660 221
699 201
271 143
944 247
708 667
569 870
627 150
130 746
502 99
866 514
188 127
665 245
722 965
916 139
174 464
61 443
121 936
249 748
546 724
798 903
819 87
402 305
593 22
654 769
538 610
30 108
934 306
440 486
505 528
169 318
4 643
947 3
177 139
73 383
193 294
328 937
281 949
573 235
829 898
119 763
754 510
538 671
478 711
815 694
123 701
205 339
904 432
452 814
727 251
383 709
873 197
238 676
7 401
381 856
857 876
127 782
75 69
336 751
832 363
932 690
105 613
688 616
379 656
475 182
537 198
862 682
238 466
44 6
934 1
604 423
499 149
614 253
692 893
748 971
188 285
817 29
424 316
389 582
889 724
525 894
232 481
40 610
726 462
638 404
336 630
703 227
284 454
555 390
295 285
790 60
882 165
666 539
863 435
329 153
887 628
701 541
354 805
325 131
51 177
71 675
959 879
30 338
633 818
936 955
722 85
435 784
545 354
989 405
9 574
327 935
495 331
826 981
344 607
454 559
743 576
303 926
695 418
539 677
264 252
612 58
652 98
94 626
185 366
466 591
733 455
645 254
630 318
689 761
174 1
463 57
856 476
984 466
370 118
966 102
631 773
117 932
563 619
185 220
711 771
8 783
366 111
303 688
43 471
63 833
632 58
681 796
35 176
957 715
156 984
121 208
468 887
967 233
281 776
752 197
223 494
492 750
839 159
510 57
929 594
934 230
844 370
261 877
896 250
516 663
45 333
476 481
102 389
150 929
245 637
670 545
970 268
246 168
597 777
134 551
904 919
798 836
341 113
367 375
307 963
841 925
930 847
278 470
941 735
773 442
718 650
923 483
266 777
65 858
385 284
673 375
3 429
878 149
947 441
701 702
880 637
408 120
63 13
1 940
412 207
284 905
644 498
21 688
818 461
237 164
757 680
648 911
759 984
58 749
464 779
608 5
330 705
103 17
927 564
179 345
59 836
750 291
168 65
508 290
121 311
453 782
205 232
265 657
269 464
405 666
361 293
894 184
897 342
518 299
573 651
918 364
32 365
314 505
851 451
773 422
1000 204
299 766
879 928
54 424
256 122
488 358
997 638
410 258
283 170
243 499
718 464
408 247
765 613
683 722
413 484
525 139
592 26
946 838
833 640
192 356
545 966
362 305
571 69
482 50
196 685
141 263
500 574
644 527
723 548
17 411
503 222
322 445
98 501
398 55
519 274
192 374
838 485
824 207
731 320
499 485
693 453
414 321
515 892
328 491
233 792
132 305
569 378
602 657
919 933
661 543
18 146
557 756
47 552
305 399
539 290
998 116
807 321
501 722
376 559
785 581
699 424
267 934
720 964
925 888
604 164
253 281
112 78
619 198
530 500
723 414
717 545
945 17
212 936
312 250
144 306
185 884
352 95
880 522
498 849
1 224
504 152
374 336
654 284
437 462
329 781
168 753
155 928
682 795
663 265
356 824
500 583
712 48
18 169
950 6
430 51
314 383
812 706
424 759
744 710
301 388
750 313
8 709
442 662
55 715
64 6
342 642
364 183
930 198
1000 285
440 750
121 865
311 984
685 513
523 364
188 90
563 467
981 712
616 359
380 914
135 150
146 776
663 91
278 725
444 51
97 390
799 537
345 305
160 948
493 441
142 434
244 845
705 441
170 336
72 781
35 631
874 730
412 605
699 807
589 759
634 653
55 807
439 984
384 243
590 8
480 365
508 173
475 139
769 827
683 877
260 665
455 654
857 454
769 102
207 969
953 86
75 672
827 190
885 748
182 52
792 180
153 201
158 962
903 387
329 518
530 798
57 239
517 645
529 93
960 212
879 677
748 792
366 559
584 62
352 223
532 154
220 631
241 132
179 683
445 523
203 74
468 632
272 566
802 427
123 87
754 928
33 113
225 278
719 588
66 266
432 228
909 606
580 408
638 446
112 542
551 950
531 622
472 486
385 768
242 635
330 364
433 854
201 88
571 326
488 196
170 192
743 599
569 393
200 702
471 633
88 216
225 124
15 385
412 44
64 202
47 678
615 989
257 62
204 201
738 407
380 248
767 446
657 127
113 28
334 111
733 485
341 285
980 558
120 792
855 610
813 740
531 183
799 180
154 833
454 115
686 316
137 563
928 776
451 80
191 65
933 835
400 475
612 541
221 571
847 782
931 366
43 67
636 293
318 103
290 678
496 368
457 974
909 817
554 68
661 181
789 459
660 590
741 774
154 367
525 478
772 687
184 804
140 659
360 498
140 944
646 270
135 165
591 935
489 408
19 966
218 249
554 979
454 121
900 601
304 665
330 381
757 561
190 167
678 471
566 481
489 902
561 716
477 230
202 48
706 920
357 765
705 951
560 264
274 383
54 89
855 613
579 818
538 585
908 473
554 440
633 623
368 847
493 841
3 441
484 895
21 878
197 191
395 123
231 442
308 187
316 794
617 752
370 973
567 992
568 617
486 670
335 22
684 43
455 260
349 634
305 13
976 838
871 358
185 766
213 122
995 510
957 486
711 567
719 415
134 488
114 545
659 272
437 361
708 430
487 541
267 13
330 297
778 97
170 790
680 216
124 970
872 735
333 667
874 599
116 820
678 510
588 530
19 309
393 426
715 379
441 190
126 770
912 845
225 781
826 732
59 805
812 163
644 936
678 980
480 881
855 422
182 562
530 573
433 294
613 372
779 32
213 992
301 408
890 786
314 618
217 498
172 762
986 234
419 219
154 38
715 667
752 68
312 50
349 657
693 236
507 506
890 754
282 798
486 481
305 218
637 584
896 638
581 397
367 315
848 676
253 273
80 347
914 216
864 148
323 328
230 830
377 423
337 130
676 922
482 892
408 803
427 555
48 325
553 758
676 986
620 991
815 990
351 452
934 151
760 39
104 169
104 959
379 814
257 298
865 391
506 814
674 221
567 149
962 676
478 763
44 914
960 347
783 146
33 493
817 792
340 551
657 879
924 742
822 740
722 807
332 667
444 130
670 418
89 244
176 720
665 708
431 907
329 207
297 323
659 785
12 264
776 174
636 746
178 144
311 927
911 162
744 671
38 858
105 322
449 641
382 790
176 906
638 722
250 438
774 931
338 682
677 184
640 592
343 184
339 178
944 488
940 159
865 780
347 750
712 35
903 28
353 485
61 573
53 97
407 90
944 282
848 497
764 365
607 48
530 531
540 337
375 404
676 23
908 503
774 773
635 234
995 509
705 142
514 837
803 373
993 84
683 532
489 428
195 112
416 574
609 206
482 816
548 240
603 862
509 756
777 382
72 417
510 102
597 666
471 594
772 454
207 503
386 185
206 143
634 174
364 751
346 97
86 556
379 86
218 142
133 232
888 518
183 110
397 827
157 973
756 933
272 314
192 272
45 288
117 550
49 540
689 499
111 997
690 76
57 895
576 971
871 906
69 879
675 171
685 826
312 586
487 588
863 153
298 832
77 995
57 181
107 285
585 524
190 873
820 799
852 374
436 89
148 538
280 723
520 333
292 260
236 257
258 725
294 974
896 596
590 360
133 543
374 140
814 694
9 42
172 635
11 418
897 692
434 122
475 38
847 508
865 604
9 969
107 219
312 866
722 11
721 147
433 415
945 38
658 348
294 852
328 428
509 441
955 445
605 885
22 263
161 827
333 12
534 71
652 269
514 834
431 663
736 463
559 190
531 560
29 833
935 829
601 927
467 791
805 277
665 897
242 654
679 913
872 755
209 877
374 805
846 95
229 206
449 34
68 743
191 716
144 255
291 744
883 290
301 816
15 395
167 683
949 157
382 99
189 702
329 98
711 716
821 420
119 733
12 29
912 425
843 230
722 723
911 592
468 198
115 575
359 258
294 326
24 219
824 506
131 362
204 102
914 127
423 607
539 941
848 758
788 97
667 546
763 994
664 203
440 584
833 351
552 276
198 970
999 808
554 266
176 6
168 802
159 148
728 803
468 444
806 218
399 833
230 837
51 981
927 156
974 105
369 365
117 53
105 177
542 29
28 569
605 799
847 686
239 553
493 951
335 377
813 379
939 218
343 855
576 845
497 761
660 344
180 272
570 152
771 858
701 505
851 55
425 385
193 437
552 687
839 718
924 280
295 225
461 488
708 307
466 749
704 147
651 664
338 80
838 228
476 308
703 377
210 24
735 122
998 557
900 208
891 496
855 449
299 213
619 948
35 749
154 413
421 911
483 676
117 497
145 560
55 863
746 915
373 816
567 792
788 84
891 580
320 556
696 982
457 836
997 378
630 276
15 172
755 354
184 841
158 212
912 234
574 541
971 718
78 413
80 643
792 552
760 838
13 483
514 149
946 555
2 308
459 861
559 6
758 900
410 785
353 750
94 89
144 621
694 459
809 287
800 821
182 693
276 194
15 980
146 777
894 981
902 245
870 95
672 124
309 666
888 616
350 343
609 146
148 859
107 783
471 538
27 722
417 937
511 450
685 793
880 623
657 953
39 967
930 562
587 185
479 392
97 239
585 690
918 368
188 210
356 24
693 471
463 888
464 787
702 162
4 89
764 397
732 9
863 156
410 699
265 717
199 484
809 547
62 418
901 592
509 918
295 74
215 710
258 670
194 140
412 76
30 132
713 605
756 40
557 499
49 36
346 478
186 158
31 237
452 710
210 997
226 252
937 416
233 860
838 739
374 99
551 907
587 162
470 76
18 978
663 794
396 985
897 204
669 735
987 549
369 958
516 653
651 128
929 13
779 469
857 223
297 176
247 349
350 180
10 157
914 884
434 483
959 789
816 776
372 561
151 417
356 207
953 134
431 925
258 746
662 948
180 103
104 664
270 201
607 699
859 816
249 487
432 608
397 692
405 145
919 45
189 395
441 698
260 922
624 209
191 828
125 588
769 730
815 491
394 844
736 232
133 835
904 466
450 364
78 447
260 692
329 100
760 566
354 534
591 809
652 544
949 580
824 148
708 671
235 370
171 45
588 716
273 61
275 369
863 934
68 41
140 685
93 855
238 654
778 202
94 295
673 759
568 595
603 51
53 256
401 721
676 83
898 490
588 930
657 880
739 733
905 747
904 818
964 845
22 387
565 14
236 960
135 360
515 42
322 381
40 63
953 273
114 9
904 549
389 802
975 710
525 493
192 176
717 622
820 103
284 628
148 852
485 409
166 587
623 687
913 361
504 625
42 515
58 80
424 188
545 96
149 733
682 99
512 529
836 356
939 357
233 342
659 767
848 785
390 958
16 724
210 750
652 795
431 279
60 267
621 338
938 563
954 359
435 569
777 301
990 16
865 707
258 16
609 508
906 507
270 72
674 867
840 392
207 705
628 754
518 928
217 359
630 357
89 243
85 564
373 427
493 429
359 164
490 591
180 461
952 972
278 822
32 194
141 748
953 176
747 129
768 368
280 647
478 691
104 76
371 125
234 375
717 30
840 819
416 787
850 592
542 202
320 543
105 609
459 287
641 269
226 726
90 881
987 894
902 745
26 805
850 305
185 901
324 224
741 233
792 977
292 498
214 647
697 676
794 722
63 101
252 544
503 137
519 974
976 676
978 107
391 117
756 446
1000 621
951 499
832 138
361 422
806 869
289 843
662 848
784 209
540 224
989 151
601 704
617 128
263 4
929 904
735 352
611 683
159 591
520 924
731 799
767 406
928 253
377 923
336 263
634 443
245 41
663 947
761 943
627 374
975 418
923 622
828 541
947 37
732 396
716 942
67 697
736 716
281 939
206 587
86 961
816 171
704 591
132 194
72 13
316 679
32 777
42 92
191 749
121 917
642 267
388 367
175 525
387 838
477 4
479 963
657 424
242 554
267 811
225 241
362 776
770 436
496 71
644 411
67 196
464 86
313 576
989 405
353 775
341 114
23 236
714 458
605 533
873 805
895 977
749 912
769 60
989 230
994 122
891 706
908 960
417 862
947 851
991 644
443 565
368 806
370 590
804 1
997 268
728 486
752 261
726 382
802 138
824 653
7 891
193 880
512 568
561 233
467 773
992 601
751 969
648 834
939 363
869 770
206 782
346 450
694 657
399 531
966 677
984 260
792 639
635 936
251 714
415 943
460 50
101 96
872 573
534 86
836 572
732 148
432 373
245 955
585 770
159 836
909 410
501 786
780 145
611 681
850 515
726 541
383 567
357 771
796 524
715 732
781 991
489 575
750 847
767 90
16 708
875 420
548 603
20 711
344 322
255 143
931 113
152 90
337 32
752 573
626 380
584 85
578 212
30 823
603 87
398 615
791 601
574 547
37 729
809 616
928 483
64 489
370 793
189 920
462 970
124 846
391 453
9 211
226 673
418 912
396 136
885 315
542 668
103 752
989 213
584 650
733 410
485 305
446 764
87 2
281 339
747 643
985 293
30 156
569 249
687 418
631 471
713 61
377 153
192 518
686 243
55 202
327 289
434 106
549 365
868 150
365 381
574 518
656 638
612 40
819 675
510 567
896 499
929 64
93 255
797 456
194 637
317 669
719 933
264 876
300 628
68 99
181 647
50 128
199 603
57 211
636 279
393 108
255 941
132 815
253 373
182 223
77 431
780 501
492 909
563 821
479 984
452 301
37 379
156 501
93 298
252 600
323 349
754 626
89 843
944 474
216 448
107 67
892 247
461 720
909 704
75 232
989 891
181 603
881 653
359 363
679 836
379 602
835 865
535 435
383 934
630 911
285 643
406 902
744 142
726 947
290 838
105 105
107 130
383 729
278 675
948 772
461 423
662 234
956 124
277 161
951 727
133 826
94 442
769 758
283 461
425 299
848 481
407 186
104 834
971 779
531 177
38 912
655 48
245 916
641 611
3 187
727 801
353 180
595 295
55 438
251 974
534 835
693 608
290 272
213 836
128 655
619 676
85 323
134 66
557 236
753 959
416 928
388 499
908 721
982 827
384 969
492 428
314 472
641 204
623 332
395 324
20 66
955 506
552 963
197 112
537 891
358 499
624 446
475 770
836 753
167 804
101 955
247 477
627 71
531 305
357 84
969 284
302 845
426 842
839 485
967 222
851 230
311 710
802 59
348 816
606 579
601 386
24 740
669 484
861 485
978 917
663 162
21 496
963 638
270 808
507 823
863 559
97 629
832 149
725 177
863 182
33 881
815 138
786 973
547 791
902 687
133 561
256 453
369 806
873 232
251 168
216 435
212 522
67 262
191 390
218 692
316 197
955 757
352 898
648 343
836 129
934 74
558 418
507 438
670 492
592 794
935 289
83 539
372 589
712 395
856 505
252 892
996 453
34 535
938 378
394 608
763 513
37 119
545 488
907 910
230 715
549 722
210 409
249 297
503 470
782 235
85 992
220 225
226 391
947 574
199 626
133 72
240 69
694 317
167 456
881 2
506 998
269 678
535 781
73 798
856 282
547 892
304 873
168 912
583 366
943 298
860 367
632 61
391 812
652 48
734 438
6 554
366 913
343 156
31 888
275 308
512 234
649 321
335 641
477 79
812 140
776 341
937 658
810 943
662 927
105 941
750 532
679 309
909 509
36 336
666 30
156 110
400 313
986 671
960 225
123 36
743 349
992 317
109 461
324 561
94 403
43 581
360 205
480 188
702 980
799 409
950 240
173 649
140 585
240 864
890 124
540 364
822 413
666 771
473 260
655 712
636 761
17 355
461 862
730 425
267 707
517 621
167 802
56 306
25 954
925 117
875 366
465 383
303 985
134 703
446 137
286 671
963 434
555 422
149 212
425 290
171 23
497 111
438 62
517 20
652 946
943 894
799 314
724 533
865 749
741 389
884 49
929 940
121 986
490 598
732 133
206 994
904 10
451 725
403 246
535 714
612 940
180 228
113 730
548 726
454 633
259 236
912 979
169 477
912 499
65 909
989 291
311 947
467 948
938 176
885 788
340 155
224 835
369 738
303 391
952 185
628 907
144 272
740 41
213 171
434 533
980 332
55 864
6 781
315 679
119 842
813 794
330 125
5 865
121 25
696 737
685 487
748 913
38 223
755 165
490 301
985 36
441 374
635 386
998 396
298 696
103 528
263 671
768 842
425 811
731 594
813 472
663 869
81 146
512 712
935 341
900 700
762 140
90 406
754 521
4 131
274 644
162 152
933 673
433 620
746 251
237 283
572 257
693 191
920 156
590 717
601 383
102 437
479 692
786 360
389 861
817 333
781 243
68 643
868 55
840 917
59 960
613 935
710 928
423 467
262 686
792 644
578 683
511 548
57 317
97 816
394 540
194 340
72 901
524 136
408 288
456 190
62 811
967 33
803 327
524 621
646 25
207 971
448 849
354 514
904 833
597 476
911 438
39 386
71 485
724 386
490 379
508 587
869 123
641 591
632 991
461 739
833 93
527 231
33 953
287 149
320 963
72 871
602 714
73 207
686 438
100 476
582 207
681 870
754 862
998 774
35 901
32 549
271 64
340 999
502 734
427 115
345 893
217 597
999 968
909 632
303 823
693 384
272 957
58 759
505 715
706 130
141 154
349 282
312 357
651 64
620 519
1 928
814 880
73 736
536 304
183 191
915 757
958 423
494 329
171 429
670 596
772 852
922 107
59 451
758 461
967 699
184 785
1000 693
570 3
92 1
492 553
20 841
538 841
275 200
197 400
699 492
287 481
66 834
38 286
657 219
423 602
254 879
487 443
286 814
119 47
94 985
201 986
911 670
241 185
858 819
294 218
40 795
345 383
717 741
917 24
107 553
239 312
119 784
92 597
103 753
57 558
712 510
3 471
977 814
926 447
484 961
792 585
881 368
601 230
318 727
450 793
628 590
900 228
687 556
254 167
499 943
818 279
876 431
167 957
338 3
483 941
895 165
401 455
350 828
262 249
233 426
441 957
525 385
164 475
59 494
194 412
31 153
800 236
673 485
806 847
664 421
649 881
635 725
542 801
136 189
186 327
820 81
572 396
831 918
621 24
320 245
563 506
833 992
436 655
53 398
804 81
678 157
750 916
404 257
194 963
812 39
424 134
724 100
79 383
326 215
864 513
264 815
367 913
680 829
266 971
884 595
866 927
820 25
176 205
897 425
306 986
643 701
570 796
243 767
673 934
571 269
553 285
917 584
17 595
98 904
122 137
900 885
624 284
630 835
971 954
855 762
901 375
586 687
309 299
158 748
781 126
893 925
876 682
649 414
693 43
535 25
615 748
992 352
401 399
468 352
111 84
525 490
330 70
962 104
863 387
560 695
832 929
385 420
88 733
756 679
43 917
301 265
875 392
298 590
880 766
154 465
131 525
795 610
234 773
914 179
836 173
353 215
163 900
30 706
455 495
232 543
997 819
760 617
334 252
913 602
274 917
888 45
711 812
647 927
229 524
639 880
822 136
811 667
870 292
922 172
777 385
395 871
329 790
6 565
501 329
366 138
828 116
492 152
363 810
547 387
425 420
799 714
473 11
292 997
905 845
567 173
331 85
658 230
537 264
871 965
922 250
783 685
655 846
863 545
939 116
454 707
685 51
387 939
67 184
672 99
509 52
14 824
890 211
463 649
106 149
862 497
376 457
964 302
915 744
964 100
261 636
649 338
162 926
670 456
39 961
859 725
627 935
871 977
585 89
20 763
828 504
362 911
33 450
274 529
786 750
666 120
637 387
503 780
154 65
99 257
490 480
942 504
268 143
419 198
462 590
282 299
814 10
280 949
782 447
334 334
647 681
950 459
136 851
68 290
388 236
931 611
770 546
356 394
684 142
942 522
804 760
642 584
782 911
374 783
543 612
693 286
135 248
614 68
652 597
556 340
523 77
581 31
524 697
631 480
552 709
886 326
11 686
776 82
531 427
372 949
443 366
622 870
8 497
986 682
527 394
58 314
552 607
97 843
619 322
299 839
400 980
784 105
784 972
70 192
100 602
597 195
400 857
116 548
154 133
532 204
564 25
740 845
119 311
477 367
360 619
175 384
910 99
325 576
849 196
679 52
543 256
820 362
352 547
707 263
218 64
604 724
358 128
718 706
3 565
793 793
432 296
725 29
814 779
532 56
21 990
435 829
118 642
858 271
854 582
453 394
716 827
54 604
136 812
508 520
90 417
191 824
133 565
324 710
202 625
24 543
310 714
272 932
62 569
832 703
108 449
186 573
545 647
928 782
195 804
32 879
906 996
988 703
924 613
720 341
108 582
426 242
321 991
575 680
46 399
500 892
20 761
866 280
345 827
393 204
642 221
295 884
337 5
126 202
785 438
231 970
778 934
74 862
962 544
855 396
4 904
301 499
978 32
715 573
830 362
334 323
356 968
659 583
805 524
263 928
956 757
714 422
293 372
676 92
249 549
917 151
10 738
932 861
957 82
836 441
428 863
505 895
318 255
952 35
178 417
558 366
754 208
2 580
871 303
28 701
971 68
455 573
634 134
925 375
529 195
424 439
87 504
883 240
963 245
763 865
153 706
535 668
701 798
8 438
762 603
773 89
76 565
758 739
992 429
307 227
399 655
488 715
437 675
370 240
763 880
156 542
514 312
266 411
946 266
865 115
25 396
743 631
113 475
177 73
253 858
806 678
473 318
488 690
851 287
54 594
22 890
384 438
210 821
542 333
126 253
109 696
937 556
629 798
993 183
739 434
201 215
861 866
432 489
330 762
240 899
276 352
37 653
748 889
285 625
716 991
676 538
977 939
427 929
64 399
638 824
100 492
259 284
55 115
612 239
74 725
778 715
412 963
82 816
555 448
715 99
4 244
398 776
224 254
780 695
975 956
669 924
307 333
680 423
58 685
866 902
752 163
954 150
297 777
7 976
736 225
218 651
246 152
10 208
442 655
780 355
822 626
26 444
894 354
649 331
672 425
173 87
514 788
720 50
321 640
820 540
698 534
845 768
646 389
644 351
438 147
323 344
333 802
775 14
859 304
683 851
946 676
970 315
859 630
740 472
443 365
870 328
435 114
780 236
898 620
760 563
797 747
536 711
399 832
265 250
889 446
63 550
504 446
139 227
852 461
632 649
887 781
189 275
52 382
152 511
16 502
960 535
851 137
908 197
918 683
881 213
606 887
360 520
165 288
817 736
746 780
276 232
649 408
810 369
498 49
523 686
119 784
593 630
823 638
701 125
321 260
406 724
565 392
430 819
585 490
147 600
325 650
786 173
665 100
42 910
115 784
587 699
687 552
572 151
876 798
870 366
264 596
369 474
280 639
484 525
885 595
300 649
941 866
181 423
195 996
702 126
894 925
988 105
97 939
357 159
371 137
889 142
988 618
404 462
968 983
228 721
428 992
134 367
153 663
923 828
27 71
974 315
855 439
432 852
877 163
306 883
269 345
990 397
896 218
434 323
636 914
890 713
114 449
591 600
364 508
935 779
930 231
218 462
615 464
142 725
126 615
664 77
701 599
704 998
506 60
514 415
987 356
966 922
33 776
486 155
645 849
814 22
627 15
12 891
169 322
224 482
671 393
506 243
794 638
95 421
41 240
327 659
588 872
336 206
87 161
3 301
959 737
142 423
197 922
814 566
328 657
105 785
796 153
824 136
641 203
94 684
126 468
95 566
488 745
68 567
505 36
580 685
854 943
277 782
279 364
344 489
124 501
609 825
37 185
994 209
13 763
233 239
214 879
377 908
284 855
43 751
160 56
918 391
330 57
188 408
218 217
197 507
436 514
484 798
792 509
185 450
980 429
810 836
551 650
299 865
252 793
262 150
214 765
939 508
549 550
756 35
973 759
400 693
137 841
714 946
853 83
853 722
757 594
767 311
3 710
355 411
540 479
700 31
909 404
302 916
499 265
520 760
431 283
959 650
77 757
182 996
715 780
329 296
21 826
880 871
297 876
383 835
796 452
470 901
291 503
183 627
269 519
685 690
882 484
802 525
290 284
501 378
648 870
190 494
504 914
832 857
954 843
341 700
557 897
714 470
980 48
467 598
676 753
971 909
280 158
354 465
67 415
31 91
390 306
478 654
659 892
241 425
547 139
941 517
246 952
335 329
902 549
542 170
649 294
910 587
773 182
917 735
893 741
724 215
581 760
109 673
534 765
594 806
295 803
703 609
608 282
561 209
42 411
437 384
409 511
509 354
232 28
281 184
834 35
387 767
13 811
586 135
961 442
62 236
356 981
608 194
453 896
299 194
740 108
132 860
390 268
765 772
542 650
237 569
911 907
597 89
218 775
909 113
521 266
109 192
190 388
412 475
494 756
474 445
46 633
904 25
424 189
394 656
443 265
316 897
249 436
389 485
332 669
910 339
280 706
259 21
705 329
271 944
396 138
115 535
664 112
33 85
439 343
459 994
12 43
214 847
965 266
887 598
197 425
439 727
811 166
78 116
998 728
615 659
579 118
304 60
420 237
932 130
962 105
559 473
424 780
319 350
763 260
193 221
927 835
712 466
250 169
698 783
57 815
439 649
74 82
915 712
728 457
271 577
265 554
95 541
664 838
472 827
958 628
367 824
91 274
552 28
972 553
490 42
114 544
33 696
173 506
725 642
715 46
967 440
764 945
569 118
270 32
976 67
80 47
730 522
149 511
907 60
91 598
743 861
276 80
793 81
833 85
462 89
781 563
527 127
882 457
804 660
360 13
939 82
825 326
487 903
540 26
246 69
866 595
850 502
953 194
941 492
795 568
424 294
456 46
66 546
19 442
441 870
671 710
869 227
932 529
668 881
648 855
852 765
396 288
514 165
888 164
69 850
208 732
150 203
500 952
808 221
174 912
327 967
490 740
559 7
113 902
499 158
645 619
957 3
935 151
313 787
194 932
704 513
937 648
323 858
599 820
683 620
282 206
19 436
834 933
552 765
278 830
88 939
106 469
722 342
177 435
859 480
359 828
247 674
510 956
822 171
221 433
154 411
838 503
94 39
772 898
402 571
207 536
380 666
91 341
377 678
671 185
876 412
251 695
924 265
208 176
653 923
680 635
645 886
857 341
439 519
374 427
749 488
902 401
976 289
844 504
133 621
271 876
398 896
119 79
15 856
877 257
760 111
67 837
637 30
478 409
737 759
665 342
497 863
183 832
719 982
826 715
595 587
884 188
214 769
780 728
473 861
286 436
812 194
136 466
763 988
449 775
903 370
121 658
829 687
770 929
882 932
795 720
560 756
920 599
256 489
252 141
589 770
167 390
941 407
89 954
772 384
785 133
721 321
683 192
353 186
791 545
842 379
898 611
602 56
731 859
173 992
333 589
400 444
539 433
766 893
392 559
530 294
849 963
829 133
513 171
446 529
569 465
949 32
748 65
448 419
827 938
250 772
736 736
487 273
50 465
812 524
615 536
738 664
959 232
433 976
890 623
678 611
475 856
791 350
92 211
566 896
699 285
704 426
764 447
831 476
543 795
844 817
500 858
773 236
91 969
499 380
20 60
164 33
354 998
660 440
637 552
137 847
559 622
161 503
138 179
781 129
611 526
629 112
756 451
896 139
702 169
148 232
931 846
957 920
417 362
67 963
163 114
553 203
156 851
833 634
72 686
144 306
315 574
823 68
444 104
378 242
912 979
592 669
613 274
901 679
38 381
467 821
986 222
903 992
508 536
242 652
648 426
36 873
5 396
299 900
204 13
118 427
989 401
395 73
605 358
557 413
766 820
965 588
330 557
277 367
142 365
447 428
565 678
896 232
272 166
349 967
963 356
516 417
550 71
297 631
685 99
145 132
648 774
732 987
369 879
12 404
5 502
634 345
75 495
775 40
418 718
820 127
28 750
638 920
662 563
270 937
262 446
193 694
162 328
151 448
807 406
456 101
290 462
847 614
491 640
404 808
389 301
536 303
951 93
163 233
751 772
378 178
38 421
528 811
81 266
965 390
477 376
919 877
642 627
175 581
331 970
355 440
210 662
442 321
231 504
863 237
272 436
572 802
680 826
981 561
240 676
901 984
793 844
590 835
432 415
268 366
446 873
158 220
477 972
382 865
904 395
293 75
260 803
16 609
321 274
523 421
765 731
521 962
941 329
519 54
775 842
671 150
51 125
887 840
675 116
278 776
777 454
238 82
251 36
966 702
540 320
685 331
33 322
172 359
370 233
922 193
521 651
972 674
313 154
525 593
179 91
565 360
324 374
370 893
835 658
381 143
733 879
877 660
122 933
456 767
670 904
991 27
89 350
689 477
276 737
823 988
892 102
657 471
871 651
845 820
633 187
864 266
786 950
521 310
212 868
962 359
153 504
852 790
96 508
445 988
312 476
614 865
383 803
678 596
61 658
556 131
473 981
113 387
316 689
475 937
392 662
304 671
604 260
947 551
872 709
5 229
787 6
534 670
604 799
304 652
270 198
727 342
917 201
6 335
562 461
623 922
272 309
201 866
98 132
931 930
740 136
636 994
403 259
305 67
508 891
239 27
528 337
462 918
365 1
343 787
906 635
814 588
203 44
836 646
14 447
227 139
27 114
316 595
416 525
395 902
853 73
488 842
919 611
191 262
191 272
624 872
260 100
385 812
670 161
930 849
584 378
23 985
631 768
351 11
851 407
466 151
493 544
121 152
844 59
693 492
379 692
962 759
756 704
191 996
216 37
378 687
37 542
163 700
417 308
291 867
519 742
908 701
817 413
921 29
490 821
245 964
56 547
605 776
185 566
561 476
714 70
37 679
279 855
372 802
323 768
691 744
112 881
235 272
856 148
986 131
231 242
141 173
345 10
745 141
262 278
323 286
608 587
234 743
581 446
247 93
691 175
626 573
370 700
36 232
463 812
683 223
380 456
310 360
996 924
659 674
892 293
458 803
354 20
556 709
916 951
682 462
693 796
413 648
210 401
925 479
865 73
740 978
504 361
993 518
93 767
108 361
19 899
815 431
114 200
598 744
416 598
919 587
920 551
339 633
791 434
143 930
534 187
857 526
195 215
29 425
593 195
924 601
271 428
657 683
118 207
688 660
707 116
775 513
842 33
78 124
693 983
78 411
91 454
725 37
323 167
556 397
519 673
315 248
246 735
794 584
703 155
915 807
813 122
854 44
611 302
28 286
199 103
740 842
804 758
134 668
489 773
844 201
663 936
648 865
305 877
208 24
618 167
71 230
892 410
603 746
264 488
988 864
48 528
675 954
962 537
810 329
988 654
919 633
363 542
66 54
339 304
380 141
273 989
828 368
714 267
746 756
393 597
461 133
872 63
335 18
968 667
697 876
173 439
741 829
229 763
764 905
486 217
874 348
168 373
783 801
567 542
364 982
31 218
489 310
650 755
222 763
310 675
2 634
833 795
174 486
737 491
189 845
18 193
845 419
107 137
340 893
622 642
590 910
712 434
742 583
30 654
151 185
264 945
881 598
459 536
228 116
59 437
802 312
477 727
595 798
277 744
968 124
271 37
303 283
868 948
922 891
148 737
991 601
246 870
650 888
50 42
509 256
653 414
604 114
602 237
782 733
345 833
847 174
715 652
294 413
69 683
160 760
761 266
996 53
64 438
25 352
31 301
231 993
1000 746
985 984
712 447
571 157
151 557
674 514
412 307
747 34
722 253
298 902
395 886
368 846
25 459
732 743
767 187
767 47
14 201
433 343
454 757
357 174
152 49
735 420
822 836
496 745
189 724
745 517
657 496
471 655
913 481
251 945
115 229
268 872
938 312
786 95
973 81
290 94
688 888
397 143
783 561
388 736
745 981
954 484
871 464
292 261
832 177
40 8
968 948
627 619
558 248
981 905
729 256
355 826
790 445
82 343
812 323
224 830
570 308
814 575
864 386
291 748
541 77
280 154
820 330
306 822
449 407
117 355
790 943
924 335
226 263
885 996
973 396
561 290
637 146
718 697
14 349
970 599
230 534
687 10
713 316
546 188
602 676
467 372
254 412
590 550
283 312
639 376
836 933
437 371
722 507
735 966
640 576
768 814
583 122
970 299
517 54
17 795
921 34
525 857
518 224
259 412
929 253
984 357
591 971
244 877
710 228
667 845
638 395
949 812
45 177
484 145
752 825
183 168
665 975
598 782
698 800
237 821
91 251
670 953
722 18
654 395
621 868
97 357
402 873
679 886
969 626
494 244
691 585
30 736
187 462
445 989
12 733
955 618
485 886
574 944
261 100
479 51
877 930
347 567
316 318
810 185
826 181
392 111
851 289
470 481
953 151
620 255
717 729
3 274
77 603
306 421
777 544
256 25
49 140
200 713
262 73
627 762
504 24
88 217
454 789
553 543
530 535
600 396
593 997
504 907
945 961
898 923
833 544
421 52
842 737
960 678
147 549
189 622
411 28
830 696
699 882
239 850
327 66
626 304
359 553
405 571
479 876
516 108
890 625
168 26
41 521
156 70
936 478
770 176
332 112
532 992
923 292
181 593
489 403
798 708
125 510
63 253
747 499
187 9
937 100
234 583
265 163
435 857
503 449
574 24
864 24
792 218
593 818
848 884
983 642
377 696
554 886
821 661
995 57
501 851
692 335
213 678
489 539
978 959
657 418
886 726
364 451
856 25
671 269
227 16
215 151
946 559
510 30
718 492
428 838
185 958
927 246
733 246
401 294
668 507
21 458
985 646
694 171
352 47
100 211
379 84
862 293
780 939
945 938
431 63
24 513
277 978
855 628
711 350
119 869
118 850
154 421
148 576
640 242
749 75
615 286
659 485
834 387
54 383
338 216
685 423
890 675
743 693
615 74
644 528
227 658
973 81
459 655
986 872
927 120
338 553
964 137
617 346
14 316
692 703
180 583
607 332
241 569
81 851
217 879
758 834
690 263
825 920
551 634
442 626
816 350
604 449
75 45
498 175
989 380
907 268
937 967
10 3
291 865
354 487
129 552
267 109
36 244
106 33
311 27
613 521
719 348
321 959
666 228
571 60
3 277
332 596
4 210
404 125
750 822
70 622
351 422
840 991
449 177
712 74
728 637
219 377
216 71
518 820
665 527
577 676
75 306
927 670
692 965
676 274
391 944
34 428
187 525
488 898
212 165
636 204
152 200
640 150
838 518
686 793
13 143
294 820
492 646
488 373
65 457
896 791
957 791
134 821
834 751
290 631
86 896
939 421
122 996
275 130
967 730
749 630
518 556
786 827
343 80
576 102
941 76
784 387
631 895
751 922
773 881
453 830
802 834
806 507
37 677
600 887
353 229
735 9
755 377
839 636
7 211
665 211
959 944
285 384
677 640
312 81
90 23
675 918
740 381
61 186
987 905
532 894
658 163
648 242
290 480
182 137
12 602
206 371
223 24
598 369
31 795
261 895
212 659
54 476
999 994
139 954
733 305
259 943
178 289
404 236
466 554
427 176
146 838
716 947
983 509
621 364
477 660
347 888
50 17
318 898
408 862
107 874
213 232
505 888
870 981
251 239
675 409
988 307
949 213
490 552
25 210
362 952
425 243
362 19
495 218
646 16
41 712
209 698
803 987
675 914
690 13
69 927
838 914
497 542
179 356
446 932
490 92
98 989
814 936
38 754
310 670
867 784
210 804
990 563
574 739
882 104
353 313
577 190
84 910
880 359
536 213
94 496
318 196
256 764
733 64
331 733
300 841
535 397
781 476
929 669
944 814
521 182
702 242
642 33
642 460
319 413
320 804
876 728
642 697
672 738
555 932
920 570
279 89
481 649
340 718
599 63
900 924
982 4
497 657
514 689
535 440
359 562
870 181
607 894
522 963
307 495
363 620
407 981
129 30
41 792
117 943
632 842
670 718
121 142
87 557
206 169
558 421
95 432
644 603
79 888
338 753
874 540
579 346
949 778
685 111
324 387
124 610
551 355
335 901
993 643
16 899
852 941
159 945
856 654
613 110
760 159
727 194
287 664
21 52
433 628
393 446
554 169
903 119
801 55
568 236
423 694
510 208
387 344
813 572
154 201
281 98
169 137
893 771
648 901
523 925
147 90
832 433
40 416
594 61
407 984
376 496
754 113
401 946
721 327
23 250
394 704
182 758
401 431
3 523
476 766
830 477
212 855
293 240
413 706
927 620
344 276
825 54
879 935
252 128
690 52
901 538
706 691
366 313
218 587
176 685
553 708
974 851
51 319
591 6
86 229
365 376
775 850
968 790
406 237
79 944
597 757
614 806
214 478
245 130
215 709
246 55
903 222
167 994
936 649
269 377
970 732
348 847
970 649
325 390
378 23
596 137
936 51
876 197
533 290
810 948
177 369
979 726
573 580
323 355
198 37
404 422
608 61
972 947
289 534
425 709
617 439
156 969
31 345
570 329
161 190
342 193
962 199
605 449
929 111
786 926
890 322
3 594
850 10
594 910
611 91
134 642
570 924
351 305
47 234
52 313
638 961
271 636
237 486
133 421
14 404
417 462
154 233
78 414
323 30
763 859
587 435
519 20
43 447
534 629
131 25
166 806
362 196
217 516
521 473
401 813
472 100
73 366
26 627
204 37
973 871
307 370
389 527
547 378
871 446
463 875
319 649
944 109
44 774
643 654
695 422
187 315
573 471
697 648
651 708
827 872
149 776
937 637
442 89
743 73
929 62
173 192
717 14
22 260
537 182
529 908
408 455
243 353
848 878
165 694
22 327
838 587
46 257
933 605
204 820
12 961
16 649
600 389
211 462
477 94
797 734
751 189
699 481
331 531
661 330
929 676
216 488
793 852
994 599
798 224
668 956
520 399
958 568
317 311
723 423
554 344
885 797
468 944
626 344
246 604
947 830
224 887
81 782
673 52
586 346
587 45
920 640
131 762
59 779
892 559
436 784
640 114
725 789
211 854
935 412
678 606
594 66
841 639
724 834
627 646
712 440
536 941
16 446
515 524
974 477
57 243
323 889
445 886
465 673
666 844
330 677
407 35
316 719
739 571
676 803
299 240
219 422
867 355
201 19
953 682
214 288
732 545
65 792
811 882
908 63
763 388
160 549
302 482
86 95
674 86
142 10
28 447
858 854
384 228
256 416
234 31
440 827
223 445
534 89
431 108
917 915
162 64
143 412
979 267
287 869
645 278
991 621
993 184
847 897
780 472
406 428
219 255
138 473
316 544
675 914
467 964
119 167
847 915
838 740
707 485
473 528
401 378
452 648
142 532
226 149
643 554
402 101
972 931
616 889
180 41
846 287
445 767
351 737
752 9
5 420
305 782
353 888
517 357
444 407
134 490
61 264
811 372
823 384
589 657
570 189
995 777
837 277
658 704
507 852
26 358
700 986
78 35
437 56
312 648
518 765
132 355
872 893
497 200
181 974
903 383
929 919
604 355
193 180
697 855
435 647
563 815
39 573
818 914
266 468
511 608
832 156
961 405
458 950
542 525
34 443
626 68
198 892
538 170
130 929
763 849
546 18
628 318
479 837
26 223
762 179
264 810
457 851
846 590
643 200
677 132
415 165
127 447
573 992
548 985
253 934
3 18
956 994
752 937
914 845
800 459
208 33
432 198
441 749
578 614
562 750
294 818
452 372
230 321
440 651
157 247
297 102
121 158
248 339
179 680
707 61
75 656
714 750
623 297
593 108
594 961
832 439
239 606
568 491
191 819
611 962
766 671
937 994
781 999
165 398
752 56
413 791
351 674
470 670
942 38
387 26
850 603
460 990
856 965
236 132
890 739
144 515
968 188
983 619
265 35
284 578
310 486
184 35
605 924
118 338
249 487
924 497
744 695
821 341
748 983
237 197
35 819
824 811
111 333
62 983
189 220
861 506
562 245
245 594
836 284
491 864
129 323
391 865
52 944
746 365
378 573
369 685
46 229
492 858
927 849
592 157
107 994
203 847
201 631
616 331
448 733
652 693
31 300
142 569
255 670
998 584
391 624
425 332
642 763
579 889
627 28
920 447
515 713
551 148
803 581
903 535
348 333
288 589
884 259
275 496
299 476
352 233
960 925
644 597
92 107
976 568
478 816
345 31
920 599
321 922
714 742
420 573
784 464
228 148
33 133
770 241
544 355
147 265
73 607
770 827
67 232
492 524
528 705
738 478
484 451
4 294
440 994
778 268
72 874
615 42
196 61
292 853
477 325
610 151
399 22
209 482
300 842
889 199
640 513
369 21
797 329
142 269
161 956
943 979
320 616
885 161
387 766
104 259
904 717
216 553
618 479
10 748
354 763
642 147
364 749
574 356
557 62
257 302
805 286
641 954
655 562
311 73
21 668
51 232
315 881
364 722
558 947
73 926
432 171
778 597
680 505
158 849
997 813
753 895
844 654
720 456
73 73
262 111
954 606
219 52
684 471
963 785
849 477
937 20
828 586
980 738
928 521
732 272
222 560
258 819
788 161
668 832
883 468
900 18
470 266
97 454
21 188
328 782
93 478
337 311
517 978
708 621
909 266
435 386
844 157
300 565
942 921
424 777
296 831
900 444
477 83
688 867
818 31
348 161
116 712
418 112
864 356
935 845
365 203
785 687
376 760
956 688
421 607
914 277
583 748
387 978
352 440
447 539
317 395
456 20
101 694
985 182
110 366
496 68
569 607
323 972
353 403
534 497
902 417
714 854
419 70
603 860
554 811
559 206
645 257
323 369
225 292
939 404
854 671
192 743
801 869
647 714
558 378
131 493
547 543
529 45
667 348
756 309
657 640
643 549
411 705
777 766
353 231
584 611
951 766
836 252
74 880
418 180
292 247
871 1000
547 357
278 349
736 994
787 780
980 515
755 55
895 487
350 814
297 646
874 266
824 352
893 714
193 807
890 147
315 346
911 350
513 870
43 592
661 121
119 452
769 362
28 676
470 696
687 72
322 200
494 844
254 985
438 774
79 777
970 947
804 578
649 931
578 590
775 545
681 536
61 373
439 620
851 413
173 720
100 652
976 364
564 70
940 370
595 5
987 349
1 43
426 819
244 120
508 390
688 852
186 739
225 332
557 727
680 613
454 687
422 375
950 133
53 249
37 6
737 500
818 44
786 294
167 698
494 335
203 587
755 105
443 800
640 529
596 578
609 967
10 196
150 40
475 753
206 617
11 969
605 4
37 132
577 416
155 519
386 360
245 229
269 243
612 547
976 623
114 990
189 505
778 578
722 748
687 409
517 388
80 196
257 719
968 512
672 821
345 258
816 92
160 593
531 556
769 860
823 522
633 884
583 3
696 321
327 573
714 752
974 811
240 526
502 527
905 926
613 827
88 875
818 730
943 855
893 582
650 973
641 886
410 222
993 516
908 5
166 862
244 392
179 542
237 1000
672 886
403 203
264 645
332 580
472 122
149 567
601 913
641 721
