1000 1234671
5000
703 201
679 864
543 533
206 777
166 221
266 438
221 57
925 680
707 848
695 73
880 672
596 327
221 622
910 689
912 949
258 244
182 51
462 264
555 302
788 3
46 346
15 545
570 806
598 464
508 797
169 970
344 831
619 243
222 87
190 795
534 728
432 937
741 522
235 108
10 305
588 820
663 946
343 71
719 421
730 91
527 893
720 594
971 701
301 906
100 478
953 585
879 555
155 55
617 610
822 436
946 231
610 945
262 693
352 285
340 202
389 265
316 410
121 509
152 295
48 986
173 937
837 985
397 867
636 593
540 805
811 672
123 103
991 779
774 906
516 118
921 748
896 777
544 337
881 250
473 394
244 602
740 350
765 945
580 641
758 369
603 185
756 709
412 756
270 921
36 821
433 916
105 658
861 155
35 181
895 231
838 654
765 893
521 822
377 89
846 271
202 948
962 16
393 221
449 101
976 463
288 386
487 490
699 91
77 852
825 691
407 483
817 953
403 578
755 77
437 147
390 708
299 869
904 956
665 844
110 54
347 641
528 186
395 182
395 810
798 200
269 623
120 35
1000 700
440 991
970 653
740 135
595 190
542 941
699 224
974 817
641 355
458 68
714 211
55 501
17 812
970 14
882 244
52 641
572 532
734 968
332 459
923 462
200 649
788 483
476 288
649 864
665 178
930 203
720 647
358 307
842 877
698 147
145 29
801 119
794 405
463 771
220 288
430 940
450 451
665 818
84 462
828 559
104 70
595 502
449 8
422 465
642 557
475 215
991 287
441 478
47 800
681 326
94 876
269 67
925 366
359 374
706 120
447 505
316 413
580 461
11 141
715 369
429 322
849 59
624 647
93 472
299 744
538 388
417 316
628 555
478 985
628 598
857 172
374 769
93 474
973 766
17 852
927 430
552 315
295 827
528 948
552 799
606 9
937 806
616 793
280 788
531 331
184 741
161 504
644 603
41 710
240 49
801 39
610 325
978 24
855 575
575 535
906 868
795 577
394 412
280 826
790 843
346 213
295 362
493 807
306 33
981 95
666 13
534 166
109 946
429 96
272 827
107 314
925 386
25 38
770 82
247 597
689 788
772 783
465 82
382 792
295 187
432 305
388 162
809 356
426 329
127 685
340 4
611 829
468 549
660 724
942 83
739 742
485 403
465 856
450 959
961 109
420 329
804 823
103 548
839 330
399 534
706 773
689 833
40 189
350 783
244 536
952 347
598 364
643 966
31 468
692 955
800 160
750 962
481 99
412 196
410 286
394 468
67 688
833 840
155 440
664 703
912 985
844 604
675 920
745 869
344 262
709 789
603 13
914 752
86 920
539 114
988 366
473 463
104 278
901 292
747 563
827 927
633 166
524 159
937 538
791 665
133 638
805 179
742 925
261 544
828 820
774 909
475 24
844 423
942 126
793 185
774 674
720 42
216 264
68 733
204 768
594 15
434 37
99 305
94 936
863 218
598 758
437 894
158 125
578 904
903 721
197 810
440 649
886 754
409 939
304 224
255 646
288 730
804 553
71 70
170 221
390 649
966 807
934 258
208 15
214 493
239 496
956 520
105 423
320 298
562 694
171 414
376 193
377 550
23 341
436 721
191 783
247 940
438 693
622 907
63 719
241 288
961 645
755 622
464 376
592 419
231 393
489 455
640 904
484 191
424 672
22 861
38 769
977 667
825 459
678 292
710 78
773 704
681 179
178 154
359 6
338 105
597 503
371 232
696 468
827 125
947 877
556 687
214 602
38 608
439 718
971 306
599 313
31 570
676 897
860 629
646 169
263 274
186 88
458 482
594 157
870 369
785 123
732 343
797 164
921 928
720 565
75 566
516 915
211 439
97 86
500 316
18 27
468 496
973 559
869 200
787 689
913 990
775 173
442 805
391 526
559 210
311 356
69 641
121 337
482 966
654 275
955 491
66 451
917 469
686 15
450 530
221 473
786 298
491 526
33 288
699 296
228 390
221 170
55 195
137 557
366 726
882 855
813 646
903 672
956 181
13 808
971 219
316 722
540 802
881 536
72 876
46 963
537 967
965 652
976 100
961 274
350 559
595 374
522 703
645 778
963 26
89 497
437 445
625 613
429 272
358 505
451 46
977 842
280 601
98 905
718 904
736 17
244 169
61 199
724 684
536 859
143 987
178 758
889 859
80 354
52 254
1 589
839 786
278 783
882 802
780 593
955 889
117 754
519 922
417 788
479 786
827 208
609 287
369 955
399 112
382 902
80 486
497 267
186 254
566 779
229 994
263 181
170 991
33 377
644 558
805 434
327 187
311 524
675 34
911 507
592 50
710 486
658 920
200 879
778 495
301 516
838 844
771 782
341 178
821 63
792 564
143 624
484 359
29 173
448 184
330 458
395 121
236 109
833 196
540 397
679 10
487 1
685 669
864 256
951 28
142 487
780 332
379 918
377 454
95 226
761 770
800 968
982 693
854 321
428 220
795 950
224 20
784 361
39 1
821 872
717 313
276 50
320 386
299 592
715 197
455 950
326 361
876 775
850 388
403 15
817 779
778 171
713 504
771 133
18 782
18 366
475 635
496 368
860 257
704 796
124 871
336 971
322 339
347 978
992 745
121 480
629 275
400 715
614 204
538 851
358 358
569 704
306 528
464 535
247 297
805 204
760 523
295 950
610 218
637 22
313 717
132 749
290 601
88 715
239 545
366 270
219 220
597 287
260 274
856 4
811 558
108 364
121 711
362 116
311 322
554 105
515 544
569 514
936 149
929 841
380 24
140 544
740 128
440 919
702 44
590 72
915 260
225 513
500 732
654 176
637 32
241 840
974 289
578 44
543 390
543 567
180 686
496 908
527 802
116 161
805 613
117 890
439 719
800 439
987 836
189 293
977 969
340 277
594 567
380 371
560 225
974 139
594 231
366 292
738 819
396 854
446 216
906 100
821 249
686 94
508 399
793 816
13 313
426 547
604 273
554 269
243 863
907 263
852 555
994 125
783 987
411 135
227 363
205 84
686 450
992 626
175 856
720 75
34 704
844 704
566 782
565 443
751 926
521 602
245 158
896 570
283 926
889 696
918 351
753 798
238 904
452 308
278 441
858 328
845 641
553 223
105 22
331 560
566 347
933 671
248 771
901 278
776 783
664 899
852 965
842 174
301 91
704 825
252 827
68 982
632 391
622 68
403 869
444 225
404 205
78 185
492 871
703 525
787 993
339 874
778 29
649 821
852 892
512 164
667 633
66 921
505 273
916 931
696 96
980 767
299 925
968 310
131 2
584 127
561 549
941 160
229 231
321 192
809 772
25 370
675 762
860 461
568 406
443 422
90 920
524 422
215 270
934 676
899 184
17 80
969 480
221 351
686 757
374 54
210 668
156 87
807 811
988 517
441 926
319 685
728 757
772 117
654 568
399 908
100 407
478 187
270 401
765 736
47 407
284 634
444 61
129 525
930 868
518 348
188 231
530 44
188 860
945 655
393 715
668 7
938 168
21 90
695 262
895 320
658 444
241 572
460 955
878 860
264 171
673 147
26 591
803 615
287 582
645 950
723 752
271 652
976 324
687 455
577 40
551 878
251 868
731 391
502 587
305 669
328 329
18 437
844 234
666 484
580 17
186 17
412 211
616 104
104 806
297 901
519 386
736 237
532 704
855 486
102 901
737 710
67 550
391 78
882 242
751 67
674 375
810 608
204 259
53 409
896 887
840 858
901 833
449 65
884 750
662 751
784 691
337 552
216 578
615 793
267 26
738 954
735 348
639 514
1000 464
534 276
231 827
802 857
435 940
304 875
358 565
126 152
913 117
479 664
569 224
997 909
881 736
316 762
27 736
974 120
439 563
458 872
696 972
571 820
563 379
426 835
465 910
1000 209
247 591
591 60
316 873
631 868
893 96
672 409
633 252
419 740
834 279
894 192
67 680
784 372
399 564
3 33
393 602
599 299
38 381
178 992
188 779
951 784
179 253
703 127
38 145
740 49
906 310
783 880
842 51
430 425
555 397
694 928
765 68
924 500
858 600
576 813
410 85
866 860
132 318
640 63
60 392
201 621
754 504
673 949
690 157
144 876
885 870
791 897
959 290
684 446
687 69
110 294
655 271
291 662
528 380
647 759
931 814
734 758
758 793
421 3
476 103
895 960
829 530
149 611
924 477
860 693
30 590
835 336
956 393
206 29
65 320
9 228
193 474
77 217
405 109
105 736
985 126
97 948
471 8
392 691
634 196
683 720
349 86
886 24
358 347
102 963
845 632
216 224
709 566
621 721
636 558
480 956
18 873
993 113
627 63
356 289
670 8
323 94
449 845
46 677
25 623
141 71
832 520
529 600
403 386
692 535
625 814
702 167
915 420
944 235
314 145
592 700
665 844
688 544
237 915
192 556
71 103
372 765
254 489
622 399
423 561
559 250
899 617
223 377
249 724
629 114
650 74
482 687
401 678
929 527
274 840
396 379
658 20
541 909
228 757
855 867
280 900
971 601
610 582
581 738
350 877
658 778
993 723
471 481
238 167
595 946
662 105
142 380
772 287
346 41
209 141
678 348
860 350
641 904
69 52
770 19
724 174
836 630
892 923
50 610
989 294
665 641
29 25
31 558
672 14
986 583
688 310
507 813
426 667
139 294
282 382
292 783
528 869
280 423
812 68
114 108
227 983
780 486
645 794
279 155
479 900
110 693
213 851
702 157
94 39
831 477
932 117
304 72
6 358
645 112
32 607
161 650
208 873
286 252
75 700
666 638
642 425
726 622
86 917
247 434
109 215
541 342
48 731
971 508
401 143
116 109
445 146
272 489
381 186
692 10
463 424
694 858
430 824
326 228
668 387
543 946
404 463
222 829
235 306
473 610
849 807
192 182
505 431
635 796
812 86
606 958
528 609
143 878
421 697
166 589
836 886
578 131
46 823
179 259
865 835
986 111
390 90
858 420
729 276
702 469
976 953
862 58
201 989
17 875
105 456
486 969
971 57
457 389
114 575
563 151
387 699
433 725
693 441
294 24
607 321
161 97
793 262
595 527
79 740
901 252
709 798
673 358
607 963
423 159
25 55
250 510
533 789
144 786
685 512
94 639
27 919
527 569
840 469
430 570
795 626
232 545
449 901
226 668
654 720
679 731
132 340
208 257
68 217
47 320
619 970
980 827
120 7
652 891
511 808
688 57
626 712
954 987
874 22
590 793
43 217
219 240
706 807
199 78
859 861
902 273
709 967
591 387
91 237
7 622
555 446
657 421
467 735
600 98
5 125
166 849
922 87
634 735
840 594
277 90
418 981
976 472
736 291
391 569
438 274
472 984
861 848
974 685
13 1
872 152
561 274
141 256
699 298
62 982
779 817
162 524
831 458
365 929
166 99
787 200
680 502
597 853
564 302
2 930
650 290
344 747
633 573
791 487
913 456
751 632
4 355
522 505
261 375
949 649
78 248
698 928
154 946
217 528
381 815
284 269
972 305
817 658
66 563
621 106
618 864
623 260
690 580
233 608
507 434
506 146
766 269
386 923
396 162
731 461
585 193
185 632
283 455
326 81
659 822
558 861
987 209
306 825
364 134
732 52
22 550
874 358
263 365
115 366
207 116
91 642
347 698
93 436
756 9
940 357
891 262
388 318
537 906
766 164
484 787
749 267
837 309
777 713
814 455
521 513
399 984
406 112
153 84
481 610
971 782
484 984
358 196
876 17
969 5
56 363
9 436
53 426
873 244
88 678
135 913
33 631
693 654
537 833
562 625
452 919
862 193
487 843
286 630
901 665
473 774
302 710
215 226
130 443
980 617
895 712
20 951
574 450
482 256
987 659
452 349
702 359
462 656
954 356
906 359
592 481
502 166
92 722
626 216
470 9
193 999
599 928
406 519
146 332
696 645
782 389
851 922
618 420
48 766
296 812
266 705
343 382
106 254
216 416
430 744
369 147
51 683
416 634
404 720
621 749
33 879
65 551
138 110
86 317
39 725
691 368
140 905
427 614
840 804
355 950
159 142
662 636
851 291
884 935
38 751
58 392
476 481
44 2
575 750
298 116
4 910
676 366
782 116
297 368
674 264
766 933
39 740
771 997
324 685
222 337
881 488
221 729
455 700
520 40
251 54
380 878
148 90
287 76
581 920
232 847
821 284
925 168
692 574
28 40
274 854
538 796
772 761
903 33
637 135
246 26
972 658
790 256
479 443
199 422
642 314
219 692
980 631
800 38
132 633
275 852
201 763
908 20
436 495
595 619
118 848
181 802
358 291
692 606
264 198
60 649
732 85
326 80
935 521
697 50
957 141
532 401
333 194
315 712
901 722
8 465
399 29
144 273
91 783
690 893
550 413
120 295
567 468
491 997
804 927
414 26
676 430
66 611
938 224
902 244
672 118
86 422
478 259
978 678
912 149
152 434
176 62
249 64
727 986
109 912
987 546
883 168
813 396
401 545
417 592
194 148
927 926
154 587
254 140
999 738
215 766
333 485
165 556
312 977
671 757
159 619
607 474
495 222
590 742
401 518
812 55
528 368
638 239
88 329
29 112
238 160
815 741
505 769
465 343
283 910
135 526
808 429
622 882
99 767
736 293
32 260
705 92
792 731
777 23
510 116
383 969
777 158
993 771
392 747
81 566
736 714
832 688
187 294
660 480
21 471
37 94
300 492
201 45
576 107
800 83
334 917
74 160
457 503
200 671
462 183
362 743
556 265
622 91
745 88
195 631
421 108
363 282
247 663
13 378
940 151
49 228
601 737
624 573
519 331
130 887
435 578
263 560
711 128
730 805
591 779
759 337
258 61
483 236
139 759
467 852
645 909
358 397
213 474
78 964
996 312
389 594
530 423
9 679
750 971
582 422
899 33
710 455
672 609
249 459
771 184
948 678
172 765
783 795
910 778
510 312
778 214
21 476
56 827
108 368
840 489
784 208
673 489
945 686
648 419
99 881
629 636
61 903
931 899
258 154
605 521
983 329
444 421
4 354
233 775
446 203
467 222
583 661
336 466
537 784
132 742
227 827
486 700
945 142
512 599
358 341
872 597
690 760
522 137
868 470
405 694
716 958
901 578
907 752
389 291
311 164
614 715
63 784
111 994
706 938
870 121
113 102
986 322
873 116
160 871
493 501
646 269
705 719
153 940
872 813
34 254
899 990
846 660
505 227
807 605
614 311
614 19
369 201
986 202
19 224
106 65
335 562
45 134
660 516
275 933
740 929
972 635
549 613
463 249
838 532
40 86
898 849
372 392
403 930
964 802
264 53
582 347
980 845
437 662
23 205
597 431
266 702
8 345
501 649
646 360
8 506
254 828
419 602
131 123
183 408
117 303
113 143
544 525
324 87
497 6
589 617
146 602
983 977
797 538
222 282
813 880
884 937
958 182
8 166
951 982
466 365
213 569
840 143
482 465
506 402
669 301
8 443
516 652
986 153
459 276
321 197
439 248
664 180
251 358
875 424
481 197
405 25
406 484
20 865
26 802
668 931
894 79
925 562
219 624
338 607
817 603
82 169
399 226
162 162
744 549
132 959
241 903
413 300
699 545
302 109
770 83
932 831
187 941
657 390
247 635
137 157
886 897
324 151
808 860
244 85
84 331
528 765
590 941
903 511
898 292
648 413
469 542
343 785
201 169
328 918
45 592
929 64
235 835
365 427
690 793
704 960
697 953
857 215
324 187
598 195
922 131
370 450
618 195
958 22
498 446
130 843
923 978
797 524
815 182
128 342
925 551
291 531
229 569
761 741
421 650
909 745
279 166
301 325
672 632
324 815
644 596
214 426
50 430
402 606
44 469
965 461
173 102
462 43
878 288
907 868
854 180
928 765
27 64
978 416
2 37
961 476
263 832
398 290
778 262
133 111
60 992
90 83
836 137
996 253
498 830
168 228
896 820
882 693
850 756
457 462
66 669
945 890
751 649
501 375
952 87
30 497
554 660
588 918
227 119
883 603
703 511
581 152
486 550
130 239
360 900
355 308
809 193
901 787
970 234
538 57
15 116
967 531
140 393
143 284
430 992
339 323
94 514
594 584
84 454
703 256
825 443
308 22
237 682
896 755
227 823
729 62
447 454
876 693
895 422
684 401
625 626
365 412
464 350
811 363
804 246
980 516
977 174
182 959
521 391
137 283
982 771
962 37
163 17
218 199
131 485
321 312
979 149
5 934
407 622
959 327
425 237
286 218
952 743
455 610
842 764
902 54
181 438
367 139
175 106
504 626
475 147
82 150
746 94
352 162
788 612
435 264
349 199
241 390
833 496
461 168
693 685
202 521
843 782
131 676
245 970
323 831
972 456
531 698
49 586
799 593
648 93
10 334
753 458
311 707
993 205
808 818
699 727
794 518
577 284
307 56
973 287
655 839
127 662
510 711
797 558
934 803
753 103
255 8
910 35
914 362
301 218
220 483
505 717
103 615
550 176
491 497
382 702
975 411
19 110
492 186
734 275
570 638
931 5
121 441
713 599
321 795
307 790
101 179
107 910
532 780
670 716
849 579
4 509
322 540
859 36
725 276
949 653
349 450
298 347
604 83
160 114
522 836
895 244
946 734
274 799
710 928
729 660
825 131
388 836
672 780
517 523
207 879
579 719
642 389
262 727
346 645
711 142
721 114
322 770
855 107
755 687
771 398
106 835
238 239
525 867
942 85
15 527
605 588
99 858
806 515
261 613
467 681
474 253
467 328
80 401
596 480
962 764
671 374
260 246
25 717
548 872
659 930
250 293
395 641
253 240
875 183
507 544
562 805
877 28
694 390
670 241
775 952
987 969
569 561
425 807
423 185
131 56
266 485
319 115
136 938
543 764
140 146
740 999
152 903
726 394
683 146
763 698
227 238
977 440
291 239
871 378
650 937
167 145
442 985
388 240
320 459
807 695
803 809
31 106
732 386
204 156
88 2
269 339
156 133
465 761
789 515
525 669
308 907
661 844
746 75
506 337
858 33
220 894
162 812
312 865
472 496
503 519
729 767
788 955
435 676
464 294
598 573
391 526
446 565
65 416
316 493
303 160
352 192
470 676
695 865
22 531
688 150
425 318
832 299
79 813
559 656
825 842
60 71
772 693
307 577
894 154
130 814
562 393
940 977
821 639
513 814
615 105
576 835
595 320
960 257
756 752
167 577
462 883
9 469
996 182
623 504
850 94
459 892
965 769
469 965
676 668
152 133
69 382
954 441
707 637
282 862
450 809
31 698
446 837
987 128
68 644
654 520
951 600
603 47
670 727
952 591
599 9
794 538
649 630
340 372
883 268
475 257
542 937
435 16
475 762
620 518
80 209
916 964
364 345
436 880
444 906
661 332
802 341
711 804
115 699
856 371
430 398
217 863
851 262
19 325
41 214
895 349
194 605
593 501
407 554
273 597
600 879
626 322
929 948
220 938
595 909
870 695
494 749
509 739
225 267
880 344
913 605
87 941
413 2
515 516
197 694
218 323
420 523
216 829
872 4
738 332
694 52
582 598
457 749
380 620
565 623
940 980
374 395
448 665
835 476
648 527
888 759
78 720
796 185
81 231
759 364
477 12
946 669
211 721
602 704
741 409
836 707
889 299
785 990
835 884
618 457
126 45
638 765
683 134
797 512
644 207
408 260
329 470
973 892
646 774
487 137
986 106
146 130
790 560
56 781
558 826
633 990
521 139
313 337
710 221
194 390
170 727
17 109
290 656
680 41
885 822
648 243
631 618
968 696
390 847
194 604
569 820
685 595
660 21
153 118
53 814
729 767
963 478
341 341
313 755
340 357
93 592
979 774
614 792
462 927
817 495
433 320
155 432
307 720
753 688
909 427
569 386
301 522
978 808
181 289
456 616
153 738
929 625
469 983
872 694
806 398
104 315
606 48
622 906
693 931
721 227
489 144
38 742
139 625
266 942
697 737
217 321
745 980
206 993
190 623
204 530
688 892
952 322
376 393
326 697
669 3
47 421
313 315
692 157
897 796
295 141
831 395
275 32
203 63
117 144
530 276
688 768
882 897
597 401
990 514
631 586
838 810
664 427
994 129
185 705
285 340
984 459
692 73
888 153
40 894
447 987
65 301
529 629
989 268
723 490
541 725
240 715
104 406
305 384
768 915
256 708
764 781
642 612
738 157
268 566
412 993
225 884
300 301
87 489
217 691
679 598
859 919
506 853
553 570
533 279
463 363
251 188
207 238
441 375
1 763
230 331
621 102
626 285
235 612
462 658
894 670
83 278
678 285
839 397
64 173
475 711
855 266
100 473
146 806
651 413
875 738
265 592
867 761
573 165
413 520
299 310
521 297
560 785
34 360
172 646
556 961
170 719
423 794
609 275
891 213
949 392
301 641
336 122
214 125
18 912
216 864
879 530
641 820
728 361
725 40
700 600
70 193
696 122
212 468
483 914
840 445
496 999
809 840
539 733
191 221
747 680
816 865
542 134
994 95
220 902
956 977
940 911
978 914
906 328
195 424
182 695
519 532
228 973
909 154
511 964
535 365
466 231
660 373
461 304
974 588
203 340
871 671
512 176
80 701
241 715
2 649
807 662
961 351
308 241
976 317
681 468
226 649
304 535
468 982
59 915
442 407
558 738
81 339
20 795
329 918
179 863
14 478
706 449
659 357
722 817
389 191
827 894
627 107
256 331
484 597
226 56
37 715
908 681
232 483
551 495
624 811
83 70
297 661
40 332
611 933
849 21
948 623
56 785
770 75
6 973
231 901
503 327
99 521
988 537
420 965
648 300
531 129
793 882
339 721
882 334
380 920
940 456
812 373
602 842
664 220
545 718
948 999
473 630
964 581
69 84
660 186
570 442
520 566
167 695
278 145
432 158
918 68
854 327
653 652
904 135
379 624
226 315
792 268
860 83
187 916
398 202
747 660
255 335
560 353
516 335
897 988
251 702
267 564
990 775
291 771
286 887
166 892
980 789
793 237
116 724
459 315
973 377
692 176
342 197
193 125
59 755
414 840
114 978
933 3
356 88
200 886
787 532
805 131
329 394
425 166
975 61
81 823
965 121
720 31
296 866
885 207
910 323
41 668
745 146
494 795
624 925
494 766
554 297
829 528
202 769
340 562
221 896
867 215
691 751
280 206
154 716
507 632
538 960
198 312
713 716
515 160
665 236
673 194
272 101
337 393
358 414
89 290
607 668
159 299
712 744
637 693
328 722
866 312
31 489
624 691
94 579
656 447
808 518
646 374
986 424
67 766
78 319
353 277
605 107
90 243
448 383
979 157
252 311
678 14
115 320
131 779
778 839
203 460
335 745
577 700
681 574
293 760
951 588
812 689
413 705
560 385
712 471
379 803
619 659
871 745
119 408
232 866
239 192
688 941
159 752
138 87
979 314
443 363
418 529
625 506
165 358
629 709
188 97
790 883
690 21
158 945
711 824
825 935
411 789
716 205
514 19
940 692
446 644
480 879
818 563
435 186
679 495
40 153
282 443
79 496
991 23
127 37
394 467
72 201
894 466
523 125
922 668
387 522
289 901
235 928
651 930
59 955
668 467
516 809
266 494
311 954
233 801
574 885
316 279
349 877
277 192
591 889
83 213
297 927
147 153
157 273
318 242
69 372
695 836
242 170
760 782
611 986
519 57
626 311
238 261
320 930
282 729
58 395
336 525
445 894
720 991
110 101
142 575
629 352
457 617
267 116
852 21
91 341
963 489
971 762
544 815
384 500
970 13
745 344
163 271
440 802
757 10
38 945
173 486
236 358
218 359
917 712
168 270
182 98
289 311
847 350
661 434
530 619
989 165
604 932
17 537
682 206
204 581
832 860
378 237
996 638
858 884
224 598
772 686
535 403
919 302
989 800
797 875
285 498
245 189
492 374
742 63
562 914
736 140
58 888
409 287
387 664
444 136
433 7
285 12
238 483
295 269
177 382
120 955
560 995
265 860
345 256
631 377
313 23
959 404
496 615
868 303
301 355
599 463
247 477
806 350
222 186
666 455
329 53
626 92
435 180
223 805
129 190
736 256
903 295
895 218
414 327
266 174
555 1
111 343
568 710
36 823
121 232
724 141
947 106
356 153
71 927
787 707
745 532
562 279
72 5
364 518
75 463
445 688
59 529
526 851
850 705
529 832
424 64
709 741
842 496
260 405
248 498
379 151
36 75
426 386
999 693
596 395
306 167
593 997
993 283
658 323
441 751
439 902
886 570
38 254
587 126
868 783
65 75
714 778
269 507
127 312
989 176
763 943
775 866
966 460
342 969
279 710
633 170
316 525
178 785
701 248
872 104
477 713
83 959
813 256
744 377
113 544
205 545
673 757
372 378
246 872
732 701
567 386
353 702
726 801
320 643
644 73
695 482
228 9
265 547
163 416
584 729
443 481
99 257
817 287
137 363
400 19
77 13
827 414
445 787
943 367
515 874
78 333
782 443
837 970
148 18
916 716
606 819
313 397
74 272
133 724
350 609
198 465
997 264
391 341
349 496
539 881
430 97
637 157
684 685
616 537
308 294
89 425
442 821
12 281
562 120
260 65
904 823
376 606
798 112
995 325
426 397
103 77
638 820
610 36
287 411
909 646
442 931
414 646
477 747
636 240
668 879
998 94
855 749
693 340
539 376
347 730
424 1
184 495
939 322
747 280
706 300
236 439
73 548
234 317
130 910
502 34
410 456
277 954
597 516
399 715
376 692
765 815
771 32
897 293
731 552
665 53
776 581
790 559
322 49
23 306
845 908
269 621
260 746
482 367
253 60
924 494
790 238
997 387
608 917
675 321
184 680
477 845
544 588
516 55
680 605
400 954
800 891
259 695
51 362
378 367
715 916
224 784
860 368
342 359
53 507
650 312
575 544
680 29
980 109
493 802
332 884
471 104
200 679
829 40
124 16
551 81
232 697
565 372
569 640
912 747
30 979
887 476
555 628
744 770
936 45
573 57
758 412
851 860
537 151
236 534
644 875
667 840
362 791
769 784
962 452
453 653
231 970
495 319
691 73
443 891
58 686
919 726
41 123
978 416
506 871
172 484
121 742
941 444
773 560
880 225
947 381
139 945
458 965
397 103
97 476
319 749
703 244
289 500
136 933
633 987
293 388
249 279
930 198
541 743
38 575
82 866
786 119
885 708
521 722
312 161
71 156
60 191
918 82
890 354
353 504
94 366
560 922
850 151
174 43
762 765
962 986
75 188
722 392
407 8
672 715
66 480
454 777
659 256
280 386
349 818
212 994
434 143
823 260
299 7
192 328
951 59
626 567
750 44
255 859
952 832
197 80
159 165
152 272
975 572
967 175
744 463
157 90
611 98
106 528
234 961
58 189
731 238
531 433
229 531
277 942
316 105
382 515
657 881
518 67
258 659
353 327
413 787
675 797
92 36
153 921
859 245
452 405
170 391
787 242
506 704
464 673
504 120
888 528
543 475
640 285
519 287
119 787
504 61
790 924
444 801
238 318
124 936
852 239
979 539
728 926
436 279
203 264
829 573
155 940
759 177
146 927
251 443
989 477
349 982
762 244
460 886
415 323
918 639
525 298
251 368
198 805
26 546
374 142
720 997
603 324
404 152
855 97
116 437
283 123
825 67
810 239
852 561
339 134
924 467
929 38
290 773
537 384
613 946
627 530
604 299
494 921
650 758
903 850
722 40
863 78
167 412
286 17
293 179
26 23
377 453
558 947
427 563
447 576
124 382
260 506
697 381
762 756
139 400
783 844
271 690
125 345
346 262
556 324
583 49
530 631
67 283
48 761
348 387
136 221
419 420
110 458
576 775
833 579
940 558
132 260
18 855
223 175
301 879
168 93
387 34
909 524
211 927
418 271
179 626
644 98
563 977
705 8
443 777
511 748
371 526
825 226
678 142
612 467
151 452
222 162
728 454
907 121
66 61
577 130
748 497
820 6
386 233
380 423
844 97
836 704
420 994
985 943
989 40
205 110
588 10
914 757
576 753
289 859
205 140
992 29
357 56
710 770
117 24
519 976
741 420
284 720
717 480
932 877
158 929
332 521
475 729
779 810
468 415
85 825
855 285
875 16
756 372
561 466
761 309
815 238
397 389
554 732
544 946
431 148
576 462
293 860
548 830
21 353
906 608
304 322
244 560
449 636
267 975
584 777
523 570
863 903
428 684
122 803
683 928
828 400
229 764
85 17
361 145
699 199
707 700
456 92
392 378
69 303
368 76
624 466
347 573
886 840
505 180
458 117
50 34
217 678
677 600
845 223
409 374
679 118
243 200
641 581
638 559
50 632
500 125
510 498
398 390
681 965
716 516
950 626
129 146
765 197
490 713
277 390
790 71
320 275
428 493
648 362
874 504
170 653
89 340
148 377
48 539
440 354
704 593
366 655
959 89
481 193
430 775
289 197
533 512
184 382
642 370
719 39
52 589
785 977
535 144
846 993
680 610
674 896
125 923
145 309
492 985
967 690
813 794
609 525
803 842
495 931
180 320
2 567
149 292
192 855
327 802
664 648
694 646
827 964
78 305
221 63
510 807
294 414
422 18
612 279
405 819
607 640
165 376
209 337
803 168
745 789
902 539
213 680
259 639
359 692
391 533
279 646
19 445
970 290
37 216
999 211
684 693
205 126
169 798
254 120
421 922
287 351
366 649
864 989
870 58
794 147
494 94
473 773
432 86
149 901
176 819
376 525
499 137
442 943
771 701
696 181
196 938
218 299
756 257
745 540
207 609
688 237
364 479
188 336
806 546
76 109
13 836
608 991
573 941
661 226
831 285
458 58
791 95
441 27
232 89
876 12
914 196
478 210
338 175
106 972
237 39
42 934
279 664
992 722
683 74
499 317
459 54
548 680
846 257
439 454
121 308
318 640
831 463
230 725
28 811
143 399
648 79
600 538
604 349
93 215
262 103
89 100
845 801
494 985
842 492
440 657
165 716
198 520
92 930
83 631
241 595
157 402
506 620
11 795
478 92
136 287
645 397
482 664
284 136
518 189
927 201
334 178
307 544
552 184
393 665
820 716
121 472
93 325
21 117
964 521
325 790
647 331
210 876
481 705
532 437
206 224
400 3
369 401
59 234
418 114
333 88
689 141
136 935
531 367
621 957
785 47
889 989
727 250
561 217
108 716
327 547
413 437
822 436
448 875
431 25
602 393
510 872
213 433
50 129
145 182
479 154
785 687
278 573
309 726
461 239
923 267
180 597
917 873
128 933
794 173
942 143
792 863
894 830
545 393
325 292
634 474
349 89
869 871
22 827
425 956
787 654
720 146
843 875
283 971
966 688
298 333
60 608
987 963
867 196
415 416
961 259
755 721
474 424
198 515
849 915
225 601
470 645
476 955
414 717
237 525
849 885
901 717
721 595
981 379
707 980
692 562
892 767
710 743
573 898
963 673
692 970
144 618
524 656
37 30
83 173
28 508
858 999
105 515
237 305
861 555
754 346
31 441
664 360
690 437
174 262
626 577
315 393
581 964
980 365
987 64
621 301
575 93
70 173
30 541
621 228
168 877
868 870
393 88
144 649
76 399
728 758
418 800
838 905
698 345
683 522
918 902
810 306
802 684
5 809
899 931
161 737
354 660
699 222
720 970
173 399
154 693
808 895
843 186
278 653
122 927
171 502
416 831
185 957
72 456
852 930
664 810
190 275
507 887
693 87
373 279
391 440
566 684
933 684
671 157
219 259
792 227
286 524
427 599
871 934
588 746
597 429
953 933
156 105
440 982
675 50
306 892
607 4
184 662
966 565
910 65
119 981
620 948
226 627
475 182
888 949
926 606
232 51
455 271
776 121
855 888
943 209
814 330
74 556
500 374
781 75
665 691
59 291
414 314
496 160
936 994
52 543
415 389
30 690
521 439
546 422
55 604
958 91
891 141
819 107
246 631
458 266
143 624
22 681
270 239
341 383
870 172
153 438
968 947
131 255
845 456
384 744
564 31
16 447
262 607
393 723
236 922
875 705
446 263
255 26
679 524
199 974
323 862
931 996
227 919
562 263
500 960
174 741
149 288
664 946
186 300
468 770
806 810
146 482
963 377
527 613
69 477
797 906
24 141
562 164
648 294
65 741
704 733
119 112
582 118
107 737
347 731
864 632
3 91
539 822
23 719
785 143
806 775
596 175
58 477
244 739
849 838
507 347
468 400
314 664
55 477
909 526
913 646
40 253
870 560
527 107
668 743
60 960
554 892
863 159
192 641
407 736
620 384
797 600
735 119
117 389
893 377
254 516
410 286
153 367
571 939
685 272
515 626
875 4
522 716
708 844
767 140
68 531
219 630
498 927
646 702
771 661
552 294
26 822
542 461
972 937
487 83
101 248
131 707
690 259
231 315
576 622
457 873
146 317
266 454
325 650
351 451
599 414
32 33
30 550
816 500
644 979
588 38
957 224
888 417
487 394
186 570
486 691
446 282
851 867
783 923
358 293
931 345
744 897
963 956
878 692
106 938
690 869
965 209
713 917
298 666
92 466
307 738
972 930
499 744
806 210
112 452
697 192
644 262
775 960
53 134
390 719
257 746
910 923
195 186
133 377
74 842
149 666
811 916
658 632
37 201
803 693
891 110
479 720
583 361
406 909
686 863
452 860
971 358
215 399
496 342
331 59
291 660
864 98
208 250
632 281
163 84
473 625
991 557
325 295
521 511
856 537
777 884
291 808
596 916
115 614
136 423
667 39
979 603
413 225
580 81
394 905
191 935
754 503
7 36
207 907
440 377
771 79
529 765
84 51
767 782
722 633
144 764
591 554
803 381
634 536
42 364
105 307
823 755
989 131
120 486
513 48
408 102
30 381
986 463
527 402
763 74
929 151
935 987
278 75
46 16
825 782
216 705
859 728
64 792
863 575
925 203
584 453
697 210
852 475
784 85
670 829
85 699
136 849
994 202
834 743
293 474
83 820
493 613
768 584
526 530
635 645
543 801
277 496
291 561
552 561
184 104
858 30
286 161
935 728
976 139
877 338
301 498
250 854
675 828
951 663
324 111
271 18
192 307
828 732
552 393
549 439
860 801
663 207
909 324
126 510
773 906
37 445
651 946
447 781
406 176
46 726
681 502
551 442
220 602
5 338
275 400
489 837
152 719
169 787
865 649
399 968
260 540
60 817
795 14
371 363
260 840
748 277
368 959
474 310
167 578
33 654
608 953
32 767
780 620
416 129
203 390
386 70
376 454
275 326
986 323
968 478
486 479
286 154
942 576
145 424
946 775
325 232
999 82
587 94
946 751
125 710
463 477
346 895
262 719
214 567
684 253
913 676
692 147
732 63
62 124
290 442
506 887
995 216
979 316
84 639
727 760
746 263
310 355
523 256
431 39
533 211
656 662
773 628
778 595
124 233
834 373
894 715
513 201
92 251
940 525
818 696
240 91
759 600
826 740
973 941
822 320
317 705
972 656
163 216
32 200
357 277
248 371
376 492
170 687
52 633
158 511
144 772
40 655
219 259
888 195
529 582
495 554
18 433
428 283
155 471
678 66
765 723
552 250
487 671
381 698
104 918
653 96
380 284
399 429
297 255
665 9
837 606
655 244
3 366
991 534
373 70
391 598
675 187
292 698
958 181
428 741
613 903
350 978
994 9
479 134
951 395
49 356
742 366
164 844
587 424
46 753
398 742
210 85
725 225
356 544
832 184
292 626
936 307
957 787
539 382
900 945
792 783
862 542
365 548
698 399
979 758
732 454
96 575
98 854
91 973
965 666
832 956
664 561
728 176
428 553
376 561
18 939
947 647
554 674
380 864
40 619
23 228
180 743
986 440
108 45
253 402
862 900
191 997
478 532
335 456
883 103
566 707
534 512
396 822
755 980
889 826
287 621
982 997
844 657
761 120
820 751
877 530
216 733
281 856
864 98
110 193
414 260
678 283
304 291
588 682
169 807
552 254
987 386
611 124
690 551
811 592
127 426
500 275
378 789
490 372
939 524
987 904
495 273
808 251
913 120
34 588
375 396
841 346
872 389
604 311
252 871
637 426
992 511
313 305
600 173
78 632
106 165
285 314
613 195
654 899
702 163
224 651
57 699
909 19
552 730
207 434
176 821
625 932
680 368
309 766
9 266
399 495
65 906
567 103
454 669
646 374
868 140
131 938
67 645
159 273
845 302
152 479
792 68
572 401
506 624
534 816
758 228
132 615
541 796
396 181
655 796
636 840
578 545
899 589
228 888
631 452
974 725
103 865
197 492
370 177
300 136
185 968
548 837
853 819
158 714
696 433
139 126
758 934
159 480
793 632
670 891
491 459
842 327
5 848
6 818
482 598
391 599
728 197
609 734
225 65
572 193
778 662
287 515
493 696
468 333
175 113
435 545
842 569
145 122
371 642
923 244
828 355
176 626
899 229
343 407
967 288
804 803
284 648
849 636
949 322
918 582
248 707
69 404
872 930
119 264
369 335
911 408
699 190
790 437
981 711
578 304
92 659
604 469
629 531
788 820
638 496
196 59
813 647
956 764
583 79
681 332
966 336
474 336
98 279
842 486
774 303
881 735
607 532
719 53
663 206
684 759
461 336
356 92
35 522
324 609
573 56
152 608
391 892
380 887
314 168
162 746
613 362
593 564
705 321
22 627
846 167
491 21
493 170
787 23
434 934
297 615
905 763
194 556
1 409
392 321
577 31
339 767
219 841
698 662
554 942
632 698
739 827
158 800
721 178
844 663
441 235
711 803
242 41
986 338
708 596
195 301
564 977
759 866
108 450
835 209
559 909
816 539
251 271
483 32
4 382
729 250
169 133
130 561
276 554
848 731
658 509
616 430
997 986
280 320
645 897
944 24
149 780
901 318
66 938
31 219
428 279
664 133
74 93
719 487
245 676
242 480
51 783
281 383
603 414
881 983
800 77
256 711
457 418
575 671
470 371
998 894
503 643
817 382
402 729
949 288
263 440
945 978
329 895
138 117
717 593
707 989
864 534
326 889
159 844
394 914
962 379
309 934
865 959
728 534
194 413
988 477
80 540
884 399
376 950
141 166
63 674
163 260
978 897
581 784
460 165
990 82
924 168
468 394
434 471
643 404
925 316
384 371
144 576
339 833
777 278
436 818
792 515
12 571
423 612
286 415
439 148
354 438
416 387
371 177
377 758
215 575
232 859
739 421
381 759
157 976
220 59
976 678
36 790
924 251
741 316
199 373
953 122
414 334
173 385
239 370
801 450
216 632
695 734
578 62
709 443
815 619
141 51
112 260
138 100
503 963
141 365
209 828
668 691
225 207
679 895
2 335
634 30
938 510
993 736
203 53
407 629
9 77
59 352
219 583
364 314
516 309
548 910
725 40
585 144
343 343
96 356
660 187
137 925
78 344
192 373
631 131
774 985
732 820
576 247
640 908
46 663
489 66
980 352
181 633
360 194
692 20
903 932
779 141
733 218
403 381
685 954
889 708
159 939
474 580
278 761
189 216
190 560
140 940
588 238
984 528
380 907
913 785
715 419
843 702
141 799
409 43
310 398
957 6
670 809
182 858
229 45
311 632
858 303
94 148
140 729
890 40
474 723
106 445
958 844
141 673
276 403
842 684
685 552
875 183
550 208
516 653
808 745
177 402
997 933
986 567
195 698
591 803
631 248
989 352
721 923
754 262
439 461
115 218
106 237
290 603
66 480
356 961
932 611
446 202
251 724
861 815
156 49
149 788
696 163
970 498
212 65
657 136
628 738
969 351
80 527
316 453
403 408
519 27
834 687
277 540
272 883
744 685
815 697
179 848
326 573
522 663
378 364
386 638
24 302
115 292
636 196
875 605
911 328
359 518
564 143
921 438
838 694
688 600
387 504
389 204
318 855
802 995
271 530
115 719
725 527
599 427
456 64
224 120
484 440
84 666
900 472
263 658
510 504
837 807
848 564
555 269
28 331
330 33
34 5
16 373
990 74
992 27
62 629
625 280
674 919
289 365
1000 856
722 440
853 620
227 711
735 441
916 633
280 810
669 872
983 919
399 550
624 806
408 929
544 18
328 462
673 825
518 987
792 801
717 604
394 501
536 630
677 941
773 857
418 156
80 36
580 403
668 825
535 582
270 660
527 842
187 366
359 280
592 938
990 89
304 444
860 618
238 264
659 700
944 58
205 393
581 724
303 699
451 470
869 195
876 347
468 415
977 249
492 935
318 175
970 289
22 205
163 785
632 354
678 47
443 128
844 928
806 576
85 940
719 519
604 350
720 430
525 543
932 163
270 895
505 903
838 535
152 699
304 331
146 167
963 97
909 953
651 250
833 537
312 624
12 805
784 221
899 616
221 418
976 670
470 354
73 704
100 216
834 61
170 682
580 677
570 710
128 122
466 684
310 274
496 967
212 676
274 802
601 652
328 102
184 624
153 263
583 515
917 299
63 537
271 684
213 119
594 627
266 64
887 44
42 363
257 392
151 164
122 735
950 22
389 835
888 81
114 704
209 905
296 844
727 850
526 410
343 453
642 576
249 882
473 76
572 81
86 316
160 671
216 663
94 747
456 688
697 97
22 854
291 507
532 523
623 503
545 144
460 181
652 475
168 175
251 760
975 451
646 241
667 160
813 22
406 66
29 604
950 508
363 900
628 891
444 194
761 547
97 597
313 458
553 640
237 59
521 704
938 449
486 943
91 376
945 682
235 371
640 999
474 967
307 292
617 424
364 466
341 785
321 791
347 165
660 83
418 329
244 183
88 563
939 818
60 538
233 889
853 985
72 34
695 171
345 408
737 479
903 712
146 141
575 518
211 121
293 874
412 48
437 415
865 129
961 90
322 534
25 676
292 502
696 857
99 720
796 752
703 930
817 384
737 487
532 266
594 651
41 776
79 323
459 621
399 521
426 495
631 810
617 248
503 9
573 111
596 662
886 59
946 339
74 266
853 354
107 868
388 349
637 350
121 648
59 211
546 664
736 907
451 858
495 405
618 22
143 28
912 134
154 472
427 91
444 851
721 94
302 958
114 864
561 245
827 20
762 159
493 12
21 157
163 759
405 498
717 509
987 127
679 88
354 35
687 16
306 62
491 914
997 308
202 112
340 752
44 848
238 914
398 367
55 167
642 756
970 668
497 647
292 321
25 858
773 512
611 589
994 262
950 512
684 534
84 581
296 159
718 92
135 751
653 387
106 632
191 379
261 562
163 654
170 935
86 932
696 594
253 166
268 487
73 440
894 326
96 632
803 158
935 432
723 692
196 449
736 229
122 369
853 17
21 623
277 432
509 555
298 458
843 602
33 188
311 311
155 714
207 137
106 360
660 779
548 326
863 37
729 158
703 208
313 837
478 806
211 536
105 946
4 800
144 290
85 4
450 778
777 13
673 560
32 592
487 639
174 846
315 739
327 802
648 431
148 94
701 406
847 41
654 767
650 763
887 775
726 714
456 324
621 79
59 625
334 167
36 437
449 725
348 779
319 922
699 600
446 469
526 422
42 478
833 133
263 775
59 145
330 698
375 965
583 618
414 13
294 626
913 240
982 958
325 219
273 614
134 741
910 763
665 793
784 192
566 25
633 949
412 232
332 384
690 703
663 849
81 833
802 813
855 918
117 642
350 463
88 489
499 524
760 206
913 664
527 31
19 395
147 624
768 170
212 977
447 839
853 421
328 149
245 440
492 983
684 704
184 43
929 175
4 756
872 602
661 198
888 619
638 687
879 439
945 968
327 341
892 192
19 229
468 509
333 484
187 272
296 227
779 366
972 759
751 188
673 671
22 665
623 761
463 220
556 105
594 105
422 411
832 386
599 108
793 114
812 75
767 925
647 540
103 298
917 156
100 175
336 334
879 755
425 9
841 997
651 987
189 385
296 225
874 19
995 244
164 971
481 170
440 760
883 727
288 20
461 520
400 659
466 535
124 569
119 418
405 71
768 626
882 37
70 274
649 980
486 328
272 469
443 496
196 3
73 22
663 691
921 488
934 972
159 226
195 924
25 610
36 990
934 774
790 437
775 690
242 996
380 569
167 940
876 808
645 315
983 868
660 597
408 532
769 785
281 285
706 558
138 89
346 749
826 33
126 510
392 580
547 335
532 1000
786 86
112 259
206 460
118 507
557 337
650 872
895 349
64 995
476 90
806 365
832 37
535 418
869 544
201 800
102 236
75 710
914 270
219 905
326 136
672 493
244 873
471 679
227 311
528 835
82 993
434 883
799 255
488 506
18 594
450 166
767 74
88 469
395 725
325 834
889 59
46 250
174 214
631 455
447 600
617 439
303 500
784 36
330 176
241 632
492 651
881 982
863 824
624 834
854 699
190 996
909 957
111 648
419 696
464 122
658 939
496 951
194 419
372 203
316 33
637 445
525 898
746 496
160 106
102 118
841 516
349 932
262 524
367 296
263 727
624 321
895 425
557 210
615 496
48 740
926 961
912 401
964 339
533 206
190 896
70 180
709 488
444 879
735 147
324 55
911 27
838 855
10 295
969 759
732 729
40 115
401 521
785 146
773 262
382 855
726 646
401 756
527 906
230 721
803 242
181 448
485 933
932 192
149 475
269 804
471 4
913 195
450 472
266 151
953 534
934 73
403 46
178 829
591 707
151 657
96 933
13 994
603 433
382 693
921 68
345 428
355 827
96 922
137 516
267 496
402 395
790 133
173 981
863 609
378 255
142 625
672 78
338 674
