1000 311881
5000
238 404
50 129
289 92
214 318
107 191
427 113
284 35
117 428
208 207
240 369
460 490
230 437
294 201
248 332
266 484
192 275
108 302
413 347
84 330
173 112
235 39
241 422
134 235
52 324
201 348
55 148
234 327
293 247
315 7
72 246
101 488
241 112
305 80
166 333
285 136
65 393
155 171
27 302
203 294
46 231
98 98
367 196
209 101
457 325
330 412
366 463
402 31
234 452
392 137
317 135
184 338
216 169
293 473
270 417
156 299
467 308
154 305
441 332
71 189
416 204
119 295
218 117
478 96
74 310
20 291
306 63
401 197
68 425
222 465
116 79
476 65
323 389
181 285
376 177
488 181
321 356
464 166
299 88
447 176
37 215
119 219
327 363
149 350
64 410
205 62
189 393
270 448
50 285
407 32
182 477
371 63
476 253
472 221
194 13
253 368
123 133
372 337
194 76
399 302
241 455
316 77
247 105
162 442
370 58
56 436
350 232
494 312
198 100
181 89
227 220
127 371
213 425
64 330
458 350
40 227
77 169
458 353
217 130
408 231
393 181
193 193
437 476
473 279
65 287
229 57
47 72
199 431
86 209
443 392
428 151
159 105
460 10
475 220
445 32
460 313
139 35
305 106
259 282
114 94
164 202
361 192
222 275
90 258
444 352
265 226
425 386
340 229
238 87
470 361
457 308
303 123
105 257
336 90
138 69
408 34
33 272
78 64
322 343
73 432
35 382
7 374
479 465
46 12
349 119
400 338
223 123
272 17
163 276
72 12
157 401
103 110
211 418
272 102
474 421
109 228
493 484
243 273
99 281
354 449
113 130
322 424
224 135
234 191
47 291
491 158
98 312
73 409
236 111
495 273
16 21
370 68
298 481
268 379
264 179
276 66
49 263
327 216
418 117
284 257
314 444
149 316
198 72
331 23
73 193
71 487
488 198
336 303
131 50
29 271
120 82
423 372
299 274
382 470
450 188
132 269
128 436
241 117
218 207
283 144
276 422
259 53
201 120
15 413
498 222
252 214
163 44
394 132
450 483
432 292
437 105
201 302
380 239
11 408
454 44
475 129
370 331
34 276
410 120
338 139
269 324
245 36
16 491
203 449
92 436
121 84
200 303
453 434
312 233
39 200
462 447
28 447
165 360
401 343
491 226
218 244
218 472
114 127
410 350
221 93
32 14
250 118
477 16
31 327
147 129
441 279
240 43
210 178
180 28
314 433
165 387
142 17
34 130
16 351
230 401
14 88
133 335
62 238
459 85
74 409
33 390
219 269
447 441
199 30
492 254
28 499
36 92
413 328
453 203
493 223
455 333
455 367
309 41
226 16
228 157
459 255
428 251
57 323
220 145
47 365
72 383
16 57
148 278
203 491
432 66
478 53
214 147
364 293
306 61
129 491
143 92
251 23
10 327
179 465
11 173
6 354
254 358
193 400
443 456
497 395
460 10
189 463
234 94
389 403
309 105
56 215
161 467
54 176
448 22
133 97
172 226
182 28
184 222
406 195
111 68
482 415
485 201
437 219
330 322
93 207
177 103
347 426
8 158
492 474
162 403
491 232
40 327
434 139
262 454
90 140
104 332
57 414
300 310
256 161
75 409
196 202
202 81
195 113
357 203
178 357
71 207
96 460
158 116
434 397
64 253
244 289
234 440
183 348
289 276
423 67
199 302
303 221
312 477
212 449
30 387
408 95
411 418
158 447
314 255
438 109
29 391
417 99
26 230
57 487
51 134
407 465
209 200
228 323
363 243
66 305
223 161
421 20
371 185
125 10
244 441
474 391
63 7
73 2
77 81
422 186
433 277
77 310
356 24
115 380
281 288
218 169
164 133
371 309
373 426
471 142
40 490
249 279
31 149
52 152
298 472
289 409
150 469
439 300
310 425
342 313
394 101
331 357
111 256
59 399
69 75
429 488
161 279
441 159
395 230
321 415
342 177
444 397
337 258
279 459
135 11
40 451
430 332
110 416
332 142
98 332
268 246
235 184
105 148
94 366
384 349
305 383
324 346
435 188
67 325
172 93
195 184
301 405
325 406
137 17
412 489
269 77
132 301
161 57
384 467
213 202
408 416
477 297
404 26
368 444
95 117
159 16
62 337
217 262
362 24
156 283
44 90
4 470
5 388
462 334
26 355
124 220
416 413
393 353
419 381
109 309
483 37
364 72
141 10
169 190
2 97
450 174
206 361
252 275
498 188
393 261
112 492
415 301
452 127
135 424
374 100
248 132
306 446
376 335
435 450
327 62
26 136
385 474
92 335
383 356
152 327
82 338
229 8
358 199
463 391
362 75
124 211
498 428
136 435
481 417
222 247
316 42
243 289
318 97
279 73
492 96
206 233
377 210
255 28
447 410
120 401
343 266
341 1
141 430
127 22
203 152
232 413
152 489
368 322
264 28
425 13
291 238
446 424
188 368
101 388
183 417
377 12
16 229
398 294
297 279
416 475
51 317
329 373
37 458
435 372
125 446
463 409
232 411
419 106
48 214
60 5
110 423
256 132
478 218
138 138
475 138
195 270
262 70
232 259
279 258
173 260
144 69
212 362
264 21
109 159
253 195
370 236
19 446
180 317
282 360
133 183
376 314
187 153
407 430
372 321
401 356
127 208
76 117
7 205
117 385
338 131
339 394
63 109
497 174
95 31
419 389
295 500
387 134
420 435
198 488
490 20
173 283
364 55
430 333
309 187
440 446
6 490
77 331
312 130
475 391
140 498
397 56
22 366
15 446
461 465
146 78
279 29
432 473
224 331
35 483
98 482
87 223
251 425
447 436
305 85
21 391
424 124
268 221
473 477
486 148
387 375
313 151
10 402
38 452
221 248
214 235
224 418
27 453
7 211
484 102
176 305
353 144
249 341
392 220
54 165
207 245
353 212
372 79
381 173
190 417
4 359
367 113
298 384
165 118
463 430
99 290
331 458
201 500
329 135
425 256
35 162
208 156
372 448
48 70
378 15
122 482
355 463
468 406
260 457
392 292
381 345
349 36
151 397
35 37
330 109
234 28
28 343
441 496
97 385
476 64
433 137
179 23
323 216
364 185
290 13
471 327
123 21
285 4
383 1
3 211
397 37
205 334
107 194
235 438
33 46
233 6
78 188
112 428
38 297
60 403
419 386
413 424
198 12
104 340
278 228
189 368
416 428
380 371
339 275
456 21
309 236
72 387
84 251
166 66
36 275
371 243
165 279
386 349
44 16
492 254
370 370
423 141
339 382
168 403
430 114
70 186
362 345
95 74
127 41
49 228
350 210
475 230
396 110
87 82
371 92
331 379
198 11
446 235
337 80
20 106
472 379
454 169
355 36
74 243
304 395
91 133
360 278
142 440
193 441
202 463
32 394
496 323
472 350
184 353
241 241
371 59
289 205
290 439
223 438
491 325
91 236
106 468
69 316
345 265
495 347
341 144
356 223
352 97
433 480
327 14
249 469
164 180
103 447
138 2
332 106
399 72
73 278
126 168
415 282
255 357
484 212
224 283
216 127
40 357
80 203
123 121
469 94
215 51
241 139
373 381
52 222
128 432
158 451
56 459
116 223
166 136
215 116
425 1
414 493
300 372
201 182
248 239
11 138
408 470
460 436
421 68
463 187
246 409
67 122
491 239
255 101
484 23
163 271
439 227
490 55
221 24
80 298
98 178
411 466
427 231
131 47
328 243
93 382
53 360
181 188
175 402
117 354
265 113
184 289
351 340
483 69
399 39
256 252
143 60
224 435
473 200
32 149
9 442
358 65
438 364
129 212
460 133
179 494
30 163
372 33
134 367
472 65
412 469
55 84
167 463
475 469
216 319
75 396
478 462
393 123
35 82
171 295
443 167
358 110
457 127
57 382
428 463
63 252
128 333
199 331
413 303
306 173
99 228
43 333
36 18
444 76
117 400
105 138
272 393
297 45
37 365
478 50
258 484
22 56
158 163
262 465
287 380
388 70
22 109
299 205
202 356
437 135
156 58
13 408
486 229
42 282
109 94
240 142
409 301
104 102
268 174
479 430
329 312
112 111
340 491
421 358
220 52
256 145
34 304
370 171
218 178
317 183
406 78
220 243
318 58
491 38
299 497
442 18
404 437
245 22
10 321
498 490
220 180
236 298
77 300
137 307
73 203
169 397
48 49
427 473
75 386
413 388
313 404
82 328
2 154
162 49
408 249
131 10
109 1
252 203
328 285
398 99
320 482
310 393
15 186
371 388
176 248
200 304
16 469
329 222
155 186
170 201
36 29
119 284
295 12
297 147
10 389
226 71
317 240
203 215
215 118
267 155
318 482
420 193
430 65
390 324
15 11
324 234
365 382
427 120
32 157
495 381
65 90
481 466
314 140
401 75
419 384
43 459
490 271
457 394
385 76
125 155
414 158
181 73
278 371
488 308
17 327
64 312
189 427
55 366
23 329
326 85
229 495
312 365
68 252
454 213
455 287
268 216
450 195
287 191
155 376
83 4
36 8
320 324
364 10
73 108
396 171
13 125
39 6
410 135
247 119
381 356
481 80
52 95
424 87
488 246
441 308
439 95
212 470
362 243
183 428
50 302
108 268
23 476
206 359
444 80
437 297
290 232
193 370
253 164
203 216
338 157
348 412
315 449
384 481
5 154
436 34
103 184
59 143
96 119
327 19
359 3
284 239
268 307
172 301
237 458
110 383
473 263
274 454
358 79
41 299
119 282
309 365
115 449
103 353
21 249
259 359
320 231
287 350
287 428
451 267
455 324
263 483
270 213
407 12
127 26
313 152
375 256
61 331
296 349
58 62
169 438
376 72
150 211
289 119
395 263
25 332
59 412
150 79
476 28
144 398
33 183
174 35
105 429
440 19
58 224
127 399
395 337
31 354
473 481
216 231
347 174
135 336
105 262
187 1
139 412
54 385
357 489
211 66
34 478
494 61
289 449
205 66
383 221
305 190
236 45
52 445
30 430
324 148
167 499
341 72
155 263
487 176
450 282
192 151
74 347
310 289
132 452
193 473
101 91
74 98
164 351
267 233
110 352
184 348
63 84
133 290
31 380
435 89
183 11
311 354
213 247
340 34
147 230
291 466
190 361
136 379
476 500
77 493
471 47
38 53
126 405
100 140
341 253
179 60
326 320
27 387
499 236
402 248
43 171
146 174
488 329
318 135
100 274
230 342
188 100
153 184
117 342
40 496
230 145
324 170
425 398
310 312
400 247
38 374
147 441
311 268
326 433
88 421
474 33
252 211
495 447
107 197
279 73
349 291
469 372
42 14
99 351
314 334
186 89
280 427
313 353
193 363
28 216
70 392
491 133
434 338
60 266
478 349
4 265
226 491
315 497
310 330
261 276
7 205
2 415
451 307
210 112
93 185
381 9
146 18
199 439
172 106
300 422
129 440
78 57
495 393
129 399
203 104
8 186
241 159
74 287
48 345
309 131
74 251
485 151
177 434
69 330
394 182
209 16
300 190
177 448
36 373
265 98
160 470
244 51
307 306
322 200
160 413
175 246
4 84
293 195
23 172
23 264
221 124
198 179
402 78
205 285
197 467
131 111
290 214
328 470
50 34
441 116
159 261
445 320
403 137
269 162
77 473
440 153
91 132
13 249
12 98
61 116
277 96
458 256
233 359
301 179
309 68
14 74
421 324
193 313
226 161
208 376
320 55
26 491
426 211
16 443
135 104
179 259
213 14
363 350
29 254
140 239
329 14
375 289
65 438
221 145
366 275
310 111
273 297
48 364
374 411
394 26
253 112
254 377
498 354
36 372
233 154
454 124
51 445
412 133
429 208
143 63
68 132
378 32
440 32
132 19
195 230
398 75
183 233
446 481
262 173
255 493
403 382
260 142
384 404
483 60
438 428
60 133
25 223
164 60
129 169
343 380
482 428
59 418
481 426
148 253
72 300
248 398
314 332
218 311
495 460
236 266
452 364
178 477
57 98
285 54
430 325
224 29
60 494
205 378
395 65
191 496
195 285
437 472
95 475
434 28
23 44
419 478
95 497
211 10
68 67
58 469
378 319
225 114
72 404
171 357
401 113
221 198
17 457
307 391
158 296
55 430
413 192
363 204
161 42
150 229
129 263
327 49
335 351
471 189
440 211
245 34
466 241
377 185
493 246
220 197
349 427
78 199
409 201
309 20
274 321
54 169
457 47
351 190
461 33
419 413
340 260
12 452
248 175
153 332
266 436
63 421
409 248
354 481
247 292
32 244
229 445
342 314
177 10
31 98
437 145
128 338
278 255
120 153
27 104
309 482
164 259
77 498
402 47
24 61
207 292
485 316
444 439
8 85
259 469
220 61
256 84
69 351
321 408
343 156
160 338
269 405
493 462
214 119
417 466
108 216
43 11
11 476
275 262
143 454
474 240
102 485
217 273
3 303
133 121
448 94
37 165
36 219
283 184
17 116
370 26
441 354
401 117
163 20
272 444
446 388
57 415
82 118
285 164
11 14
243 76
407 235
236 215
205 99
210 377
72 165
12 165
29 274
116 295
491 7
165 235
142 412
138 258
239 326
7 456
50 435
166 466
363 52
302 229
27 161
303 479
165 15
205 480
455 16
342 268
473 244
259 490
437 69
402 203
457 71
212 36
346 124
331 133
32 127
13 147
186 147
469 219
360 455
40 12
399 108
15 453
162 449
324 128
175 161
125 289
181 98
102 67
244 160
488 235
383 231
446 129
131 382
321 402
426 160
331 386
412 218
57 167
440 54
220 251
439 102
152 357
344 380
261 64
438 204
483 113
134 422
314 392
367 135
150 258
387 450
452 134
479 108
122 316
445 406
161 385
242 26
83 444
312 236
346 347
402 139
307 227
43 113
234 46
61 73
117 180
488 403
10 87
94 447
20 465
296 392
95 303
323 58
422 166
165 196
69 446
239 319
398 8
402 117
52 345
104 385
76 268
455 171
380 98
291 36
249 405
401 201
109 398
222 186
328 484
366 298
196 366
425 373
31 8
349 200
298 260
412 466
357 262
147 58
12 405
373 19
370 196
467 369
449 195
1 190
449 403
221 166
404 119
119 132
403 456
468 303
370 268
187 291
489 303
175 179
38 274
106 33
119 258
294 276
261 420
245 74
275 395
411 373
131 237
34 430
99 188
220 76
310 276
404 237
82 348
277 489
84 270
153 434
357 99
13 497
473 489
301 337
129 59
282 4
59 5
130 118
13 493
168 440
486 284
57 239
431 311
143 77
154 356
370 164
366 358
24 29
204 413
357 7
312 149
434 54
488 284
85 176
201 185
236 265
237 40
210 62
319 359
191 463
211 83
466 24
63 160
29 387
388 16
491 480
97 461
222 231
40 250
352 45
457 256
470 191
439 370
108 448
447 233
130 158
192 446
128 141
391 102
229 418
141 368
56 63
36 468
279 288
5 401
31 227
459 394
470 436
402 153
340 132
261 3
303 360
56 437
337 278
314 492
31 384
167 441
279 454
349 490
182 407
409 344
456 368
392 396
477 405
19 221
406 487
142 441
432 14
460 138
407 21
68 329
489 493
131 488
485 336
484 496
381 264
395 363
284 418
94 332
425 218
60 142
444 418
35 407
11 27
211 269
436 403
177 357
165 475
237 400
115 302
204 394
383 324
163 361
205 111
204 189
39 55
166 472
282 400
466 414
332 370
205 131
394 180
160 172
478 59
38 222
153 379
113 431
427 438
372 93
156 39
82 338
265 113
71 52
144 122
361 400
321 396
271 121
67 227
277 337
166 183
207 331
53 469
127 287
56 269
182 243
449 375
466 462
196 219
388 485
334 461
265 203
446 318
470 9
466 89
327 370
179 29
159 262
214 157
448 114
48 76
437 129
403 108
270 117
367 84
257 481
114 467
187 416
422 158
365 386
180 409
136 344
455 144
289 417
207 23
388 138
459 289
281 190
368 328
295 59
462 163
424 230
475 113
199 454
353 364
242 359
5 374
36 296
139 136
330 292
363 370
139 475
480 310
348 124
199 322
226 271
159 295
327 71
28 465
24 120
241 303
302 437
408 38
180 463
254 198
404 68
305 249
268 260
115 360
252 379
106 331
470 299
95 485
276 226
472 374
311 353
17 16
2 379
28 62
274 462
107 433
194 299
452 326
51 44
255 10
241 479
56 55
293 334
488 120
88 359
119 464
269 459
358 437
63 9
340 233
25 120
62 67
203 192
156 494
297 217
262 442
344 36
413 259
397 86
84 385
154 216
129 225
478 406
163 200
298 251
106 404
121 121
272 254
275 226
8 480
66 258
23 53
322 382
4 467
6 22
137 268
71 438
466 388
415 115
303 467
245 86
172 62
37 144
84 44
498 493
38 386
177 301
110 141
106 337
57 266
153 143
194 311
333 59
188 41
399 496
374 184
209 434
85 396
134 172
72 374
241 75
95 127
76 56
257 491
156 499
295 322
185 192
146 384
478 59
118 263
141 450
140 75
190 459
206 295
492 252
408 282
367 119
119 329
39 382
40 476
329 496
350 3
389 97
139 111
87 154
141 400
77 59
7 471
111 311
151 43
474 273
333 30
306 207
173 159
426 394
177 199
236 462
182 431
256 60
320 392
347 256
359 100
341 368
182 409
383 100
92 247
121 134
328 466
235 429
214 234
240 203
468 66
106 459
50 333
449 100
460 31
399 75
380 23
241 466
383 93
475 427
22 335
9 316
347 465
11 105
210 202
261 285
276 59
34 432
210 177
207 206
206 311
134 44
67 415
129 51
150 473
112 449
14 110
485 302
160 195
137 74
155 315
297 105
473 488
456 16
488 403
249 326
83 43
1 220
343 490
146 228
376 317
498 118
439 392
223 379
398 66
73 323
133 389
480 186
325 278
390 220
108 277
250 302
322 1
13 205
361 336
195 144
335 320
12 325
18 413
248 398
338 149
33 439
431 32
191 147
434 134
489 128
423 386
408 3
290 348
210 409
43 431
67 46
332 84
229 13
184 472
235 296
440 277
39 425
108 165
490 369
206 99
374 288
459 5
199 258
421 338
259 447
168 400
129 370
462 447
45 446
192 186
168 314
400 128
367 345
31 260
103 314
488 345
13 368
374 173
208 485
359 243
186 96
73 203
143 209
248 495
219 481
17 129
71 399
328 63
270 463
90 335
300 421
400 216
298 260
110 443
401 215
323 479
472 288
130 260
30 129
329 71
300 106
19 428
233 388
277 38
279 408
328 396
143 118
303 257
488 36
338 263
116 68
341 109
134 22
154 78
257 277
500 362
90 203
328 366
394 133
351 373
390 227
214 256
187 411
267 488
246 257
485 386
92 36
82 410
16 392
17 175
25 383
54 281
241 391
103 159
212 382
455 41
362 237
250 178
157 474
205 425
133 347
493 486
438 465
145 486
103 197
339 101
454 43
477 332
151 91
41 308
180 87
463 5
424 379
362 306
287 38
479 223
277 347
17 379
492 431
39 233
49 136
186 286
240 179
111 235
224 220
14 35
46 433
117 352
20 171
380 254
361 265
92 407
226 130
452 367
178 331
195 17
417 450
486 498
174 393
83 28
86 378
483 246
30 427
288 312
39 475
208 18
79 376
104 68
31 331
36 1
405 488
419 206
422 472
45 249
246 219
281 177
435 279
130 205
77 240
468 185
383 204
439 215
124 200
418 404
497 145
418 323
446 318
453 53
379 337
178 296
127 216
457 184
22 463
257 465
160 5
211 22
74 376
157 276
94 172
180 356
355 381
57 73
76 294
362 326
124 88
325 117
257 17
93 291
192 474
279 135
461 400
8 384
341 418
348 95
480 403
359 381
319 414
249 8
113 12
224 191
104 495
355 42
446 462
308 278
496 183
400 184
11 292
383 453
17 187
309 28
42 339
165 289
388 35
173 366
210 50
479 167
321 130
131 453
375 12
192 478
500 183
177 381
39 176
147 247
220 70
195 344
147 155
481 135
102 141
55 76
350 387
228 193
115 374
128 319
71 104
204 435
344 308
84 313
48 298
398 297
102 402
293 81
451 225
228 219
309 438
207 452
238 22
129 89
270 404
151 23
56 214
438 38
243 143
141 420
311 383
400 177
270 355
19 429
318 422
278 144
97 44
301 167
414 448
273 492
244 334
271 45
479 238
107 331
473 105
29 157
336 273
419 251
160 52
424 48
306 335
326 186
97 134
58 423
31 252
72 391
420 24
405 171
359 23
102 182
288 48
436 364
181 123
322 22
223 208
97 278
317 271
344 401
396 205
33 8
494 121
183 401
28 241
482 21
213 412
206 26
231 21
112 201
349 443
258 483
12 341
167 446
319 74
142 319
55 310
485 390
49 300
347 477
387 193
25 175
81 344
393 270
237 152
202 189
17 359
197 382
409 226
401 329
161 282
449 107
267 226
224 22
447 296
164 195
349 295
309 264
104 482
376 456
114 376
180 170
18 119
81 22
479 98
432 48
398 441
190 244
191 229
92 264
223 398
150 123
223 47
69 413
334 343
317 217
78 113
166 71
443 18
185 429
16 306
48 412
182 142
32 445
289 267
379 481
392 89
227 228
479 235
2 217
464 369
355 117
246 230
264 148
338 3
223 446
179 356
102 486
388 159
144 221
487 202
19 472
210 202
132 277
17 136
248 447
476 49
212 220
65 117
349 335
210 313
1 467
480 38
268 335
266 374
14 184
404 389
295 42
387 74
307 227
327 253
493 385
260 35
120 401
161 418
451 466
321 36
222 455
249 250
284 293
227 398
62 394
152 267
417 355
465 244
139 127
38 453
13 221
423 226
155 440
94 314
51 177
391 269
13 408
485 292
335 274
129 22
156 92
433 367
405 257
393 46
68 401
120 356
257 228
259 66
355 226
443 192
40 72
16 407
415 117
110 93
246 300
363 343
43 417
3 243
115 433
304 359
289 170
143 135
59 234
397 488
30 34
208 103
97 429
378 129
351 90
341 423
48 480
335 425
371 461
160 431
274 355
366 384
434 307
307 364
245 177
32 157
321 170
97 178
386 225
300 299
191 293
35 44
296 357
459 479
119 426
302 244
403 125
38 118
242 94
139 269
159 305
10 51
493 62
132 131
168 17
411 198
33 334
447 150
412 10
38 167
244 260
378 60
322 441
367 323
361 20
282 458
480 391
271 22
24 385
38 406
358 185
314 452
275 229
192 434
448 364
297 474
300 467
361 249
343 399
250 292
170 331
152 14
225 193
275 462
427 220
166 154
293 286
167 460
494 145
255 357
55 316
233 487
414 309
286 48
384 120
46 395
52 328
449 308
55 25
399 439
111 221
180 227
230 122
376 60
304 319
136 271
427 145
414 18
233 490
293 450
318 356
156 294
228 420
275 3
99 20
75 35
350 63
358 390
200 450
264 416
496 33
393 172
258 163
96 464
464 487
83 268
168 77
212 439
291 93
410 493
5 309
436 464
210 220
215 357
463 470
447 150
176 120
312 239
163 368
10 169
141 49
372 356
404 260
26 29
132 142
309 76
447 353
6 61
23 163
63 148
319 283
142 26
126 364
242 287
62 274
454 263
256 164
41 307
298 175
203 297
384 15
355 155
149 40
32 138
44 96
334 477
84 448
275 2
28 294
451 135
371 206
258 492
429 99
184 122
92 7
159 248
484 67
135 192
139 14
80 490
368 68
52 233
158 477
11 436
489 131
123 141
241 410
380 406
328 481
370 14
244 62
27 273
334 179
345 401
428 128
284 462
310 211
476 172
67 309
242 66
230 308
160 214
213 112
172 71
304 442
255 208
209 337
135 193
493 106
42 258
379 369
59 441
321 174
170 158
161 158
231 195
223 59
357 458
312 202
40 297
158 212
353 70
107 474
356 340
439 164
346 181
295 143
220 459
305 410
408 35
76 54
348 317
328 258
274 391
433 79
245 287
367 309
370 292
465 352
342 150
412 50
228 119
145 192
101 73
192 484
397 74
86 40
383 49
313 81
114 312
199 253
192 122
32 258
403 368
426 155
130 288
327 78
43 478
259 182
108 442
55 197
165 425
351 341
227 252
135 64
88 462
78 221
48 312
184 254
274 471
159 373
93 148
122 405
239 387
350 294
12 191
252 21
442 499
376 256
340 40
346 234
306 294
130 128
303 103
179 336
212 465
376 440
70 326
429 17
496 297
263 361
26 276
469 345
213 422
347 41
446 120
482 40
61 211
168 458
41 177
71 239
146 28
345 145
404 227
160 69
286 481
293 449
464 176
254 489
267 405
394 443
197 422
192 372
240 344
277 394
331 217
401 485
40 82
101 475
152 80
369 343
97 180
246 105
100 166
397 131
214 101
178 50
74 113
77 116
325 142
425 488
209 329
199 424
203 77
134 376
353 482
93 415
59 485
268 15
116 489
158 368
78 186
256 232
310 369
95 449
64 172
83 108
188 242
426 458
347 355
438 67
222 24
162 490
474 473
260 305
187 303
196 307
130 13
184 328
47 435
195 319
215 454
177 397
330 7
249 74
443 359
147 250
104 420
227 241
233 298
197 149
151 182
249 395
101 449
18 432
498 379
345 434
33 285
344 30
480 110
27 264
499 316
117 184
373 332
31 156
68 185
204 254
34 86
335 281
113 171
259 374
488 370
262 138
473 417
416 107
186 12
140 268
403 295
74 355
144 217
444 64
280 429
97 84
34 399
223 299
483 25
483 43
475 240
78 302
93 35
496 436
154 136
422 499
352 316
182 334
370 25
486 376
341 286
163 175
303 389
401 305
388 102
421 470
252 69
330 291
245 477
470 209
22 273
132 177
140 167
475 311
221 133
345 111
431 2
21 24
208 389
130 294
251 171
387 129
336 135
173 11
174 104
401 360
76 159
478 136
273 489
406 42
326 420
182 447
71 57
198 73
499 106
297 16
210 97
339 356
359 32
321 122
41 236
72 440
464 458
419 58
309 204
278 25
195 119
264 31
497 50
281 435
10 360
481 347
354 276
121 298
316 148
248 181
74 42
207 104
335 497
5 367
151 102
493 8
53 231
244 270
393 63
482 82
335 452
189 460
344 474
196 200
248 170
413 285
410 55
248 356
439 494
451 213
182 426
338 171
408 132
480 221
54 54
396 19
238 390
500 230
195 254
196 75
238 83
201 290
488 200
413 485
171 474
354 447
453 339
112 113
331 155
40 63
146 335
286 287
316 117
447 488
426 4
81 292
245 204
336 168
177 417
207 34
244 131
392 330
446 328
316 443
74 379
334 198
43 475
211 307
342 98
226 429
263 29
186 23
278 31
63 500
449 201
330 4
445 356
87 342
9 316
89 309
273 191
136 66
331 339
260 420
233 462
237 226
353 328
254 109
232 90
474 192
457 302
10 69
176 197
483 266
323 105
119 46
315 138
148 251
136 145
417 436
300 175
415 500
147 22
475 271
387 111
475 462
157 368
228 7
104 288
268 114
209 198
386 422
10 270
283 250
371 260
251 267
234 474
271 56
145 169
242 402
48 13
233 130
471 65
444 284
176 31
197 444
336 79
74 333
218 339
281 289
214 73
59 100
308 477
388 62
145 429
281 74
403 257
447 179
250 126
318 317
189 269
287 129
108 410
99 466
436 194
169 389
85 336
426 18
161 357
87 90
30 52
70 376
140 442
256 446
155 440
2 29
24 80
98 277
321 351
201 410
83 277
389 330
173 131
165 188
90 104
457 27
416 17
159 27
368 41
423 44
302 18
431 284
227 373
23 334
358 46
40 88
392 185
228 93
149 390
437 93
487 168
451 381
271 64
316 448
87 259
365 234
249 339
138 378
127 115
427 114
339 118
393 102
66 106
474 293
302 198
314 155
421 76
469 416
7 279
295 176
182 251
163 429
229 116
389 315
341 193
268 269
8 453
207 277
234 259
500 453
73 365
470 176
5 223
468 31
235 115
64 409
53 94
151 275
234 389
248 309
51 369
416 170
201 295
299 399
281 364
396 480
327 451
186 268
382 148
229 112
84 6
408 380
54 383
458 86
222 251
261 416
166 327
299 305
55 324
111 395
239 420
7 1
301 217
265 192
265 293
433 474
247 157
326 239
363 130
236 477
233 172
493 19
434 162
170 365
5 140
491 129
424 93
333 181
298 500
148 5
362 279
212 239
347 360
375 52
491 12
296 117
149 226
236 242
25 238
439 96
420 345
485 298
414 197
307 308
238 185
274 436
396 72
402 484
445 141
263 239
316 263
323 139
209 347
205 397
289 204
451 445
239 490
225 246
155 172
446 304
421 384
484 355
280 417
170 274
417 105
309 265
297 28
59 66
67 377
437 177
79 413
256 422
497 207
349 263
368 411
73 295
471 39
80 441
1 24
228 215
96 481
430 187
439 71
499 282
11 202
251 376
124 294
78 230
413 179
444 195
293 42
8 10
398 400
40 443
473 80
455 188
244 101
461 165
315 22
248 318
289 339
233 174
464 94
448 90
272 53
354 413
271 435
361 378
426 7
177 301
187 80
148 261
121 206
203 250
191 473
340 205
305 131
267 247
465 359
369 362
60 112
213 391
284 332
415 450
251 238
47 289
193 284
309 483
319 442
5 269
121 156
149 416
435 480
152 135
154 370
74 362
94 436
411 375
12 210
465 348
15 58
364 363
65 91
426 346
190 133
46 476
172 419
220 229
317 10
75 303
13 473
143 436
466 316
38 322
228 481
211 400
500 285
417 94
165 217
290 318
257 156
494 85
372 183
94 239
39 467
279 477
473 71
263 318
190 77
182 481
112 340
361 337
73 42
153 183
486 310
461 457
352 471
393 199
350 316
117 207
325 135
444 407
371 336
235 305
106 185
422 477
408 242
370 341
409 196
397 299
320 410
491 71
160 4
67 161
69 177
109 420
187 102
329 422
425 387
437 479
65 270
427 473
292 474
443 5
335 466
246 207
275 238
27 248
109 403
199 23
200 357
484 75
8 113
401 247
427 415
454 332
272 429
83 38
358 264
351 84
109 138
470 262
118 147
462 92
223 421
206 27
116 423
140 94
2 457
297 151
309 109
467 364
359 294
300 487
386 306
446 19
472 80
213 208
48 95
66 417
177 47
40 385
36 353
343 3
137 105
231 327
173 456
353 373
232 382
67 441
439 216
308 159
120 198
340 163
175 283
96 379
57 187
338 104
367 99
276 37
112 52
297 9
212 251
46 402
26 411
369 46
476 282
459 383
392 271
90 379
33 218
100 466
314 170
326 199
274 443
422 455
500 429
72 110
440 120
335 223
311 75
193 1
216 115
458 293
464 179
180 310
301 436
56 476
363 37
475 97
409 224
178 495
462 493
175 494
263 339
412 157
406 448
79 499
434 18
307 349
419 110
426 309
444 402
159 178
412 57
43 177
397 110
435 485
425 113
71 259
45 2
231 253
397 396
35 258
27 374
134 305
392 114
31 196
156 54
438 436
216 261
344 432
108 138
78 291
254 349
33 384
8 443
400 229
369 305
254 77
7 235
226 348
179 366
279 433
397 355
388 32
486 318
460 457
330 188
64 168
87 289
233 103
393 118
104 157
38 294
103 322
431 489
98 310
167 404
378 284
316 351
407 240
281 462
70 424
12 398
204 373
336 327
280 98
307 274
258 57
247 167
449 471
473 349
339 425
178 95
205 80
106 214
495 95
62 434
475 308
48 144
14 59
127 309
353 273
399 124
240 261
173 123
183 97
150 365
472 301
22 371
70 127
462 316
54 90
37 405
144 120
53 126
130 26
314 423
313 70
295 173
374 446
278 118
426 59
299 81
157 255
478 364
250 384
179 162
222 220
128 192
349 391
177 212
172 306
371 370
332 197
426 106
382 197
135 120
99 300
302 179
402 373
248 395
370 452
236 244
44 35
223 223
21 350
427 378
275 321
131 488
75 213
113 472
1 329
496 285
305 78
110 25
52 182
291 434
406 466
338 276
121 297
173 247
130 77
403 9
359 85
490 14
23 10
203 276
481 396
16 166
418 470
252 324
381 125
278 233
136 87
46 468
170 476
444 328
123 329
286 183
202 326
160 31
380 140
98 155
193 337
322 379
223 301
347 363
123 307
417 78
49 462
101 63
228 77
157 128
438 393
206 254
377 257
283 476
145 156
201 21
68 428
157 433
416 291
365 67
95 442
335 335
176 292
183 28
371 141
67 295
395 262
8 308
362 357
162 125
324 432
294 469
112 49
379 355
95 355
340 34
137 341
445 156
454 82
415 372
148 425
96 301
109 38
126 104
400 411
489 387
287 99
344 16
402 262
125 230
56 79
143 296
429 361
294 481
58 321
245 444
231 274
475 385
316 171
31 155
170 349
244 453
280 235
496 55
305 283
310 126
291 87
403 299
417 266
141 54
496 450
334 252
43 261
181 188
45 403
208 48
81 497
387 356
102 301
322 62
3 67
167 46
296 429
3 385
393 425
13 348
13 421
244 234
128 41
379 22
302 415
405 175
167 491
430 428
241 28
354 287
101 12
275 207
305 396
333 50
453 70
175 109
125 331
287 160
199 445
466 223
489 239
495 422
465 149
426 162
429 130
36 66
152 361
29 489
18 57
10 322
429 478
118 118
368 79
127 66
146 465
261 113
200 124
45 63
409 414
179 481
46 433
254 65
363 300
398 297
315 214
81 93
249 447
280 190
125 490
130 477
42 452
170 57
302 316
206 57
292 39
388 199
2 348
362 361
277 152
292 72
365 498
82 150
450 61
224 33
462 21
273 405
296 68
102 387
464 161
449 77
96 199
484 113
230 406
499 473
256 319
499 446
306 393
56 125
55 348
257 330
400 463
143 19
127 159
79 103
218 379
206 245
333 393
318 13
70 200
176 51
282 329
409 39
398 101
178 166
363 474
294 250
247 271
281 452
261 165
413 250
353 485
11 257
291 470
75 466
305 146
212 20
287 426
483 270
138 482
61 65
308 80
327 497
310 160
207 440
325 164
98 165
438 213
49 383
264 57
120 190
13 231
367 95
128 446
59 483
279 235
59 450
90 332
481 275
355 369
359 413
51 489
188 410
363 287
163 125
139 136
26 291
494 123
225 428
475 256
455 4
204 115
367 226
347 386
78 470
236 21
287 138
443 404
353 175
258 153
494 1
279 7
411 225
323 212
17 209
463 46
279 42
147 44
500 65
445 303
339 256
399 422
458 235
189 488
178 443
47 279
441 286
397 478
211 110
415 384
96 292
475 352
280 482
86 448
214 182
90 199
77 95
298 339
174 285
350 290
465 278
14 440
309 221
438 312
458 374
376 239
130 384
203 420
286 311
490 65
116 472
179 208
244 163
272 228
258 93
145 397
371 84
124 310
28 342
227 321
192 298
198 351
398 215
257 379
481 91
434 276
495 30
265 93
316 399
239 369
146 441
192 24
378 35
302 183
332 231
453 24
372 139
200 438
269 332
400 156
66 92
176 77
296 114
51 256
326 352
377 186
228 16
345 264
211 319
67 49
237 100
147 398
312 151
144 230
85 395
301 295
137 461
19 266
399 185
176 163
404 95
254 438
171 278
259 288
429 270
52 31
481 174
153 322
182 457
38 149
277 239
132 286
384 53
223 110
92 287
198 406
66 470
165 375
179 240
131 353
170 138
137 10
280 366
432 315
380 438
346 212
5 241
127 48
304 10
169 166
242 290
342 14
459 338
32 464
444 142
179 1
115 203
391 367
392 184
312 195
88 274
148 411
451 34
78 469
50 495
213 267
474 412
303 174
494 292
160 215
63 177
315 71
175 167
471 144
281 159
322 339
109 220
80 122
27 375
452 390
54 354
290 20
220 456
273 495
378 473
418 116
360 167
410 487
169 278
76 28
65 190
304 357
160 241
287 440
208 20
380 152
124 436
500 489
238 188
58 465
155 476
455 341
94 24
245 460
148 84
123 158
93 299
145 429
386 242
447 399
290 268
118 172
449 473
231 439
288 481
260 310
384 492
380 449
202 4
221 460
348 367
350 251
243 311
190 175
327 153
316 298
242 336
375 97
235 64
162 356
445 115
146 156
488 18
273 282
236 319
410 75
166 128
299 98
334 499
241 414
92 425
319 100
53 259
131 19
286 381
414 338
259 198
209 92
255 305
56 197
10 352
463 282
336 196
451 225
248 411
223 122
447 145
368 227
480 385
292 52
249 172
278 230
204 455
344 110
353 128
108 117
111 327
470 67
164 120
192 442
224 127
167 250
170 378
122 369
459 371
91 187
358 220
66 196
295 277
33 88
312 448
21 421
320 259
316 446
326 18
441 325
141 176
54 428
376 397
470 117
430 49
47 409
134 16
324 212
151 49
273 409
492 77
298 421
293 120
106 147
206 370
469 322
395 465
61 153
22 53
461 53
187 320
199 351
429 270
365 187
366 38
414 32
127 138
320 452
47 51
184 174
220 487
399 49
397 449
31 339
48 206
273 472
40 256
238 188
308 161
438 348
425 73
36 280
361 364
81 25
230 2
17 475
385 461
62 329
408 187
291 212
97 151
258 178
327 456
427 228
187 479
391 338
437 211
174 285
484 245
261 468
484 401
10 452
217 236
73 126
275 243
472 360
499 419
65 141
329 418
13 414
224 146
40 251
53 54
420 56
72 387
184 180
483 184
416 233
187 177
115 25
377 198
499 424
479 481
447 401
163 453
197 99
31 138
427 18
63 445
211 105
215 221
254 170
6 91
156 279
208 462
359 181
492 112
10 238
236 399
249 295
160 475
372 409
82 434
79 180
114 125
427 347
64 122
203 136
9 478
10 422
147 133
340 193
383 78
119 166
263 74
359 152
449 101
169 164
118 451
177 97
275 365
294 398
390 480
37 309
269 366
241 452
203 45
479 126
165 428
222 36
124 166
207 415
278 162
72 221
158 65
255 10
181 14
402 357
378 339
361 275
230 20
103 125
382 231
267 13
132 335
175 364
448 91
108 320
42 89
352 469
99 449
275 337
468 372
440 365
445 378
407 434
263 249
226 381
314 384
327 213
237 274
109 358
64 348
200 298
257 380
71 239
377 202
204 436
357 300
12 230
348 476
375 352
175 9
339 264
152 141
452 252
144 152
193 29
271 74
183 177
317 366
64 38
137 318
119 256
403 318
101 305
184 127
66 136
107 86
118 59
65 8
386 496
177 294
147 369
59 263
334 196
158 476
104 393
477 408
227 226
200 208
56 68
176 86
60 341
31 128
149 18
215 58
316 357
79 356
268 489
126 247
341 307
329 226
447 126
441 404
446 344
217 210
479 80
157 420
416 216
282 412
14 390
390 48
128 348
367 13
86 452
484 473
42 32
153 490
496 205
287 83
257 368
381 60
8 113
399 265
17 282
27 73
312 90
500 221
161 263
349 266
330 478
171 352
207 422
55 330
120 398
387 217
26 436
334 428
352 70
257 209
50 406
68 378
322 33
326 257
437 471
181 418
345 187
483 328
389 106
455 215
133 6
214 314
236 134
452 28
44 47
206 75
260 252
24 147
114 441
139 453
270 32
127 197
329 188
473 498
115 199
90 443
79 385
483 430
37 467
210 129
146 64
203 64
185 70
429 119
139 432
290 67
418 134
267 316
221 71
109 96
108 301
121 128
111 454
92 39
469 420
289 192
487 68
329 143
393 119
183 403
143 121
16 258
26 436
479 266
368 473
305 205
467 317
144 66
182 50
233 142
120 192
42 361
294 448
474 258
417 218
463 398
146 46
291 313
379 169
51 29
291 375
257 167
254 292
172 151
478 482
455 245
314 212
460 323
112 290
99 157
314 170
456 324
244 71
195 486
396 394
40 197
466 224
111 69
431 498
283 290
7 295
311 304
116 391
187 204
467 87
264 340
173 10
401 109
401 464
65 350
209 128
16 386
376 294
94 67
51 123
351 303
167 321
392 284
253 375
374 128
166 242
158 291
246 71
443 335
352 360
274 438
337 195
392 80
490 258
317 139
370 192
243 301
372 498
484 186
24 152
72 413
197 133
451 481
227 309
101 349
125 322
335 68
461 488
328 238
95 456
401 424
285 73
237 63
133 7
419 58
87 393
415 393
284 385
241 302
92 349
178 178
429 104
36 400
242 87
251 318
26 418
386 366
389 60
101 185
353 239
109 67
414 378
298 61
407 223
150 411
424 301
474 224
302 374
485 86
299 480
305 206
142 402
418 292
293 238
346 453
203 176
139 493
106 74
314 63
122 364
271 357
471 172
335 369
303 125
286 337
312 417
338 290
91 221
442 412
470 350
47 366
291 227
84 150
142 467
85 37
94 491
182 238
116 335
446 412
313 161
386 364
408 258
198 436
107 421
219 381
490 314
198 279
364 364
344 8
363 315
377 465
388 281
214 107
344 411
173 288
344 444
252 381
307 116
55 164
96 354
104 77
140 49
295 295
441 187
278 317
420 457
396 208
362 304
342 355
360 372
388 447
6 132
73 21
296 102
231 6
56 493
11 454
122 147
236 32
304 430
426 379
492 40
291 50
168 417
414 311
83 117
409 93
324 144
480 203
216 363
339 85
185 434
343 106
448 362
401 403
224 27
304 111
12 28
266 74
246 484
86 159
40 265
489 386
489 192
301 320
336 492
337 168
379 410
94 317
394 264
413 331
105 311
255 396
35 500
436 321
491 298
208 500
5 210
69 238
440 71
500 54
3 173
219 12
257 178
497 149
257 285
83 491
319 419
266 268
475 126
343 283
379 163
169 30
70 216
118 302
6 44
376 338
230 231
242 5
281 132
418 5
304 271
495 103
496 355
435 44
205 82
161 151
453 370
27 375
283 262
111 400
175 359
429 496
1 311
207 479
445 471
413 11
153 173
352 449
97 222
396 374
464 308
363 330
204 273
171 393
234 210
491 1
8 471
163 283
173 109
366 436
450 434
479 304
349 423
389 497
161 96
39 107
188 383
306 159
234 110
161 8
500 381
167 433
32 23
304 274
304 330
345 63
22 274
328 250
384 165
321 305
81 250
176 421
376 499
210 204
15 253
490 139
338 53
381 198
29 421
22 278
144 120
92 212
105 225
161 173
191 83
289 172
221 217
112 378
398 340
415 225
207 123
269 99
9 396
318 245
120 261
440 173
447 101
279 409
74 56
61 49
351 352
218 183
487 151
254 309
438 336
369 98
351 37
334 443
340 437
177 180
400 465
472 342
495 434
192 119
144 126
186 417
88 12
389 376
171 156
158 473
24 121
213 429
298 368
57 95
119 350
438 270
115 19
473 465
94 140
222 99
262 349
473 311
331 398
24 275
210 278
51 135
299 479
308 437
144 483
38 389
37 342
141 12
82 455
34 309
242 291
74 10
367 84
186 140
14 359
433 363
147 449
24 94
369 193
431 60
106 311
438 93
451 419
478 81
302 381
92 487
51 297
295 196
94 347
242 213
49 144
27 341
180 382
266 14
169 415
91 195
253 262
51 229
88 38
298 301
24 361
292 190
231 344
189 392
452 88
174 20
312 405
344 208
258 209
89 52
285 42
203 497
195 45
140 33
157 212
167 174
33 140
80 366
97 227
273 436
410 101
38 150
160 211
459 192
215 160
431 452
298 264
59 183
243 75
490 197
20 195
391 310
441 46
133 266
200 100
58 90
416 364
117 70
246 425
210 315
277 35
319 164
390 261
466 478
259 144
72 210
102 97
183 242
230 178
461 30
393 131
478 109
326 321
160 197
22 51
490 336
253 217
396 104
499 39
486 199
496 61
413 343
355 432
28 62
129 68
489 104
110 391
184 183
365 457
396 339
257 308
130 149
273 5
69 299
271 315
341 442
185 49
201 83
247 334
475 295
205 119
287 293
243 470
93 308
81 60
274 303
260 83
335 275
135 433
156 280
493 339
333 295
329 357
49 481
441 493
479 297
96 488
214 38
348 265
444 199
200 160
476 93
367 76
116 385
209 301
36 395
44 423
191 222
386 11
477 25
437 358
315 274
135 388
101 219
161 374
145 59
109 18
235 128
262 449
419 340
374 5
410 24
447 478
105 239
447 162
134 390
322 164
490 429
346 34
425 273
105 291
331 153
242 30
446 135
85 384
341 360
28 427
275 27
90 381
166 178
6 177
252 242
476 466
328 197
63 76
191 366
94 197
498 30
467 416
334 9
492 244
187 264
458 189
175 218
273 146
285 405
233 307
40 371
493 143
95 197
283 385
296 24
98 210
66 314
210 155
458 138
415 405
110 46
237 74
2 50
157 91
10 207
490 355
300 233
478 276
215 306
382 133
124 123
276 389
360 5
25 109
386 50
319 156
149 203
468 60
239 337
423 473
336 335
100 326
207 499
460 35
285 19
376 122
429 487
279 461
402 121
250 302
324 200
255 334
347 339
421 481
72 33
8 64
37 203
24 207
74 296
476 464
224 21
86 252
155 150
264 39
416 488
342 361
242 335
149 488
363 299
303 37
60 407
409 20
317 177
81 152
445 231
186 35
156 384
417 395
190 487
408 363
398 319
13 18
485 283
131 135
442 7
133 448
441 227
445 311
135 94
288 372
139 203
476 359
369 264
45 80
101 292
319 269
84 384
49 281
420 296
15 126
50 223
135 450
15 287
5 60
159 112
10 14
174 7
297 474
454 96
236 51
244 370
73 25
83 377
90 323
392 10
318 457
289 412
392 427
315 223
142 96
207 192
111 277
