1000 524322
5000
450 208
43 182
229 132
415 313
278 209
60 155
271 97
3 98
101 142
436 251
538 486
207 403
788 87
367 349
414 376
689 704
405 263
22 420
136 282
347 81
372 267
129 306
14 663
222 106
217 104
386 474
84 57
248 140
271 309
74 108
192 108
174 7
341 195
159 497
52 375
211 282
174 315
199 291
476 624
312 441
119 52
193 483
353 352
154 396
75 28
374 302
114 276
147 233
422 210
391 765
693 703
66 448
134 75
391 198
340 84
52 349
78 356
403 426
488 183
123 207
436 418
875 748
421 451
320 198
138 61
7 254
390 547
103 252
79 889
385 297
184 298
12 7
51 431
77 178
58 315
483 29
292 253
119 898
136 219
418 318
6 214
168 66
316 66
403 439
209 132
306 423
367 152
376 110
252 954
129 422
45 390
355 45
8 216
247 71
403 738
621 273
261 439
358 269
28 198
175 289
333 335
494 346
393 339
492 69
122 167
859 281
241 397
27 390
219 364
58 463
754 612
65 165
295 364
547 232
824 411
269 51
388 142
67 298
301 459
727 829
439 659
225 290
160 33
38 303
384 251
411 191
149 348
298 296
455 319
387 118
420 362
429 138
425 187
415 48
103 283
300 358
828 142
225 382
182 43
104 469
14 285
442 267
593 102
449 29
492 729
161 948
433 46
71 221
418 24
12 56
9 389
44 404
291 538
283 1
367 48
200 428
452 18
203 257
127 31
149 482
67 35
28 149
329 253
36 142
44 369
177 284
449 32
125 318
424 397
393 328
306 407
279 457
387 484
478 313
147 225
329 271
340 429
379 403
496 213
57 143
262 494
13 199
63 94
86 371
550 910
43 307
180 424
774 369
634 753
433 351
54 338
362 57
472 273
140 873
187 368
583 92
244 226
416 20
413 337
291 251
46 380
452 41
193 218
94 20
986 637
293 189
458 90
86 371
141 372
331 9
145 754
212 237
410 261
2 220
285 217
88 298
497 124
366 270
276 51
13 57
401 326
283 377
184 257
333 326
816 790
36 99
57 405
468 900
103 488
572 113
8 237
93 46
480 297
375 752
351 191
68 177
31 114
53 290
104 198
243 333
887 851
58 186
762 165
22 95
320 139
174 256
961 109
393 530
267 209
272 385
86 219
206 302
169 232
701 90
765 911
64 99
845 378
43 299
258 102
176 281
358 895
752 543
363 26
550 501
293 703
312 3
250 33
1 158
426 400
173 489
161 164
430 150
409 176
171 187
282 458
100 49
375 493
497 133
176 450
913 814
240 372
161 82
194 375
42 348
294 22
196 247
216 36
574 8
18 387
877 54
768 999
293 408
158 33
245 314
494 343
247 431
519 762
476 236
247 364
145 497
15 46
475 352
230 5
306 288
65 444
205 335
451 418
105 346
276 248
824 530
471 424
644 324
449 31
232 195
31 53
431 230
316 230
335 55
39 18
348 363
245 98
337 336
786 784
20 193
186 361
395 882
95 223
481 329
85 169
38 812
921 102
293 3
359 161
159 300
559 604
408 595
290 313
306 273
429 455
84 46
192 500
219 235
292 317
486 388
421 245
260 191
658 852
443 193
370 205
379 178
13 210
307 19
214 197
138 117
340 327
165 98
151 312
291 33
103 166
797 634
393 42
322 426
303 494
151 485
205 293
36 658
291 12
127 500
480 223
51 301
954 120
213 171
48 32
23 201
381 114
249 173
120 202
472 8
123 382
340 28
765 421
237 397
491 58
355 448
275 19
388 13
334 361
99 726
108 119
488 411
367 58
293 870
328 13
252 361
960 15
299 286
893 183
867 66
138 51
326 369
431 493
283 185
292 387
163 21
375 468
607 628
466 9
713 855
18 337
54 399
128 153
23 416
426 125
278 412
175 478
387 234
359 411
538 482
103 66
342 173
219 154
287 382
470 137
55 139
147 365
233 159
379 241
76 197
98 202
251 47
420 390
243 168
149 15
395 67
885 673
606 720
108 456
169 597
186 361
241 337
394 234
288 93
168 256
41 234
370 436
316 737
93 286
46 392
47 147
141 370
179 318
922 952
240 904
19 494
240 365
266 229
405 423
724 258
337 331
235 275
449 483
261 97
117 499
44 735
856 483
15 64
407 154
103 468
62 906
266 457
499 286
88 174
253 168
54 304
7 452
51 196
82 98
287 499
447 198
370 222
115 146
185 385
63 250
204 180
195 187
173 752
178 301
888 273
297 397
406 222
82 332
411 27
845 650
355 56
46 97
344 55
381 417
486 853
101 373
498 412
97 30
792 595
352 305
189 30
645 838
280 499
303 426
282 223
433 586
95 361
249 114
235 217
433 380
208 11
254 157
207 33
391 482
166 18
266 142
127 389
268 48
444 246
255 132
877 114
43 438
173 327
782 269
789 199
490 155
489 112
115 463
2 62
786 386
604 329
422 394
62 392
247 160
454 109
218 417
85 169
384 276
313 326
108 438
456 250
386 294
485 336
241 381
411 395
311 9
360 698
603 355
990 664
19 285
399 231
306 447
97 176
39 274
157 409
256 188
4 73
424 311
8 438
95 333
330 159
129 44
53 95
141 253
40 460
123 62
367 363
253 161
806 331
400 209
479 436
257 77
215 612
204 64
89 60
433 456
104 235
60 483
44 435
49 110
372 447
989 353
22 209
427 252
270 3
476 192
264 78
373 144
162 247
365 329
469 179
555 348
489 754
363 300
736 636
435 492
154 269
401 276
176 32
122 414
655 482
404 966
937 208
53 378
494 289
403 191
153 445
225 322
8 189
127 379
366 359
344 88
393 409
144 77
151 174
556 816
132 81
68 467
483 275
364 178
305 98
450 25
271 199
74 115
471 159
360 192
395 107
65 365
575 677
461 121
112 476
406 589
910 464
884 293
148 406
471 495
500 183
325 366
162 159
445 282
270 197
183 312
380 276
211 519
184 120
185 260
139 283
446 338
456 396
127 460
442 863
486 147
874 1000
367 220
204 41
268 448
722 168
328 444
216 472
41 76
6 83
463 165
91 146
389 194
638 153
389 98
167 280
842 709
853 699
989 900
45 383
307 571
413 413
69 419
292 717
353 122
14 174
213 843
1 310
163 194
41 252
102 279
430 238
609 518
335 303
121 95
154 361
72 474
104 125
29 205
409 318
66 118
141 250
380 195
828 882
151 267
3 467
223 62
179 171
76 236
477 214
100 39
186 421
462 28
29 472
406 387
265 440
151 10
825 420
483 458
445 379
371 370
844 913
166 480
41 311
20 269
650 750
879 995
402 37
412 9
27 456
213 189
225 34
149 229
158 31
365 29
374 4
289 238
481 211
159 88
97 420
69 298
95 294
78 395
92 432
135 380
279 399
107 58
260 500
281 400
423 265
923 475
476 18
400 114
322 458
43 227
405 61
49 25
240 20
312 191
460 256
419 395
484 187
283 223
29 451
68 427
273 220
365 911
84 115
213 106
214 264
421 250
70 221
312 452
187 217
345 169
320 37
7 190
324 387
33 80
375 162
377 94
235 405
280 273
27 299
177 111
6 268
223 76
600 353
436 738
287 344
97 830
46 105
100 75
352 270
494 311
505 371
334 16
496 151
415 473
367 394
11 127
181 239
349 396
974 496
152 189
260 240
293 164
424 19
135 432
336 108
266 434
612 657
273 423
220 351
185 433
508 845
270 395
245 391
358 343
104 459
28 3
424 497
466 129
44 24
406 63
129 522
310 248
307 135
49 51
232 139
74 50
128 381
831 385
905 568
158 137
70 384
473 274
39 434
659 882
302 234
309 226
479 278
288 226
651 308
188 467
144 19
150 481
424 169
596 220
152 351
163 366
417 363
140 174
12 391
251 96
160 301
256 215
101 11
452 36
383 934
79 14
505 69
302 215
629 30
609 36
195 47
346 169
203 281
120 65
130 297
266 390
319 193
169 313
108 444
313 171
26 110
425 22
437 49
85 168
493 322
409 277
40 331
109 136
16 344
351 206
74 422
278 341
132 458
314 380
338 68
485 292
52 212
32 150
42 6
622 701
814 711
270 225
176 374
179 458
218 271
312 296
722 242
271 335
166 414
453 434
175 192
157 25
358 491
63 412
343 276
363 341
110 498
459 318
200 414
281 91
447 480
401 468
436 794
409 125
437 219
47 597
272 84
55 256
415 171
283 468
169 440
327 170
21 209
221 214
458 313
935 460
382 437
422 445
472 478
150 79
92 11
92 368
159 342
997 314
361 197
57 72
335 265
166 714
315 192
169 493
472 308
166 323
228 498
434 27
426 491
873 468
86 250
120 175
347 235
299 11
64 378
144 396
377 449
82 651
176 45
223 343
657 946
164 410
82 293
375 189
370 139
470 493
453 21
175 93
238 458
38 433
438 311
320 164
270 454
52 271
775 705
402 300
232 251
170 377
134 287
416 337
834 464
171 96
269 403
186 205
221 479
209 56
378 262
8 237
300 165
706 314
155 451
128 195
251 320
404 99
327 395
262 158
647 746
184 253
295 79
300 310
433 6
912 356
1 3
273 192
285 10
160 198
877 915
368 457
571 976
141 397
327 62
368 182
151 88
105 20
120 34
926 761
366 141
45 397
206 465
971 600
269 316
184 325
500 83
190 294
418 573
265 409
276 442
319 462
83 270
257 210
149 634
240 285
905 924
38 290
253 496
202 57
594 3
304 408
83 150
85 202
303 234
284 268
32 439
441 81
12 94
426 174
81 170
49 101
168 808
943 601
838 843
207 516
93 99
11 218
578 500
288 276
946 641
124 730
129 411
300 46
361 62
447 245
137 187
380 319
206 238
162 105
352 278
469 89
286 409
449 402
163 456
488 356
182 873
318 228
191 73
490 252
380 478
645 474
380 188
240 208
944 106
293 212
125 428
117 83
300 476
59 422
92 260
355 348
197 92
333 192
61 369
425 382
346 12
230 457
466 180
227 384
235 66
488 87
348 263
420 218
348 498
196 309
154 35
160 426
23 115
388 164
293 364
304 463
786 166
206 125
293 364
126 44
699 513
255 144
954 444
426 275
885 922
40 203
889 207
160 426
415 432
362 167
290 298
371 134
406 10
349 389
469 121
177 995
453 298
13 94
101 521
688 996
204 379
478 305
473 485
495 262
420 525
449 87
21 243
276 293
468 81
613 794
374 125
156 283
72 3
362 365
4 309
43 253
216 220
102 171
246 266
388 227
102 339
263 484
84 339
203 162
25 1
273 134
170 402
443 419
457 281
10 309
265 259
362 9
90 90
37 467
383 208
68 16
455 493
195 377
462 104
199 552
475 48
259 925
111 350
37 182
782 92
410 214
854 647
351 102
244 41
316 250
83 73
394 346
280 378
453 481
233 169
946 77
285 357
486 329
400 268
343 114
188 483
429 463
531 273
253 457
159 428
88 428
73 184
378 93
21 247
142 150
60 347
426 289
625 55
422 97
389 423
955 955
496 97
32 439
201 21
355 917
387 320
303 62
441 205
270 159
249 206
151 83
298 31
459 25
792 986
38 251
609 254
27 65
222 141
167 413
185 143
784 314
568 877
135 184
239 58
436 236
252 169
140 265
326 166
195 340
475 20
16 100
56 75
827 578
412 423
628 954
425 353
485 177
395 420
318 249
40 180
480 476
608 682
168 822
250 181
213 75
364 234
192 728
145 304
59 21
330 356
633 463
486 467
282 42
189 460
4 390
94 12
4 471
492 277
782 659
387 78
133 10
924 137
482 292
124 407
185 553
210 375
258 237
296 366
237 220
53 405
219 411
341 468
24 391
146 381
213 274
271 283
413 64
160 701
557 978
324 472
308 435
404 115
325 372
238 119
191 139
428 188
452 406
894 687
22 266
411 410
728 418
305 184
254 338
252 738
384 308
949 513
214 57
461 43
186 111
18 298
275 439
33 237
339 165
246 202
274 115
384 210
50 398
627 125
960 723
73 372
3 96
481 367
367 233
22 314
72 234
43 606
243 228
144 772
315 526
681 773
441 360
724 185
210 354
733 561
216 279
467 353
150 925
262 92
92 275
246 256
151 92
373 162
21 72
288 436
388 312
452 54
445 152
232 356
104 64
293 223
32 288
381 461
172 884
349 78
364 247
10 73
87 146
111 479
320 225
453 353
443 170
136 178
269 28
411 282
57 272
442 466
452 217
47 469
432 404
196 316
69 554
284 232
266 426
352 281
297 322
771 773
250 943
272 382
19 341
175 287
237 436
280 445
93 43
176 294
923 53
178 1000
402 412
193 176
284 96
68 425
78 572
268 144
473 495
334 320
143 274
48 387
696 427
480 339
495 148
460 421
116 14
112 72
446 134
3 343
154 33
119 377
41 344
101 445
123 173
363 53
357 98
363 439
966 574
391 433
836 431
74 95
209 461
79 419
344 134
365 166
296 411
336 227
161 344
389 49
17 412
421 241
343 466
199 102
237 503
486 465
103 296
471 171
324 196
246 261
158 327
60 358
388 50
641 651
173 925
402 118
105 155
449 484
323 495
971 658
648 294
365 380
471 318
316 27
74 695
56 205
265 380
434 370
922 788
369 27
4 179
404 410
173 116
322 35
817 411
215 379
304 151
290 284
176 349
402 308
214 73
112 246
400 212
154 171
397 450
143 280
61 9
22 249
70 464
229 232
2 287
806 799
490 85
256 52
52 100
443 399
77 191
205 202
259 162
444 271
255 433
90 331
24 86
330 141
349 97
73 290
381 580
286 421
222 174
394 35
643 408
205 143
431 370
267 299
431 163
443 85
145 381
192 470
6 70
86 392
296 57
109 72
86 187
453 20
493 884
688 802
38 420
255 153
395 221
723 164
262 21
446 156
305 306
425 304
752 275
328 145
690 292
254 287
82 71
384 328
378 470
288 657
465 171
451 566
277 320
147 776
67 384
27 127
138 63
87 454
332 453
329 360
109 7
450 2
252 84
195 481
482 136
121 17
144 101
217 786
39 328
680 471
73 320
299 588
385 264
371 74
740 240
120 191
876 723
148 115
921 398
703 818
162 131
452 322
162 296
172 15
83 265
334 416
412 305
118 381
454 475
303 236
60 217
319 308
374 22
419 175
399 24
416 231
100 785
825 478
151 39
824 903
889 443
106 497
157 36
140 490
494 18
22 345
147 267
383 609
369 46
102 435
6 55
197 392
422 489
322 325
81 248
172 783
135 366
255 134
139 442
321 138
224 325
158 473
300 224
76 53
106 99
175 375
228 71
64 379
211 277
43 84
159 333
126 364
159 335
156 418
612 205
450 17
332 105
211 385
398 90
345 340
311 331
468 249
466 300
287 305
926 523
226 249
493 266
519 695
274 480
377 404
201 103
193 147
305 242
314 143
112 130
181 428
81 349
67 445
552 463
33 689
333 454
34 378
249 349
212 136
36 100
114 417
374 223
227 254
37 457
313 475
80 807
258 198
755 860
286 92
292 457
146 36
133 159
640 73
251 109
219 487
354 103
376 442
419 413
448 107
439 118
393 10
358 38
584 726
87 398
398 39
452 176
253 426
442 239
287 281
337 260
292 374
170 11
766 203
378 203
578 961
395 473
348 235
353 235
439 216
193 270
464 146
73 231
375 245
841 948
425 262
276 92
72 382
170 310
274 534
977 297
189 419
203 934
111 344
152 422
254 295
151 327
434 18
465 273
164 36
47 518
358 387
217 476
470 293
242 122
172 83
890 798
419 370
340 362
173 139
281 91
494 405
146 271
2 428
304 157
197 99
411 128
259 393
708 294
66 697
474 116
52 275
493 230
384 51
156 416
695 833
504 562
377 95
84 409
364 20
631 7
42 271
193 292
279 656
467 147
176 12
230 110
421 428
303 285
384 491
148 142
484 251
188 167
209 435
930 839
414 100
97 452
302 357
32 203
467 351
343 246
534 842
302 358
467 171
252 20
395 470
300 374
305 443
215 440
480 126
248 322
38 119
427 425
659 288
14 33
378 19
513 494
247 146
110 38
873 344
207 170
96 129
62 306
299 275
124 113
234 221
376 72
15 359
16 435
486 244
261 873
238 436
353 44
318 113
478 406
435 492
216 9
314 386
162 161
277 111
400 81
223 154
400 376
146 222
124 335
39 916
366 412
357 354
61 204
125 283
225 436
364 305
152 252
201 496
975 715
398 187
385 43
185 82
327 472
166 134
185 100
740 721
470 405
179 222
604 487
482 679
48 471
430 92
50 399
724 168
955 516
83 213
44 194
433 119
16 293
326 254
19 35
461 222
314 612
16 214
226 93
378 363
105 286
184 221
456 97
38 287
76 541
458 70
270 162
51 440
266 476
286 25
471 282
856 443
247 492
135 402
297 13
814 808
413 298
171 39
498 474
333 443
229 7
418 76
70 243
366 216
31 407
27 97
334 449
53 308
93 382
280 180
124 815
472 862
99 595
32 41
99 133
47 235
327 284
80 20
461 224
288 127
29 417
924 493
320 207
297 62
294 395
436 250
171 205
439 14
634 943
193 406
234 72
300 64
256 459
198 294
207 179
483 415
467 326
436 402
661 453
703 900
34 38
171 468
280 48
105 166
461 460
176 244
362 439
496 385
268 425
325 68
255 92
98 339
258 312
441 229
87 353
235 420
278 891
509 86
68 219
262 271
66 320
244 253
187 500
342 46
305 350
490 371
15 427
426 407
934 628
703 972
69 413
446 441
426 248
703 535
371 273
494 449
547 659
544 870
428 441
394 177
147 444
123 34
53 53
94 324
546 523
420 232
251 277
57 230
83 95
553 864
155 182
74 31
303 259
360 295
104 273
125 241
193 267
249 492
60 135
283 400
20 71
41 330
325 349
187 971
173 270
277 145
27 771
478 283
437 883
454 434
711 124
490 390
148 82
191 180
34 379
445 292
433 753
256 13
448 454
705 701
206 165
814 402
330 216
702 650
251 486
149 286
451 252
463 2
691 160
481 186
385 320
478 872
270 820
397 438
112 393
366 486
191 87
251 142
73 76
16 392
391 595
254 227
926 488
310 108
402 188
10 388
150 66
162 376
44 496
794 545
207 220
152 34
309 188
259 105
656 81
149 217
312 299
224 373
177 423
11 712
200 158
421 363
222 598
295 469
982 900
423 781
468 398
370 439
442 315
302 101
435 331
307 279
343 157
281 247
104 325
408 158
378 277
127 976
417 437
161 407
397 159
342 305
481 447
124 365
254 96
198 86
477 10
386 330
144 432
102 304
453 428
866 65
347 235
63 116
247 247
147 47
26 174
340 454
335 330
210 385
367 203
390 371
139 59
62 63
454 32
311 272
419 115
310 87
54 327
360 74
412 205
53 84
208 250
452 471
9 207
333 457
394 429
86 202
76 426
295 172
245 450
661 69
284 75
272 138
262 112
486 456
239 248
71 444
132 96
135 56
398 280
463 425
165 303
84 415
129 260
216 648
160 63
356 356
893 562
171 337
46 471
377 411
242 99
83 653
312 565
234 74
104 250
77 27
793 261
28 287
806 423
839 777
204 624
273 226
459 73
229 183
76 451
271 106
84 238
382 321
273 143
29 376
243 233
870 572
161 7
961 574
460 304
91 17
386 260
285 180
432 99
245 340
297 94
101 30
619 686
9 351
228 322
485 344
44 24
191 434
249 20
244 123
226 352
146 56
60 465
398 461
712 316
375 51
393 198
128 403
257 651
352 100
283 328
480 331
427 34
438 195
483 818
358 330
6 455
52 128
593 318
268 446
64 264
43 143
175 468
421 78
449 145
163 40
430 195
269 413
950 566
251 418
287 367
256 14
342 351
17 554
68 128
328 376
103 574
211 155
837 379
759 993
273 342
367 283
384 8
492 182
690 287
604 143
311 884
148 248
203 188
487 373
953 464
129 150
136 252
103 335
789 192
217 367
421 379
168 211
95 290
106 19
388 19
474 43
126 73
431 378
441 291
333 9
269 61
406 114
200 134
125 322
492 25
315 334
260 27
406 86
334 378
91 167
148 668
153 263
177 456
46 368
154 120
283 494
206 175
72 114
37 251
335 30
435 279
149 241
117 51
293 174
388 274
151 472
231 170
385 322
88 407
395 73
425 255
151 316
61 374
753 378
145 141
2 247
127 23
156 436
307 99
792 793
378 423
369 38
205 423
434 348
171 157
131 143
702 225
175 9
251 278
999 451
112 937
312 307
213 10
234 487
304 226
47 265
382 292
269 77
26 486
679 845
320 465
5 263
134 448
167 306
307 121
125 468
492 333
186 4
262 149
134 70
18 183
753 967
226 131
211 461
152 71
493 487
31 450
906 945
766 586
7 231
610 32
106 105
666 312
373 297
425 494
494 953
367 165
29 158
47 259
414 402
938 172
44 436
208 211
294 306
54 41
236 431
493 919
176 219
484 89
195 175
250 315
270 377
385 456
155 179
238 91
458 253
108 467
400 459
303 47
168 171
138 46
53 289
208 328
318 477
714 242
606 543
635 116
648 219
395 229
339 27
378 418
83 271
454 473
485 923
152 359
86 448
534 260
40 444
809 413
2 419
116 274
236 344
181 202
166 108
302 952
96 44
374 896
313 329
241 493
785 609
376 24
705 925
387 1
86 572
54 277
378 156
19 49
130 440
2 72
214 32
154 308
996 604
439 39
55 59
83 180
312 604
43 468
235 625
49 336
500 76
154 483
6 863
31 324
500 442
165 485
880 129
374 473
316 240
183 129
316 248
75 94
5 383
312 105
429 370
740 760
305 102
389 330
166 41
106 55
260 304
469 122
171 456
969 360
154 191
424 437
287 100
231 123
210 346
578 187
418 713
587 668
632 592
489 57
222 180
367 431
5 6
76 799
320 108
30 407
49 66
202 258
809 643
127 39
142 69
98 132
224 299
311 372
714 854
294 664
455 250
506 653
15 107
480 407
394 102
606 527
26 497
119 37
413 493
338 196
483 260
337 385
234 640
467 333
216 140
246 456
24 339
216 166
407 125
111 406
765 482
393 487
237 136
70 396
499 855
186 414
142 398
240 55
99 410
279 401
155 375
495 481
384 335
887 262
237 460
171 348
285 217
455 960
90 149
374 309
455 465
154 65
621 843
168 327
444 66
167 45
130 24
381 109
30 66
298 296
326 42
570 75
9 182
319 65
882 456
377 315
367 46
747 446
385 315
85 340
240 95
876 348
236 95
29 3
703 201
93 52
423 58
317 377
112 301
79 191
39 183
74 349
70 480
284 160
60 215
247 385
27 123
98 457
837 843
247 155
125 406
180 71
257 217
221 247
229 424
160 160
11 130
178 68
9 209
31 146
463 62
437 427
401 329
250 232
487 190
360 80
486 100
657 977
273 459
438 471
406 20
587 268
389 345
328 263
235 42
490 477
368 127
126 158
106 272
417 88
286 144
497 165
153 219
457 314
308 103
626 500
95 258
174 74
168 219
155 476
304 295
366 40
232 420
62 426
130 346
204 95
4 175
201 193
260 253
358 262
790 197
269 473
357 194
32 471
499 128
179 69
147 200
218 636
25 71
146 278
608 523
173 359
302 750
348 299
278 381
569 580
140 341
46 348
407 601
196 155
355 98
41 411
804 37
171 380
230 385
764 570
69 147
69 40
768 478
260 272
386 77
455 388
641 682
466 471
827 829
451 489
418 298
182 395
419 412
371 553
329 241
106 224
791 770
346 16
493 76
135 425
154 286
476 352
376 369
302 358
134 421
494 185
649 252
430 164
9 292
199 477
428 271
161 154
997 154
158 48
460 84
3 679
121 265
306 97
380 299
303 333
763 239
411 465
152 145
178 140
413 338
490 206
423 343
263 562
374 301
331 14
113 383
343 273
469 328
16 158
304 20
435 406
368 435
334 22
29 67
399 137
54 22
112 67
84 242
16 698
336 53
188 41
722 245
54 189
480 69
834 251
236 300
193 343
766 395
22 22
388 363
369 311
25 368
109 205
289 329
329 422
196 271
479 304
428 44
336 119
347 466
499 46
67 368
465 217
293 350
34 469
353 326
249 295
737 499
313 489
322 234
389 494
250 177
797 114
113 799
344 255
904 418
201 466
263 242
279 276
243 490
119 251
236 416
342 14
359 95
90 292
907 418
419 27
392 314
354 37
20 187
194 335
266 282
358 81
500 128
255 59
964 540
548 333
186 89
962 838
154 70
774 886
15 478
408 162
151 27
431 178
353 329
424 233
307 423
484 225
473 478
204 51
434 464
627 421
6 237
33 419
40 239
196 282
303 452
394 340
565 578
219 178
262 24
105 360
145 117
394 189
108 217
56 475
678 310
566 60
434 316
287 4
142 223
462 806
314 448
412 423
184 457
146 348
643 279
748 297
319 92
25 22
348 266
214 268
459 364
274 478
162 281
327 297
13 11
496 130
853 365
243 301
162 252
375 318
20 171
479 710
36 2
13 95
685 467
501 23
487 241
83 309
409 404
388 25
62 872
67 229
117 254
747 425
150 255
127 461
155 408
27 373
248 272
494 250
229 12
107 461
14 265
352 231
189 391
191 343
936 373
924 80
175 273
106 489
202 284
579 986
832 275
292 4
169 238
253 484
586 498
70 68
33 131
249 339
576 310
381 411
241 65
129 195
498 203
31 58
161 282
268 23
181 167
111 237
246 116
249 237
572 898
122 958
174 421
133 303
133 166
196 202
306 431
271 673
177 70
125 136
494 303
471 382
370 191
312 162
136 638
237 255
852 42
868 552
78 412
551 906
218 159
643 193
89 484
69 260
41 436
146 788
310 340
717 854
132 349
394 358
59 967
51 295
254 149
279 12
259 342
16 302
891 782
400 75
300 340
153 99
402 19
516 261
116 444
78 210
416 214
461 182
129 610
456 384
9 221
207 396
272 25
226 172
476 364
351 345
253 44
427 58
847 388
210 820
26 68
78 373
9 380
94 362
25 352
131 120
807 835
272 7
180 114
436 80
353 110
334 366
397 259
442 159
250 138
57 383
330 401
71 284
416 59
412 321
118 124
542 48
333 121
410 343
463 308
198 370
377 246
315 376
1000 601
85 299
358 154
239 313
321 440
294 456
180 406
107 29
394 150
448 452
785 728
50 110
88 361
398 738
122 224
246 486
412 58
173 501
282 49
93 468
110 411
982 913
233 262
93 257
189 446
246 335
304 497
733 43
383 457
328 133
752 674
285 84
57 36
40 376
193 492
155 49
824 568
364 299
741 868
894 52
122 425
438 402
92 162
129 396
320 35
453 154
388 439
373 374
248 389
254 309
418 415
839 13
362 40
151 485
489 490
249 5
82 208
491 140
32 123
437 108
165 354
287 152
310 453
908 30
169 384
275 484
352 76
472 421
13 495
184 412
319 191
11 19
359 299
427 77
279 368
848 789
618 640
480 68
4 56
928 110
78 50
494 461
303 159
933 502
220 62
256 181
530 212
269 360
168 889
841 946
142 92
453 701
95 454
249 949
282 406
75 203
91 207
58 228
58 54
380 178
314 696
303 9
86 128
263 180
243 108
451 279
520 697
64 182
30 328
399 301
311 491
161 380
250 302
290 74
212 110
125 114
138 746
888 914
528 362
661 279
985 865
227 180
1 196
370 118
461 172
510 889
227 942
24 255
436 14
533 489
400 32
144 119
294 93
801 517
1 74
3 456
22 242
227 43
470 483
167 297
48 446
127 358
314 201
433 481
453 132
14 43
420 345
349 282
176 456
333 330
74 496
62 46
94 12
86 1
484 487
193 62
317 295
196 258
218 57
30 112
214 326
249 112
327 168
184 321
253 225
40 395
81 414
497 314
470 178
76 286
52 301
318 69
279 98
414 624
415 121
152 96
329 113
6 420
324 157
399 484
39 401
225 741
59 319
204 205
297 471
468 439
6 161
338 220
212 385
349 5
395 348
149 400
337 399
151 146
75 122
39 483
302 15
139 166
182 384
954 160
92 10
285 316
430 28
229 106
437 303
175 54
471 559
204 27
487 339
927 694
151 140
299 199
577 687
248 318
490 70
561 218
457 136
58 20
336 169
134 220
200 63
287 247
401 304
216 393
449 271
120 12
214 314
31 358
223 209
726 235
338 139
250 310
133 71
787 753
250 428
101 152
63 398
176 287
345 422
462 457
328 258
13 143
416 194
407 272
334 187
412 417
222 912
431 330
95 136
267 214
102 32
651 451
394 122
194 276
12 273
326 196
356 378
66 148
414 87
6 308
409 785
209 244
907 546
425 319
195 155
25 332
22 295
308 500
646 772
399 439
327 390
72 371
52 250
337 113
220 237
213 203
396 435
985 264
432 90
661 670
799 452
306 30
18 34
635 259
246 295
477 130
248 339
396 456
763 447
126 384
795 870
368 68
308 127
310 233
350 537
359 257
14 21
45 318
394 122
394 109
185 338
287 455
11 416
499 94
213 318
141 493
344 80
188 711
482 69
167 868
122 790
313 163
484 112
250 276
935 129
94 44
236 468
280 383
614 112
297 431
293 268
32 561
133 307
866 879
178 18
49 173
355 188
103 282
170 228
640 234
499 282
79 350
456 154
481 253
427 126
24 246
465 449
407 273
457 68
396 148
316 362
418 840
301 474
269 20
431 64
42 55
93 7
797 848
136 76
57 82
328 162
398 70
105 335
116 365
539 105
137 6
300 414
296 403
92 29
427 217
257 393
413 58
318 370
128 828
282 450
440 278
205 208
11 425
472 319
52 551
746 108
445 462
468 38
171 146
225 396
35 26
416 238
524 315
562 357
268 58
173 198
241 39
43 365
293 453
54 170
489 3
247 413
219 30
87 278
436 453
415 436
19 295
436 273
288 471
318 975
323 138
371 235
298 286
392 279
498 184
272 492
163 94
186 146
292 505
238 435
444 366
198 59
284 310
99 273
123 500
383 73
438 70
920 252
112 941
92 355
52 412
378 984
340 321
82 342
203 28
497 621
125 130
408 42
299 73
33 27
114 306
380 185
330 431
220 479
169 629
221 7
303 364
127 9
296 276
208 392
201 66
818 766
493 389
296 274
142 237
554 606
309 214
463 116
165 197
356 52
394 64
143 488
307 422
303 298
185 106
466 164
494 435
483 72
454 5
904 744
96 196
249 135
105 463
93 108
335 829
312 215
79 160
240 243
356 456
12 365
469 132
498 153
94 97
135 325
379 170
414 279
482 260
331 288
214 728
129 276
160 25
66 369
363 28
273 276
830 212
367 158
339 485
409 426
204 466
446 344
234 85
326 192
280 122
206 32
423 44
399 256
465 232
447 333
798 30
496 253
232 789
209 434
417 363
229 57
800 36
77 429
225 72
306 419
40 206
384 44
8 168
191 152
11 461
489 159
350 191
230 209
398 412
452 263
123 169
12 65
214 55
77 420
250 374
141 72
423 655
208 387
514 451
27 452
81 318
704 961
370 436
70 198
308 470
979 520
598 638
430 161
39 266
13 465
144 100
495 284
64 313
390 335
708 324
357 258
300 270
400 222
403 55
648 788
265 147
932 89
84 130
921 324
438 300
158 1
354 479
472 341
44 461
482 221
377 311
167 693
217 843
10 286
469 860
405 108
266 1
303 157
575 785
406 274
132 446
458 489
295 314
90 359
948 505
744 880
117 319
828 108
232 191
650 313
314 240
19 492
353 425
72 276
494 340
313 387
273 492
440 102
346 449
462 239
458 295
373 282
217 91
293 371
103 145
200 227
470 399
405 12
811 904
118 445
407 314
228 391
375 21
149 159
216 142
217 62
300 352
396 265
167 311
27 293
273 296
57 426
41 449
408 16
650 118
355 828
350 140
345 221
311 456
222 401
642 585
392 150
289 484
467 7
416 302
47 269
604 339
915 757
492 481
256 455
603 735
53 323
621 273
266 243
404 59
298 328
785 433
492 381
114 392
410 2
41 267
457 684
240 405
452 272
474 228
190 7
274 270
406 438
80 701
393 234
122 77
461 75
140 403
166 80
527 658
56 4
25 246
849 151
388 468
48 85
447 597
377 409
206 413
21 190
342 135
56 429
120 358
391 267
349 401
238 370
115 138
804 306
29 408
215 197
456 397
553 371
285 496
430 218
677 370
165 119
32 912
345 281
169 351
263 441
63 178
457 253
313 334
10 381
34 27
250 463
389 278
349 322
268 264
21 462
115 443
365 419
996 48
345 254
85 164
168 162
333 372
17 69
146 55
228 845
221 148
154 291
523 394
246 343
222 263
265 84
237 145
472 259
503 944
291 353
154 175
242 431
410 300
21 66
823 77
249 310
480 473
454 220
178 212
208 492
233 167
39 562
18 447
448 287
460 73
371 532
129 18
50 194
397 465
68 406
200 249
460 104
85 33
484 45
246 208
190 122
268 137
360 151
12 100
814 116
217 315
274 88
295 293
358 242
479 325
446 467
32 198
102 269
204 614
489 128
89 484
390 181
420 89
67 1
175 377
377 28
68 42
493 500
198 496
33 105
13 407
38 901
428 152
491 220
142 135
362 83
395 35
442 183
474 457
319 134
635 362
495 313
499 251
494 453
237 431
499 4
179 408
798 2
497 92
12 471
95 105
327 263
124 336
260 419
131 860
601 834
374 52
422 323
547 713
406 99
489 425
372 612
331 136
320 484
367 450
5 324
288 52
123 19
357 868
92 149
374 782
651 69
464 96
222 6
916 713
308 319
285 442
194 18
199 240
353 291
324 33
975 164
286 113
295 287
227 59
990 588
448 87
6 10
236 204
444 293
328 363
400 81
749 562
78 207
295 99
263 63
337 55
209 307
787 191
131 52
179 387
284 121
498 214
28 371
311 334
109 44
370 305
297 23
27 353
221 344
461 193
326 18
172 517
355 166
276 118
392 129
121 630
223 2
319 822
915 509
345 292
879 254
307 468
140 144
71 414
365 228
495 121
406 449
168 330
803 469
181 90
415 391
383 357
296 338
309 79
380 174
33 98
199 84
88 168
222 162
75 356
328 172
10 943
67 303
13 349
328 56
767 64
123 848
367 166
230 463
287 424
119 1
317 497
588 177
120 382
166 82
478 4
253 145
9 181
888 159
457 472
580 183
319 471
157 74
589 656
31 404
327 366
312 85
488 269
152 347
814 372
773 572
741 707
466 67
322 491
211 104
5 29
333 55
66 439
340 875
198 110
164 475
182 61
660 350
98 15
49 453
970 60
362 899
202 250
394 165
455 432
626 11
219 7
171 91
964 659
323 16
15 203
123 437
417 31
361 52
906 800
376 141
298 447
203 320
122 973
95 168
2 286
320 103
341 292
219 493
179 95
36 54
347 356
439 22
383 150
356 760
487 120
376 224
370 15
228 133
302 434
469 187
929 329
186 556
5 467
317 150
266 443
172 137
317 380
23 429
42 330
471 226
483 434
256 433
215 319
5 474
14 158
250 275
331 328
296 14
749 983
222 32
908 155
58 465
473 183
36 61
209 258
157 202
241 306
370 131
377 209
996 983
306 410
19 321
844 178
641 514
148 109
74 426
146 40
336 354
130 690
509 6
92 174
566 623
129 57
76 243
45 262
74 38
94 142
326 361
269 279
251 493
136 359
188 57
408 492
389 492
574 411
156 286
127 466
834 454
252 282
729 258
36 176
25 18
36 249
863 241
637 314
335 56
45 44
144 613
398 367
335 980
27 713
663 876
439 338
273 469
143 365
56 38
195 120
423 3
665 711
463 177
843 817
221 285
38 867
195 742
486 168
59 203
235 75
41 147
269 200
33 35
340 485
483 303
751 128
336 323
160 347
853 87
35 480
306 148
108 346
258 250
337 46
143 14
522 179
257 35
439 52
31 177
972 915
140 10
227 1
418 95
919 136
484 265
202 19
359 199
422 235
340 851
469 196
466 457
159 217
671 996
221 116
224 83
896 617
315 437
457 78
189 468
735 845
34 399
127 489
192 402
10 267
457 488
379 202
222 341
68 437
195 36
148 183
138 295
966 893
437 15
317 196
110 657
116 61
34 108
396 226
753 863
46 217
409 468
2 162
561 347
342 296
16 31
2 277
33 411
34 307
203 88
8 442
156 50
292 246
365 143
212 233
443 492
42 172
180 343
203 429
457 84
886 12
37 358
26 106
491 478
566 683
982 388
231 91
387 158
163 64
158 132
441 152
268 246
193 57
121 346
271 270
1 479
410 14
227 446
221 289
25 499
11 108
163 312
431 143
481 283
25 495
300 585
689 735
200 47
366 318
465 167
552 719
239 124
417 2
17 8
359 115
994 466
402 435
124 133
938 305
284 403
349 328
77 22
186 427
413 91
922 815
64 738
266 448
462 445
197 19
294 388
139 335
196 95
791 499
8 219
371 382
23 220
467 362
470 487
880 85
81 371
487 205
800 148
460 159
738 480
287 420
307 513
60 322
493 157
409 111
172 428
319 313
107 28
114 185
424 52
282 622
403 57
5 335
352 427
549 591
371 175
49 892
209 281
292 101
139 217
369 476
483 73
120 251
31 27
327 83
485 21
258 436
172 143
137 215
88 375
75 241
264 192
983 463
113 81
381 445
146 564
299 419
398 49
389 64
242 72
292 284
273 22
713 905
271 199
121 421
56 384
73 442
53 249
153 5
223 242
97 38
245 905
258 168
271 114
100 470
245 284
295 5
272 390
53 835
73 366
457 479
447 36
323 130
31 990
827 613
362 428
153 244
427 518
164 182
943 459
729 59
701 425
186 309
457 109
493 76
350 728
154 491
882 663
105 353
485 255
97 250
415 187
14 167
457 86
437 347
717 794
134 117
474 150
459 259
293 81
143 232
261 256
89 194
108 3
754 297
192 95
218 150
18 449
159 206
360 112
360 26
494 84
307 254
364 250
435 15
436 359
21 48
487 126
670 728
347 306
166 172
451 348
37 218
216 911
498 422
354 402
196 160
484 64
299 200
494 223
56 141
227 531
460 337
657 145
95 70
238 302
494 359
308 106
231 93
342 375
541 531
232 383
382 87
307 325
352 334
215 400
260 370
159 950
259 483
299 278
135 139
452 307
940 413
337 230
446 205
281 426
481 281
27 472
371 93
11 298
726 618
222 415
373 66
391 479
155 381
16 141
345 290
205 90
309 49
154 248
152 687
314 65
142 78
26 452
186 291
343 358
67 151
440 403
445 326
461 13
286 423
292 238
519 420
317 243
48 891
483 423
318 9
502 543
75 135
862 582
155 243
81 512
782 892
967 260
173 338
57 254
17 402
83 616
196 51
37 447
497 191
479 438
186 297
396 247
362 266
448 305
653 894
290 253
189 24
32 176
58 610
364 450
84 247
271 22
250 121
289 209
205 4
101 121
373 281
404 207
390 423
318 108
494 109
236 297
191 280
109 27
169 79
331 165
38 132
243 424
401 497
432 500
44 27
250 51
165 125
640 535
104 163
74 166
441 215
17 453
255 435
266 286
279 37
409 371
128 18
153 76
29 119
238 18
109 307
364 387
125 352
456 43
236 479
196 241
482 318
23 481
340 460
272 857
445 492
805 183
310 498
88 465
587 715
61 316
535 599
345 84
501 388
969 103
316 341
287 489
465 28
239 60
495 364
129 315
213 99
77 131
265 580
115 296
288 9
383 80
595 96
216 194
46 887
380 82
34 14
29 8
232 449
255 14
377 361
311 342
191 153
884 431
175 279
279 67
893 440
450 493
136 204
225 167
385 463
583 765
73 361
81 309
186 449
179 127
120 39
411 359
237 48
36 746
241 87
368 57
443 294
54 541
390 166
138 420
119 47
341 273
197 432
311 486
229 383
425 84
363 82
379 417
388 156
724 635
247 92
21 39
427 135
492 475
284 429
87 238
68 26
225 297
643 664
66 228
178 18
369 134
69 3
132 461
370 965
326 101
95 380
736 531
281 114
239 134
303 379
26 292
95 475
727 601
360 13
492 31
183 124
14 273
119 128
155 447
192 219
165 494
179 200
137 77
401 169
385 387
291 494
58 204
170 98
358 73
38 14
90 934
456 476
480 4
210 492
270 239
850 565
487 367
195 218
82 69
106 325
323 212
236 389
687 35
717 39
416 307
972 512
49 578
375 341
187 206
131 438
321 18
479 438
564 212
460 143
427 599
164 406
445 377
378 500
290 290
52 51
117 381
74 127
140 555
359 231
578 107
174 245
421 192
686 886
372 122
410 119
356 27
251 296
469 200
465 25
85 21
34 411
244 323
482 303
698 50
804 533
375 81
258 171
233 382
219 190
341 82
934 310
496 150
350 392
341 376
303 292
1000 397
463 338
163 187
441 287
76 214
185 359
93 412
232 245
279 239
227 439
459 264
128 277
28 194
261 383
27 171
844 90
447 753
90 75
92 156
451 64
282 69
141 480
422 368
265 61
432 348
411 75
465 375
327 364
743 101
583 879
490 417
290 42
871 874
462 212
43 339
622 915
329 232
343 487
838 773
417 18
325 204
148 316
92 367
373 240
210 31
51 390
113 406
312 11
468 383
489 237
209 224
408 297
163 219
889 810
346 216
413 424
291 983
169 147
437 17
315 359
459 109
585 602
146 402
409 57
92 41
117 253
389 203
65 465
405 662
255 147
364 5
2 102
92 305
110 392
715 545
208 471
493 456
276 831
183 321
379 296
197 377
962 971
412 332
115 317
338 311
175 346
166 464
28 348
294 259
77 175
59 284
258 486
449 305
30 226
234 269
315 29
192 318
64 158
350 441
352 45
458 328
403 167
94 298
145 510
292 106
557 285
384 224
183 125
321 208
381 16
468 107
372 415
182 64
154 13
128 498
256 314
70 225
37 248
183 82
479 455
139 169
334 243
595 172
119 8
167 34
276 81
473 3
333 293
80 458
382 445
358 314
772 182
121 286
45 413
323 47
470 373
640 592
316 29
389 337
268 115
307 522
572 619
90 441
402 455
13 499
187 418
353 101
270 144
85 344
145 252
321 382
381 12
43 361
317 638
140 8
556 280
389 173
256 367
368 348
596 911
369 219
785 217
146 128
266 158
192 201
309 413
187 446
12 187
198 100
146 310
418 475
356 456
437 129
893 782
369 445
17 281
128 214
387 350
261 3
100 175
205 473
53 478
195 385
302 260
174 351
19 335
365 371
231 347
348 386
187 212
54 445
351 26
551 576
247 10
213 136
450 117
462 378
348 447
428 175
681 876
154 272
192 311
321 850
149 140
407 389
353 306
106 244
155 429
91 195
470 176
14 192
129 152
200 423
275 240
91 284
201 414
461 301
156 179
60 171
211 18
459 111
653 606
169 350
202 329
319 717
959 331
224 287
412 384
78 160
281 61
277 110
389 582
131 339
536 284
185 61
668 547
475 476
379 361
113 398
269 994
112 66
240 205
451 48
489 293
328 15
159 472
595 915
148 193
242 192
267 161
449 56
727 920
129 445
177 381
146 111
19 383
387 440
4 222
660 74
42 258
368 387
135 84
129 166
376 240
151 195
180 348
253 436
358 347
12 256
773 927
785 720
1 496
124 181
99 362
52 142
397 203
24 224
589 334
410 122
392 454
172 163
138 111
249 367
689 986
415 316
539 281
289 385
125 453
271 320
720 684
293 335
316 408
377 995
299 183
229 109
474 395
492 169
739 656
327 446
560 725
62 179
57 453
489 379
84 282
301 79
12 691
351 242
397 24
86 78
109 330
475 348
234 191
614 268
493 383
45 260
338 495
54 887
913 475
343 478
298 47
115 820
30 417
213 996
289 580
228 185
432 55
351 480
140 447
903 963
442 273
378 376
443 20
23 113
211 13
143 384
464 396
497 761
94 431
243 435
244 249
141 263
141 278
53 273
577 444
39 178
358 271
186 709
458 55
149 17
75 423
290 424
165 190
140 30
218 291
205 94
305 536
220 289
67 326
227 459
218 462
482 273
282 479
481 341
223 396
460 459
357 124
606 273
191 421
349 236
97 349
556 449
457 144
456 323
385 252
24 418
242 412
426 286
345 282
52 273
296 108
135 96
463 116
434 242
284 264
495 151
522 180
382 4
308 48
140 164
428 375
178 499
21 181
829 7
951 335
402 120
208 140
474 430
159 136
978 568
443 196
940 372
154 44
132 454
161 10
163 423
462 385
455 249
278 396
180 338
235 275
660 464
204 372
371 100
344 263
84 483
150 242
145 224
241 139
187 253
634 947
355 147
228 61
321 527
101 298
44 831
119 119
461 487
203 192
162 370
178 390
566 392
467 251
498 219
244 372
61 185
313 808
689 453
310 450
456 108
319 34
200 459
523 430
87 487
112 425
245 391
818 270
115 200
380 211
40 274
306 473
551 129
212 147
179 81
232 62
869 892
71 269
297 137
8 257
6 170
153 126
102 305
254 315
360 77
848 287
405 462
256 918
306 62
889 958
251 154
41 341
355 206
740 330
32 436
519 171
987 958
147 155
155 131
498 187
334 242
388 355
332 335
700 636
365 366
18 352
984 380
77 252
27 757
91 293
57 130
447 2
351 441
500 359
422 603
497 59
385 269
722 356
29 419
452 420
62 327
269 485
37 1
163 475
116 172
293 391
32 137
350 227
483 367
205 293
440 454
27 159
239 26
239 276
108 946
405 479
741 790
286 213
8 897
394 109
58 53
218 389
84 139
30 387
77 401
66 138
96 268
273 83
306 10
210 310
284 72
57 239
407 90
69 165
275 284
