1000 253032
5000
49 36
49 491
63 1311
81 623
17 503
57 1988
86 559
81 1650
88 746
98 856
72 1528
20 1781
46 603
26 476
50 1117
19 179
93 1469
90 376
97 1278
12 415
36 673
58 34
71 1818
72 1862
9 1720
97 518
88 66
6 393
33 1560
81 1033
65 929
97 34
17 272
52 22
34 1938
82 61
60 1765
14 592
29 169
4 967
50 904
41 848
29 1633
62 1728
5 827
71 1356
92 516
80 1243
33 1164
5 151
98 851
84 617
34 506
25 1416
86 614
8 561
35 846
89 597
88 1640
52 1323
13 1469
19 835
75 1891
94 1062
35 886
18 1590
40 901
35 78
63 143
14 1670
32 1218
19 1563
79 690
31 810
70 1549
43 1066
100 765
76 129
80 1537
46 265
41 919
7 499
89 832
71 1525
61 1409
50 782
45 1188
88 1700
76 144
70 367
93 1569
100 1323
7 1310
64 1852
82 556
99 102
68 185
97 198
9 174
39 1780
73 1189
55 1550
15 1799
72 1889
19 1856
56 418
100 1199
57 1473
26 1256
91 1660
63 984
75 1944
38 738
15 823
47 1250
70 1312
74 907
88 1672
19 1900
81 648
5 370
61 1048
16 317
89 1153
88 652
31 507
20 1588
13 1490
94 186
13 394
78 1783
13 1031
1 969
73 169
26 1403
20 36
65 199
31 62
35 1837
1 1992
68 901
75 213
83 1499
17 1630
45 1878
98 352
68 1079
64 227
64 1331
32 567
19 517
100 1095
82 435
7 1878
64 1183
8 1526
32 1564
96 1360
35 551
68 1292
22 1486
67 288
65 490
79 47
9 1562
52 191
85 1479
6 1882
16 1622
42 334
27 1412
45 189
82 987
41 1253
78 1321
25 1912
52 168
30 260
49 1457
57 970
63 361
42 1956
14 1134
73 1356
70 593
81 1119
33 1769
7 482
72 984
44 98
26 1077
79 1633
60 498
66 1246
23 785
26 1398
3 385
88 603
58 1074
44 926
92 1098
39 1174
23 656
17 918
89 1995
20 1710
5 512
66 1213
40 1612
9 1528
23 1435
72 365
39 27
100 1647
61 1596
5 169
65 1109
19 1226
93 713
20 290
4 1260
58 546
93 503
65 293
62 864
98 724
92 1818
59 922
8 1198
41 92
16 243
96 180
66 710
67 919
68 1645
80 1096
84 1991
53 578
42 756
29 1173
57 1443
58 1753
94 1167
17 415
87 261
84 851
10 994
89 1391
8 1351
30 467
79 1122
96 1259
49 1115
44 689
70 1995
66 1449
38 16
54 87
47 801
12 1793
40 1683
34 1628
83 1380
8 147
2 1340
66 1591
65 696
25 800
7 1846
35 1051
50 688
32 99
94 79
15 145
30 198
54 405
88 1875
56 826
51 1442
39 1952
5 824
60 1119
30 1836
21 534
38 171
65 328
16 1982
56 866
66 495
89 1146
48 1413
11 1619
7 153
91 344
35 1992
10 1603
95 253
79 1784
65 276
15 48
75 1858
98 365
26 946
10 1151
8 1081
89 467
79 1904
65 1526
39 1456
82 1322
80 1195
31 1260
96 1647
88 692
24 1717
52 265
89 391
56 733
13 812
77 1519
62 247
90 1907
76 385
78 888
87 395
91 716
29 1942
91 1370
41 1406
15 965
73 197
3 452
15 1156
45 470
91 1504
30 1183
33 197
74 421
27 468
19 346
83 1974
89 1965
5 1951
12 1866
77 1867
64 40
2 1330
58 792
39 866
76 980
63 1311
64 782
28 1112
5 287
58 1068
43 192
24 402
31 1152
53 1013
47 1141
39 388
81 138
5 1576
49 640
91 21
85 91
81 1387
6 1964
53 203
9 132
65 289
84 629
84 87
6 878
66 1659
46 57
83 889
31 996
35 796
44 1871
33 1104
66 1271
13 1821
10 1821
94 1174
41 443
85 1356
61 175
50 1233
73 589
36 1672
22 383
38 1479
51 1942
49 8
10 1789
12 1041
64 395
16 1292
45 280
31 369
58 578
47 331
6 185
45 586
95 1275
94 1465
68 1055
44 723
90 767
96 1607
67 1489
68 422
53 661
41 80
20 1600
82 1572
8 469
58 1115
6 1584
10 950
63 1788
73 1425
54 491
4 1370
35 177
46 1096
33 896
96 487
43 1308
43 523
17 282
19 1941
97 1976
88 353
63 802
30 655
79 70
24 1358
56 1257
44 43
84 402
40 800
63 1233
34 1112
59 1422
78 1546
11 1048
20 1865
94 1
24 273
93 1845
98 1296
85 1055
97 1188
13 1459
8 932
91 302
48 1062
29 977
94 1420
79 1424
49 1096
7 88
98 1811
61 97
93 1306
18 836
28 1847
6 790
1 62
19 464
16 452
66 1950
66 1364
46 780
60 843
1 1433
11 1245
15 1804
34 1673
21 878
36 1506
79 120
8 184
68 63
40 1369
64 965
18 183
40 241
1 1605
24 1479
23 754
54 431
73 1293
15 966
72 48
59 1120
54 623
88 1475
13 1393
79 1722
35 490
85 873
1 1130
32 1887
10 422
39 1558
29 816
21 617
1 1269
87 181
89 1256
96 1341
8 1379
12 176
5 1261
39 325
71 535
74 90
5 1505
87 240
41 1842
43 555
90 1542
61 1190
63 1269
23 174
79 800
49 810
84 1758
18 1319
43 1614
62 73
21 364
7 1859
31 1003
68 299
81 590
38 522
62 1687
66 138
14 1892
45 1441
39 801
70 102
5 688
56 395
62 927
11 136
23 1746
79 110
48 1594
33 775
36 1690
89 1824
48 997
25 1953
38 327
99 1657
74 194
9 1484
18 121
5 1299
21 1140
31 939
13 436
37 21
36 245
10 912
91 459
33 1116
63 1301
97 1065
4 372
9 889
72 1846
95 1187
70 107
63 1341
64 13
33 1513
46 964
82 1650
76 70
67 1811
35 1510
14 107
80 1267
18 1590
31 707
9 1405
1 817
25 956
94 560
53 1022
54 808
91 1404
14 987
54 936
5 1444
97 1036
45 772
48 1410
59 115
57 1580
3 1434
1 163
79 1708
99 579
37 1352
82 173
67 1189
33 959
63 268
55 1377
69 280
86 1427
1 962
14 1292
71 1724
44 1549
17 832
15 1467
39 854
22 1643
18 973
53 743
11 936
85 1689
98 1464
76 387
25 364
17 410
10 1478
92 74
84 1462
32 1249
16 35
19 564
1 1759
42 1347
21 1784
52 14
89 58
47 607
16 410
55 906
95 563
60 237
85 1187
5 1851
100 1632
56 1750
71 1308
26 1982
29 689
7 484
8 550
23 436
83 855
66 1011
10 706
46 595
57 675
38 1537
34 824
36 1481
12 1778
50 1718
97 846
92 1800
78 1109
14 179
59 908
34 956
93 532
30 1099
65 1424
65 1944
3 1582
66 1248
3 1502
75 1907
69 1377
53 312
52 104
72 1979
6 708
17 1744
9 1867
44 1353
70 1195
52 153
14 950
69 235
100 1101
26 367
6 203
2 1892
64 1976
95 1407
17 772
44 1544
98 1908
36 460
32 816
25 263
34 340
25 1325
90 1164
88 1245
33 450
8 1443
6 730
70 1993
78 508
72 1839
89 502
19 887
70 1672
81 234
94 1065
57 1660
45 463
10 1769
52 880
69 1629
60 1469
12 1315
32 146
46 1976
75 1633
28 1457
57 1881
63 842
39 885
63 717
90 865
12 1345
19 1400
60 983
75 1762
32 852
63 473
53 1687
34 1354
44 1056
56 1222
57 1739
57 724
70 1968
27 1441
78 226
88 1136
70 540
75 48
71 1772
43 879
48 1866
88 1700
31 548
26 1088
64 1704
11 1068
42 1691
51 1787
97 863
60 1864
44 350
69 732
67 168
84 308
58 1713
53 988
75 181
85 1089
75 930
50 783
3 368
4 1794
13 868
76 956
23 835
81 1136
62 163
11 1317
78 1656
13 323
79 202
53 329
73 1319
79 825
69 1727
8 1493
88 1269
42 329
13 428
72 1820
48 1812
87 1304
84 1350
44 1213
2 703
24 1690
76 231
5 679
32 478
99 740
38 1948
25 584
84 523
79 102
48 1594
29 797
84 121
8 276
56 1624
50 727
29 1168
93 98
95 216
89 173
25 842
68 1404
61 187
69 277
11 689
82 200
87 1993
84 943
66 190
69 537
94 1079
62 1258
73 1677
56 312
63 572
84 875
41 1842
47 310
77 1763
6 1998
6 1013
93 432
19 169
71 1349
84 1975
75 1327
20 301
34 1693
77 912
44 287
16 915
37 1892
13 1549
73 1437
20 1684
11 1742
65 1032
10 1299
8 407
47 1574
51 1506
75 1468
82 399
49 1156
38 1615
24 1201
10 616
42 914
66 119
80 1783
11 1052
12 874
84 1995
44 965
94 620
91 992
99 648
21 1062
69 1011
68 800
28 118
48 21
1 760
69 71
76 976
24 1864
89 112
60 272
65 178
77 1978
99 1372
2 1187
33 1643
22 125
38 1108
64 1346
45 656
52 1338
51 948
81 218
63 418
97 488
18 1050
3 1897
8 1907
2 193
34 474
3 1803
53 997
63 1861
14 1863
72 433
59 1591
76 550
29 1539
60 375
28 865
39 1601
58 1443
33 1878
19 1247
90 307
14 1548
100 306
65 1904
71 559
50 1357
26 1864
74 1140
85 1789
95 942
93 948
16 981
94 1324
65 1133
49 473
74 1160
73 1147
77 1785
74 1288
24 1459
51 1502
52 545
4 275
29 1861
23 1874
5 276
34 850
14 1451
48 1493
43 1655
79 1244
99 1092
60 1072
89 851
81 1508
87 159
1 437
19 1314
42 352
72 1022
58 564
48 1869
48 1388
89 883
22 14
22 316
77 1954
85 1042
12 621
84 485
79 1894
41 1322
85 1898
39 1056
39 1674
13 1999
34 1225
53 1795
73 588
32 1407
11 1879
93 164
40 1826
61 1178
76 1860
38 14
49 1675
59 353
5 1689
78 1817
60 1338
83 1617
1 1604
90 1780
99 865
69 24
63 1224
77 1533
69 840
3 1778
58 1851
24 1239
58 1143
26 1804
62 914
11 255
75 1031
97 32
63 881
25 1247
53 334
97 583
59 1823
90 328
50 1902
21 471
5 1171
41 752
90 1693
96 812
30 958
87 142
27 1964
81 1712
43 1100
45 257
5 911
45 529
31 634
11 862
96 936
53 1144
11 267
12 188
74 31
24 1337
7 394
1 1365
14 1148
46 1572
19 1488
6 310
97 1828
22 1053
18 12
33 1992
78 353
99 900
50 773
54 407
48 1407
43 1464
6 684
11 969
67 1276
75 772
47 60
57 1497
86 1744
52 945
42 1372
58 1060
87 1312
93 1220
17 1031
38 944
62 127
38 254
6 1266
96 1599
82 904
9 1839
58 1008
63 746
28 1212
54 1091
62 1131
71 1876
73 199
80 1495
92 748
90 885
18 1925
93 1507
1 1035
46 1439
65 1666
34 1110
83 1861
7 587
44 461
86 671
68 399
3 1728
51 770
80 1933
46 491
31 711
5 1111
24 431
13 340
9 530
77 209
68 1638
53 233
95 301
91 1787
75 1034
18 1374
59 52
32 741
81 142
8 325
15 672
43 677
1 496
27 1147
90 1852
95 266
98 1450
99 1202
34 1327
42 1024
45 1322
58 1676
65 1164
65 716
32 176
36 427
54 1673
42 1157
73 835
43 426
61 91
65 1029
16 1529
17 1698
62 1766
85 145
28 1735
91 986
34 1781
31 1088
94 538
94 868
32 407
99 182
11 1069
5 1716
97 599
67 786
17 1206
34 572
57 688
90 624
94 1571
42 365
50 4
42 1732
8 780
66 718
67 1672
29 1567
26 214
64 1843
80 1160
43 1970
79 1704
90 659
56 137
4 739
86 516
71 770
53 511
71 1411
96 288
99 1850
80 1439
100 1267
24 1189
20 453
11 577
95 1687
8 519
70 1008
18 1886
87 1358
59 592
34 310
3 675
66 1251
4 1114
21 1611
43 122
45 720
73 556
58 1884
65 693
10 1305
68 1425
49 1739
31 1306
41 1633
92 1425
94 591
100 1742
81 776
6 942
10 1781
18 444
71 1544
48 1371
38 706
68 103
57 221
56 1247
62 20
55 1350
19 1474
56 514
9 118
83 1922
23 1718
48 1431
82 514
40 1950
75 777
55 1330
98 1168
27 6
31 903
52 412
83 962
25 1408
82 638
11 1411
55 771
13 1945
40 1439
10 767
32 1839
65 1586
49 1717
31 1310
82 1044
1 1007
50 1478
81 1371
28 224
96 1211
74 914
46 1043
40 808
20 639
91 1158
90 1286
52 730
1 912
87 1278
62 672
74 135
30 465
25 39
67 1629
9 719
79 1539
95 266
99 1713
73 1051
6 1319
37 977
87 1107
12 297
30 698
40 287
89 140
66 1248
87 856
74 1856
85 38
62 1523
69 307
31 148
91 431
89 195
35 1301
54 866
4 342
26 740
96 1572
73 1063
99 752
34 1640
10 393
13 1676
17 404
64 1040
54 632
43 972
49 690
31 1514
36 596
1 178
7 1776
62 1986
30 359
33 654
63 892
74 1544
49 1796
92 987
58 1744
4 1294
2 1430
94 1162
10 1177
91 1452
19 85
30 10
29 1808
31 1786
76 1306
98 1220
45 1927
19 605
57 692
49 1166
1 1463
66 1403
19 981
8 1960
71 1283
28 1305
23 1478
97 1647
64 840
72 1921
84 1080
1 37
20 1668
93 579
45 1735
32 450
25 734
48 1617
26 801
92 1138
53 1132
52 585
77 1161
77 1049
74 1593
76 1222
21 1982
31 1689
91 1912
75 366
60 956
90 370
30 1419
9 1059
63 1648
1 518
36 1118
55 1808
41 1511
44 1342
65 1291
5 921
68 1337
65 1278
13 1200
80 1582
86 360
82 1639
11 1598
65 745
13 1611
90 882
73 181
54 1714
24 1738
21 534
70 671
93 1519
35 1643
39 1170
90 1047
28 1596
17 1934
31 1508
25 432
64 1904
83 1449
25 1198
84 525
40 1025
59 162
43 1310
50 1907
97 1919
3 1236
13 1554
79 1504
11 1209
98 1225
66 1134
6 1974
75 247
40 1843
17 1583
98 556
11 1843
68 933
20 1647
100 1213
8 9
94 1193
69 1883
78 1523
50 664
85 675
12 1798
91 1789
37 1876
42 297
94 68
45 144
28 1632
99 649
63 706
94 1551
21 1911
70 299
76 1515
4 1171
16 1172
26 344
64 411
24 1049
52 685
7 1814
4 370
62 1032
36 667
69 363
66 980
70 467
81 474
22 664
34 778
95 1989
20 1203
61 1046
6 343
86 388
60 1065
25 1825
44 1282
12 118
91 542
70 220
72 683
91 769
32 1203
50 75
9 1671
78 1070
35 648
1 89
81 1598
35 1427
69 1784
36 1684
42 173
3 1782
33 17
98 50
22 1612
71 299
81 1833
10 785
60 349
85 39
41 138
81 11
9 1976
34 502
92 1987
72 312
24 975
58 1571
7 1374
95 1340
93 530
39 353
43 682
25 219
58 1511
52 41
87 476
43 1777
58 1871
51 160
48 693
54 1542
69 107
71 489
97 17
48 1258
29 998
86 1611
62 1063
32 605
29 1414
5 1735
68 353
87 1512
61 1717
91 216
57 1726
6 1092
26 1881
100 1728
96 837
31 831
42 1720
10 1514
30 1077
93 87
43 208
80 1684
74 1089
100 1198
8 2
74 1211
30 1826
57 1892
47 187
95 925
30 765
12 785
95 1235
75 736
52 576
71 855
82 1471
31 782
27 1300
53 348
84 37
65 910
50 827
70 1424
18 1288
98 1274
50 1110
81 329
86 606
54 760
47 53
69 232
100 732
93 865
35 1953
49 1156
63 270
96 895
47 29
34 1780
4 461
72 1460
21 1721
19 822
91 1757
25 1997
40 446
40 1279
71 1519
16 471
17 1478
30 1418
12 110
62 930
72 361
100 937
77 116
58 1720
84 560
57 1720
73 1235
73 552
38 352
7 1756
26 1540
48 166
76 16
69 1543
85 355
74 1057
50 650
31 1978
65 377
12 582
66 755
82 710
90 1910
92 1061
25 1738
82 384
76 1833
30 963
29 1181
83 926
92 24
36 1065
90 304
64 979
44 1343
49 1827
30 1930
84 470
92 1121
62 1217
86 1601
44 196
39 1610
91 1938
28 791
62 698
33 1101
66 753
54 1890
7 219
72 1378
45 1361
21 1202
14 474
63 677
11 1773
70 1898
48 1072
25 1586
53 904
46 1441
97 1152
80 527
26 479
97 1830
10 130
74 202
89 760
22 901
75 1608
89 1898
27 1617
95 1941
33 1165
32 88
7 1166
99 580
4 1446
10 1566
63 501
5 1033
62 171
88 1350
34 424
26 1700
62 841
9 1667
92 136
40 1063
7 905
71 715
24 1542
32 639
48 1556
2 1521
22 678
49 403
65 572
80 1376
30 1207
51 1040
8 644
65 974
42 1986
85 285
19 1812
82 1312
92 236
11 1207
43 870
21 968
16 1903
23 1049
92 53
74 1156
12 1566
69 771
81 1513
16 1020
42 1885
100 993
58 897
49 648
54 1199
93 1920
70 36
2 64
46 1284
50 1174
33 1914
34 999
98 1028
85 1204
96 593
93 1049
26 1024
27 1501
33 1698
100 866
9 614
31 1433
81 1454
61 1896
78 1374
6 1317
67 867
33 1671
85 1430
11 102
2 251
6 944
19 1126
14 652
25 453
97 1293
27 59
14 827
2 235
41 56
77 1829
18 638
44 722
42 757
54 1687
86 808
23 702
70 303
98 1717
49 1856
63 492
45 1889
19 115
66 1090
76 1427
100 115
97 162
88 1843
71 1250
12 1323
10 53
73 1510
20 1727
44 432
85 1063
53 558
57 1597
63 571
98 466
62 365
87 1400
62 1535
96 544
4 489
18 640
95 919
52 323
33 389
29 1328
37 966
20 1595
100 305
80 846
96 225
15 1305
55 741
10 1865
71 506
18 1155
51 496
80 1478
60 597
71 810
55 1106
51 827
70 1335
26 1743
79 499
69 1756
35 1138
60 1107
63 1955
58 998
10 1530
2 342
64 185
37 137
49 1927
96 777
64 1225
53 594
63 1338
98 1201
15 1582
14 553
21 471
49 1415
31 1590
15 1530
20 1733
23 1200
15 500
47 1424
45 1251
91 92
13 749
37 481
4 837
29 1654
12 1663
79 1015
37 1796
43 428
43 1231
21 450
72 1729
20 1110
40 1333
90 1792
41 1690
40 1862
53 1169
93 1545
96 1660
54 751
71 523
43 1820
41 1686
89 1545
31 1575
37 1592
44 1216
78 510
14 1518
81 1706
48 1538
4 1367
88 1386
68 119
93 656
88 998
64 1714
29 1239
90 592
45 1486
38 1039
30 883
26 578
60 1161
6 1526
61 539
5 628
58 60
93 292
35 1716
49 361
35 13
18 1367
46 1104
70 943
52 699
79 292
35 6
24 1717
82 784
90 1712
2 757
49 446
12 1119
61 1526
99 419
60 510
71 1524
8 967
7 117
53 139
99 1763
29 235
39 208
11 1611
78 261
64 1712
47 1512
37 138
38 811
71 153
64 1758
35 328
76 1680
19 1012
59 1658
18 1922
85 1557
91 317
88 193
82 1528
66 423
36 560
70 421
98 1556
85 1757
48 1449
1 594
9 1502
3 1351
19 134
73 621
92 1341
9 1571
95 1428
71 312
88 1725
78 96
89 1615
94 1663
11 706
44 1213
83 767
13 1399
2 1520
98 1126
49 449
33 283
76 575
73 894
21 30
74 1895
58 923
40 541
68 724
40 812
46 223
74 911
23 1608
33 768
5 1440
77 642
13 1625
64 1152
44 110
93 1348
60 1017
97 1637
22 1822
37 138
84 1392
66 250
45 598
16 1983
26 1915
56 118
32 1362
42 1832
89 1236
73 799
47 1904
87 1842
66 759
45 1446
2 1245
35 1102
51 1105
61 1739
88 708
71 1266
18 612
95 16
81 1869
79 1922
3 1937
28 230
24 277
22 1365
37 1313
38 778
70 568
76 782
85 1626
59 62
3 1526
25 1230
44 551
93 1504
56 664
60 850
17 261
47 301
49 417
17 937
37 1231
61 1257
1 920
60 1703
58 1822
9 1643
83 136
45 641
66 268
50 286
21 1370
49 1287
10 1475
98 716
38 1367
85 1300
92 1914
91 277
5 1170
20 1247
21 269
22 774
67 1981
96 293
40 1298
92 657
69 1893
96 561
5 1968
77 151
13 1107
45 1745
49 281
85 1657
5 1373
26 1278
29 554
64 1557
100 917
67 1901
6 774
53 1845
83 209
42 1192
39 1013
63 1784
5 1647
99 1046
25 780
4 1969
54 649
99 1830
33 290
20 312
90 1788
52 1853
100 1695
18 1992
37 1956
32 1734
9 701
18 370
73 1897
15 1938
77 864
57 176
41 630
90 50
20 166
15 45
78 435
96 1764
17 1226
60 1199
34 433
63 334
73 175
59 188
99 1831
50 1866
60 1484
35 954
28 329
21 1206
7 1450
70 408
38 131
78 1208
42 152
34 1321
25 62
25 726
17 1261
86 1375
34 1779
85 1282
52 1432
44 894
99 665
25 1907
77 1017
38 1823
85 1074
7 283
38 1392
48 655
50 310
48 356
66 766
57 1834
34 1153
58 252
59 169
76 787
37 892
78 737
78 1017
3 1743
20 316
94 574
70 971
16 1851
9 700
30 1523
37 674
80 924
34 917
80 474
8 463
96 1180
95 421
49 1937
16 1671
93 1669
16 250
82 507
3 134
40 1121
56 1010
4 1463
37 1475
96 460
55 487
17 584
98 197
57 607
7 76
82 1452
33 1938
51 1267
52 54
77 1080
79 1507
93 1198
94 1388
94 116
90 1655
32 1042
57 1772
4 976
87 1502
91 1793
78 530
86 726
13 774
86 1838
89 1869
67 828
84 1812
2 46
66 845
34 279
2 1547
97 707
32 1465
31 172
72 1941
70 370
37 665
28 837
16 1648
59 1698
36 369
52 231
33 1027
44 1682
93 1996
61 902
79 1641
92 1124
71 858
38 45
31 1929
28 1903
21 575
67 1354
70 672
45 1623
25 301
46 863
28 34
59 1720
78 1456
85 1765
76 130
34 143
52 610
18 405
35 527
96 1388
28 471
38 407
8 1238
25 777
9 1286
94 1487
20 1041
36 1728
65 1958
8 1446
39 1602
98 1175
44 1872
75 630
29 1054
22 1565
47 1210
20 1885
78 37
93 677
11 605
2 223
33 351
4 1397
59 513
83 1801
37 1441
44 22
21 1155
56 1270
4 499
63 1840
42 1621
35 1515
65 336
7 550
16 1917
53 973
64 1134
12 42
77 471
58 1838
93 1837
7 1995
48 566
86 534
34 1107
7 571
33 203
3 1333
95 410
15 1417
53 1646
97 761
23 1197
57 85
24 1751
27 1478
82 1395
38 1053
95 316
20 1916
76 1000
67 244
84 933
91 1397
31 1912
64 1501
51 455
79 1489
5 1367
43 1543
16 1960
42 1509
3 63
5 1602
76 862
73 518
98 850
39 491
44 1086
53 146
43 599
29 1861
27 1059
85 614
63 1404
72 1621
85 1558
22 775
19 1907
58 10
15 1782
38 454
91 1824
46 247
6 599
33 771
43 846
34 1468
41 1143
31 1151
45 1650
92 1403
95 710
70 556
39 942
21 127
42 535
94 1028
55 1897
37 1997
41 1598
20 608
98 894
47 1339
83 1747
24 1432
28 1747
7 296
16 1672
99 840
3 1728
55 1280
72 1239
48 1561
39 1994
99 279
2 885
78 315
63 806
11 1143
74 1863
77 1197
42 1689
23 981
52 1962
50 897
19 1287
30 368
8 1549
56 68
81 571
96 384
59 1251
65 1870
7 1184
92 418
5 966
85 319
95 635
41 1687
6 40
36 1418
7 541
82 1433
65 408
26 1552
61 296
23 627
65 1101
84 1963
66 714
42 1705
26 238
8 342
32 358
36 19
31 1929
88 787
56 1942
54 1627
71 1368
12 126
14 1505
84 1557
73 1461
50 882
62 1948
20 322
52 374
66 990
14 1092
74 159
92 542
28 967
50 467
22 1842
57 24
37 723
60 1541
78 1113
3 1519
83 244
94 1754
92 1371
4 1908
62 1660
14 428
92 391
61 982
92 720
92 536
44 1187
41 1926
73 772
19 499
27 295
22 469
33 978
74 520
40 1361
78 603
57 202
37 1655
21 293
46 1084
58 1579
11 475
85 1488
77 403
38 1858
31 1275
14 290
15 1144
51 247
94 248
68 973
19 1908
55 217
57 1655
16 1138
18 1469
17 1755
47 190
63 1041
36 1539
23 595
60 1769
38 1808
19 222
17 628
86 1265
90 795
98 1123
59 65
100 1448
25 1991
69 1526
43 1158
22 1523
17 1824
66 1532
9 1654
16 302
48 1655
26 234
66 1457
11 1214
87 899
22 242
87 640
43 1236
68 1012
12 604
98 1584
59 995
42 1920
20 457
67 465
23 1830
89 1335
46 121
3 1044
98 203
62 1257
47 1525
98 517
38 75
12 166
93 1005
41 736
55 1535
40 706
2 162
78 1075
31 1078
81 20
55 1533
28 314
6 1334
7 1739
77 191
89 741
14 1854
67 1530
99 389
8 1508
100 1815
87 1010
42 1104
10 1661
94 486
80 763
36 362
40 933
68 664
64 224
92 993
21 155
32 1643
70 855
33 910
78 1191
96 825
27 1086
66 1870
70 830
46 1749
42 1412
16 1381
98 1630
81 711
99 952
15 1880
83 857
92 1031
22 1270
21 1357
33 552
10 563
81 656
14 1390
63 1244
49 918
40 591
24 456
60 1236
73 1481
14 1873
54 1132
27 143
98 188
69 1691
64 1499
79 1182
31 1055
8 940
99 1888
92 467
71 1500
79 1604
10 1148
21 1597
82 1351
41 672
82 663
16 1467
19 1217
51 244
89 345
77 742
57 1547
62 1745
21 806
72 1983
15 1682
82 564
56 1133
87 1869
94 1627
49 1049
29 73
3 1572
49 613
59 106
98 248
99 583
98 1588
64 1774
67 1112
12 931
70 1870
77 1169
22 315
45 695
8 772
11 1369
69 165
63 1028
91 1110
48 27
65 261
81 901
76 111
51 980
87 702
39 11
61 1913
15 392
27 1341
44 574
30 1445
71 370
17 1159
49 1578
93 1719
25 1556
86 643
74 1893
91 303
94 851
5 1937
14 876
41 1962
57 811
91 1328
5 1336
96 1492
17 912
19 1805
90 1252
71 1795
39 1571
37 1317
32 55
21 594
78 1483
82 50
2 1382
22 805
59 1753
69 1711
48 1527
47 1236
81 1976
60 1176
57 1652
33 490
86 1622
96 1852
15 151
93 933
7 1427
30 537
5 1253
76 1338
38 680
37 1096
7 720
99 1459
75 428
43 1484
86 1176
65 1573
82 25
26 425
49 362
63 1701
58 1300
40 916
28 1642
42 1289
25 1313
7 1621
20 1942
6 1114
67 738
53 109
15 1699
32 328
87 1483
42 1887
56 1318
12 560
95 481
90 984
69 1895
12 82
11 1223
64 1648
9 336
13 479
70 1127
36 861
74 581
97 605
15 1429
29 1897
27 1581
96 649
92 1634
32 1105
55 1914
21 928
17 1764
67 622
70 363
23 120
23 1280
69 1913
53 278
88 1441
84 654
73 826
89 1303
74 1927
14 1580
85 1778
98 317
8 1360
73 8
48 281
82 1397
5 1774
72 799
84 583
36 938
39 796
100 1225
41 1120
25 735
71 1868
58 951
90 1212
49 1218
83 1615
47 1136
59 1665
6 8
92 1390
56 473
96 758
68 122
23 822
73 724
79 241
57 227
14 781
53 567
25 521
67 1133
97 538
13 614
63 1854
46 1025
21 1740
10 824
11 489
50 527
8 1357
42 1263
92 1991
88 927
15 16
47 57
5 322
53 621
41 473
15 425
70 1397
65 1373
70 1241
93 805
62 1489
62 1769
88 1977
79 1009
71 1088
93 121
28 316
93 612
57 964
31 1753
2 937
78 230
7 1006
67 1623
100 242
7 1635
39 881
4 578
83 346
60 532
19 889
28 1828
84 295
49 981
17 253
39 1842
37 1029
36 1549
74 527
53 1204
22 344
58 1074
15 1607
83 497
70 1262
17 1338
24 237
6 267
40 1557
45 393
61 819
93 368
40 1878
30 1198
29 1052
14 1257
26 782
24 276
69 1849
23 1196
87 590
26 1368
39 1484
91 908
98 1164
49 272
74 810
7 1203
60 792
38 828
78 1730
38 1139
55 638
85 1684
46 1157
44 599
20 1195
14 163
53 600
81 1621
32 626
28 499
50 1183
79 703
68 398
69 262
10 1957
41 1006
17 899
81 622
1 1294
5 90
40 1454
20 769
15 1063
1 1419
87 1051
81 877
83 1245
77 1567
81 1676
18 1861
22 470
46 361
44 826
6 1279
4 186
96 1453
47 1495
44 406
16 1326
69 1811
92 41
52 474
43 519
93 1771
20 1294
80 521
23 136
68 1074
92 439
70 1465
100 1256
6 1793
78 1859
4 1618
92 306
32 1773
62 1214
17 404
36 622
17 736
44 835
51 1263
26 753
4 166
12 575
95 1200
2 1437
27 1623
48 1929
29 1371
54 382
80 1332
23 1030
94 30
16 1091
44 1153
60 474
72 587
66 1926
42 1863
32 941
16 1878
80 1340
6 926
82 1861
3 687
35 1055
19 1835
9 539
29 1397
65 455
64 519
99 1793
95 353
76 19
44 326
95 520
53 114
60 1637
10 798
98 1441
19 1627
68 1422
64 493
45 66
59 1324
95 1840
57 957
18 598
51 765
24 723
84 1458
99 479
68 1700
6 1122
47 112
55 1511
94 1891
70 1987
61 648
100 124
88 568
97 543
33 296
49 131
43 1235
69 1186
91 639
95 922
65 1633
87 1051
73 1651
74 792
40 1047
5 1290
20 1303
31 383
19 1528
77 1657
50 611
8 947
60 397
99 1198
65 1633
6 589
70 880
97 150
96 1365
42 1247
5 1061
89 907
11 877
97 1526
40 1181
70 614
22 176
19 788
17 223
34 845
47 1336
27 1239
10 1747
28 1666
6 1901
35 463
34 565
95 705
60 963
94 263
2 1907
66 1162
30 1966
22 983
61 383
37 1789
54 1758
84 1738
47 365
3 763
21 830
16 1354
38 1372
7 974
77 340
24 1805
92 902
55 79
4 1396
37 481
90 60
51 1637
53 1189
6 1959
4 107
98 1254
7 787
4 187
67 1945
70 1063
30 1799
24 1840
38 95
73 1845
62 1537
38 705
10 126
85 1879
94 1428
47 49
6 1781
79 1659
81 1946
51 1876
95 1001
67 1347
41 1614
2 510
35 1340
17 522
95 380
61 1631
5 928
6 1057
51 685
24 387
33 993
47 291
98 673
72 1359
18 873
22 310
42 1589
56 1794
47 1135
13 1166
19 733
2 1159
62 210
17 1337
64 1898
32 1263
68 1214
19 1857
47 228
8 1800
4 363
51 1661
16 1630
58 1584
5 514
75 1540
97 843
97 76
97 1804
56 1667
68 468
67 332
89 787
99 349
36 631
12 1399
6 544
80 1336
48 1778
24 998
17 212
95 667
67 1986
92 767
36 366
37 240
93 1944
77 1244
5 737
23 1193
1 317
86 1878
21 1219
77 1998
22 1734
36 308
3 1398
95 1478
70 332
84 1494
91 1245
40 881
99 151
73 245
73 545
25 1771
12 895
49 938
23 1792
44 127
92 1207
53 1377
100 1830
75 1406
5 268
10 1963
35 1817
48 651
75 277
5 1904
16 1921
67 1901
3 1896
6 84
62 1898
57 110
59 931
7 1639
71 155
63 1569
26 214
21 1401
50 1180
61 1444
13 1144
5 622
74 769
73 111
1 516
62 36
63 1940
9 1360
6 1624
61 93
88 432
89 1120
33 1159
34 1427
17 1475
78 350
25 1195
72 79
29 1503
36 352
18 557
72 1884
84 211
50 975
39 1348
55 341
20 1466
100 438
55 90
26 969
32 911
31 655
33 110
15 49
83 844
36 1951
89 75
22 1777
85 463
54 569
54 1235
59 176
34 537
51 1135
98 128
72 663
57 1474
69 488
14 935
39 1207
43 1567
32 1478
17 1708
90 455
64 664
77 1110
48 54
65 1533
97 254
92 326
94 511
95 97
81 807
47 1105
69 1675
39 1162
45 627
100 1670
42 1596
76 1354
60 1660
87 922
4 560
24 1072
9 1222
22 1776
44 357
28 766
98 891
26 1713
98 956
37 373
96 240
80 1354
24 230
96 1978
37 832
42 125
45 184
14 898
32 246
40 337
20 1148
41 1222
16 678
6 900
15 1278
70 1505
15 1889
60 1122
16 1734
64 66
78 1172
72 959
79 630
87 865
62 1218
91 1214
85 1211
40 1844
31 203
8 683
48 794
62 806
85 1299
28 1023
72 1118
65 1723
98 5
72 308
45 961
92 70
37 1107
37 1160
35 1408
54 378
55 1028
16 1233
63 1648
96 1224
80 1558
42 1994
80 335
24 1186
37 305
27 1930
72 1855
50 1439
73 1728
12 1105
13 1881
61 1505
16 326
99 1704
3 1065
22 330
82 1754
95 1989
27 159
69 1212
67 1725
22 84
84 1437
11 157
30 1934
6 990
27 1766
11 1287
51 1704
39 457
61 645
67 1904
96 50
4 493
48 1437
12 1185
38 1492
49 728
87 305
34 1349
7 49
27 954
71 359
96 1380
86 667
55 818
16 408
21 182
92 525
15 1442
74 1392
20 1751
28 79
1 254
97 747
58 800
85 1503
84 1645
43 1152
92 1615
84 94
59 1372
46 118
95 922
97 1251
77 1419
8 1749
3 1361
28 889
52 1281
7 707
21 47
35 1140
3 1915
24 1016
100 1507
91 1915
6 1510
87 1288
54 768
19 425
87 1178
58 579
95 276
67 1076
38 1056
72 1791
85 853
30 405
67 828
32 1816
38 293
29 1416
49 1469
12 1482
99 551
85 84
1 138
92 1493
70 1689
70 32
85 1298
6 795
35 1150
75 1609
52 224
99 1201
88 1295
100 1421
79 1881
77 1578
95 958
99 123
88 643
27 421
11 681
65 1177
29 277
92 1811
38 250
81 1812
13 704
20 1818
44 1985
36 1073
8 350
53 201
1 503
81 1785
91 640
36 1638
18 48
4 57
11 932
80 857
82 1043
66 775
43 40
32 49
86 709
87 990
92 1789
57 1272
48 364
91 1996
1 971
63 950
5 443
89 605
65 1999
55 601
63 1849
89 1901
52 565
32 356
51 1099
8 425
68 1488
86 391
36 569
42 142
77 951
63 1131
20 1766
28 1869
65 1302
6 1093
44 58
44 1611
89 1807
17 553
64 1884
100 34
33 1733
79 577
96 1318
60 143
1 1486
72 1113
56 1916
78 1520
75 571
30 1590
10 1564
60 1688
69 779
82 293
57 374
4 1434
47 1578
45 1492
21 304
16 254
100 1832
21 670
74 928
21 383
18 1955
85 1288
60 1983
2 1030
81 329
44 702
100 157
15 324
88 1870
53 661
15 242
36 1916
68 1525
64 1480
70 1182
31 1035
40 1503
97 1320
12 72
29 1927
80 282
15 1604
52 595
48 1175
24 769
48 1541
8 166
49 339
5 1432
63 998
2 766
11 193
12 1995
14 1705
77 1531
60 601
4 898
65 900
63 1208
49 1549
11 291
12 56
83 875
20 861
2 1824
54 857
69 330
48 42
55 1667
55 1504
67 1029
84 473
94 1799
40 689
43 263
14 64
37 1794
79 730
82 1939
71 806
71 112
100 227
57 1116
17 1835
40 928
14 631
16 1172
52 1800
55 1845
82 1893
45 665
7 214
41 1623
16 365
68 300
58 235
17 1513
39 7
8 580
26 1593
76 1433
4 504
91 1644
23 427
75 1681
73 899
18 1035
63 382
44 1291
12 1671
66 144
52 1586
48 529
79 1060
56 436
76 1823
47 1560
33 1493
82 705
65 1511
13 870
46 583
26 68
62 240
13 598
12 466
15 1433
17 891
95 1561
85 1019
14 521
50 1389
43 103
86 1587
71 1872
16 1244
95 1441
70 1510
93 1421
91 1737
35 43
79 925
96 739
97 1991
51 1044
4 1657
73 1079
8 1558
95 681
98 1382
84 1159
36 1205
54 1326
19 121
4 1505
48 1683
55 1910
18 601
33 1877
4 1164
84 742
6 567
19 1517
8 1071
60 1181
78 871
50 1695
80 1831
40 574
77 421
62 90
98 119
28 672
41 1886
76 442
49 913
34 49
20 834
62 962
13 1897
89 1058
23 705
48 1388
77 1082
64 174
59 634
66 1716
96 1655
53 133
7 1798
46 54
59 430
19 204
45 1024
86 1243
88 631
33 687
92 1707
65 1158
12 24
36 1644
50 380
11 163
8 123
98 106
77 990
100 438
28 407
51 224
98 1526
52 1598
44 1827
27 48
6 1285
39 1520
77 370
22 305
35 673
33 1405
11 47
62 1130
25 1545
85 1267
91 1598
48 1210
37 732
45 1165
97 257
58 512
27 1906
65 481
27 416
29 1365
12 822
30 1891
35 491
52 1930
7 1466
28 132
79 1569
18 1912
29 951
68 1825
73 1658
65 982
67 1706
9 819
73 1336
9 47
33 859
72 458
44 771
71 627
40 1731
40 1287
58 117
41 562
13 1789
90 895
72 284
31 1410
35 1615
96 705
96 1951
21 1790
75 184
50 208
77 197
89 186
66 1717
44 957
4 813
77 627
33 398
14 831
25 1800
11 1196
54 878
22 824
75 1500
71 490
7 1004
39 1104
3 1536
100 171
41 1095
22 136
40 910
85 155
33 608
15 543
3 635
72 1400
37 854
26 486
33 175
87 1850
62 1719
42 557
53 1120
13 1650
43 1725
27 662
14 749
54 144
24 642
87 882
11 418
23 708
56 373
68 980
96 157
30 81
45 668
86 164
25 413
71 765
95 347
72 1104
77 1911
53 615
94 1804
76 1018
79 1143
2 830
8 1978
49 962
88 941
2 1119
72 1380
23 1287
83 1257
80 35
99 1798
76 959
43 1922
57 1188
67 603
10 523
10 228
39 159
69 362
7 371
58 1901
50 1722
38 1108
79 99
43 1427
1 1631
13 1820
54 776
73 878
61 1593
14 565
83 99
53 1166
55 1170
95 1259
22 889
36 922
91 1558
78 302
92 197
81 1523
99 619
66 810
72 1946
22 389
69 1931
86 1601
2 458
2 1561
12 558
82 1088
76 1853
100 651
46 1969
98 1940
54 615
96 1135
14 1051
36 1812
70 1998
71 1144
11 365
71 1396
20 1686
52 458
44 1376
6 1531
79 308
23 823
26 860
82 426
94 1939
54 291
62 1708
97 1988
10 1810
14 966
82 53
100 1428
30 1749
70 234
95 1920
85 280
54 1415
23 562
14 842
8 405
46 133
66 1348
65 1693
28 539
22 1755
86 1751
77 989
9 1648
99 209
8 1571
38 1634
77 1187
51 1422
86 518
11 1748
85 850
74 1905
18 225
79 350
100 861
84 226
35 515
46 1606
74 1171
61 1678
44 494
66 315
11 717
10 1753
99 557
4 20
39 1161
83 1283
65 60
5 1765
27 611
84 1808
47 1756
48 1335
78 434
35 1548
21 1609
13 1951
87 1378
15 1140
30 500
66 1348
52 1422
65 209
61 1845
15 744
33 674
23 1058
64 1102
46 398
54 1588
100 1575
70 1904
73 1327
18 1918
73 496
13 1107
30 1022
85 434
21 79
86 1025
59 75
64 1333
86 1345
36 1715
48 1773
42 1189
50 1759
80 54
33 1284
75 1431
52 1710
65 1425
62 575
41 779
76 1614
20 1783
97 1775
61 832
73 454
60 463
36 1667
95 140
62 1005
30 234
82 480
90 199
54 1957
77 1480
78 245
8 1633
81 938
3 45
9 948
12 1587
51 1843
12 495
20 1870
43 593
52 1410
10 418
42 1403
96 476
3 353
27 311
97 1430
36 1367
52 1558
23 1298
31 1089
47 116
3 222
14 1422
29 810
7 1655
54 1982
36 1368
62 909
62 622
64 1077
46 1060
96 237
66 415
30 24
85 859
95 112
84 1441
26 1170
12 1992
8 793
69 1380
77 271
8 1595
20 684
4 293
97 1568
10 454
82 107
81 167
49 1800
97 1076
13 959
70 753
90 726
35 1514
61 576
20 450
95 922
23 1819
1 1787
61 484
89 314
37 92
36 1681
61 710
99 956
43 310
41 672
26 336
24 444
94 1250
56 80
80 1870
3 223
19 1267
27 1554
86 1065
97 1388
89 421
51 1072
86 1629
76 1646
53 507
100 706
94 992
100 889
96 616
52 1862
49 1280
28 122
69 1224
35 1102
73 335
10 24
47 1042
96 42
78 1036
35 380
52 1306
100 1458
60 232
36 1439
70 1592
78 956
67 1659
35 1206
77 1131
5 703
26 174
95 1644
41 1160
52 161
74 245
78 1001
90 560
29 876
5 993
69 1581
10 519
76 921
24 406
71 1645
94 1414
9 1815
42 1776
54 1196
89 1181
60 1490
48 973
13 1738
18 739
64 97
32 1453
6 405
57 40
61 377
16 1716
100 1293
89 930
69 1442
35 15
11 54
60 1273
72 1566
17 1177
45 1028
23 110
92 855
63 1381
68 1241
2 1708
4 394
1 1142
2 1430
8 881
91 1785
16 1314
98 1550
2 1742
100 1283
1 430
63 345
8 784
25 1465
31 1872
74 755
75 1664
2 694
8 1455
89 732
75 22
95 1573
51 1053
4 1230
66 769
65 1259
44 1386
19 654
79 888
27 930
46 1684
73 1951
12 954
9 296
63 667
78 760
62 1280
51 8
69 84
55 995
65 1305
78 1627
71 145
60 385
49 100
28 329
52 919
23 12
97 1949
27 1161
81 1901
67 647
17 780
15 157
22 605
32 1604
66 867
55 819
86 896
92 302
89 369
14 1044
95 1845
38 1000
47 1195
25 1835
66 1897
18 98
33 476
87 1050
24 1379
52 1512
62 1699
3 1289
66 1930
75 756
44 1615
96 479
51 425
70 701
81 300
96 258
68 666
82 304
62 47
40 42
2 1448
30 1586
51 1847
67 1420
3 1881
9 65
95 918
73 770
28 461
41 1445
86 1677
4 260
15 1864
62 1639
4 1711
36 1029
61 273
35 977
70 670
88 306
23 467
35 282
38 763
50 1872
94 188
80 1750
45 438
36 649
60 157
100 792
92 9
8 638
78 1766
63 1593
2 836
91 610
25 1997
23 258
27 1612
15 1847
52 262
72 1699
39 888
95 1410
1 717
22 1969
97 1764
7 625
17 1738
100 755
60 350
28 89
95 14
45 717
39 1715
29 1248
6 247
77 1787
39 800
10 1630
19 1838
94 1310
30 258
10 1264
38 1632
82 424
50 1504
24 1100
57 1484
33 1482
54 511
39 737
65 929
86 64
100 28
61 646
30 1241
22 21
71 192
34 1055
64 13
72 1261
84 1910
84 906
75 576
15 321
85 659
60 1290
61 672
50 1037
14 1880
29 1316
51 689
42 540
84 1366
81 273
13 1869
46 388
95 1707
96 1018
11 225
93 1903
81 1915
12 1963
61 416
21 976
27 190
84 61
80 846
61 1673
64 1548
56 875
54 930
26 226
9 355
29 1814
16 363
60 347
66 1499
5 52
30 1656
52 853
97 1284
8 1713
90 600
49 149
71 473
69 1500
30 230
100 812
55 1753
76 1330
92 1220
14 910
38 1414
86 509
29 1918
43 1548
100 1944
41 457
80 1554
73 531
80 1153
10 1785
43 298
18 1616
95 351
96 94
13 1374
48 1326
81 1104
16 1944
16 271
69 1316
2 1244
63 196
16 1109
94 1596
40 16
95 86
98 890
37 1696
73 984
14 1993
54 22
3 1138
3 536
41 864
20 1107
33 1413
52 10
65 538
72 1408
6 1499
41 2000
82 1462
3 1394
20 1344
95 299
66 864
80 104
41 529
53 1134
1 430
82 1961
43 55
9 1190
38 39
49 442
17 306
4 505
13 232
42 477
75 256
68 105
38 646
22 904
82 720
92 188
93 759
91 1533
38 1488
89 601
92 1516
77 837
95 1086
17 224
15 195
52 957
52 643
1 1205
76 1509
35 1207
44 654
46 805
62 549
48 222
32 91
74 1289
14 1927
34 1133
94 1668
32 1100
65 115
96 1310
37 5
55 693
95 463
20 37
71 1682
50 1037
39 1078
78 430
4 1160
51 187
78 1165
71 475
46 1363
95 1353
27 585
57 1649
35 40
59 62
27 1873
42 1592
72 1808
28 99
87 99
25 339
20 1227
4 1521
38 484
73 918
14 1400
20 1977
95 1608
39 269
37 1437
7 888
84 1655
10 474
68 749
65 1123
71 648
27 1496
2 856
96 1465
72 790
75 1585
40 979
44 1479
23 1147
78 1310
35 1635
49 1913
66 1000
57 706
62 1563
100 1660
75 1003
41 406
16 410
93 286
82 835
13 206
20 209
9 306
47 800
2 1901
38 1163
40 1331
44 1582
1 1425
63 1089
37 1345
3 870
3 923
2 946
65 16
3 1327
6 352
68 604
22 895
16 1836
1 1859
50 622
41 1627
98 1425
48 232
85 630
20 1827
61 252
57 884
80 1092
54 273
55 613
94 1648
83 1342
48 458
15 1518
51 664
11 1355
75 1120
38 110
51 383
74 1784
4 1740
71 800
20 292
19 268
10 277
36 1154
80 1095
96 1775
46 1796
85 659
86 719
10 584
74 1154
51 388
93 1046
2 285
33 575
96 381
13 381
7 710
32 176
78 794
67 973
54 491
85 925
56 470
54 1596
14 1060
18 1253
74 1447
80 1443
86 1870
39 584
27 778
13 1337
72 1045
24 361
51 30
94 88
94 344
27 926
4 1783
52 1984
59 751
9 1418
6 29
55 117
92 452
30 1097
47 452
33 1770
18 593
31 1933
22 98
17 839
14 1408
66 418
62 585
72 1709
39 119
24 1565
32 978
59 1811
72 955
10 556
40 808
8 736
98 322
59 1865
55 1748
98 1092
57 191
41 1979
5 1443
99 423
19 1553
7 794
12 363
40 171
84 1820
42 1013
39 727
47 121
51 947
21 1154
80 1522
58 217
33 1292
83 1063
80 741
18 165
6 86
22 360
4 462
41 847
20 86
94 1636
54 1562
40 1831
29 978
84 1897
40 224
64 827
7 1934
76 1192
79 3
51 1564
16 544
68 497
40 1825
75 987
43 872
26 6
77 1461
38 656
76 957
95 1601
92 1300
7 371
41 215
87 1119
88 604
10 1979
12 741
28 902
17 1022
43 1072
59 171
79 1117
98 1183
11 227
26 645
3 443
56 294
65 64
23 372
2 313
14 779
67 1289
65 7
82 762
25 194
83 1191
19 1876
18 1943
43 1285
20 1624
13 171
58 795
23 1128
55 546
6 267
78 1522
47 1682
83 191
34 1072
65 617
48 198
3 1840
26 564
50 38
69 188
21 589
43 1995
35 1214
95 1706
79 1209
71 358
70 210
44 1499
100 1113
47 1589
86 1203
44 1408
25 181
95 584
60 95
43 552
50 1389
71 579
53 1569
60 1074
73 1364
30 1501
12 1085
70 531
58 894
3 1087
79 255
51 874
60 1892
79 966
87 1053
67 1587
2 1429
11 1875
49 520
23 670
21 1408
24 1106
92 1530
85 1266
70 373
40 512
67 1090
35 1576
63 687
32 1195
92 807
38 571
82 1488
79 397
93 1948
58 1576
21 446
51 1017
27 674
53 1749
45 1805
69 1565
35 1858
88 128
90 605
22 980
19 1709
37 1413
91 1344
2 1904
80 1367
11 1873
98 1887
64 287
94 107
32 114
15 1953
1 512
24 1704
39 1184
81 1349
50 409
67 997
86 690
67 1238
27 1218
94 1549
68 1720
95 876
62 543
38 468
96 462
12 236
12 645
52 925
59 1158
71 1582
43 1787
95 803
78 1035
26 1811
20 1279
10 187
43 295
78 209
74 1573
7 836
73 1963
6 364
46 953
50 206
95 529
93 487
41 538
64 1845
36 1329
6 1933
91 420
58 523
96 1504
46 1513
62 1959
37 334
91 1838
44 679
21 73
98 1942
42 251
45 1030
38 526
34 150
59 1981
93 181
66 1376
100 128
65 452
67 813
74 648
35 36
54 483
7 1961
98 142
11 1368
96 882
98 265
52 337
32 1853
42 1089
43 1930
54 979
31 589
18 1133
94 1918
33 648
2 398
12 235
42 237
31 1810
81 939
76 1157
55 248
67 111
2 146
70 757
85 159
40 900
79 76
15 1178
11 824
55 1106
38 1039
95 1022
31 146
27 774
55 297
72 76
12 1095
32 1189
81 842
93 580
98 1115
81 1613
33 1674
73 989
2 498
13 990
76 1341
47 273
90 191
88 1083
76 881
22 22
20 1071
45 1350
15 420
99 476
19 690
93 488
37 67
10 1500
32 1069
51 1311
20 1677
2 1174
78 1794
92 1135
76 1490
72 1812
58 1689
3 163
90 213
45 806
30 1437
68 1520
58 907
54 1744
76 1350
14 1000
50 1628
77 418
5 1634
80 1921
40 1227
76 430
91 920
97 1371
66 1518
93 1008
23 676
55 1107
100 1659
21 1550
30 1427
90 1395
47 1833
36 841
90 351
8 1425
38 475
64 1457
62 840
12 387
72 993
51 23
99 214
74 1154
98 1894
94 1690
40 1330
45 963
23 271
96 439
9 1139
67 1732
54 1745
94 528
96 1463
71 176
47 1231
81 1506
57 1217
22 587
84 1618
83 1139
82 1182
48 955
39 1982
28 532
28 798
76 730
72 908
45 1737
21 1497
20 506
25 1956
59 211
99 1324
30 1710
31 1423
79 711
54 1772
69 478
81 170
73 25
53 1118
71 496
73 3
79 787
41 516
92 1242
61 672
7 66
61 732
24 838
39 381
38 920
71 1646
