1000 753881
5000
49 968
63 1659
646 46
959 259
390 151
73 1348
82 1072
12 468
58 70
348 979
760 274
686 790
7 1467
329 128
856 409
346 259
113 413
77 950
639 162
17 579
42 1420
265 382
30 338
6 728
13 1388
18 1863
47 181
89 434
342 190
3 816
63 378
17 684
995 920
654 207
9 1945
19 813
82 184
971 208
789 700
12 1174
99 777
24 1166
332 677
82 191
851 568
942 478
929 495
560 627
9 552
64 1586
87 1286
589 851
768 274
110 52
36 146
98 1612
66 1782
843 250
31 391
1 1874
623 736
182 67
679 280
604 578
12 1897
62 206
824 1000
22 729
9 1496
477 496
98 689
17 1210
8 767
20 1207
4 234
518 794
463 194
54 1642
89 1435
29 1954
928 773
28 720
925 268
319 110
40 356
67 1324
12 155
9 676
560 776
62 78
700 529
28 873
55 1398
100 1869
729 924
385 54
85 35
97 1992
63 1072
937 454
124 799
981 149
59 150
35 262
51 163
862 66
230 115
329 739
80 839
3 1361
51 225
95 1548
48 331
281 601
677 980
101 872
434 658
597 176
2 1360
499 597
280 606
109 141
47 1470
87 688
93 1951
21 955
3 667
263 159
34 714
38 50
968 282
27 1854
276 991
709 39
746 641
8 1227
30 921
566 87
176 736
57 1511
982 916
4 87
52 1703
84 420
34 1048
126 109
58 1268
75 1897
930 795
4 1325
39 462
59 1156
986 619
59 460
89 1012
761 600
63 661
215 390
300 172
71 1087
420 901
78 963
426 181
45 1403
91 1680
863 25
3 1665
526 158
542 931
91 1743
29 1128
742 631
66 683
692 9
720 76
41 1099
22 662
386 239
99 1264
505 498
65 50
695 478
55 353
990 248
854 266
72 948
135 121
59 1683
414 715
868 197
793 590
99 1840
24 147
79 1471
60 34
97 276
54 797
12 999
55 81
807 816
535 287
61 1694
43 305
753 831
82 1477
561 582
40 417
52 1167
92 14
959 262
40 271
292 511
71 1368
634 884
984 899
37 1004
13 369
988 525
804 771
99 1543
296 953
617 730
92 355
737 812
895 491
354 100
76 1751
445 348
270 955
975 353
89 529
56 305
90 1533
23 855
998 818
584 778
119 615
881 265
37 317
89 1928
151 377
175 672
85 1516
17 839
799 550
651 221
40 536
42 492
936 716
67 471
754 538
26 1043
46 1107
630 226
38 1490
59 358
439 570
35 242
304 919
352 870
720 733
142 786
80 1969
37 229
15 819
29 354
34 798
592 628
57 1250
92 1240
687 221
744 877
486 172
97 241
171 512
61 1359
917 120
759 419
313 710
81 528
63 1427
881 976
554 903
107 781
77 1743
15 819
58 1544
16 1289
15 1591
74 285
598 642
29 1239
53 1125
17 774
976 980
91 930
279 921
41 1522
676 817
66 239
614 609
611 845
39 1714
343 205
754 212
160 989
326 237
15 1370
82 490
7 1890
824 869
651 835
79 637
16 1459
260 764
326 3
86 110
472 942
98 907
67 856
840 141
35 101
22 1078
354 162
72 1540
17 1597
26 420
929 542
52 512
17 1873
67 1678
161 534
67 150
867 722
147 491
157 155
894 917
76 172
769 119
336 255
9 1607
70 1337
917 439
49 999
34 17
31 607
5 1043
294 272
102 387
36 1830
31 1606
399 446
66 929
40 1253
103 245
664 233
321 235
13 288
20 344
69 1360
82 234
22 1745
530 271
18 161
610 391
55 1088
186 504
245 305
601 274
5 1829
913 203
81 468
53 687
663 933
283 193
944 569
6 1102
83 1738
811 865
930 163
798 6
62 1910
568 940
246 8
58 1530
93 309
760 149
646 909
791 622
232 862
95 323
548 428
660 758
536 498
78 1127
43 1887
471 512
17 1523
871 925
57 757
764 711
700 814
341 581
38 1906
364 342
80 1574
406 758
669 343
508 801
87 1901
41 1610
878 470
37 849
713 681
34 1923
467 681
10 171
69 686
635 381
455 704
934 772
789 107
11 835
847 638
506 74
360 65
14 1775
13 960
881 127
44 629
744 275
414 324
57 1282
788 121
49 1197
10 1470
758 526
60 163
320 604
86 299
76 1666
3 1325
2 408
80 880
69 509
81 408
677 309
227 97
850 406
5 1901
81 1612
110 45
166 254
70 1222
82 157
76 1292
172 994
30 1682
847 725
16 591
861 392
487 255
563 857
183 760
20 705
676 971
494 555
627 752
79 616
207 201
439 731
100 1630
880 417
405 353
794 2
823 134
881 273
92 1146
350 940
272 857
827 438
850 849
47 1452
39 137
84 1900
726 762
43 494
36 942
328 979
238 934
732 268
69 1420
93 738
47 249
166 235
81 1199
90 112
88 1162
90 412
833 725
98 1559
13 1958
62 461
58 986
138 907
547 402
77 986
843 909
85 761
68 1685
39 292
71 182
15 841
87 261
85 525
55 582
455 710
44 1933
15 869
383 274
189 170
7 1504
9 1633
185 490
45 287
4 1105
75 979
64 447
8 232
50 1784
445 829
483 452
120 3
605 326
187 681
6 1190
13 872
154 962
744 398
317 384
68 1507
180 612
55 118
46 1416
77 113
881 512
40 874
50 970
510 592
252 610
327 41
364 765
90 1289
39 1679
11 691
90 949
6 609
703 572
92 704
47 628
16 423
949 258
3 1581
373 478
67 287
88 168
16 50
915 668
13 141
258 607
64 1840
896 365
50 661
5 344
72 1827
310 490
26 527
49 543
34 991
63 1794
57 215
839 117
244 293
50 274
12 365
51 1500
91 214
781 365
81 390
981 887
394 394
98 1077
47 164
170 754
80 1634
464 100
368 693
523 634
610 466
939 613
50 531
47 239
949 303
77 1377
93 409
236 716
66 1612
11 1376
49 793
839 630
535 310
35 1672
750 468
46 1337
87 1159
4 1738
606 909
84 1939
99 1802
85 1403
784 509
910 1
23 183
44 1154
440 345
94 543
91 705
534 407
659 535
49 1166
118 639
282 841
914 793
11 887
53 1577
203 375
971 562
549 176
81 1353
490 977
472 542
677 339
314 365
17 1044
45 1294
969 369
225 999
646 444
774 949
9 1301
12 426
90 617
55 648
14 1574
499 921
37 269
935 810
18 1476
465 219
348 507
7 1950
429 842
60 1653
14 1081
727 293
52 782
673 291
64 278
95 1831
990 607
44 1797
19 37
611 85
145 106
167 104
79 887
552 317
22 1151
30 392
99 271
826 749
521 518
255 758
588 683
20 310
24 585
39 1917
359 555
69 48
2 747
60 660
42 1890
68 1265
25 342
81 60
420 616
323 101
4 446
58 991
58 1065
56 54
332 601
21 36
73 392
45 598
355 925
234 253
95 1585
379 902
1 162
808 929
646 935
815 498
14 1153
37 1978
235 123
35 1759
94 134
88 740
357 281
982 992
395 796
981 102
359 529
657 12
82 307
307 391
507 275
43 527
88 276
210 943
528 597
128 426
109 24
83 21
563 768
392 899
72 649
5 530
85 1322
60 1681
630 433
331 436
50 1000
809 653
4 1961
595 751
22 573
338 13
59 284
83 449
538 395
64 1575
96 770
89 1907
80 987
35 1954
141 832
26 327
285 259
78 1383
240 291
700 937
8 1108
862 296
435 473
18 579
1 957
44 1243
684 457
33 709
288 727
360 404
683 959
6 1187
1 1583
72 475
23 875
17 1477
236 2
173 122
767 604
326 724
79 563
666 411
100 279
428 453
50 1383
51 426
38 1866
661 805
620 181
43 524
243 241
921 694
869 860
8 1083
896 205
73 1554
433 226
73 1616
14 11
765 993
894 398
46 56
905 770
335 468
73 789
295 242
72 461
616 628
24 1288
135 443
22 833
7 1704
122 942
13 1101
17 280
785 754
605 357
35 1771
442 609
490 619
189 500
391 338
258 979
86 1114
89 897
308 660
20 1566
43 783
86 464
18 604
32 1977
544 271
777 782
212 506
233 165
979 250
95 885
17 96
963 615
59 461
71 178
549 690
47 1873
877 531
47 936
49 322
209 767
78 1625
516 322
328 62
41 196
57 1196
36 1048
46 125
657 110
61 338
931 991
171 94
80 23
83 970
61 33
69 603
844 263
69 329
63 517
962 811
90 109
76 1694
46 1347
33 732
29 622
22 1404
694 732
35 423
45 1397
51 1009
806 561
573 771
108 80
8 344
986 437
63 1589
38 1502
727 962
9 1629
24 1212
45 1837
65 913
34 436
621 79
48 1913
684 129
195 315
53 1550
719 213
41 735
11 1888
14 1634
84 1629
52 460
13 244
558 12
501 25
54 1307
75 1532
244 933
96 1620
59 23
6 1828
47 1715
885 296
182 936
509 438
802 434
562 295
516 169
52 169
9 250
280 508
535 101
598 584
139 458
583 479
12 1690
472 957
2 1732
64 146
12 857
93 448
4 589
707 112
143 656
453 376
92 173
78 1087
95 672
79 518
272 897
83 1839
973 661
461 56
46 841
162 769
39 35
861 217
997 473
895 267
973 533
969 957
56 83
28 1383
75 955
78 115
294 595
93 228
202 642
41 892
133 127
67 5
81 1556
706 907
315 996
51 1813
68 1775
933 639
892 651
931 983
696 677
90 142
10 774
50 1434
27 1531
100 593
49 923
203 493
819 63
1000 199
36 598
73 19
195 587
237 394
387 514
10 83
58 1009
297 96
660 895
732 254
18 149
705 671
340 265
692 595
195 187
521 530
98 1025
49 316
7 55
647 340
64 393
987 482
42 1838
1 1841
26 1647
42 142
277 561
12 572
412 557
5 809
33 207
8 797
608 684
874 905
58 1213
823 493
95 1886
665 248
30 470
402 194
10 716
90 57
733 286
55 1510
309 68
117 822
43 1381
713 575
257 141
36 1802
78 526
1 1923
57 932
70 1555
85 722
703 62
32 350
315 640
294 298
665 135
456 315
9 1994
692 678
43 1580
13 651
88 1263
30 424
269 216
40 933
53 1779
26 223
150 671
86 1031
31 653
17 1272
93 501
91 635
23 1527
515 995
915 785
48 665
433 401
20 1457
62 904
913 376
4 562
799 533
159 312
19 356
21 1962
581 464
47 903
56 438
75 496
80 635
21 499
76 1203
251 273
59 155
21 131
100 739
69 131
6 1218
378 265
2 1714
91 605
41 69
565 62
102 439
11 286
802 183
91 92
34 1788
94 1996
144 844
184 975
72 1446
27 748
58 804
772 412
94 1371
776 803
444 778
462 674
93 1188
795 273
787 456
52 720
37 1814
2 1955
326 917
90 909
500 304
66 1857
36 1800
586 772
3 177
386 968
812 868
62 156
556 439
960 93
691 662
46 250
26 82
8 1815
398 122
478 591
68 1061
71 813
296 514
32 1345
15 969
67 1788
237 563
782 604
53 1794
761 916
630 43
876 127
673 805
40 1668
86 44
959 661
899 597
899 661
386 848
65 995
10 971
814 922
891 965
934 621
52 961
234 718
807 979
876 166
23 1621
65 974
74 1357
97 1295
648 944
519 127
940 661
18 468
350 513
951 626
251 982
65 535
92 35
67 1138
13 221
77 1500
57 424
12 57
22 1930
14 251
733 329
455 177
86 1570
80 1283
37 1390
22 338
90 1027
59 209
128 486
551 247
432 240
175 47
27 1334
366 519
19 1943
36 296
232 745
6 945
12 9
6 376
81 324
21 1210
1 1735
212 561
368 325
517 534
79 307
17 1577
98 479
36 1771
538 591
62 296
82 825
51 1687
9 1536
469 961
88 609
26 1907
465 531
157 315
77 1573
68 128
23 1005
251 771
28 24
875 406
431 620
16 495
66 1716
27 1974
67 117
215 268
24 1061
73 473
497 321
428 995
399 160
83 109
937 988
83 428
32 1036
89 469
88 1082
129 963
67 269
41 865
33 712
70 1591
61 1921
33 49
562 941
894 984
787 289
312 324
24 1301
29 1959
440 359
39 1988
45 82
93 664
809 248
54 1798
39 985
38 328
24 664
838 996
631 242
421 998
99 1390
21 72
13 677
287 62
79 1040
97 1607
64 597
35 1086
30 1651
30 1956
852 203
22 1424
971 669
48 133
80 486
27 131
590 862
94 265
365 219
779 856
42 222
14 1193
70 1877
39 1651
352 328
19 1496
70 104
888 43
93 1773
810 437
21 184
58 511
498 455
645 898
529 304
652 619
74 1245
632 159
23 124
82 1411
866 595
11 1252
85 1844
82 1171
45 503
58 977
79 41
613 753
14 311
16 80
957 274
58 1812
651 662
178 429
342 58
455 156
29 337
7 984
65 1599
991 972
406 172
382 602
19 1762
25 1898
17 1346
57 1893
502 319
75 1381
95 436
534 88
629 29
932 311
803 934
83 506
124 502
368 91
26 688
67 1172
21 142
37 1047
86 416
52 308
341 144
60 242
30 445
70 394
44 435
61 492
4 972
90 1710
487 254
62 78
3 1663
71 637
520 248
572 665
29 88
24 401
367 976
77 333
17 1341
898 190
42 1518
66 54
41 1433
398 801
541 460
438 733
917 492
10 1405
833 867
832 613
68 635
29 69
790 125
48 1441
220 414
718 731
10 377
634 20
585 644
294 660
81 172
56 1723
80 1171
74 1751
775 416
92 408
789 866
178 509
759 214
20 582
109 938
271 710
5 586
681 76
22 1889
954 950
354 582
671 360
5 269
36 41
46 1446
6 223
74 640
64 832
118 640
12 1384
94 174
89 790
23 915
33 1116
606 17
567 452
490 8
13 1898
50 18
308 310
39 888
136 622
63 602
26 567
363 888
24 60
34 410
58 113
623 276
633 601
9 1503
89 567
3 1910
377 884
949 409
323 518
61 1163
364 982
436 159
78 26
144 279
9 299
539 622
94 1871
585 730
166 255
423 915
453 77
49 689
392 837
195 547
684 583
646 61
75 1774
476 811
75 476
341 147
508 37
629 774
51 1699
35 795
66 1933
647 133
225 402
93 741
523 523
19 152
29 126
6 326
302 898
18 1317
42 845
249 433
388 106
1 559
298 511
10 205
79 715
29 996
888 624
637 583
150 268
64 465
30 816
140 981
1000 339
787 316
25 1967
11 1939
7 1967
69 997
575 322
418 584
13 479
12 1136
89 990
95 1571
78 357
77 1628
889 846
519 931
981 277
64 309
363 938
57 1755
359 110
613 70
90 105
99 391
27 1094
471 723
73 254
42 150
94 279
14 1913
940 500
184 138
93 271
31 571
66 48
34 1207
202 811
18 1337
60 644
986 968
24 501
151 665
421 52
355 577
34 931
87 236
79 98
32 1272
14 986
60 573
788 400
6 542
73 1837
93 1295
912 719
26 24
513 319
99 643
82 680
1 661
439 502
91 1613
46 466
55 344
142 864
43 460
347 396
8 33
35 146
3 85
77 1716
81 1548
78 926
130 548
51 1836
548 327
93 1814
8 178
36 1614
20 187
11 1017
83 757
28 1922
54 1210
13 245
81 969
165 81
78 1394
41 1232
127 373
467 11
711 180
323 760
54 96
8 608
7 1722
782 2
28 1546
440 323
50 242
805 545
163 85
26 378
930 187
65 1664
42 83
77 370
837 272
612 632
878 559
598 575
43 1473
768 455
324 859
46 463
455 821
391 462
80 103
31 1607
56 766
93 677
23 752
431 881
38 1357
61 1000
808 399
51 410
485 328
47 1526
703 774
641 835
20 1562
96 1902
998 624
797 57
920 47
26 1320
811 361
765 755
17 584
2 1996
433 732
55 1479
585 890
214 792
155 677
7 1821
621 541
87 911
56 385
39 224
81 764
869 703
762 432
725 324
749 689
61 364
8 562
705 567
936 83
234 679
32 744
639 790
56 374
45 1104
9 189
459 793
898 357
31 737
254 192
501 824
574 662
315 380
630 462
675 337
425 703
161 561
35 1334
96 396
55 787
534 537
408 269
721 655
37 970
380 920
935 718
806 403
95 1760
73 274
637 366
17 1270
16 928
24 760
32 732
491 279
98 1121
8 451
90 892
31 817
772 70
36 1200
9 25
74 1526
4 1035
68 852
38 1638
6 1790
89 1823
37 963
64 956
708 885
309 745
17 1057
643 439
918 939
550 728
83 578
60 974
521 850
453 44
80 740
785 750
84 18
64 1768
40 107
745 544
21 421
487 709
79 197
39 14
24 1919
79 643
615 765
346 69
25 639
857 310
828 244
36 776
340 280
41 1863
28 817
194 348
668 62
11 994
53 1505
754 208
46 763
614 458
608 295
595 907
100 369
44 1370
46 656
922 169
132 775
14 761
2 704
49 1766
940 667
58 26
40 1372
5 578
11 1726
52 776
944 348
381 756
49 1375
140 514
56 568
81 1501
776 713
47 4
3 1675
658 654
53 299
971 240
709 619
863 128
203 441
22 165
766 214
63 79
901 312
730 646
93 1820
9 550
670 129
822 723
65 1120
14 1559
827 312
704 96
527 306
87 1702
52 41
169 950
9 889
44 1409
86 101
94 748
13 85
98 1564
706 203
491 720
67 1557
54 893
403 861
20 22
67 362
808 739
99 114
180 747
34 568
147 669
35 957
913 13
87 843
28 671
97 1447
8 309
775 221
27 172
58 1292
39 466
18 1161
652 639
655 534
174 698
957 9
566 285
497 708
177 254
92 752
35 1413
35 1448
437 757
729 134
28 365
66 100
80 1977
4 1168
912 908
99 308
1 1016
13 731
84 339
20 1360
372 693
748 797
95 1045
581 711
56 75
437 59
716 335
5 1900
718 368
882 195
86 435
45 965
497 807
29 1517
93 676
64 1962
30 430
74 600
529 958
636 94
374 535
64 975
31 94
16 213
145 312
29 1405
261 475
272 918
779 74
94 1933
450 900
467 692
42 113
765 112
390 461
23 1279
135 167
2 1162
22 1492
179 978
2 309
100 494
76 444
595 271
666 763
29 1434
96 1192
698 305
7 1535
74 1298
905 727
327 701
564 897
628 670
403 571
489 738
53 21
595 938
39 634
264 754
822 673
26 1203
662 706
43 197
92 1866
22 915
88 146
98 185
62 1890
350 919
43 435
457 315
473 580
782 507
55 737
597 298
99 1943
467 690
6 82
63 1789
43 1454
5 267
444 549
836 140
461 4
39 303
3 1258
519 171
126 593
45 1224
11 1425
42 99
41 1142
43 221
87 1099
886 53
80 818
16 255
449 123
263 471
8 1301
774 546
551 364
247 971
827 805
388 993
709 915
27 1724
87 1053
349 812
271 851
247 233
318 382
41 1469
57 1886
150 142
36 1236
138 184
28 1986
75 803
25 1809
8 1191
9 650
88 368
69 1219
703 395
548 840
73 1458
45 1543
34 97
452 935
450 527
444 889
543 917
98 402
86 173
93 1917
326 595
183 715
71 842
55 1779
589 17
939 685
51 145
99 264
303 862
691 645
84 919
54 1841
616 88
1 1992
745 273
82 940
88 1862
79 384
48 708
496 556
32 1509
29 57
97 381
30 1104
934 121
7 424
47 1189
512 696
35 593
942 703
36 126
36 1255
273 227
775 549
386 339
57 513
42 1882
691 139
12 705
46 611
651 675
702 140
39 1836
22 852
5 93
493 637
38 452
680 929
106 332
73 855
34 740
189 37
861 241
599 981
191 734
19 616
35 778
216 609
27 59
27 836
63 453
123 469
93 976
100 184
184 619
79 344
13 1098
512 365
212 892
44 1002
91 979
74 1138
481 731
693 456
81 1919
77 428
843 364
80 687
286 934
310 809
801 676
448 942
640 800
559 994
1 1445
310 1000
91 202
402 336
307 529
54 584
29 653
69 596
158 877
742 632
58 757
83 896
310 501
71 743
47 279
7 392
924 43
146 533
649 420
121 688
43 346
64 1711
58 1502
29 1591
660 144
20 391
71 344
345 727
964 358
716 941
606 788
63 555
394 410
39 331
10 1830
762 797
41 624
93 380
58 1421
11 1407
47 1500
59 1527
60 222
657 769
669 848
5 1547
744 962
507 113
10 1928
90 1877
70 465
736 182
350 195
947 106
24 102
11 31
51 921
511 126
230 809
860 522
175 143
60 1259
19 1526
488 468
45 1648
183 533
40 1353
998 978
48 146
228 280
27 956
61 1119
224 617
477 173
374 975
8 1602
315 740
612 210
321 357
60 568
20 1318
27 355
898 804
41 1212
18 1675
8 185
14 1406
610 337
12 4
43 596
52 347
71 796
99 37
57 160
28 223
99 1715
82 1553
724 709
198 870
35 1117
453 789
61 243
91 1188
209 218
28 312
58 1153
26 566
974 852
46 759
18 537
572 884
269 910
11 1589
63 60
949 344
168 115
97 682
13 1214
52 316
77 1062
608 239
47 372
28 779
14 909
3 314
76 1690
5 795
745 823
47 636
85 1112
88 1698
52 731
544 500
732 556
179 415
55 1924
581 190
741 36
7 764
557 259
991 341
979 844
197 557
77 1726
64 1474
5 422
30 1563
15 1545
628 653
906 472
30 620
102 673
26 1920
87 128
85 1524
36 123
653 944
67 990
657 759
71 138
622 972
67 1372
74 1053
98 1796
40 216
836 663
69 605
222 703
531 616
85 1478
631 259
245 111
878 278
8 980
214 355
684 876
150 122
50 1161
49 1330
47 1906
253 455
76 1290
13 1070
767 985
42 760
194 305
882 789
25 1614
48 152
191 154
72 1288
87 434
30 1861
54 728
65 737
855 372
844 685
69 1876
33 885
36 1330
87 876
70 361
82 1656
87 1601
85 585
694 576
9 1237
88 30
49 1503
46 1248
53 988
50 829
64 1695
824 129
3 1400
732 614
25 715
560 444
305 546
57 806
440 664
27 1432
371 51
83 371
60 1634
500 807
55 1975
58 233
82 550
60 1975
34 857
929 3
53 419
856 775
625 381
181 870
15 1096
51 437
293 49
38 848
26 42
28 1123
20 1156
98 1274
729 1000
431 476
46 331
21 1840
17 694
100 1989
35 778
58 169
94 1530
745 63
95 1679
41 527
926 421
30 898
76 556
39 9
6 1690
748 851
981 259
740 425
18 1794
99 1386
974 377
15 1374
100 451
78 1401
9 1336
405 433
78 1264
97 630
115 49
408 730
1 1875
267 870
78 637
90 1493
706 603
51 1693
24 1763
91 1979
84 48
27 170
313 330
59 430
98 97
49 814
939 861
26 1866
106 43
9 1131
76 1069
964 774
182 483
36 1400
17 1763
33 1126
922 359
5 301
518 914
45 477
218 378
575 895
31 1026
90 774
85 678
92 897
45 1559
42 1202
330 983
429 95
597 394
100 490
2 538
33 553
19 738
865 784
902 775
39 648
422 522
855 752
795 108
59 178
233 368
77 1058
67 173
502 223
27 5
30 833
15 991
99 1175
59 292
27 378
516 899
361 369
63 27
959 903
3 1144
2 671
852 540
82 19
474 846
985 712
86 239
459 880
764 632
506 461
497 170
626 557
59 1882
961 572
20 1428
64 1083
183 300
2 1547
113 792
3 1992
8 979
614 625
49 1223
15 969
110 581
26 427
6 757
906 606
650 343
971 230
47 305
93 1989
67 1704
88 394
64 1068
273 142
62 382
681 303
207 842
545 843
353 417
442 828
40 1762
48 853
56 949
86 1082
25 1635
817 500
682 351
355 462
20 1402
912 634
193 310
12 227
141 904
169 100
73 45
38 1270
97 1602
98 1053
27 1007
130 191
265 315
47 1454
57 138
7 1641
41 1103
88 216
51 1054
86 19
66 1226
56 686
82 577
100 626
61 1320
811 719
18 132
94 1050
72 1621
999 390
68 223
27 1324
95 1403
752 305
8 1584
47 881
771 421
15 904
265 70
1 1611
39 186
683 373
19 200
33 941
49 1111
610 269
1 92
13 1498
136 722
17 860
319 260
80 1428
40 15
8 468
47 1647
558 266
192 886
159 75
80 363
82 1122
78 1493
92 371
92 574
753 473
46 1266
182 927
371 693
732 568
591 206
86 929
439 866
38 94
79 1369
48 573
810 824
55 1359
84 113
7 1410
140 396
829 58
246 821
91 577
75 348
72 686
722 226
83 953
385 669
8 1894
38 1154
969 118
68 133
63 1082
666 670
4 1168
599 348
73 366
125 523
70 1329
647 578
29 1321
68 1313
329 545
94 1919
26 1013
65 975
28 1055
86 1238
237 897
566 704
77 1980
71 1267
2 1911
67 1180
325 752
47 970
78 986
677 236
88 1853
708 141
77 106
64 1599
4 1414
74 1416
540 10
218 41
91 989
63 869
251 792
35 1622
226 251
86 793
751 508
835 879
16 1139
59 1763
19 18
347 504
88 917
756 234
224 378
938 803
7 1986
57 1161
34 1407
177 19
228 552
85 1218
49 553
30 553
923 193
555 216
522 316
39 447
95 1910
17 989
802 393
60 1375
464 255
864 827
95 175
20 869
492 780
38 1573
23 677
11 957
783 33
30 1214
337 125
320 851
527 906
92 616
22 1905
880 856
758 708
65 1522
259 218
75 397
26 278
767 155
47 448
792 123
27 1749
84 1089
584 902
88 783
490 737
557 407
502 220
990 268
581 956
88 1671
9 1437
763 559
79 543
926 989
383 26
69 1722
33 1117
423 962
884 832
309 482
436 280
12 592
100 660
310 65
550 762
81 1463
12 757
42 377
94 310
178 768
48 18
641 800
346 616
99 1995
26 772
514 257
6 1523
47 1795
889 268
834 488
100 426
738 729
90 185
76 560
859 476
21 380
93 79
510 183
33 1607
18 1993
205 913
40 822
898 315
90 1385
123 949
142 131
927 693
950 247
50 478
50 1262
79 1461
6 13
303 548
475 756
614 717
97 682
32 1087
17 1667
690 207
308 786
382 946
697 1
89 1097
66 888
78 1754
68 263
425 142
376 498
7 106
72 69
45 1307
618 883
20 600
92 1987
820 744
180 480
237 161
284 753
48 1383
62 551
70 1805
39 1767
56 375
7 40
937 177
92 724
71 798
98 141
40 624
565 228
86 1199
91 1318
15 1984
704 378
25 46
847 188
245 222
45 745
19 610
768 737
8 1302
21 1738
704 480
917 390
413 557
95 1376
740 981
263 534
537 258
71 1474
529 472
28 268
30 501
947 472
33 395
894 840
37 1683
37 1696
40 1939
163 121
8 1484
42 384
57 507
31 1590
294 332
59 1323
623 909
834 155
718 290
2 1398
24 272
193 564
80 1228
80 212
31 1395
891 197
9 1921
402 896
95 1704
343 890
794 8
83 621
93 1136
221 400
4 1250
99 512
390 145
32 110
621 385
306 35
584 917
44 202
385 406
100 82
758 275
98 1054
396 508
863 526
26 523
387 535
982 448
15 1348
99 1842
138 914
7 1798
485 894
976 72
16 1006
110 220
93 482
161 891
959 198
2 651
682 22
929 950
41 1540
433 808
517 211
640 897
73 283
67 406
309 466
55 101
446 845
29 1313
1 3
616 410
790 960
239 609
40 1512
709 45
3 1402
35 1617
45 1881
979 346
991 682
15 1385
920 794
764 450
2 601
696 593
967 456
475 561
983 711
386 572
769 48
567 303
14 661
533 813
763 334
9 1865
65 1847
109 258
595 377
15 788
134 542
222 362
71 399
198 351
19 631
82 415
628 871
379 451
958 139
29 1045
481 683
883 490
785 990
742 262
12 1132
124 505
577 211
16 320
49 1912
579 742
24 118
687 267
25 442
677 69
42 1860
678 96
90 1767
7 246
125 93
263 542
110 344
508 737
99 609
24 1032
24 347
667 778
569 428
419 686
31 881
82 38
530 6
72 277
477 970
295 391
12 1457
355 748
79 1579
397 956
48 134
34 1139
348 332
764 360
13 897
27 1805
84 477
86 340
158 280
65 300
21 1315
377 904
773 654
355 865
893 478
64 1012
39 985
26 528
27 24
36 1628
831 730
268 775
92 1933
346 500
220 3
537 344
658 872
584 123
79 327
35 827
337 113
446 453
24 8
77 1785
29 1696
57 453
565 197
55 745
70 911
209 269
24 758
73 264
552 149
52 965
879 568
717 3
84 1296
4 240
586 349
10 1061
77 280
99 1606
880 470
984 526
90 1334
736 407
285 791
344 454
58 390
594 758
218 180
941 799
208 990
40 1960
64 559
3 571
16 1932
182 53
404 490
780 589
16 1480
411 427
789 657
700 554
62 647
518 374
551 316
95 1533
567 692
339 182
999 141
525 327
20 1634
87 632
429 300
71 1501
25 1758
239 376
71 1399
719 144
554 992
890 224
44 612
80 504
364 416
25 1684
22 868
572 827
45 511
50 1514
6 734
449 526
91 1942
846 174
39 1172
951 466
490 580
34 1639
87 99
680 116
67 221
56 1805
50 542
849 950
494 459
41 27
276 575
515 579
91 1774
86 460
8 1069
443 229
36 221
483 606
648 35
49 1359
97 166
569 242
37 684
72 353
54 1836
416 871
34 1627
5 1674
85 786
667 334
65 940
73 970
919 61
21 261
694 152
553 446
385 355
630 698
574 787
81 1516
172 765
79 1528
403 367
18 69
819 647
7 126
178 518
664 689
726 586
109 349
61 622
849 51
217 202
49 1792
26 1538
487 625
961 922
673 348
169 807
35 270
929 44
68 388
170 355
839 804
43 1873
475 84
873 31
604 909
494 687
714 55
595 657
94 1165
83 872
21 1873
8 592
442 186
181 762
39 922
189 187
231 203
59 262
808 947
582 344
144 844
39 941
178 742
18 1320
69 1532
26 1516
637 948
656 788
647 218
9 692
769 267
331 555
23 1200
37 578
952 984
43 1167
441 972
915 140
75 405
52 976
20 123
729 293
177 156
18 358
546 578
20 1935
957 961
62 147
695 564
75 1390
897 118
10 1223
28 1623
86 1657
58 499
83 227
79 146
817 957
620 387
839 55
12 76
47 714
34 1879
548 549
869 739
87 1473
46 1590
24 1154
804 465
950 544
416 68
861 383
57 513
53 956
23 887
552 644
30 1417
46 596
390 611
1 933
897 155
343 64
14 781
52 266
94 354
74 554
57 1597
22 265
91 486
319 62
19 1745
530 394
80 1591
3 777
7 1297
473 977
916 963
238 444
48 431
25 1086
832 229
122 606
815 592
65 1687
228 259
491 613
98 1106
19 604
41 962
71 390
563 424
164 727
282 516
145 120
75 859
746 485
17 1734
55 712
152 531
464 693
354 980
101 846
5 1115
29 568
500 303
875 791
557 70
22 683
94 322
859 957
12 1824
74 65
77 192
985 805
85 357
8 50
183 67
78 1278
100 973
64 663
20 1719
389 566
51 1327
8 342
702 399
64 1609
10 577
250 862
42 682
44 1584
33 1064
49 1056
44 1946
68 115
981 890
44 227
491 229
39 469
67 1660
40 42
98 910
766 588
86 1046
44 886
34 1096
955 17
271 554
476 516
937 322
47 1758
370 954
42 101
26 1562
69 1078
98 1724
515 516
656 656
484 50
982 561
416 701
70 989
252 689
97 1465
61 982
518 869
50 51
773 101
26 1042
977 266
519 491
80 762
634 457
862 947
6 649
87 426
6 1715
119 595
96 50
3 465
794 415
21 335
497 486
93 735
518 602
67 176
80 1397
17 1834
951 585
35 959
42 460
33 651
66 1422
897 514
193 252
2 313
911 562
14 1481
27 1003
274 983
963 879
50 992
476 213
469 451
858 733
1 1507
64 832
89 46
85 1875
94 1024
28 468
932 49
19 864
23 1000
210 716
72 1592
9 1021
723 148
67 1319
72 42
378 113
9 122
7 404
748 258
10 937
401 812
624 748
816 457
67 434
38 944
871 738
25 588
999 857
791 891
42 1159
621 777
50 37
69 1908
4 1360
765 51
304 563
38 1271
29 1327
47 1187
90 1586
692 460
965 157
305 681
47 199
842 868
63 1504
643 561
54 654
922 940
791 718
41 1557
452 814
72 1396
36 1355
13 1877
27 669
13 418
1 516
16 933
83 1924
26 1926
377 848
558 107
767 597
90 1499
324 181
924 637
51 842
87 172
20 385
369 444
317 296
273 878
82 1688
117 775
17 1353
258 411
88 1139
82 453
416 911
39 425
62 204
612 2
897 913
96 1376
278 284
83 1864
950 498
74 924
73 1716
22 1250
68 1340
816 772
147 861
743 901
592 370
45 1724
870 832
92 157
99 696
275 173
65 102
93 1281
22 360
322 58
8 257
82 978
65 1911
786 436
982 129
37 1677
22 1605
39 143
6 1229
428 237
70 818
78 126
3 866
366 770
50 1650
843 178
92 1479
31 1154
79 512
966 703
74 19
421 506
6 255
157 312
10 1137
17 380
894 439
91 230
814 384
81 1663
972 353
8 336
21 1040
32 1562
86 1503
491 663
68 539
729 964
683 180
94 681
739 322
112 43
484 719
180 721
37 465
43 875
77 363
943 699
29 966
78 1296
499 213
231 309
44 362
85 887
45 1711
4 79
321 465
100 16
49 1571
36 937
56 361
94 590
98 1701
10 471
12 1194
12 287
12 1337
726 624
41 1751
765 16
185 673
70 223
83 659
364 414
58 1516
910 887
33 920
60 365
90 1932
53 834
482 447
551 902
6 29
476 206
72 141
689 710
840 177
19 473
320 78
68 1073
324 222
212 252
464 267
35 714
648 684
221 701
745 659
539 766
446 522
791 986
67 868
7 668
98 426
57 768
249 220
699 100
2 621
383 510
81 959
453 271
794 301
23 1776
61 1084
23 1629
278 437
89 1142
658 945
465 384
79 923
75 623
45 819
751 695
99 478
96 865
96 788
80 1584
13 817
60 255
441 275
665 670
29 692
477 248
969 675
438 725
98 269
85 45
40 1536
95 1025
873 284
95 825
774 64
180 25
17 1597
11 1509
88 1948
14 250
212 469
88 1846
13 363
87 1500
96 1213
732 957
62 1423
42 472
159 393
219 973
461 699
421 703
776 209
40 719
131 714
148 358
561 103
88 594
89 56
999 929
278 668
35 1489
52 756
125 271
815 161
17 1324
4 448
42 1744
2 1041
716 735
83 813
86 358
89 1951
56 795
61 1267
415 689
790 342
13 715
97 322
838 803
65 901
83 178
94 1623
949 191
96 362
40 1765
213 239
491 635
65 1959
80 31
356 817
42 1273
470 932
864 881
75 1364
1000 609
17 615
87 1939
35 1885
46 1158
24 756
81 136
63 1975
688 412
505 826
3 474
972 772
41 284
353 530
113 430
73 522
95 141
697 891
957 179
321 595
41 1355
53 321
57 1961
363 464
94 1979
86 1172
268 557
10 864
510 880
28 1389
24 1135
930 800
67 482
3 1195
59 1274
759 810
699 184
39 1244
393 352
38 281
841 177
653 911
7 285
139 209
1 213
757 476
44 198
15 15
64 401
36 333
57 373
261 895
72 1599
258 748
49 488
1 1033
453 658
199 786
45 1239
544 855
75 1563
683 858
74 533
64 1864
934 373
691 169
15 1301
98 1468
450 352
23 702
6 904
91 228
251 220
58 57
459 336
323 987
20 1023
35 479
450 522
61 129
183 536
532 891
134 93
692 608
107 670
441 547
86 919
23 1475
295 506
830 160
472 616
361 231
100 296
66 1375
3 1630
34 1715
282 998
433 367
469 342
24 1576
738 870
119 574
47 1943
953 579
928 440
70 1162
217 424
26 1843
258 72
13 303
49 1430
648 257
779 13
61 461
55 1858
540 267
27 1895
8 1448
110 68
389 750
91 630
47 248
8 1342
115 2
108 27
920 302
864 989
39 569
133 304
295 407
66 1808
533 467
641 941
65 868
170 273
24 1017
70 382
61 1483
2 1067
8 965
277 542
22 203
244 226
884 542
668 530
96 388
475 921
1 695
23 161
9 443
306 91
75 1943
27 1229
37 896
391 647
473 976
902 465
565 298
945 577
657 337
27 1778
555 287
1 230
251 21
96 23
59 728
22 23
628 158
844 668
76 149
32 1234
24 309
72 602
68 434
85 861
738 241
16 353
41 1383
401 603
34 798
93 423
81 1924
972 321
871 434
16 1549
6 1112
490 833
21 1160
108 861
76 1791
66 306
270 823
587 533
973 792
100 469
822 506
354 403
100 791
548 620
8 452
25 788
60 1897
776 115
9 1287
45 1952
28 854
84 1442
345 904
72 1309
44 1337
2 166
32 337
263 232
27 184
988 940
97 1645
4 1356
24 768
32 320
996 427
100 948
49 1323
73 65
434 998
445 686
533 425
22 41
61 1871
60 536
972 286
432 408
52 978
64 1892
666 5
247 913
402 951
93 64
20 1881
443 201
271 607
357 778
692 127
9 591
370 85
17 1532
100 312
345 909
50 943
17 1397
7 656
471 610
9 90
97 1846
91 1236
812 53
86 1924
52 244
85 1593
460 466
980 614
395 386
708 723
43 1245
84 1383
8 1031
37 550
226 488
44 283
88 1170
826 575
53 1952
8 108
663 280
93 1159
443 754
18 1440
61 1698
42 691
487 933
31 372
6 1690
778 110
875 666
30 1707
1000 986
912 793
299 692
40 107
38 1378
436 347
44 620
13 1262
67 1043
993 774
52 1817
58 1847
187 272
774 965
48 660
23 186
436 870
409 884
785 871
922 206
601 167
266 718
82 1751
21 182
65 924
56 1730
411 458
43 1655
3 1453
37 685
509 820
10 642
799 170
45 399
39 1734
40 177
937 427
52 710
947 897
22 986
8 753
23 502
81 388
21 1332
768 906
594 23
228 113
22 531
47 1260
67 422
20 855
64 1528
32 352
89 1018
117 478
9 1397
53 1453
714 397
193 223
7 49
59 1087
1000 27
294 800
93 1278
11 926
55 259
947 952
219 403
46 642
557 125
567 976
489 143
618 43
325 673
511 593
41 1757
722 990
7 357
788 465
68 940
45 591
209 613
287 811
426 264
285 156
881 624
91 1435
2 693
74 1896
19 726
861 26
536 130
578 33
77 1240
694 443
86 908
202 778
90 752
99 635
59 1350
20 318
86 1615
689 673
35 1833
20 28
75 259
942 509
910 949
456 853
20 656
10 529
41 227
522 292
317 171
933 173
491 439
145 639
223 998
73 408
46 1541
15 1188
218 171
712 824
15 249
937 34
9 1339
17 787
625 265
214 385
56 522
62 1050
673 84
420 683
779 360
89 1354
108 950
915 10
20 1076
65 795
100 1197
849 13
662 345
23 521
394 324
374 384
26 171
74 1233
15 1555
397 172
70 1102
52 1119
19 612
92 1868
27 78
148 683
25 611
928 209
68 1354
588 295
100 1331
98 564
762 596
19 1915
320 527
805 790
591 748
49 759
75 75
30 634
909 762
9 1995
78 118
2 1153
437 185
800 560
329 250
716 510
28 1226
97 1497
73 605
747 957
328 58
87 468
461 783
75 380
605 945
10 1537
9 1487
59 1751
953 417
85 1994
969 712
374 333
41 816
41 1820
55 832
20 307
2 116
435 411
54 1112
466 453
57 179
81 4
482 605
2 1042
62 126
92 1506
10 748
27 1566
61 1855
94 348
567 614
99 1869
88 1140
285 475
619 243
116 295
49 144
48 1182
391 1
989 156
76 507
473 541
80 11
514 48
73 1375
301 375
471 55
807 83
462 318
8 880
67 650
85 1017
99 1678
265 811
43 1311
634 867
3 1752
429 827
60 347
262 863
44 834
88 1561
64 1343
70 1153
610 248
54 1408
604 314
22 954
60 1689
90 401
47 1010
733 239
70 398
50 361
81 193
959 277
373 251
30 1110
81 133
63 1021
727 486
492 316
638 676
512 563
57 315
655 393
47 1793
95 680
69 1096
101 16
87 1948
34 1009
176 885
8 373
27 1101
233 210
956 907
812 310
55 1223
49 1179
433 976
944 313
239 23
520 68
534 245
823 64
88 14
800 590
8 304
83 42
527 715
17 273
13 1256
22 769
473 777
19 1911
54 1812
544 994
315 278
3 1771
48 1986
549 362
794 699
76 336
72 1387
871 101
173 948
291 191
52 196
82 1907
767 885
110 484
63 742
229 624
278 770
45 971
34 770
888 662
51 1075
7 841
179 460
284 279
679 584
539 422
341 50
955 589
137 260
6 381
557 977
376 692
37 1184
65 126
33 1897
18 1008
54 12
111 84
614 379
83 387
191 395
476 762
28 1065
98 246
82 1119
142 990
747 422
104 147
452 574
32 1917
349 991
71 604
578 772
24 1386
945 635
613 191
874 646
55 960
85 1419
674 390
50 420
9 1853
244 666
871 438
19 1920
74 840
54 1497
82 168
873 916
968 734
35 563
159 874
117 614
335 629
87 1982
56 1169
992 190
231 771
13 1423
623 355
52 950
11 767
906 861
43 1735
566 83
5 785
4 931
495 338
10 991
71 588
89 999
47 729
966 51
626 8
494 739
67 1953
101 124
139 515
208 944
995 279
51 652
5 1403
654 579
328 228
899 612
786 463
26 922
14 862
58 663
27 1560
72 1142
23 1473
839 584
58 241
80 1631
18 1772
376 46
90 572
60 624
162 493
258 566
115 855
14 1660
87 1501
675 641
676 4
636 567
388 84
91 172
904 3
436 495
25 180
309 755
267 409
931 29
68 1903
565 686
254 851
402 150
724 344
60 200
313 588
268 8
382 608
185 895
68 1916
486 274
65 840
588 862
27 249
324 855
709 245
460 962
23 437
450 29
130 261
724 237
96 1451
818 418
277 413
76 1450
660 860
181 257
831 900
833 735
47 1714
625 984
741 678
60 355
65 1917
50 1732
430 87
22 1529
63 660
11 1625
62 1534
759 772
135 929
58 237
91 392
57 554
337 637
49 661
39 851
29 486
5 613
44 838
72 1977
124 118
14 1799
83 1352
498 121
97 917
647 477
96 1279
845 24
662 237
99 813
980 54
39 1392
46 31
52 784
743 565
5 332
92 1199
85 1164
943 736
370 922
320 635
78 490
484 676
3 1430
935 743
6 1429
84 1349
5 1850
24 740
461 131
26 1334
21 1638
950 44
51 1716
80 1291
36 371
297 694
783 973
965 525
130 363
63 764
267 540
513 405
349 936
967 686
193 726
1 1829
91 895
825 433
16 1090
132 717
83 386
91 1965
952 56
65 901
77 1038
75 91
74 98
757 406
888 430
964 475
53 669
23 280
49 606
246 507
92 9
467 660
360 807
419 192
95 527
118 459
477 846
344 370
235 133
27 657
43 1406
74 408
712 929
42 1636
629 479
54 910
10 404
45 787
351 235
308 646
100 1850
811 690
45 642
77 384
83 491
22 974
640 455
94 1157
66 1197
144 259
204 694
391 29
198 133
208 860
885 647
307 833
69 379
2 1156
774 603
860 259
487 765
87 1022
90 1298
68 1022
606 128
847 335
86 42
5 941
44 1363
82 1837
91 550
578 857
688 412
89 1117
76 597
454 444
84 1951
61 937
78 1926
525 14
294 782
84 86
125 986
46 618
108 722
150 668
42 1537
40 1354
699 349
867 163
51 1179
690 942
82 892
561 39
46 1408
54 1348
468 803
992 513
735 428
475 645
31 1511
95 1277
99 1033
33 1270
447 469
108 61
96 1772
15 1809
971 730
55 483
856 956
52 1134
97 1728
82 506
57 1928
66 290
307 563
40 32
307 536
83 182
370 134
875 772
340 660
43 385
86 1289
6 878
810 761
93 78
82 774
24 133
33 811
1 320
6 718
513 264
90 1586
984 309
56 275
86 994
453 474
577 979
64 1867
67 1257
15 850
980 138
439 275
88 908
121 500
894 286
86 1808
608 338
775 543
17 841
57 396
153 186
48 746
590 444
78 50
623 902
48 194
72 1175
66 69
73 287
34 1352
51 1020
7 1132
17 1071
929 662
12 579
917 808
54 268
85 1482
599 682
12 1170
22 731
516 947
685 557
754 802
107 753
15 74
100 1733
928 389
2 1385
532 694
13 551
65 496
110 573
848 705
287 72
736 387
78 1274
812 842
689 658
49 1190
23 145
679 424
960 547
977 570
84 266
8 1203
366 904
886 19
1000 998
611 51
313 684
816 108
27 1464
107 285
56 621
64 1617
292 503
67 595
654 593
394 979
597 854
39 494
21 114
434 235
233 972
411 438
52 929
44 1317
974 592
89 1095
295 248
32 1116
45 1124
65 463
366 614
310 304
4 780
243 813
53 1543
67 1905
633 749
394 975
23 744
887 253
16 1352
947 741
23 639
900 218
84 733
709 895
170 534
100 1593
883 830
780 20
203 927
730 716
576 588
781 404
30 306
852 269
28 246
865 865
42 606
55 1979
54 961
213 667
374 590
732 676
54 406
672 503
122 71
539 49
488 269
938 696
27 527
71 1533
10 726
45 320
389 802
52 1958
146 835
66 1045
50 141
845 358
884 977
20 602
11 945
967 640
256 477
852 347
466 728
37 398
456 305
25 615
98 1892
816 181
668 63
19 982
678 389
1000 533
147 825
80 820
50 1406
43 1838
40 410
58 644
82 291
51 480
1 175
45 1373
82 446
89 22
290 371
86 796
20 117
27 1895
91 259
648 63
49 1692
27 813
96 704
989 419
250 990
23 1618
614 655
57 625
680 294
767 404
930 739
625 5
32 681
79 538
337 409
14 1574
5 1590
188 70
12 274
42 1529
339 640
92 1621
83 311
69 748
12 1904
228 14
828 413
394 999
1 424
11 1123
373 5
32 429
136 606
78 3
115 246
13 908
574 508
47 1355
67 906
85 1830
81 237
30 1833
63 599
70 701
55 479
645 420
72 116
181 350
30 1561
769 535
498 361
22 1342
408 826
62 177
67 1315
430 777
52 1297
38 1938
680 25
48 1894
276 305
99 819
15 1437
87 107
807 961
970 276
939 551
79 80
66 756
22 1807
478 613
6 352
45 373
61 1856
701 808
53 1705
88 1701
43 324
37 476
978 176
84 352
46 854
79 395
287 762
448 262
1 767
594 212
957 823
27 1965
35 632
84 349
68 238
247 996
100 1407
20 532
443 733
3 1455
17 1515
95 118
86 1497
95 1976
13 754
56 1770
45 349
904 478
392 299
385 875
94 1014
785 479
124 196
17 384
6 1832
399 389
68 1550
733 850
959 588
51 549
133 928
27 479
392 264
12 1444
96 1695
345 161
931 336
133 740
342 568
125 227
543 568
673 274
380 911
360 859
316 757
78 1942
91 121
990 56
10 1774
24 1789
54 1211
402 342
497 262
999 747
729 644
462 326
410 693
477 476
543 780
33 924
536 640
75 1528
697 725
675 972
554 342
94 929
137 41
110 541
28 173
92 1527
37 483
23 678
7 911
651 783
235 869
624 601
52 1258
24 651
45 1619
73 1492
553 851
528 942
570 720
51 363
51 585
37 1484
32 253
31 1344
696 449
69 1323
79 1210
94 1221
895 58
35 1571
51 1596
742 350
70 1884
269 802
78 324
47 668
73 1871
549 35
15 1196
76 1090
55 1559
408 688
13 1851
6 507
515 482
76 729
1 465
57 899
573 368
57 1803
904 943
92 1658
513 179
457 974
861 820
774 113
577 799
729 370
379 506
85 887
8 246
54 877
96 675
84 1119
186 99
6 1055
53 515
100 662
23 94
30 1805
6 786
331 16
570 965
643 991
65 1278
73 1476
60 89
790 32
358 956
469 614
88 779
85 595
14 793
89 363
34 1137
251 179
407 315
7 1218
172 134
91 1941
903 102
803 741
386 343
804 657
100 345
13 505
25 819
75 1452
68 666
62 169
46 1118
19 1292
739 359
65 1893
490 167
641 776
6 1298
968 351
37 1064
97 316
361 969
27 1011
98 721
2 15
959 589
88 74
28 473
39 230
59 1941
164 14
8 632
65 981
479 867
442 497
