1000 587013
5000
784 696
803 971
13 802
431 136
724 48
163 83
120 620
428 460
166 280
782 164
925 54
456 135
562 62
857 223
170 580
70 330
80 993
102 174
537 49
685 108
964 125
696 15
856 779
236 107
61 857
850 765
350 195
76 73
128 127
50 811
79 151
119 399
257 285
138 185
539 511
297 6
630 221
116 911
563 454
62 148
838 901
315 100
166 451
32 898
40 927
5 138
636 51
560 539
27 672
78 635
145 922
824 41
191 67
20 989
116 876
45 354
743 819
613 871
934 59
656 36
139 676
733 48
151 714
426 120
139 764
578 152
207 240
303 43
558 102
735 131
16 693
163 8
305 563
990 159
733 252
710 171
120 61
55 78
14 479
23 853
148 718
323 104
163 43
485 144
215 584
740 21
89 147
38 735
882 864
108 847
604 88
60 295
334 416
836 238
18 194
25 298
508 60
114 35
466 20
158 391
180 426
170 252
533 43
156 61
73 683
24 977
977 92
147 150
64 120
177 110
66 735
974 7
691 718
150 301
219 160
427 1
52 391
432 198
524 399
936 511
947 189
125 737
567 77
274 56
151 802
120 960
197 993
112 905
167 273
170 952
381 415
67 159
178 439
54 581
156 489
952 869
595 36
476 487
239 20
42 985
114 518
949 11
92 80
192 38
318 70
170 985
988 1
322 55
806 10
25 557
75 195
179 859
179 95
385 93
182 495
742 345
108 435
474 172
445 42
533 154
129 1
193 278
146 894
176 592
544 435
741 132
12 842
589 110
546 853
139 201
10 537
365 770
786 181
9 322
663 688
924 115
186 856
75 211
146 635
644 147
85 179
22 795
206 379
418 105
907 64
735 26
540 127
63 461
125 713
150 514
832 917
140 276
654 248
895 200
915 2
131 443
693 803
184 320
394 692
901 552
993 145
130 757
918 75
590 46
644 119
182 150
191 578
303 447
56 685
14 576
65 201
824 830
82 945
520 947
76 815
862 53
425 44
57 291
438 15
66 914
216 176
77 482
178 753
39 337
533 992
61 94
152 553
130 957
295 148
729 13
321 210
867 662
195 166
224 469
218 989
916 102
27 103
193 608
349 295
465 61
3 27
822 180
612 16
909 913
9 268
389 193
984 27
172 121
949 177
169 84
740 164
541 399
8 873
89 11
81 205
341 23
844 41
856 101
50 535
690 105
727 88
353 726
257 633
709 91
393 192
163 879
588 19
428 965
193 177
609 256
874 625
348 2
58 481
141 96
26 452
152 96
166 282
747 335
138 303
753 944
15 715
91 399
79 850
331 860
355 979
243 87
238 23
187 900
94 696
673 392
553 141
26 645
183 361
549 171
950 854
75 930
859 147
100 564
615 130
859 143
22 609
503 188
517 857
998 114
586 838
294 108
113 513
996 183
84 21
13 648
376 86
133 900
158 161
58 939
295 161
518 841
127 134
718 939
348 87
746 186
184 865
55 197
15 646
376 75
25 155
692 827
177 411
31 369
340 41
322 86
628 884
107 605
311 210
551 101
826 311
149 883
199 333
171 80
712 146
166 5
659 810
21 885
161 408
451 155
384 172
714 336
950 93
505 183
61 143
124 230
179 158
456 448
908 583
777 542
639 289
843 934
309 186
84 176
138 224
73 39
67 387
339 749
150 410
118 67
607 315
353 755
560 740
814 69
97 661
14 350
869 176
906 42
434 187
887 481
85 22
90 757
984 771
905 94
973 71
105 121
125 850
514 540
224 624
3 181
671 196
265 87
82 64
752 911
97 286
64 430
129 176
549 307
65 22
98 141
252 466
159 198
254 133
425 996
475 407
793 517
360 95
88 480
383 497
264 183
369 91
781 146
180 188
278 855
299 239
735 126
99 903
808 170
107 932
154 294
197 332
139 568
3 68
386 47
32 122
153 778
842 24
737 705
327 119
978 15
191 805
60 487
204 187
165 54
130 645
96 860
139 527
957 113
766 499
420 11
801 653
105 715
35 475
955 99
47 92
37 299
53 633
806 91
47 93
89 139
180 160
115 92
161 609
135 318
84 524
39 158
166 95
198 97
109 255
299 163
41 40
619 65
371 943
160 861
34 29
5 950
341 232
734 967
140 847
178 347
120 16
164 9
444 2
229 974
63 426
725 251
189 402
784 608
56 604
547 61
131 319
342 21
144 114
568 981
125 229
66 395
348 654
84 101
498 874
790 425
196 683
49 758
850 996
177 173
181 236
5 453
166 121
809 42
547 946
877 414
169 75
344 56
65 364
22 159
391 195
828 187
121 132
902 98
596 133
678 450
179 989
864 23
828 66
990 214
303 696
250 134
474 146
558 145
929 286
902 82
560 443
894 146
78 545
643 575
858 143
731 4
53 790
939 468
113 359
126 47
854 13
668 37
346 190
59 731
394 285
78 146
14 215
703 793
586 81
21 713
610 631
495 383
312 990
145 86
21 568
127 615
105 872
109 904
265 35
48 114
170 942
139 98
161 417
146 43
509 99
904 372
41 603
1 15
478 76
44 341
663 693
899 899
455 164
55 147
938 131
364 758
176 826
800 12
457 82
847 7
652 53
567 311
945 87
991 99
154 647
27 508
188 356
17 4
162 277
383 658
784 587
566 624
31 616
941 36
194 35
872 98
19 747
729 56
188 193
708 415
374 118
6 287
947 31
150 649
917 247
76 322
912 150
185 105
179 346
195 495
123 945
278 627
185 94
9 15
918 192
689 19
849 860
164 939
134 406
574 30
35 11
308 142
54 865
397 125
141 692
149 24
937 200
139 611
4 385
1 992
129 81
366 136
115 143
561 903
187 511
178 952
94 989
365 998
189 598
19 887
59 787
9 193
11 468
351 390
727 126
170 87
181 118
115 173
284 563
131 146
235 187
174 505
39 420
146 144
89 230
722 5
182 76
89 536
185 603
262 33
164 508
191 159
226 54
285 43
28 251
193 266
381 105
738 22
60 172
22 135
78 888
993 933
733 15
79 448
358 637
29 925
768 988
649 71
59 390
30 707
47 39
74 166
3 96
973 261
541 94
554 936
39 31
615 18
69 51
373 468
19 527
194 816
52 147
356 746
70 189
44 31
922 73
762 352
265 133
86 588
103 168
777 452
956 95
38 574
159 257
798 685
106 129
52 830
135 686
75 821
397 49
128 60
371 180
167 544
18 322
599 164
322 203
48 335
27 27
890 421
97 986
727 674
104 761
506 825
157 722
957 421
144 457
30 44
648 877
846 193
64 484
307 149
432 811
714 900
105 561
476 466
194 369
111 215
458 107
184 877
33 788
11 143
995 743
189 69
103 108
40 951
867 93
64 161
28 486
67 997
142 207
475 429
815 272
224 3
453 41
753 699
136 334
489 157
229 393
25 245
255 202
1000 551
90 86
570 31
142 803
978 138
310 23
316 93
612 547
821 679
99 453
458 634
20 450
29 277
135 545
352 113
194 313
705 378
80 457
628 138
862 280
692 157
769 134
555 109
80 420
884 845
63 413
986 146
62 37
593 137
870 70
193 896
95 779
973 94
903 161
109 829
120 875
85 945
6 633
196 921
33 835
127 985
144 137
798 7
912 97
331 377
315 163
45 784
276 405
92 984
423 185
388 91
644 671
107 868
958 641
892 32
867 437
809 974
134 888
143 760
173 833
937 52
198 543
197 93
314 520
483 303
140 26
24 682
797 665
401 87
902 81
6 766
95 324
43 627
321 100
903 61
25 70
49 45
8 985
3 165
571 88
63 309
627 93
45 1
384 186
130 97
645 148
623 518
644 50
187 75
20 787
640 132
199 855
194 642
76 29
760 47
154 734
69 958
598 498
481 113
141 508
866 9
563 738
223 195
317 682
471 140
108 88
30 451
91 363
172 166
886 365
983 200
806 55
249 55
940 43
170 627
658 992
847 190
480 16
28 963
202 138
851 22
293 100
865 774
923 60
45 638
165 720
105 140
505 26
174 656
435 132
251 331
228 161
155 197
305 835
68 622
87 171
6 357
39 459
99 641
78 90
70 947
68 363
80 743
103 812
86 69
244 108
157 88
185 131
92 961
20 964
35 247
30 249
85 745
91 216
135 292
55 282
132 887
771 24
107 642
379 87
93 85
946 114
138 687
408 119
82 4
329 326
249 243
179 127
25 468
155 150
73 543
643 86
849 9
221 39
169 766
1000 338
25 196
155 951
141 437
99 8
596 182
18 471
145 99
602 183
672 91
44 114
665 602
287 775
24 801
53 459
935 55
66 36
828 160
112 227
755 18
110 565
77 981
835 702
87 291
27 112
148 188
889 1
226 90
511 423
812 140
19 756
22 881
909 627
106 596
288 94
164 608
200 302
172 42
527 577
983 170
720 147
137 515
695 131
365 58
70 146
277 662
353 192
113 63
283 370
21 857
333 927
903 754
84 193
726 437
23 35
23 33
78 184
334 463
164 75
156 184
153 961
257 578
747 470
298 665
501 76
793 75
763 22
53 669
181 585
47 641
75 16
120 259
142 702
72 554
876 213
454 46
74 109
65 241
188 427
62 488
997 35
786 939
193 640
538 438
396 729
21 89
15 911
34 274
345 294
50 455
132 609
960 76
293 130
118 396
197 161
931 836
306 193
683 337
703 974
40 772
41 830
874 99
162 474
60 184
34 246
108 46
188 818
134 988
544 994
559 167
449 10
150 882
160 287
191 512
155 24
281 79
30 551
782 912
75 813
473 585
642 96
517 12
803 20
63 145
758 179
779 831
178 96
28 581
84 166
245 371
937 52
65 471
432 257
351 130
49 167
305 198
60 350
734 173
442 305
71 637
120 327
129 987
137 565
130 626
358 92
443 870
803 73
69 52
299 121
47 969
869 35
581 548
990 56
27 200
189 758
107 205
170 199
833 132
92 734
340 19
675 149
447 136
109 56
48 449
6 339
62 23
129 383
234 129
148 572
233 668
157 48
668 200
306 258
263 138
304 834
34 956
117 677
611 630
8 24
423 964
710 744
22 86
192 15
770 89
87 122
431 687
687 626
993 308
36 362
34 354
96 984
479 169
147 721
135 462
56 130
104 468
815 37
390 413
386 985
515 887
441 793
896 776
950 96
201 822
167 81
147 732
95 121
114 378
92 216
62 876
512 558
948 70
627 159
969 675
97 654
9 309
461 68
132 73
150 100
314 982
222 35
7 249
109 129
135 744
198 145
978 45
208 140
130 40
30 692
334 59
71 83
916 93
277 157
391 114
585 20
32 744
53 496
940 910
894 56
520 114
445 117
11 872
6 145
410 32
79 893
34 193
932 88
532 136
30 601
771 296
43 937
494 85
886 80
61 872
706 443
173 270
359 670
136 3
755 836
917 142
770 59
162 195
251 54
189 63
821 9
99 638
667 933
116 727
123 97
694 893
624 131
943 48
111 872
239 174
468 319
12 874
221 228
989 868
34 718
64 186
781 15
462 256
641 31
77 149
737 80
181 133
541 108
180 615
260 83
557 970
493 59
257 147
42 1
25 936
112 608
420 19
144 914
496 905
131 295
76 915
189 10
195 544
63 312
445 481
136 190
113 110
168 223
685 183
93 13
266 97
587 134
854 104
731 244
844 277
402 78
797 284
85 64
104 82
836 122
144 46
104 778
111 42
227 692
862 682
495 744
123 352
687 188
486 105
749 795
763 541
928 906
450 172
110 650
99 97
231 130
501 864
130 522
353 917
1 333
499 81
62 969
637 191
91 740
63 745
695 896
904 242
565 380
86 972
499 619
147 2
467 24
359 126
374 771
468 173
89 179
981 277
25 544
811 126
396 129
157 164
6 973
970 33
35 71
483 156
942 112
901 581
183 197
366 30
790 137
88 127
173 261
583 913
646 729
191 118
445 37
151 35
8 39
715 882
651 633
63 753
9 142
108 219
344 109
459 110
277 124
204 279
161 188
542 2
554 778
639 811
145 237
956 692
170 331
128 100
146 858
792 73
753 451
162 590
919 933
133 766
87 622
805 444
178 75
170 159
514 78
596 446
827 751
84 68
18 90
316 105
391 64
761 167
449 116
669 602
152 505
125 216
545 242
164 837
42 82
13 154
213 81
42 96
444 655
23 880
194 658
642 70
815 318
222 159
537 465
929 13
5 358
422 600
178 257
97 11
83 614
290 193
32 915
142 122
165 651
26 673
853 430
781 144
822 12
334 930
11 967
787 904
107 784
631 123
908 44
92 461
102 623
678 81
888 130
500 156
53 284
849 161
894 873
45 553
165 159
161 264
92 3
70 111
70 509
587 66
531 29
942 344
160 304
133 814
983 139
122 863
761 771
952 196
65 67
20 103
416 819
48 895
255 15
199 528
88 165
24 436
476 330
86 581
183 212
540 122
224 492
83 116
294 46
152 261
868 149
755 5
199 653
404 138
297 857
650 148
157 142
442 903
139 941
37 774
897 504
166 711
11 436
405 156
534 26
145 47
865 57
213 809
648 178
159 606
928 731
486 767
106 763
452 813
656 716
789 183
874 123
20 9
41 324
186 947
476 792
856 114
76 19
741 76
633 531
894 174
144 779
34 627
121 878
193 46
175 874
155 375
171 473
159 121
246 16
171 64
171 670
852 17
499 23
832 109
160 830
245 46
968 163
50 29
860 70
184 832
179 99
507 199
92 692
28 938
19 247
804 120
10 628
469 905
893 118
94 151
70 2
76 301
582 30
18 155
923 831
64 787
131 167
31 22
162 500
130 424
819 406
541 107
329 144
682 775
519 405
665 463
789 73
164 145
720 676
821 200
6 502
446 147
724 647
655 153
489 192
996 100
970 193
200 407
179 788
946 50
141 748
935 130
100 720
740 46
67 390
117 122
439 127
721 889
64 940
677 520
74 912
135 313
117 693
25 202
760 978
534 145
166 567
47 766
187 250
157 56
470 767
854 225
732 149
544 312
39 734
503 197
10 799
118 670
133 7
21 140
566 85
667 288
615 507
212 30
774 67
955 116
142 262
995 112
630 637
225 94
3 90
723 917
260 68
89 515
987 25
600 128
35 892
871 232
288 853
34 249
775 391
819 192
542 22
181 570
917 165
143 662
70 43
71 172
660 459
653 183
90 947
158 842
164 28
44 32
110 303
386 113
996 19
323 537
144 358
761 438
416 10
995 77
191 79
523 68
59 925
380 194
991 430
944 168
117 465
74 303
474 18
5 329
558 494
94 804
39 271
625 196
160 677
957 110
143 457
59 786
962 228
221 52
703 888
455 746
195 802
119 425
30 184
880 13
17 557
124 381
78 5
843 875
506 83
19 619
153 648
173 78
221 100
162 414
579 56
93 394
858 17
89 288
60 105
684 495
167 390
573 49
585 353
47 897
142 64
647 21
108 49
578 78
166 53
377 173
281 745
691 519
149 522
844 82
45 314
92 597
718 70
198 159
333 49
144 593
149 386
667 69
168 108
118 974
25 172
12 171
834 960
871 548
685 61
667 166
59 912
118 91
776 41
13 156
12 750
164 335
281 23
280 29
470 190
116 352
130 512
705 868
174 51
190 63
705 13
160 687
15 533
13 70
67 985
211 302
149 83
96 343
158 481
50 469
75 413
950 127
548 986
764 42
15 106
13 167
274 588
92 851
491 113
335 830
70 179
58 6
147 609
251 646
187 528
323 47
21 418
214 56
146 137
373 922
182 142
670 938
911 34
582 82
578 378
142 308
151 64
130 156
728 109
594 716
489 690
716 156
491 814
158 219
494 597
47 243
810 957
850 158
155 940
664 33
359 129
38 302
163 226
50 161
124 865
224 740
866 626
76 196
863 243
554 188
136 838
26 782
202 454
991 32
397 96
677 160
198 186
566 70
927 162
90 356
340 37
944 56
844 450
98 607
96 670
153 667
581 729
114 107
404 68
91 573
749 22
132 600
782 607
182 51
175 125
197 769
207 140
141 974
111 895
468 981
524 64
14 427
104 310
76 547
48 17
10 999
183 298
406 124
158 777
15 18
58 101
165 629
104 190
149 146
61 138
97 401
5 156
897 519
17 671
137 498
923 151
900 619
122 410
35 940
8 340
14 133
37 106
84 580
194 179
96 149
637 100
732 442
47 112
969 160
47 865
473 30
553 19
15 485
196 39
942 169
31 214
121 51
462 69
624 18
401 949
740 789
61 726
731 66
44 29
642 193
492 163
422 250
426 8
383 942
54 187
732 192
161 53
217 810
72 728
35 502
838 779
422 719
33 608
154 497
866 58
43 534
702 40
473 130
1000 853
95 858
66 707
399 144
914 125
881 926
156 815
96 126
632 187
785 111
640 153
46 88
198 111
41 708
268 987
970 145
405 189
157 67
408 999
44 75
95 131
812 887
18 296
880 175
68 855
108 244
715 71
701 198
52 296
218 142
82 357
165 171
48 561
398 100
800 19
12 633
155 340
146 797
852 128
159 996
156 135
512 630
194 729
148 26
93 191
6 181
189 999
642 334
707 411
142 726
131 1
29 775
957 127
269 53
375 254
614 193
142 560
131 566
660 3
165 724
118 531
181 436
53 128
220 87
637 337
395 92
183 200
501 588
178 80
202 139
775 715
928 667
949 84
778 138
645 470
7 465
748 656
607 37
179 710
112 107
241 113
259 334
147 901
24 987
413 763
210 19
511 167
409 116
568 697
34 635
640 16
8 379
27 594
88 85
264 174
647 547
604 167
28 181
410 161
75 488
711 99
764 662
45 88
375 292
225 27
82 410
119 638
70 771
751 884
431 541
55 770
197 136
151 267
74 1000
176 176
113 539
742 373
942 108
748 836
554 154
149 406
196 795
199 3
148 21
772 256
471 897
81 573
725 515
326 144
274 73
641 183
171 46
48 779
129 431
169 959
294 446
96 761
127 43
15 893
50 823
80 81
149 66
508 185
167 987
71 794
810 733
41 771
489 94
200 126
760 90
261 8
229 29
72 680
81 5
29 172
674 89
49 46
330 175
17 712
776 198
200 335
139 824
193 502
871 583
165 363
296 969
199 605
192 810
683 161
83 74
64 195
33 455
160 44
33 474
90 140
187 702
332 18
85 528
302 273
926 124
976 874
819 491
456 836
40 721
471 77
733 43
317 182
180 88
716 59
179 186
750 454
865 95
863 507
42 434
111 242
40 371
60 520
64 134
421 157
520 825
495 332
40 584
221 409
176 27
308 157
954 1
873 124
86 864
71 117
184 9
761 31
277 31
114 609
198 545
58 986
736 66
139 620
660 155
582 174
466 195
199 42
685 566
465 807
719 182
118 299
210 137
156 286
1 532
500 47
447 181
145 225
112 271
189 143
12 735
458 952
133 263
154 749
807 33
625 671
649 125
108 338
380 39
751 726
93 747
678 18
126 868
782 605
559 653
292 96
726 191
224 539
243 443
352 23
734 57
638 795
993 539
670 652
277 100
384 247
587 156
855 98
239 30
184 791
191 566
37 152
428 158
932 929
20 511
713 75
41 254
186 982
8 755
537 43
192 459
26 621
976 731
187 2
178 958
406 434
2 868
997 153
53 552
719 206
983 890
540 206
185 394
241 203
178 591
191 153
336 176
859 101
903 132
269 158
171 670
415 437
191 83
139 36
794 181
996 316
176 518
89 438
274 797
420 852
337 197
968 143
163 130
918 127
936 103
758 137
162 72
689 77
710 78
489 217
54 137
391 168
310 425
677 116
142 165
818 92
333 175
22 838
252 90
29 191
787 868
13 982
118 294
76 339
965 158
103 862
170 862
97 996
15 362
1 50
980 1000
295 424
490 65
827 45
143 3
643 942
135 177
433 133
71 273
90 490
251 146
74 490
706 968
858 126
842 526
961 25
668 25
199 966
398 947
168 378
543 239
165 144
984 714
155 654
922 18
158 9
48 178
136 112
122 226
967 110
463 874
561 190
763 176
271 88
80 735
761 590
882 255
33 193
607 972
859 120
327 978
996 186
794 526
544 75
9 474
760 706
223 707
591 441
813 172
723 616
9 564
295 132
913 115
921 435
127 237
67 152
50 74
918 112
37 613
3 285
57 1
467 990
7 322
460 245
197 820
165 45
155 9
63 147
394 366
718 623
199 929
980 681
190 33
919 8
341 142
38 145
159 452
594 176
530 34
143 437
290 285
2 76
96 384
359 143
393 963
119 173
347 160
417 23
127 8
67 41
443 152
643 121
360 175
524 22
126 944
94 43
491 490
192 40
110 924
441 164
100 92
132 612
12 950
160 921
721 494
539 404
147 89
425 733
41 974
198 912
42 557
175 190
161 38
23 743
457 332
37 406
4 491
488 49
763 104
433 115
566 4
35 55
72 516
646 731
84 535
70 968
403 906
134 269
370 327
615 175
51 537
118 278
6 37
61 692
303 84
671 88
872 864
388 381
165 774
7 558
162 605
440 91
394 20
23 418
237 813
164 143
762 57
30 947
755 105
178 579
154 372
373 101
946 731
97 941
897 547
476 18
763 32
338 34
34 105
863 774
27 329
463 92
31 730
175 130
79 506
763 648
683 125
393 902
27 800
95 173
192 3
85 487
917 171
192 971
92 817
124 179
29 7
741 533
314 364
254 94
80 758
331 88
299 923
8 695
80 342
46 257
142 504
89 416
151 67
102 346
400 5
11 322
743 470
897 135
270 78
364 7
672 442
118 704
197 311
83 135
3 888
114 213
466 129
105 258
615 163
170 171
915 115
53 83
197 152
71 519
947 174
866 118
174 924
592 732
161 75
235 35
372 148
97 942
545 286
163 521
32 524
248 44
117 148
836 144
724 250
731 864
14 264
778 156
634 63
423 982
375 362
162 846
754 26
85 748
824 101
47 950
138 405
661 957
804 177
132 314
288 424
117 520
90 105
325 615
594 85
343 648
131 794
910 90
296 696
89 146
181 855
144 198
994 196
699 10
651 814
822 184
417 43
95 49
409 609
130 93
427 993
978 505
4 404
145 155
192 677
94 758
749 21
917 975
454 200
901 118
140 733
867 280
966 180
155 893
142 217
16 847
615 30
54 57
550 73
91 415
581 806
481 46
63 104
124 302
77 511
126 702
817 18
226 75
788 291
81 145
187 902
11 343
129 458
860 677
422 634
61 937
161 84
179 445
828 485
84 44
110 690
76 445
770 45
845 938
45 173
194 46
535 165
105 273
603 199
403 162
779 932
975 94
93 634
423 51
193 600
186 962
455 142
447 820
461 127
164 194
971 146
754 57
899 56
788 221
129 88
462 853
52 136
440 23
851 110
63 32
103 190
636 60
299 623
132 261
179 426
158 176
215 187
821 136
500 50
932 154
659 202
314 910
561 150
37 18
299 97
354 35
10 698
242 686
602 61
638 150
185 603
420 68
19 747
185 268
837 108
830 89
857 221
86 855
163 905
510 84
140 39
298 140
67 988
87 29
179 152
645 95
104 285
156 925
128 220
192 133
401 507
162 353
74 283
857 851
331 43
177 120
116 190
130 309
799 163
879 455
586 978
599 358
70 962
851 490
413 196
527 206
26 378
283 121
559 5
120 323
121 497
133 346
714 352
100 870
609 196
189 714
210 199
561 64
557 114
24 716
377 126
164 97
604 953
398 138
197 171
33 40
733 129
341 86
542 580
123 457
45 857
66 560
811 116
472 133
921 599
138 733
133 51
287 112
71 158
840 399
556 57
373 743
21 833
957 137
75 700
77 374
572 992
720 155
140 995
178 435
251 60
883 22
204 35
190 699
197 742
597 562
689 471
216 844
333 367
21 724
658 82
677 532
239 144
905 449
71 542
138 55
481 392
788 861
29 569
209 16
384 106
95 230
240 888
142 122
23 953
530 982
726 312
27 17
445 830
40 129
817 575
38 741
115 501
39 360
150 611
756 128
566 150
48 39
535 962
634 148
32 381
388 553
458 47
268 68
475 258
559 139
13 104
105 7
74 836
11 103
75 397
525 189
179 224
141 900
171 827
91 512
135 759
987 183
187 929
178 919
11 893
810 607
116 294
421 42
195 465
81 62
119 901
89 807
417 171
103 802
421 83
83 325
188 376
135 830
140 227
123 715
390 88
59 42
479 928
52 402
16 302
858 138
177 796
829 803
141 959
222 10
36 846
829 551
992 267
93 999
113 338
242 87
775 1
933 180
40 306
368 161
731 49
158 242
123 388
588 773
199 995
131 132
181 155
772 147
606 985
878 170
978 210
702 136
187 912
5 359
84 289
625 47
499 919
881 124
300 162
123 675
69 689
105 56
67 298
133 397
51 946
920 119
117 146
668 22
996 925
589 568
101 524
860 145
94 229
119 724
49 124
641 896
704 179
168 144
328 713
424 929
468 193
121 175
589 507
994 91
535 737
40 573
492 60
912 447
32 695
981 226
112 669
199 78
168 951
70 593
96 53
86 968
620 552
389 904
686 790
505 979
241 132
559 568
410 162
75 842
87 143
476 179
71 96
196 107
279 350
54 408
72 384
356 45
727 441
184 38
36 577
270 116
800 156
633 129
502 78
587 129
917 210
999 18
295 290
275 171
674 143
893 928
292 84
449 128
819 139
917 317
43 186
523 132
80 460
36 674
123 55
73 366
99 415
148 344
861 214
591 27
865 893
731 498
328 290
129 514
81 661
987 80
204 132
147 93
842 141
248 724
18 886
68 182
80 277
37 78
8 174
141 425
427 8
633 122
891 107
13 921
393 50
13 553
863 29
645 256
550 994
825 2
550 180
140 828
634 116
141 574
106 912
266 5
552 681
55 233
140 930
192 280
39 785
797 35
287 103
757 678
32 335
146 472
499 208
612 631
482 505
59 135
631 859
584 501
424 743
353 592
73 76
104 89
917 34
457 224
105 338
945 362
582 597
384 351
196 63
139 186
86 183
184 761
684 134
988 384
971 154
924 668
519 676
60 470
794 66
315 997
71 50
558 127
871 587
349 196
76 381
449 638
936 134
644 47
302 160
15 396
422 65
435 71
342 124
138 832
129 609
108 713
206 181
799 90
160 136
681 2
765 197
64 317
71 377
119 464
650 39
159 284
811 117
107 986
69 175
820 506
337 128
59 305
597 162
408 263
766 680
955 666
948 528
74 654
973 99
645 963
735 223
45 561
144 75
757 5
972 2
841 200
87 932
727 33
117 556
505 31
87 898
117 521
21 947
755 493
176 932
26 132
114 538
381 526
26 955
127 468
765 678
170 617
35 503
929 717
46 655
166 64
72 802
619 652
233 200
136 992
31 87
148 727
98 12
881 136
20 249
93 582
363 889
904 6
510 997
120 417
193 468
39 515
615 321
153 86
66 489
718 375
92 806
9 343
79 684
122 483
500 84
166 950
296 706
105 338
25 110
858 693
31 989
184 321
903 151
176 478
50 61
223 190
135 191
104 900
864 445
13 782
166 93
871 286
649 98
109 889
666 727
510 790
102 803
166 79
197 189
605 356
98 512
705 19
56 387
715 42
558 143
66 782
10 525
184 633
157 850
16 870
119 847
106 564
781 99
128 121
945 132
317 103
264 69
36 139
48 126
686 139
94 30
36 777
755 17
117 977
85 67
148 273
756 456
880 68
656 14
657 445
374 146
643 968
243 283
76 955
346 183
74 564
111 173
386 164
157 196
270 161
796 16
94 729
180 688
613 94
81 458
459 426
196 146
663 773
478 71
103 100
737 164
688 908
104 476
982 371
168 534
300 569
168 824
195 76
727 53
896 16
377 91
49 892
22 341
441 596
658 632
139 354
989 99
322 31
150 561
200 70
56 619
595 76
990 199
671 122
266 140
79 768
830 181
510 58
1 180
331 495
164 544
39 683
182 774
407 929
118 24
939 140
74 102
119 414
197 935
159 382
891 51
190 737
320 647
149 563
413 129
103 358
181 528
44 317
56 151
43 270
340 501
531 48
170 190
199 238
735 499
358 949
84 332
677 595
78 175
941 40
741 74
73 552
147 100
299 13
107 969
140 221
123 92
76 212
714 826
317 61
102 622
156 742
665 137
569 537
299 816
391 502
121 438
82 599
524 532
183 735
38 252
199 826
651 231
199 285
111 704
547 99
171 253
62 924
7 39
5 215
2 494
648 190
11 519
106 725
444 87
286 47
40 354
366 525
949 880
943 162
35 271
200 331
196 949
974 38
973 613
716 174
35 729
594 800
163 537
59 444
155 182
49 963
108 533
80 653
67 144
76 798
171 647
448 118
426 43
158 891
166 699
90 63
479 957
117 418
465 589
806 63
754 956
690 7
873 242
975 149
114 556
93 172
111 241
150 992
202 115
466 864
124 180
76 819
337 39
9 164
15 96
593 703
6 545
108 271
896 989
523 32
166 845
163 939
34 5
558 81
594 332
174 367
40 448
304 954
390 165
108 427
299 477
806 27
89 108
31 670
441 100
257 121
222 625
82 116
35 964
496 548
118 277
138 706
853 122
329 8
224 91
270 767
891 53
279 42
481 119
89 635
427 827
94 509
245 172
141 369
101 146
977 595
866 8
693 116
995 182
112 116
851 631
59 858
89 518
26 346
162 305
749 173
50 46
540 162
956 409
293 871
335 860
637 166
185 259
454 636
34 86
615 584
284 300
902 305
91 256
885 90
691 808
173 70
347 19
458 871
6 414
78 8
545 34
71 730
182 594
220 102
117 811
84 610
681 625
6 786
955 190
807 49
622 86
33 922
67 907
338 152
129 275
731 59
112 17
2 510
899 462
173 388
21 188
150 774
101 17
329 182
939 150
824 823
162 80
426 129
129 160
140 705
190 503
650 878
131 306
3 755
39 439
164 25
59 665
655 159
3 972
270 61
621 51
546 131
48 401
101 250
163 405
85 676
740 421
112 399
109 129
567 155
301 56
107 202
557 588
438 598
901 898
483 607
108 649
417 969
891 859
765 182
93 269
697 47
612 120
166 235
680 25
278 108
108 971
720 104
135 190
141 25
167 401
672 164
429 21
36 87
321 78
271 938
114 9
63 193
479 450
86 20
576 153
36 769
165 477
88 553
91 960
674 659
733 141
998 900
926 752
131 656
574 428
348 190
308 49
551 135
364 362
138 702
25 391
57 708
107 101
57 748
80 143
150 890
304 102
234 43
511 521
38 905
514 71
80 238
183 945
166 220
105 266
301 567
195 268
112 896
53 672
321 377
704 62
789 187
161 810
41 809
262 50
292 56
297 661
102 333
170 897
736 145
185 897
189 507
178 70
184 152
386 146
78 282
519 379
538 979
346 133
133 999
180 743
138 890
989 699
908 112
374 489
947 957
71 242
583 602
17 756
366 160
198 87
165 53
462 585
110 421
84 590
36 116
478 147
38 498
648 222
81 472
171 78
376 81
62 251
160 904
74 558
679 608
61 990
114 895
567 734
4 797
158 930
14 428
161 941
40 439
136 739
165 76
656 143
910 260
39 680
601 109
43 362
70 965
433 190
407 61
375 691
460 137
358 597
381 281
176 31
656 532
379 896
195 551
195 178
168 775
146 69
178 825
59 180
143 794
130 971
986 475
503 115
178 545
173 114
25 475
980 809
149 400
171 53
112 55
888 545
181 340
164 156
479 585
911 119
195 462
113 63
27 938
833 809
235 919
456 127
389 145
693 59
68 591
230 596
63 352
71 476
164 41
758 874
22 612
470 669
666 238
126 177
836 485
476 961
272 656
175 632
160 12
984 245
662 952
55 180
257 386
58 533
693 755
397 101
866 105
136 86
156 838
9 987
598 172
42 706
550 122
6 111
451 180
214 961
245 118
157 714
244 413
380 120
179 326
630 92
919 174
211 920
49 1000
386 513
952 43
84 890
971 100
107 552
418 68
87 119
152 694
580 572
568 668
174 134
76 36
187 976
321 912
19 379
202 50
83 883
244 370
116 658
32 919
431 142
16 461
126 231
533 6
978 180
194 551
603 719
146 994
177 238
105 823
749 57
712 423
164 742
657 200
117 553
381 99
1000 27
131 40
918 105
650 160
54 172
576 36
473 728
133 258
175 514
98 80
197 950
506 304
230 5
75 528
818 698
564 927
820 978
337 73
63 365
49 704
437 754
733 396
105 408
77 820
226 153
869 194
189 4
88 330
325 105
322 107
325 96
779 986
169 506
704 134
110 572
754 82
828 377
299 184
337 796
106 662
933 510
970 835
377 815
419 146
399 160
79 397
167 821
52 934
298 19
619 413
7 840
673 130
699 17
758 127
790 465
952 123
207 504
217 767
29 489
726 38
65 819
672 132
836 66
153 22
181 649
167 669
944 566
82 174
3 579
609 14
699 819
81 721
358 76
88 283
958 52
197 572
56 203
61 463
486 60
836 1
551 961
111 981
123 540
133 709
863 73
167 637
788 647
187 478
983 3
189 36
155 616
740 178
578 144
270 144
826 577
225 255
291 148
630 417
39 416
711 506
313 902
121 829
241 985
612 168
958 47
720 855
496 7
243 36
463 183
890 164
174 871
152 870
922 619
414 80
840 151
720 469
446 59
854 50
150 74
188 933
701 606
45 898
130 241
834 73
252 174
344 174
316 71
363 198
679 226
624 303
29 431
151 711
407 257
186 609
474 60
217 551
93 854
500 168
63 524
102 54
7 193
544 59
906 782
25 707
780 119
325 29
616 541
556 40
195 50
950 28
155 511
909 96
4 681
77 713
126 423
889 57
541 74
799 51
292 411
347 380
365 803
780 43
80 320
495 73
344 407
463 394
98 489
858 884
166 381
820 55
183 197
663 386
576 99
92 480
84 646
572 255
10 792
656 47
979 316
28 570
48 595
389 743
55 692
333 704
355 116
30 509
137 86
576 410
84 42
152 884
365 485
408 186
736 143
919 109
182 633
733 49
80 2
196 810
668 74
19 509
63 524
72 97
814 1
53 223
681 119
517 799
189 851
183 906
975 99
559 46
127 65
279 623
68 186
93 112
63 868
186 809
187 341
310 153
345 738
127 58
159 247
577 197
139 157
545 198
9 811
150 32
16 44
42 131
803 495
65 953
867 68
858 530
134 8
606 203
683 337
650 167
894 440
148 118
976 676
114 847
84 193
173 22
325 65
839 403
324 25
340 387
908 367
47 234
981 833
607 499
163 108
80 257
187 372
940 774
763 706
112 737
501 144
801 717
196 177
838 734
71 140
30 547
339 868
523 903
704 389
989 866
272 17
274 918
701 36
142 495
196 288
36 567
88 30
733 59
245 164
648 236
177 504
527 82
908 86
525 796
469 151
82 52
480 357
99 158
630 194
69 872
32 132
473 625
200 80
72 227
992 958
685 923
237 124
46 279
987 639
987 125
389 84
48 222
473 350
997 18
120 191
357 180
273 26
12 76
112 678
890 199
917 653
192 883
754 64
982 169
343 11
111 636
7 41
162 207
767 142
156 741
200 125
713 112
847 463
15 840
133 406
13 100
533 929
851 443
277 129
438 131
141 480
149 801
411 152
107 539
85 544
176 165
577 185
811 81
794 172
175 664
280 863
18 366
27 180
504 64
32 871
44 458
76 960
522 487
49 222
955 12
456 578
171 116
70 61
933 777
653 203
611 306
287 363
162 38
187 485
909 187
5 79
930 105
26 372
376 24
2 76
57 310
639 144
84 134
89 83
175 479
270 254
143 723
547 684
370 842
154 743
72 595
406 137
765 35
147 29
311 718
671 93
36 414
972 997
3 85
369 47
689 496
487 482
156 140
329 51
518 729
885 49
528 122
925 890
98 937
241 590
22 440
804 15
679 200
929 110
977 1
760 164
25 614
73 630
47 942
493 141
892 190
21 249
77 870
439 82
635 961
127 474
115 176
394 47
842 5
530 447
67 160
340 352
681 129
105 841
67 450
843 707
288 4
192 378
8 372
453 3
42 867
34 438
434 12
386 111
201 799
580 239
169 161
507 128
897 742
41 253
8 124
460 343
170 613
327 903
670 21
736 258
610 700
100 570
177 682
20 193
88 171
330 153
521 186
679 125
151 565
944 121
875 126
65 60
903 167
213 114
421 53
169 900
25 664
480 722
18 296
132 860
337 168
185 37
411 168
697 252
276 87
161 642
133 995
176 82
191 113
454 370
705 113
761 393
119 137
336 54
598 180
369 53
879 119
738 916
118 652
85 893
400 20
88 143
489 443
133 157
337 91
915 14
225 668
103 177
15 337
199 435
170 73
151 108
894 31
782 162
189 188
652 88
25 770
489 198
38 194
126 461
400 606
15 123
363 194
753 181
848 509
339 3
72 714
438 84
40 823
141 360
133 139
69 13
821 12
765 694
358 6
508 24
58 461
187 114
715 332
62 711
196 744
193 651
191 806
116 271
202 109
279 98
22 363
892 14
157 110
330 33
32 116
134 854
348 122
211 169
87 356
24 697
109 979
903 74
17 584
290 170
475 85
724 45
599 20
533 92
889 30
943 248
619 678
295 67
802 432
321 33
416 100
67 530
537 130
988 230
463 141
651 446
17 832
150 226
27 639
434 1
35 404
59 81
608 338
24 511
651 330
832 514
48 26
1 37
76 20
195 545
596 132
886 183
39 85
985 374
485 267
347 858
152 182
870 153
635 631
35 183
973 188
645 130
187 928
192 535
69 533
306 40
7 372
141 910
770 988
830 103
881 457
87 379
39 355
16 693
481 26
196 768
138 330
79 867
377 662
882 195
14 483
632 117
92 275
990 163
186 21
30 107
56 221
79 684
81 694
603 130
956 810
33 42
381 870
374 121
559 164
295 187
286 872
550 50
734 107
28 13
835 85
552 149
289 48
58 965
577 395
161 730
97 941
126 175
175 287
727 154
843 180
412 226
840 109
147 49
368 108
193 644
43 60
125 219
811 121
452 369
260 6
136 74
578 146
358 176
278 723
57 308
536 180
136 370
374 48
213 249
594 269
463 929
755 126
133 499
725 987
571 381
120 545
290 912
462 93
189 655
181 193
23 634
199 107
77 377
439 98
327 841
377 154
289 408
83 246
79 85
68 723
393 790
104 142
66 574
677 93
572 198
192 645
797 560
128 221
25 193
186 426
82 386
724 30
935 80
197 516
94 652
968 625
234 152
584 335
794 103
20 244
486 188
90 112
335 50
100 758
141 603
603 298
191 10
164 596
529 632
827 51
628 107
290 114
46 315
36 478
671 948
87 511
885 88
40 707
109 220
131 569
405 138
123 889
228 179
170 238
214 720
62 781
11 418
156 377
33 178
610 920
665 846
4 786
684 63
97 952
43 499
126 254
86 94
2 908
424 968
613 186
736 40
50 369
16 363
715 8
53 7
954 89
669 166
616 51
87 309
576 137
160 891
28 104
661 90
841 535
955 342
127 15
52 762
180 419
46 724
726 182
169 834
877 412
189 192
108 748
922 87
12 341
676 63
34 198
116 21
29 285
98 222
324 179
390 372
774 162
29 390
105 419
182 880
69 84
81 704
14 938
117 608
13 370
97 356
14 20
400 545
90 144
767 152
692 580
150 828
20 602
909 2
58 476
76 832
258 171
856 922
175 519
148 671
792 588
543 11
228 169
611 288
442 26
249 34
150 280
911 275
105 345
670 313
15 624
154 113
549 97
626 82
46 291
247 760
129 915
746 616
484 2
151 29
176 601
18 555
789 669
16 975
103 343
841 188
668 187
978 56
198 774
224 256
669 101
588 494
134 20
523 999
736 312
318 70
87 526
772 848
445 106
163 815
69 737
151 115
978 158
49 170
57 391
588 296
400 748
185 469
161 867
806 114
198 353
21 994
580 967
420 195
117 104
41 658
260 692
907 741
325 162
46 385
37 937
489 153
230 64
823 241
940 169
963 736
90 892
777 724
317 665
634 84
748 123
189 388
326 127
678 385
216 134
495 54
315 691
462 70
148 512
169 153
65 360
127 75
36 856
483 194
149 85
314 164
145 270
88 105
492 96
110 196
908 482
33 848
17 706
512 893
133 390
308 92
380 6
23 888
22 196
67 433
62 326
25 68
25 185
362 150
166 289
4 37
33 164
212 54
203 462
133 953
43 43
100 623
662 160
535 71
376 663
516 178
831 10
73 843
239 951
92 138
722 28
70 906
482 873
199 127
679 22
184 738
66 153
460 92
450 493
842 42
180 229
970 99
63 291
108 994
774 85
45 185
213 456
320 143
529 73
872 46
999 923
116 999
167 339
590 35
10 614
225 317
5 262
600 115
801 387
86 379
443 174
914 72
154 175
166 176
778 985
6 615
839 735
660 448
111 99
824 102
168 882
380 173
48 523
438 164
771 210
903 421
186 27
32 50
50 289
42 478
127 271
498 175
957 7
164 194
172 143
96 925
756 187
190 34
562 13
909 680
186 30
4 252
60 388
60 852
163 557
144 643
478 29
172 983
188 493
124 645
831 676
866 86
180 519
901 200
155 510
110 603
892 695
92 619
100 60
125 336
121 587
110 162
413 157
910 82
261 936
728 118
322 108
268 131
314 551
680 394
732 902
158 630
815 132
75 519
58 428
260 111
670 200
80 914
179 866
175 322
428 47
847 96
341 60
724 142
127 48
3 221
117 563
13 68
163 737
128 865
485 568
12 691
88 393
732 109
306 13
177 806
128 653
800 82
86 814
642 398
618 426
178 391
940 465
80 998
928 197
313 82
592 150
514 608
379 165
497 276
568 978
642 926
417 113
894 64
673 25
612 13
20 855
611 33
986 84
214 8
343 889
135 50
8 955
661 19
431 225
70 803
119 102
201 577
25 450
522 186
82 49
94 662
198 489
185 179
613 120
466 108
395 243
789 546
85 50
926 165
35 544
797 62
142 305
178 56
101 724
816 155
110 894
817 987
20 542
213 535
541 32
156 961
754 160
130 113
20 631
802 175
82 635
429 170
869 135
68 1
98 124
95 637
435 222
149 233
946 904
619 186
18 617
157 679
10 820
932 108
668 605
670 103
105 423
147 840
99 584
287 189
381 225
50 205
617 167
257 3
72 254
371 10
633 199
260 88
245 407
107 339
300 525
45 90
32 125
35 286
2 129
911 510
171 327
13 627
800 159
393 20
157 162
185 287
171 599
24 613
562 758
33 557
136 818
74 169
860 441
82 868
820 277
120 994
12 476
8 22
45 161
171 194
603 44
47 530
489 496
91 812
127 94
115 722
164 58
45 703
19 8
327 30
562 196
30 922
887 280
631 74
164 83
220 430
944 137
910 494
397 195
574 301
132 25
144 160
474 100
104 307
190 66
151 135
82 695
528 22
193 513
503 12
25 171
23 704
169 265
614 22
36 21
937 664
6 468
901 16
55 921
971 127
448 599
837 115
962 177
568 647
985 867
727 148
179 386
26 471
428 414
371 82
335 499
524 269
82 18
78 770
777 52
539 683
44 891
194 71
74 945
184 22
31 861
183 206
774 189
27 534
147 413
174 668
306 129
620 68
51 840
36 957
136 485
378 285
634 786
862 1000
86 34
453 109
174 392
928 56
403 53
85 907
94 29
868 51
153 361
774 841
462 328
562 108
68 691
438 126
144 750
203 3
563 862
181 225
11 45
242 10
728 460
216 59
930 150
386 419
193 704
673 15
458 176
1 572
180 393
6 370
773 600
590 29
988 371
563 304
44 312
889 58
92 179
582 156
83 899
462 786
994 4
480 52
11 160
910 908
135 91
753 200
246 8
396 124
756 87
911 35
24 124
930 924
291 139
926 46
25 31
48 696
361 212
1 139
103 415
53 209
270 920
274 11
865 99
679 169
29 760
147 167
635 7
18 915
839 719
174 440
787 78
457 727
340 38
527 249
604 457
56 318
77 12
115 622
657 78
26 360
172 52
38 889
522 96
90 112
942 100
184 625
111 572
160 335
87 439
441 195
331 396
820 30
994 101
856 131
670 125
4 348
12 101
736 179
170 108
155 700
167 290
250 369
202 805
128 495
503 44
510 108
772 50
888 176
926 75
125 323
57 266
298 173
114 514
700 791
30 164
48 563
3 180
8 635
306 179
615 149
164 127
137 843
722 825
801 944
160 566
296 85
965 993
957 75
45 641
359 636
308 260
77 275
61 222
67 939
908 483
72 466
20 131
865 220
23 200
126 260
584 191
26 810
311 867
136 104
506 522
484 158
5 261
90 470
163 19
602 5
93 929
74 903
995 171
65 174
365 125
729 194
767 335
429 583
823 913
174 689
690 48
389 454
965 167
936 771
345 169
60 59
195 471
41 188
149 524
459 745
90 627
87 492
309 262
909 155
155 404
310 811
217 893
436 539
245 642
853 866
711 138
897 43
243 888
635 314
980 101
75 374
151 97
17 457
183 331
147 287
702 415
292 128
565 36
152 277
444 39
599 33
684 155
140 304
787 701
51 63
201 193
25 899
20 898
190 351
139 353
127 985
581 37
38 962
37 766
182 373
282 170
293 183
180 806
605 77
465 75
165 95
855 508
37 889
332 109
141 643
958 158
388 285
809 198
333 178
135 615
424 151
5 644
123 215
33 907
14 485
201 44
767 89
797 76
279 102
144 638
65 201
833 45
407 101
344 84
27 181
34 462
947 212
924 36
680 589
33 158
20 742
119 644
192 788
12 799
246 806
203 152
145 743
176 759
88 995
28 30
358 931
578 258
837 131
280 716
413 66
181 686
360 502
175 226
984 28
164 70
54 27
238 73
844 144
