1000 584439
5000
565 193
50 530
188 515
663 331
114 207
664 803
631 59
502 590
2 182
216 152
890 12
444 17
121 992
155 2
937 347
209 39
377 21
955 127
588 11
83 896
936 150
2 704
776 10
641 255
173 249
361 186
25 8
182 549
655 36
210 368
942 127
51 783
375 659
2 67
391 398
570 268
894 491
353 53
76 138
15 610
763 443
772 200
124 850
174 412
272 141
934 121
820 198
190 544
137 132
74 328
11 9
169 36
94 793
107 596
176 87
592 83
887 756
730 62
60 334
108 609
6 707
81 283
61 720
327 72
324 105
564 191
650 590
529 36
124 225
91 471
469 322
569 49
397 411
84 617
827 818
218 144
599 172
538 50
104 126
762 6
376 383
800 55
70 407
514 24
53 306
17 672
975 71
534 38
792 102
123 155
899 185
100 453
95 742
603 911
158 677
908 107
22 807
156 590
974 617
276 613
394 61
971 207
718 199
929 140
416 541
103 818
300 709
44 926
552 122
14 14
199 820
162 592
380 101
753 58
35 231
83 671
181 488
815 68
375 55
664 409
195 788
773 400
403 93
17 356
49 1
60 163
714 16
846 631
52 501
853 52
29 101
196 355
706 185
835 722
268 834
856 917
283 986
332 67
67 788
200 20
61 765
143 914
154 93
80 302
148 625
82 100
237 796
13 852
297 47
22 831
914 127
725 17
87 425
723 91
259 199
633 860
680 12
47 235
116 545
172 301
147 716
686 147
161 979
734 15
264 775
176 96
592 24
56 649
319 297
554 84
196 110
467 51
210 173
21 786
295 49
610 692
847 532
125 69
878 548
14 130
579 435
130 525
691 36
905 180
195 255
753 396
523 853
669 63
37 970
11 327
43 301
9 687
180 656
134 942
53 515
985 191
123 74
99 519
136 588
648 26
227 182
99 68
174 587
542 148
245 28
87 442
194 148
684 90
328 696
9 792
700 78
853 272
17 285
990 100
716 227
9 77
815 169
632 196
453 52
27 16
407 726
11 612
62 383
571 51
119 772
124 186
197 117
145 578
138 103
158 418
565 46
105 556
138 498
196 818
88 445
997 739
659 8
944 498
985 5
438 577
317 198
39 350
95 74
316 596
13 308
808 175
453 128
235 188
197 147
319 9
197 54
529 153
276 129
43 8
149 403
56 470
509 91
176 604
917 792
115 537
33 468
999 627
158 202
195 171
610 36
168 547
26 52
47 151
844 727
832 1
317 957
876 44
650 292
105 112
279 442
221 778
611 193
122 831
550 347
775 100
117 258
852 17
24 576
990 357
27 764
889 189
190 565
398 185
188 664
363 81
764 956
400 37
617 559
176 50
44 495
933 299
729 51
227 7
109 243
15 763
282 147
39 781
661 109
191 193
200 815
118 68
340 630
352 313
620 39
85 441
146 692
777 546
115 215
148 649
117 460
86 716
39 6
362 17
529 51
4 816
174 903
39 92
322 309
468 45
839 29
760 27
48 535
144 874
19 563
324 347
600 80
934 233
718 963
958 715
767 334
80 240
67 178
84 28
486 686
7 52
86 732
127 120
847 944
92 493
977 140
239 168
111 234
106 136
186 390
86 248
866 44
793 798
487 32
415 694
108 5
150 263
164 179
185 117
339 192
810 47
65 921
899 113
31 68
178 19
153 336
621 138
957 118
316 625
714 216
177 453
907 181
579 96
517 110
94 90
52 390
832 54
523 741
186 376
761 790
13 562
615 642
381 115
651 339
768 189
158 648
609 195
62 176
11 293
836 335
189 231
16 758
102 634
528 479
516 434
406 680
143 664
70 496
706 907
660 118
148 80
212 183
575 21
615 133
613 183
10 49
216 199
408 11
66 511
837 724
22 663
406 31
872 175
142 591
452 79
690 591
857 183
69 640
253 728
340 634
483 629
65 525
149 131
15 441
941 109
957 29
103 972
789 893
41 650
118 195
7 52
484 981
400 121
87 32
270 358
574 452
453 27
195 552
113 204
912 49
839 928
533 113
86 680
83 535
574 41
386 61
25 115
895 168
133 212
42 554
176 305
82 404
837 150
949 824
784 162
967 991
126 747
774 104
121 189
119 245
487 56
855 340
43 17
345 1
105 654
407 77
463 212
286 158
291 58
520 136
3 203
285 316
537 308
453 188
177 16
14 423
806 89
145 248
86 456
564 154
141 688
679 232
305 162
392 710
139 627
627 528
128 691
984 333
165 581
260 134
45 812
22 200
887 885
142 914
89 317
544 8
151 909
96 727
554 194
300 513
164 255
155 429
888 548
139 518
50 758
815 197
40 368
158 761
140 741
31 585
933 925
21 59
108 859
714 807
802 58
867 863
41 244
698 146
97 896
984 78
181 415
55 698
153 429
87 75
729 776
196 665
878 798
748 846
560 192
456 622
21 904
219 196
231 183
149 540
16 378
284 557
821 175
473 38
67 658
80 967
777 171
177 243
215 371
77 386
112 117
131 341
76 189
109 525
82 146
661 182
823 61
185 438
839 300
134 769
182 863
490 824
56 521
31 852
199 546
1 827
389 114
64 970
447 77
50 101
713 151
468 740
153 535
706 92
464 198
828 108
65 985
528 183
115 613
514 53
383 486
332 379
900 560
28 38
8 17
953 661
237 55
703 154
207 148
982 708
476 461
546 177
84 442
984 577
665 748
15 619
522 79
134 185
387 185
42 806
885 394
6 486
956 59
39 509
667 636
355 241
888 49
140 384
97 519
198 406
191 721
166 320
122 141
83 379
528 730
254 149
956 752
190 35
81 799
5 492
144 118
202 70
835 497
175 668
843 96
611 196
128 166
887 695
124 892
292 181
350 720
36 211
213 130
208 904
13 193
68 590
524 14
478 93
470 158
56 389
124 847
970 696
192 28
251 151
557 164
581 18
617 25
185 162
331 162
497 5
251 97
195 871
388 198
108 504
19 179
176 395
995 198
523 532
868 157
44 820
359 119
143 613
341 179
608 82
1 352
490 183
323 194
29 562
999 65
312 891
55 767
543 167
140 478
956 813
224 57
328 266
139 222
723 56
836 70
75 681
99 304
166 124
16 698
891 71
111 761
31 118
997 514
79 146
88 125
30 991
581 862
991 827
929 167
55 868
111 825
445 77
22 670
130 602
153 4
984 48
329 998
272 905
565 270
8 29
579 10
474 359
566 926
564 517
52 108
838 285
716 148
762 576
750 538
153 112
87 577
922 387
179 174
699 650
812 175
76 943
155 594
34 34
641 117
144 434
168 670
284 931
479 91
112 215
169 760
29 497
783 767
92 508
159 113
381 312
862 722
94 367
138 171
418 113
740 5
774 101
64 956
913 95
586 90
37 323
355 25
690 129
657 81
104 812
244 151
504 445
478 445
162 96
801 765
52 488
814 111
247 109
128 90
105 68
915 124
717 538
621 144
864 119
6 434
23 666
61 616
243 18
995 15
189 122
30 386
421 67
996 178
75 865
211 218
90 924
61 769
621 30
8 84
96 579
622 830
115 485
70 544
277 933
140 217
147 434
77 55
158 162
747 972
97 773
155 358
868 138
767 168
635 185
102 776
366 240
44 530
969 150
35 58
88 694
868 10
109 270
214 808
455 158
921 111
90 823
168 207
684 32
164 275
195 836
557 678
15 924
3 984
810 31
69 189
183 435
498 185
189 385
32 994
264 837
265 666
199 811
330 657
212 713
941 596
929 515
305 174
968 13
234 100
9 178
91 178
655 49
773 825
27 995
167 631
314 95
133 609
482 364
104 736
16 42
609 188
381 89
891 144
77 82
659 908
58 133
982 370
392 198
132 604
728 18
498 125
3 826
9 841
691 175
105 376
443 639
495 211
821 780
99 308
252 152
266 854
145 279
128 665
462 218
176 949
98 547
790 454
847 964
177 854
21 581
713 195
591 179
193 823
661 133
121 213
74 315
559 101
52 990
549 320
269 80
165 262
155 123
55 576
720 3
95 657
609 82
582 844
197 227
852 185
157 263
232 79
62 193
919 101
227 82
821 195
239 62
38 632
254 407
188 591
705 2
133 637
804 179
19 662
105 802
483 113
99 280
668 92
33 220
108 697
479 22
986 795
606 340
527 787
859 752
205 107
685 367
407 9
761 352
404 151
342 145
141 713
171 848
370 136
130 708
665 227
308 286
748 37
374 523
393 52
10 717
106 76
128 8
229 150
334 512
957 58
259 706
831 114
312 377
256 759
170 214
140 883
103 518
68 893
138 603
788 148
84 334
146 903
102 514
42 187
676 101
297 124
360 434
573 115
39 92
96 240
143 232
732 36
120 592
742 615
681 767
386 818
10 708
101 167
244 118
123 885
37 171
206 195
484 61
798 17
715 53
700 943
124 337
437 319
714 13
598 244
112 79
147 795
513 170
140 247
141 309
48 149
800 176
125 163
10 236
736 184
33 181
581 98
1 508
103 549
307 41
643 127
830 231
184 657
828 25
609 106
41 179
720 158
127 811
626 78
218 625
156 250
585 569
89 183
173 329
182 193
534 44
467 341
88 355
28 377
940 94
916 123
17 359
767 53
60 686
8 113
142 163
216 142
307 192
158 700
8 49
60 522
131 46
601 856
841 107
510 612
133 735
283 45
86 185
5 851
820 167
657 798
185 59
200 175
123 295
1 112
726 174
96 124
434 476
97 512
35 258
394 42
149 96
110 367
923 976
66 579
526 678
451 189
881 932
78 755
23 964
331 77
188 877
882 137
603 135
138 1000
242 803
489 179
142 421
60 466
568 82
255 84
483 627
83 290
273 135
117 646
123 946
886 97
129 163
116 685
82 819
283 835
686 171
928 92
130 968
969 73
145 81
8 334
784 189
102 672
3 195
97 33
4 84
43 766
355 196
164 526
118 109
193 115
43 175
303 9
44 698
773 540
581 198
31 970
934 83
28 704
71 933
800 634
762 65
685 153
18 190
754 23
109 362
143 982
585 423
627 242
8 798
18 484
364 84
146 5
733 126
878 425
694 159
78 80
169 215
206 29
606 56
46 174
634 372
119 536
811 160
53 700
137 980
243 96
471 85
996 348
87 70
513 717
288 47
477 23
343 19
180 43
165 442
101 148
44 903
4 103
120 148
26 5
995 48
843 349
804 237
827 26
312 9
190 73
472 707
643 619
183 683
49 104
50 787
145 101
793 39
562 142
148 696
902 22
168 929
13 5
458 189
27 749
66 936
161 305
447 48
158 327
998 727
824 94
743 62
57 521
596 869
55 561
116 566
37 13
133 58
328 434
107 535
795 974
700 992
325 23
119 153
318 182
922 47
822 609
801 658
661 41
354 6
547 140
617 73
488 105
38 616
177 441
61 57
55 914
936 220
78 961
354 45
72 101
436 70
178 521
39 171
58 327
406 990
433 20
443 731
896 178
249 100
83 969
556 146
186 59
556 192
79 627
733 73
11 350
89 775
798 30
537 42
601 873
369 547
149 329
109 938
232 149
49 94
172 86
970 780
582 35
111 903
719 11
140 328
130 731
668 760
69 350
724 175
159 100
935 12
165 43
121 127
64 6
207 1
216 141
119 184
88 626
375 33
187 252
511 43
135 401
349 68
129 636
654 98
196 331
519 724
16 153
454 920
590 883
52 842
855 1
15 598
605 82
200 707
517 91
162 137
129 97
154 93
373 1
139 961
19 565
617 796
40 853
197 249
125 801
150 446
149 187
15 26
408 720
103 824
973 459
941 163
51 599
183 557
200 85
743 950
177 487
879 4
95 227
140 312
193 581
572 112
193 142
243 191
69 570
320 796
523 141
559 708
577 61
49 986
134 64
732 55
513 546
15 460
234 707
8 14
818 449
243 58
144 552
147 613
996 98
86 591
23 125
431 127
592 666
151 123
358 866
776 643
866 42
1 555
551 64
121 836
251 12
27 271
477 677
641 22
131 836
368 695
253 111
121 337
9 226
617 776
228 703
10 217
74 976
3 603
108 171
192 36
972 154
181 816
126 29
640 57
590 541
833 14
71 924
864 415
678 150
128 102
128 83
560 447
40 830
74 800
431 125
648 51
245 176
252 292
175 873
575 22
198 16
126 543
438 171
553 174
355 784
439 154
740 49
17 643
335 26
657 358
13 150
5 60
226 361
965 42
649 65
620 817
934 107
436 15
894 860
362 863
863 145
928 58
21 153
868 43
51 55
468 120
178 730
80 137
533 685
58 493
223 76
909 83
955 129
19 141
83 433
567 169
193 138
840 56
2 233
133 590
255 112
260 466
306 835
809 162
56 308
809 180
122 14
130 434
145 249
899 136
821 347
467 142
657 227
51 9
769 901
84 515
649 194
99 894
81 686
72 614
729 100
200 475
974 673
310 189
906 327
733 153
178 395
471 38
70 986
753 176
727 328
48 235
37 803
762 720
527 34
45 412
665 521
189 586
188 597
91 441
200 53
719 87
473 496
208 516
742 965
81 937
162 959
724 9
162 682
519 73
85 76
103 84
50 731
919 201
288 193
176 504
629 903
165 822
12 266
105 712
967 19
60 132
221 140
150 924
616 953
25 10
678 200
492 593
106 291
749 811
815 191
135 161
35 125
8 633
90 561
91 139
215 114
91 996
421 42
804 57
810 157
943 491
704 88
911 14
843 283
50 325
128 200
795 28
154 422
72 72
104 588
821 967
62 826
248 640
69 707
230 94
102 863
900 251
587 28
88 933
616 626
831 115
519 168
53 71
360 911
49 10
792 694
120 282
63 565
189 17
544 173
9 393
427 602
999 491
406 179
9 854
208 126
725 613
410 380
9 502
192 116
343 182
500 194
190 919
156 873
200 987
430 111
40 725
471 437
52 877
558 165
70 836
512 93
166 671
553 534
116 901
581 388
798 116
72 899
893 136
14 535
403 62
17 885
493 325
487 106
505 693
802 974
179 77
143 561
786 74
80 331
978 165
56 395
83 919
380 306
199 257
840 6
3 977
166 119
187 572
353 79
524 361
530 192
153 251
26 2
142 329
64 141
135 359
611 747
737 101
952 166
210 165
912 648
179 823
147 160
168 206
334 980
129 254
499 120
339 589
801 113
152 472
132 501
684 14
840 732
507 85
193 158
418 21
305 105
175 163
341 20
322 122
102 458
172 857
643 100
70 619
70 497
373 706
516 41
410 145
6 949
7 235
156 598
386 184
488 76
180 185
283 87
284 58
167 139
140 7
13 192
100 518
180 552
44 516
66 291
142 339
19 581
914 180
926 715
139 745
663 158
505 65
70 386
906 490
56 493
70 595
985 25
330 206
145 172
351 118
719 43
401 177
71 741
163 729
950 91
956 726
232 41
549 129
136 317
666 639
358 851
37 37
72 759
233 748
14 526
112 819
102 726
67 883
346 691
432 80
764 9
990 138
777 974
271 384
807 7
161 430
27 374
298 670
220 747
3 822
341 170
786 52
733 152
515 14
184 1000
557 65
139 19
106 594
935 831
501 887
498 349
51 466
543 914
458 698
63 95
498 174
22 771
115 515
927 136
34 435
187 78
143 244
424 59
797 101
418 397
384 1
682 125
690 517
154 934
437 125
441 39
73 159
139 857
128 27
706 448
513 325
710 62
298 116
440 752
285 112
738 722
598 719
989 716
572 146
879 477
947 151
89 995
360 799
176 155
547 808
40 680
186 782
31 102
547 656
34 648
68 878
105 142
32 932
94 620
62 766
101 740
753 708
596 7
124 81
89 323
104 693
241 171
161 815
170 282
1 897
74 840
85 521
773 135
254 42
74 61
140 53
304 95
509 333
176 994
37 155
123 499
113 192
3 997
617 355
892 553
907 189
92 639
951 83
160 612
78 198
194 354
184 662
140 216
4 476
615 36
315 140
827 176
477 978
297 633
734 96
81 181
70 361
475 85
154 323
848 273
414 187
118 99
36 474
729 803
32 529
922 54
75 601
419 115
190 338
166 283
316 137
491 753
809 62
307 467
119 17
930 23
103 125
56 950
710 533
575 476
999 473
29 658
125 610
165 181
384 34
721 115
90 826
639 578
111 88
197 614
845 29
481 174
141 149
478 6
39 21
926 304
755 734
281 30
831 128
182 323
116 233
725 155
38 113
347 897
175 687
707 214
130 124
87 933
331 473
70 10
285 650
96 600
111 46
21 206
219 177
831 198
102 640
61 39
976 132
107 961
356 121
185 810
676 795
35 78
30 75
96 997
366 178
606 188
140 208
617 157
74 398
630 773
818 116
589 162
508 849
768 82
926 336
163 537
314 545
332 92
871 97
59 884
37 38
979 110
100 111
115 608
415 40
345 57
36 499
703 883
149 695
52 465
856 154
970 547
217 201
781 152
813 48
822 75
145 32
93 791
571 282
26 670
130 363
82 925
213 90
534 107
849 949
127 882
749 535
186 149
684 120
196 648
59 980
714 16
143 388
123 239
120 349
273 164
600 18
299 19
49 111
146 1
599 70
109 381
767 874
158 826
599 90
56 169
197 368
296 102
128 854
848 48
193 963
576 883
166 656
381 560
981 74
24 486
877 550
132 367
988 64
700 104
496 35
158 622
583 105
855 243
44 641
186 496
13 780
55 117
40 687
93 319
637 911
506 239
112 100
502 137
106 147
443 960
75 782
261 125
64 67
103 937
954 182
70 999
204 49
82 847
12 194
158 400
219 608
148 28
736 220
623 195
228 471
197 106
66 276
172 357
104 216
243 186
138 260
165 122
84 594
119 968
632 117
702 542
863 120
407 751
487 550
518 458
103 175
94 479
519 492
293 545
261 170
172 706
377 359
966 827
625 423
39 658
24 628
83 153
739 236
544 482
179 592
467 113
91 691
7 26
464 850
691 513
57 218
49 890
737 643
933 61
876 949
988 105
143 594
157 172
303 15
846 134
62 188
89 31
166 356
747 46
101 459
866 104
14 101
953 109
921 37
835 2
946 618
597 297
730 17
39 102
739 492
800 716
80 130
40 230
148 102
134 789
506 635
38 173
253 407
597 645
917 175
277 68
361 684
672 152
744 901
106 84
273 444
150 752
746 550
88 678
740 154
149 940
620 166
46 107
559 35
445 364
37 286
436 1000
14 364
180 590
26 601
323 117
152 4
661 185
8 358
878 43
564 204
145 856
170 540
97 606
322 154
33 870
20 983
117 895
36 717
43 609
43 17
141 75
44 39
202 813
39 508
129 364
560 162
224 325
323 817
138 143
4 387
992 846
379 590
87 91
88 861
63 858
191 651
459 928
563 68
974 130
784 52
443 941
269 227
52 9
833 930
812 536
617 107
676 125
478 98
852 134
430 148
41 825
113 165
86 154
189 149
172 717
560 18
149 579
270 172
133 996
270 25
722 71
55 845
947 708
16 680
945 625
933 834
178 968
47 12
97 693
393 253
558 320
927 121
814 191
285 112
731 787
120 41
188 761
453 178
248 370
20 662
14 841
696 836
9 808
824 818
528 18
298 246
98 441
708 16
254 178
172 546
326 280
916 141
200 44
786 33
838 262
559 101
46 921
438 653
190 630
953 557
109 83
127 724
18 120
266 20
772 128
35 152
127 22
76 607
199 117
696 64
667 211
900 68
2 211
414 866
491 983
534 36
437 557
120 35
114 490
901 176
334 128
53 104
58 323
858 35
275 113
379 902
54 11
531 40
515 67
425 395
139 239
62 503
924 69
906 50
96 647
356 362
87 176
803 117
991 545
669 169
114 417
152 166
970 274
945 70
816 165
90 107
115 140
111 489
27 584
162 601
659 29
991 202
335 49
15 489
133 454
537 10
50 87
308 193
109 890
135 436
401 32
32 519
730 20
595 171
949 79
114 376
109 779
349 169
698 94
174 277
94 90
497 804
176 337
948 128
877 646
642 71
565 952
73 974
830 165
411 970
832 162
640 139
300 120
233 51
872 180
149 957
576 115
473 473
939 137
510 290
111 219
989 821
712 310
263 616
528 695
942 195
587 81
135 41
494 581
135 960
134 169
20 797
124 805
182 368
435 82
174 687
52 952
63 134
177 687
46 145
151 524
110 52
410 137
378 690
64 721
124 319
380 303
151 245
418 532
502 24
966 101
209 19
119 543
859 58
834 740
130 965
984 734
153 540
170 7
822 282
515 885
502 188
179 172
43 317
42 351
61 184
579 583
191 132
90 144
776 742
54 505
7 175
550 603
79 611
160 6
688 354
36 110
95 861
148 568
978 996
692 109
672 29
278 295
523 169
26 656
97 413
385 473
226 186
957 121
195 11
617 137
646 68
315 160
54 983
848 105
429 505
386 46
90 116
31 881
592 844
261 735
102 737
419 576
156 101
954 769
663 750
608 126
701 41
483 132
85 42
637 579
837 215
54 323
145 445
373 171
665 127
30 20
824 136
46 161
479 967
118 251
119 30
642 448
164 808
13 661
117 339
156 28
182 456
728 139
51 231
76 492
71 908
334 103
155 795
141 379
319 101
18 944
148 61
30 876
163 562
53 579
672 128
385 11
94 174
92 809
914 102
860 43
882 3
125 809
979 108
76 657
567 620
184 13
766 50
736 197
109 369
604 133
69 161
407 27
173 48
433 179
102 560
355 728
49 612
391 162
509 388
903 495
73 998
144 999
398 168
64 153
126 846
56 134
861 710
843 15
99 17
808 80
663 64
51 717
498 168
179 498
92 635
697 7
628 58
144 497
712 33
38 761
941 357
749 78
90 984
273 477
143 783
900 599
836 549
334 478
143 693
278 508
558 179
25 320
978 42
83 967
14 643
53 519
140 337
599 173
126 916
10 59
189 996
906 158
185 907
864 97
453 25
848 383
144 62
148 886
616 815
161 451
69 66
27 299
116 943
920 148
9 964
486 94
284 264
340 7
137 15
81 670
181 562
56 385
36 528
589 168
418 41
443 369
688 77
78 97
152 373
7 49
331 176
497 108
197 713
63 898
256 150
287 66
608 86
107 293
12 526
140 550
714 155
837 72
173 359
367 53
407 402
751 165
292 797
104 165
184 69
317 251
843 499
54 568
876 77
158 95
128 156
103 240
85 509
315 208
437 64
691 312
134 542
626 956
197 916
104 605
95 269
57 603
612 35
124 612
761 562
443 151
298 102
26 94
968 37
742 811
106 505
730 382
284 709
461 187
969 831
92 538
259 68
138 184
572 166
54 20
936 119
881 41
754 131
705 5
341 111
145 997
26 362
711 882
991 70
119 691
850 92
100 878
450 539
889 24
40 545
164 978
25 788
272 97
53 143
197 526
100 58
27 764
213 57
136 12
66 349
19 511
744 178
64 572
755 879
163 129
683 119
123 492
79 193
293 485
192 589
564 271
33 132
628 403
885 30
535 276
54 259
265 782
82 906
954 151
209 35
294 110
793 138
443 60
182 844
408 25
22 941
259 162
50 182
721 674
126 2
118 861
91 954
74 909
648 42
699 194
916 813
969 185
121 126
382 270
619 751
317 978
125 460
15 252
168 781
817 150
899 36
344 898
3 366
620 15
981 175
558 740
838 677
217 73
564 162
97 323
86 350
676 113
141 757
319 71
13 591
864 38
621 69
481 229
345 996
328 900
12 510
84 689
44 485
35 514
116 885
121 119
971 901
424 497
667 87
161 355
543 490
863 396
104 48
1 232
164 682
408 618
24 654
473 428
535 74
365 184
187 261
469 724
256 504
459 37
160 961
192 553
888 498
987 854
168 61
189 247
1 143
150 73
559 475
796 661
19 35
848 50
836 107
724 191
722 175
13 5
199 9
458 179
629 110
62 743
367 985
86 982
863 808
133 501
655 297
472 468
400 137
6 89
368 290
185 160
175 103
164 466
522 301
643 102
678 95
166 275
266 574
560 444
989 144
868 651
505 319
98 114
344 73
168 22
405 182
19 758
130 560
901 4
926 44
955 161
170 759
546 749
538 40
313 10
12 281
189 961
45 306
146 845
72 351
136 277
213 59
13 783
84 67
32 13
790 34
831 8
54 63
883 433
140 107
438 415
111 89
170 604
514 668
125 740
322 697
632 18
253 195
978 271
124 625
100 142
58 492
201 60
894 23
594 51
462 371
23 156
243 379
541 892
845 7
280 114
179 632
8 222
864 111
341 124
554 179
856 98
73 556
120 848
910 170
216 732
834 792
478 595
153 434
912 77
102 484
54 106
106 108
56 507
117 259
288 102
342 669
705 75
131 433
379 160
11 673
732 190
724 143
72 441
551 73
176 20
58 182
523 791
585 174
815 178
330 842
778 166
202 32
534 39
929 896
57 623
742 48
850 71
583 609
148 259
151 150
30 144
128 170
24 774
985 107
70 462
175 108
192 212
159 140
243 610
656 312
283 125
117 140
537 504
189 765
177 68
168 755
18 756
193 137
174 856
886 185
152 993
272 242
135 793
153 37
758 43
188 905
721 139
680 157
194 603
646 549
117 405
32 454
602 133
513 51
114 432
571 141
38 48
55 573
80 526
294 651
164 46
91 964
166 336
718 576
107 756
694 978
98 485
568 6
565 14
612 146
119 21
757 129
325 21
708 82
141 403
148 943
218 212
74 440
422 742
643 345
928 125
531 65
18 101
750 422
938 495
159 900
325 28
501 87
477 109
52 61
235 51
90 255
54 161
17 24
809 22
31 120
429 154
104 626
288 124
947 906
251 30
968 856
327 282
887 549
573 84
105 176
5 986
373 68
674 182
24 149
886 154
601 920
56 113
1 502
53 217
635 741
75 435
429 162
829 33
12 131
38 172
214 811
119 199
929 382
285 69
47 214
470 134
829 153
137 16
89 510
37 698
569 31
28 354
660 997
487 149
272 40
890 303
91 991
220 148
665 634
944 62
908 98
480 187
896 785
238 145
124 706
819 27
144 75
437 29
149 395
174 168
504 53
27 36
39 19
807 440
38 572
101 512
81 738
198 241
66 569
33 157
230 960
605 71
526 303
255 462
414 114
913 774
975 483
438 177
500 184
443 129
128 227
515 78
192 329
11 114
118 630
437 89
115 533
176 63
324 99
100 6
142 527
155 905
684 131
819 75
762 411
220 146
39 317
58 277
123 750
325 141
827 130
856 48
116 534
266 114
951 161
188 470
187 244
774 297
591 155
104 569
839 66
504 624
29 718
927 815
90 919
505 534
836 561
131 644
188 547
122 376
511 992
743 445
152 910
179 131
39 36
385 673
424 733
796 179
321 81
119 906
649 471
31 356
35 845
708 637
843 779
692 79
384 174
954 47
561 63
131 362
65 149
117 140
318 208
511 445
740 21
109 124
317 333
931 391
438 103
853 113
726 256
470 87
847 164
516 68
40 936
186 123
170 461
184 727
271 64
343 77
51 773
947 26
133 482
99 328
527 15
53 680
981 21
184 885
121 833
54 762
101 708
188 267
417 108
594 447
75 934
199 616
959 510
37 623
534 915
21 267
121 745
2 906
187 98
694 144
339 128
630 80
422 99
68 246
744 177
808 437
42 377
27 247
895 31
914 469
233 552
72 628
601 146
716 50
128 141
184 476
32 716
398 859
351 42
479 15
945 645
615 44
31 757
536 714
171 328
534 167
254 775
863 152
844 664
162 221
59 194
779 134
91 663
857 592
131 737
165 794
117 974
147 729
262 469
587 55
320 568
69 122
111 876
89 636
857 544
161 120
37 93
685 76
961 946
174 756
674 89
999 112
470 57
105 778
771 10
398 146
498 81
68 321
500 70
489 132
518 88
223 456
687 551
549 98
124 250
475 391
131 118
764 638
193 150
79 843
308 944
909 116
911 186
155 724
19 720
420 4
141 40
14 116
955 55
374 185
344 184
698 103
483 210
435 251
912 430
123 90
126 109
968 320
147 151
135 26
59 861
405 147
200 458
366 229
94 748
907 92
35 749
5 66
978 179
183 532
12 146
290 186
504 88
181 877
598 179
129 342
888 95
94 751
462 205
82 185
907 576
97 51
988 223
44 37
634 167
171 320
577 82
582 184
700 781
164 788
57 69
183 11
21 78
111 534
731 198
761 25
54 787
235 158
127 85
709 119
64 636
440 22
433 42
483 517
509 158
153 563
3 338
849 848
162 22
873 709
50 191
4 335
151 502
178 547
751 856
149 775
737 200
545 230
57 750
706 18
794 181
324 56
609 174
665 211
129 55
439 610
137 796
786 6
341 138
878 43
479 976
341 704
63 797
101 121
688 142
366 199
186 769
197 763
152 472
109 115
162 105
244 431
35 684
547 625
333 195
750 46
52 912
484 30
389 752
556 280
66 671
792 397
345 137
192 864
900 24
130 175
71 885
10 942
511 106
30 518
156 462
252 954
915 64
99 453
39 563
374 118
232 130
671 46
181 24
369 299
138 989
254 27
459 363
134 575
129 55
855 174
150 549
106 76
498 71
502 87
18 684
59 132
28 598
823 818
979 92
834 185
554 740
217 44
195 578
114 704
291 27
642 146
151 432
36 75
305 860
84 513
106 996
113 146
893 204
494 679
18 122
113 943
848 64
477 65
129 749
139 39
245 145
92 684
613 21
875 164
58 268
32 70
10 183
533 58
776 68
382 742
295 985
104 137
111 34
361 22
126 607
657 53
692 86
428 789
179 968
74 541
511 749
235 338
266 474
470 122
341 201
936 155
125 676
515 184
26 675
663 165
967 690
151 667
16 836
152 53
181 78
381 699
129 494
719 333
32 1
140 246
871 36
153 256
21 325
694 41
200 342
32 206
57 274
276 183
791 860
122 119
440 7
348 102
44 332
371 187
642 492
769 225
98 786
194 564
194 876
499 133
529 27
269 109
63 467
101 171
135 82
173 747
98 831
99 7
793 326
196 116
126 781
3 183
43 529
169 318
760 751
876 300
83 614
143 800
487 782
371 96
586 129
480 918
358 857
966 50
125 86
354 88
521 135
978 135
170 288
433 85
335 152
113 61
856 8
732 912
155 654
931 721
4 592
148 166
563 93
38 170
803 109
135 105
117 44
190 951
113 767
40 488
804 27
847 62
740 580
554 764
618 717
98 786
158 34
217 132
821 24
168 144
92 699
95 154
951 171
709 770
583 778
112 913
685 657
863 151
145 22
60 93
362 172
877 66
808 598
163 777
341 37
856 970
125 919
76 120
817 155
525 312
371 530
804 62
665 281
406 217
417 120
223 42
831 186
950 18
366 190
103 310
17 105
671 684
695 294
353 36
73 550
501 324
189 23
172 13
389 976
306 61
11 192
652 555
87 101
136 803
206 233
36 69
345 87
80 11
597 883
47 232
77 913
3 514
886 134
191 464
511 612
130 334
31 684
99 384
18 753
228 46
46 404
118 385
944 906
931 27
48 636
205 707
75 197
549 247
122 932
62 988
121 87
726 22
641 36
30 102
184 801
58 615
622 980
839 532
136 94
80 631
8 89
984 187
432 168
66 140
788 295
800 584
70 382
102 71
62 404
341 57
231 169
196 95
199 689
595 186
945 20
84 290
931 190
243 519
25 918
33 202
43 700
575 161
146 780
937 200
433 306
763 432
955 51
486 94
44 7
693 20
248 58
29 592
748 11
273 65
81 529
895 67
168 790
153 685
422 192
81 801
762 79
55 402
62 970
19 585
319 797
231 499
286 73
254 312
362 733
627 115
587 198
161 177
186 11
442 28
98 641
673 103
56 601
305 552
61 169
134 534
664 111
100 558
714 38
566 160
50 206
776 133
651 132
404 47
103 580
78 461
4 117
95 365
376 31
621 776
405 126
32 186
183 320
105 585
629 886
158 680
77 444
120 218
134 867
388 351
557 321
57 12
246 43
515 438
147 343
927 56
190 992
911 131
923 172
157 554
582 325
184 157
104 902
188 145
825 749
63 103
734 53
27 156
565 50
563 37
544 176
660 184
88 409
871 983
246 188
681 25
131 109
938 48
51 669
819 128
646 176
100 722
197 167
277 687
633 225
85 32
91 97
151 675
188 759
668 198
979 321
185 109
295 452
628 450
11 311
600 129
82 118
246 126
199 175
615 77
10 103
276 24
11 296
411 171
178 619
52 659
729 444
89 885
130 129
944 37
63 781
183 33
132 154
816 129
300 103
196 832
185 935
171 318
145 65
921 121
967 96
937 484
474 785
171 72
819 327
773 189
160 19
107 971
194 177
290 90
706 545
64 567
505 328
130 617
138 865
28 396
188 752
131 944
13 808
137 107
131 303
164 789
347 728
184 638
716 153
657 877
481 148
118 247
58 334
142 168
908 702
949 958
879 185
193 216
117 338
156 61
919 44
46 412
64 954
36 390
974 76
164 836
984 171
356 44
179 91
933 51
158 335
390 707
782 778
320 155
929 906
971 105
143 47
17 12
69 766
573 146
608 30
615 489
4 497
223 697
70 554
38 515
15 183
300 48
126 108
769 529
946 402
11 409
88 409
128 66
186 853
654 142
58 442
115 169
988 89
107 894
105 751
103 96
946 175
8 190
70 453
198 439
88 540
48 46
598 138
77 893
66 634
78 816
178 96
179 596
8 869
104 375
16 728
375 66
38 627
114 24
401 539
507 34
143 331
334 7
184 731
402 114
97 82
2 742
507 840
149 583
45 101
332 282
684 19
719 651
11 29
179 436
39 39
176 666
77 579
181 660
271 144
152 397
22 739
153 197
88 64
859 244
1000 110
179 487
659 145
168 420
108 49
146 762
187 392
135 79
226 145
216 61
164 737
166 760
83 497
118 298
587 167
207 42
120 671
386 149
928 301
104 731
163 523
2 306
166 712
588 906
80 627
895 70
30 805
167 874
769 62
839 184
947 823
65 775
231 10
671 110
307 668
215 190
561 186
197 638
589 124
462 146
478 332
59 169
58 855
454 536
645 776
756 833
473 185
618 377
166 153
137 687
969 75
112 834
125 707
677 103
2 675
789 700
136 136
183 106
215 318
96 24
184 456
950 103
408 106
133 631
138 738
181 870
595 157
968 149
102 356
108 812
153 410
946 168
25 844
36 868
458 190
265 124
191 922
495 148
79 64
31 455
194 124
112 968
139 50
83 97
40 394
42 815
83 930
71 619
844 806
28 464
297 902
89 580
288 177
151 883
736 545
641 819
81 203
928 563
158 383
975 226
778 10
146 15
503 196
986 561
68 197
762 46
787 191
291 165
180 207
484 421
785 111
514 210
314 152
622 67
200 842
558 657
507 800
877 191
185 642
816 125
605 105
277 551
549 10
130 259
416 342
742 807
719 152
182 283
90 11
65 146
138 844
33 747
281 443
989 408
1 784
55 23
247 148
82 898
688 129
199 976
109 737
863 169
459 398
704 270
644 825
508 161
182 720
745 81
863 819
85 385
310 100
902 11
380 167
156 152
394 25
282 172
244 429
284 45
634 111
682 170
158 96
62 397
955 102
134 67
404 61
168 935
14 765
259 304
154 209
73 135
841 819
145 145
588 995
5 624
36 566
600 64
855 747
17 476
800 49
120 635
784 512
133 45
608 991
111 756
803 26
590 483
661 556
159 140
19 829
675 106
954 54
431 943
184 173
97 794
139 285
362 93
160 24
297 50
124 7
90 541
71 181
250 76
753 378
479 80
41 146
162 148
320 751
128 859
64 278
822 23
79 588
198 106
840 520
540 81
161 105
129 494
108 818
562 75
365 36
837 350
194 185
2 685
153 972
8 299
115 560
154 69
105 629
130 965
561 888
370 40
938 20
26 943
983 133
999 505
170 735
141 413
121 182
799 138
490 85
20 615
613 695
495 14
804 399
186 568
13 357
439 954
34 693
164 786
25 170
297 443
790 120
795 32
64 95
161 375
556 154
407 16
193 661
373 95
791 1
101 21
130 890
872 54
337 145
194 168
60 566
795 111
995 82
79 116
97 562
160 115
288 165
238 355
615 710
201 34
351 17
418 97
529 114
746 875
6 48
88 253
799 161
417 25
951 30
28 991
175 743
854 40
87 652
869 626
192 617
846 49
135 962
3 657
303 287
716 182
101 902
24 407
476 75
730 248
174 182
13 876
860 28
767 510
357 80
138 725
117 181
635 949
540 90
784 72
131 324
745 142
91 757
497 192
80 307
547 516
638 21
201 178
208 880
916 129
116 874
93 922
573 579
791 359
19 837
37 470
617 85
393 801
368 43
175 699
746 216
312 61
204 106
455 439
100 340
501 867
478 136
162 406
366 552
17 72
987 177
932 120
611 161
70 95
200 772
107 676
70 943
111 422
481 15
51 795
254 13
5 803
451 909
379 483
25 623
651 36
978 119
120 36
424 189
295 35
925 18
7 61
75 884
146 961
524 55
199 267
122 383
924 163
95 368
11 279
961 647
23 762
318 133
599 2
140 510
581 137
79 909
700 157
55 640
865 75
925 334
198 740
193 738
693 428
587 169
670 80
538 25
340 116
664 464
196 43
96 531
309 8
174 555
265 37
41 219
41 290
169 539
167 867
766 844
861 84
338 99
98 530
114 388
147 40
485 157
322 188
82 999
370 127
241 94
73 179
395 190
283 495
459 953
131 935
427 149
819 185
151 377
184 148
98 69
816 558
245 30
91 547
141 218
406 545
700 249
93 862
73 974
304 398
354 541
873 153
61 179
742 863
475 46
13 189
772 116
78 981
222 345
134 950
134 708
26 319
752 485
616 72
633 196
371 106
513 11
357 134
741 197
490 114
434 99
283 139
118 707
462 41
155 68
799 413
258 66
467 134
178 347
544 184
630 69
795 511
747 469
518 147
106 82
259 153
92 490
623 110
628 220
261 79
744 15
871 75
569 93
848 71
188 928
530 519
290 518
14 426
266 874
906 15
209 314
640 572
600 42
922 416
747 81
6 784
184 163
70 196
869 113
919 684
62 999
217 897
99 948
131 635
266 114
144 70
117 23
12 336
143 8
97 454
34 554
975 20
948 961
790 527
511 194
46 49
915 414
8 11
167 194
9 65
781 23
618 66
346 41
921 181
62 693
94 354
547 60
560 1
53 831
163 731
328 111
695 95
376 126
851 53
585 326
122 13
627 139
383 152
21 376
959 602
199 664
193 169
621 177
98 981
684 322
180 776
474 69
182 832
62 664
202 241
464 121
143 22
141 194
534 55
762 153
110 141
931 196
494 14
132 916
315 57
71 219
80 601
104 25
190 513
469 810
649 77
79 652
186 211
409 52
561 91
141 110
765 15
77 375
747 254
73 288
88 614
140 399
365 191
87 153
32 987
74 1
663 334
504 247
139 323
616 499
100 989
71 13
680 13
601 56
337 735
423 527
286 20
556 780
683 926
384 713
974 1
407 267
915 82
169 489
268 92
133 261
784 862
571 61
768 937
539 18
222 125
186 154
927 164
688 9
64 757
458 892
161 602
325 143
787 591
548 109
133 352
553 251
191 317
831 365
1 168
802 19
26 348
211 147
21 111
852 640
396 773
236 63
102 286
191 421
43 79
460 894
2 286
191 884
529 806
890 184
134 453
927 287
122 53
260 809
907 923
38 950
203 765
450 50
128 351
167 436
156 820
660 120
253 39
651 3
741 159
784 499
471 152
857 37
901 94
423 616
689 80
163 166
200 446
951 843
867 902
939 477
48 177
84 398
100 728
137 403
227 630
495 910
730 561
716 147
994 45
598 92
333 26
500 989
304 77
68 551
133 56
118 92
156 229
151 211
145 248
113 383
193 955
154 131
167 514
94 520
67 166
362 52
500 149
50 510
152 245
968 48
111 247
830 32
413 51
134 837
782 93
330 76
114 339
541 48
394 37
8 155
905 107
979 25
38 58
185 116
670 130
128 499
68 391
53 898
877 190
646 325
17 190
194 199
871 114
618 131
68 745
43 367
14 471
50 119
418 223
31 208
371 573
112 99
65 71
243 889
506 163
470 477
101 452
954 116
179 155
385 84
771 896
25 973
512 64
442 850
8 300
935 91
167 864
157 892
130 735
985 170
127 268
170 991
541 40
40 389
327 224
191 342
107 442
968 274
927 912
296 805
136 523
2 672
72 160
985 199
590 132
77 327
120 141
525 166
389 919
891 772
320 386
562 34
974 538
521 190
688 790
290 136
496 78
142 834
31 37
194 57
220 76
216 549
87 784
153 68
24 812
88 773
871 997
472 357
156 414
642 802
717 180
177 182
891 515
477 984
722 882
190 771
89 760
504 148
805 187
736 377
534 708
63 385
317 90
881 70
98 542
169 127
321 82
335 187
54 509
247 106
814 949
38 507
94 910
884 19
991 311
72 555
24 685
869 197
972 194
742 342
521 7
980 301
702 12
85 44
759 252
88 220
143 584
145 236
55 734
273 480
20 49
816 117
156 642
833 114
86 817
150 8
346 178
184 656
336 730
99 406
593 825
231 159
257 72
195 933
942 2
878 951
273 179
103 827
776 127
810 136
64 757
165 428
379 120
437 52
307 894
925 128
51 56
80 78
310 146
42 157
908 145
208 943
157 849
271 32
549 181
107 245
21 420
681 118
892 102
269 275
641 875
58 527
121 177
727 183
429 999
330 46
330 137
603 110
887 378
302 133
736 102
134 112
62 867
726 265
89 490
923 171
838 143
835 116
445 182
259 480
698 48
437 939
9 249
616 146
189 761
109 252
572 130
740 765
133 740
865 749
568 839
318 87
426 807
360 60
71 12
200 5
485 487
398 112
424 882
80 336
124 137
229 177
577 670
818 945
112 603
749 80
95 113
578 370
23 503
726 43
319 904
24 751
192 171
599 529
450 319
188 117
74 717
870 848
949 387
183 667
935 413
103 321
659 121
293 297
630 945
33 522
33 907
526 75
754 657
529 516
439 446
335 719
868 80
545 91
114 414
697 89
932 524
573 189
32 747
663 194
439 758
18 892
402 121
192 672
118 944
386 559
190 472
150 38
500 127
34 274
159 446
49 64
881 112
60 155
39 615
999 762
144 976
349 964
219 147
191 970
178 63
34 687
153 937
573 50
981 797
722 715
159 197
47 10
78 72
609 550
363 545
152 110
814 181
626 100
182 154
3 274
79 830
64 982
435 111
785 3
625 391
519 62
708 58
182 236
281 330
834 129
992 155
383 91
15 800
218 14
172 309
103 112
79 37
120 971
63 947
87 408
960 114
118 914
617 96
872 399
132 28
165 170
296 25
568 97
200 180
663 89
154 173
181 799
268 706
76 72
152 384
158 662
58 22
79 592
256 20
738 225
345 84
221 86
220 907
77 254
94 102
162 817
29 238
253 148
99 181
612 950
137 994
137 885
101 237
100 282
58 83
143 728
67 81
710 60
572 124
14 787
86 487
457 175
939 160
675 149
123 451
770 649
423 122
180 290
71 926
131 67
1000 165
401 183
519 151
633 372
121 587
99 962
538 997
731 81
699 128
121 445
50 403
495 954
983 18
3 64
37 99
854 56
24 525
379 109
449 54
400 87
162 407
199 409
918 769
776 550
707 304
438 484
121 977
118 206
33 231
480 92
907 57
186 63
790 160
537 67
54 949
27 243
18 309
713 423
188 623
54 161
276 56
171 734
144 48
647 16
198 677
972 144
912 189
94 114
576 677
73 705
290 59
689 650
17 23
37 34
28 659
734 862
164 816
938 120
727 165
817 81
745 84
164 495
148 155
783 23
39 565
470 915
96 80
353 801
92 845
961 946
156 675
387 70
627 95
627 51
843 303
580 991
768 100
959 626
768 153
195 524
813 167
945 137
24 410
68 747
517 522
25 134
632 87
189 628
443 145
15 648
163 584
653 750
314 549
80 842
489 162
304 839
429 314
684 901
59 1
649 55
16 679
569 890
772 199
353 172
153 416
116 939
757 550
569 558
93 415
64 686
371 192
132 811
620 162
722 424
707 77
319 293
56 50
76 669
165 174
177 108
597 54
82 732
780 44
997 179
79 675
203 127
856 199
547 498
77 14
468 526
236 157
198 130
124 156
63 183
480 977
22 369
117 307
186 976
49 289
402 153
70 165
19 134
50 385
271 249
146 757
406 101
945 53
582 170
616 656
431 131
363 782
741 597
124 107
287 119
84 444
903 171
113 683
398 93
751 113
595 126
90 344
244 517
403 155
855 73
270 16
103 146
722 386
528 197
443 641
73 791
169 426
953 909
247 141
908 741
200 368
84 683
446 197
135 384
228 87
30 168
67 912
134 128
929 31
719 415
424 362
976 139
55 58
239 127
907 709
77 359
83 18
140 125
100 212
326 168
2 81
59 680
146 411
951 140
189 984
48 212
675 43
846 58
887 996
68 109
947 129
117 132
272 640
567 172
32 209
70 443
82 162
77 940
752 179
96 138
603 156
89 595
158 392
242 20
934 85
142 779
225 766
109 702
980 156
30 897
671 80
923 18
165 228
172 909
725 182
128 390
149 562
224 113
618 282
53 589
95 648
74 535
461 874
550 196
111 79
95 258
332 169
213 91
378 324
672 625
113 123
275 88
973 32
738 172
453 42
130 656
79 832
186 864
104 168
328 811
939 961
184 660
362 83
69 609
808 169
186 781
252 35
107 888
916 47
508 568
390 966
10 558
95 25
1 165
44 369
924 911
629 512
966 895
830 55
886 230
117 79
71 493
977 189
438 120
122 440
891 598
385 33
47 63
70 326
664 722
994 473
903 160
7 249
574 494
766 503
638 583
392 610
