1000 2567384
10000
287 261
795 775
6 791
789 675
932 873
982 344
235 912
374 10
681 901
696 510
238 48
798 568
829 472
125 475
561 715
886 575
710 647
730 193
203 458
176 234
696 497
982 842
910 564
324 741
499 163
872 385
690 896
7 350
921 918
651 447
530 270
635 31
267 999
928 834
524 244
147 811
781 443
912 568
723 784
518 385
459 322
178 669
220 857
342 612
265 641
162 290
649 526
641 679
330 555
718 738
161 834
301 910
829 495
766 970
598 936
821 497
610 398
814 762
310 844
831 177
393 152
130 179
950 387
26 495
662 467
66 767
457 909
28 597
327 800
532 631
470 498
179 655
761 457
324 535
968 979
656 792
509 208
150 336
523 256
551 923
81 821
493 536
315 996
528 997
85 917
226 643
861 932
753 636
850 129
776 132
198 997
768 630
721 638
884 520
195 487
591 637
986 609
211 426
175 494
216 791
19 92
487 466
320 303
202 650
296 873
742 464
309 683
248 690
526 263
214 627
86 366
661 932
276 704
669 810
319 695
76 46
744 208
507 440
226 713
98 881
946 4
110 688
709 6
899 492
646 546
795 437
48 111
483 607
684 358
614 29
60 402
202 304
580 788
988 891
88 913
426 7
906 283
700 846
346 110
484 430
847 714
898 553
129 317
561 625
576 95
195 447
70 687
768 245
497 270
886 52
114 769
621 161
663 168
656 399
587 696
361 733
98 914
700 536
787 41
149 676
790 747
496 496
424 852
316 266
960 605
581 207
289 448
527 610
564 519
497 157
627 937
210 437
523 171
328 981
766 646
4 921
109 999
737 431
17 786
477 908
69 548
846 985
179 32
269 452
26 163
850 930
695 530
500 932
591 550
642 258
906 752
767 893
889 96
153 971
544 543
295 641
845 872
82 789
903 471
716 61
101 215
776 417
69 924
702 570
408 804
93 613
810 625
163 551
963 956
822 199
579 981
214 460
628 843
797 862
448 910
425 49
448 748
649 492
572 316
874 114
525 577
36 902
714 537
362 382
125 47
408 823
604 454
880 586
392 345
27 454
752 573
897 728
76 653
229 735
580 248
363 482
305 684
908 381
774 483
596 309
986 437
8 210
952 57
658 411
330 252
862 226
617 263
566 526
136 608
626 160
701 1000
951 34
425 525
407 779
590 434
982 658
918 205
502 194
639 870
172 13
516 14
815 621
479 646
755 204
128 16
929 515
639 219
699 852
821 356
783 868
746 615
354 705
790 154
738 515
850 374
739 652
792 768
222 843
395 333
147 502
674 313
120 574
677 673
267 460
295 906
568 873
355 404
280 858
331 227
534 8
751 613
424 698
68 768
393 183
912 433
532 203
341 553
592 351
783 616
182 786
531 569
983 461
923 793
278 766
47 827
762 303
261 481
531 233
366 418
448 789
800 867
929 984
620 190
599 192
324 496
29 335
287 450
477 603
816 882
121 466
76 962
657 768
598 456
879 898
142 533
79 362
576 774
690 459
658 104
736 821
194 270
946 88
869 585
645 663
201 183
367 614
894 76
789 18
236 109
264 546
233 120
217 738
160 575
262 185
554 758
405 972
572 514
565 749
149 766
214 722
884 363
128 849
335 54
497 90
762 724
528 464
870 215
241 814
325 215
915 222
473 295
918 968
347 605
599 252
518 124
948 565
482 767
497 176
73 522
936 540
134 209
121 70
340 910
736 478
176 163
721 525
145 123
413 950
328 316
622 102
908 294
240 600
181 67
28 679
988 710
148 449
486 800
559 359
787 333
79 124
22 345
569 356
425 665
976 393
39 285
799 730
423 662
196 143
427 75
231 410
55 893
870 458
12 948
487 121
692 849
709 327
472 109
296 677
201 721
141 394
356 336
127 451
449 520
86 114
401 528
280 313
401 259
920 548
384 334
614 921
227 428
557 706
715 980
525 85
646 654
873 104
629 458
457 579
468 999
861 328
408 337
538 905
716 634
317 184
750 735
275 262
977 329
970 851
12 58
626 299
452 240
101 417
118 613
994 368
408 987
670 809
853 336
863 786
986 51
69 218
250 92
776 391
174 776
808 737
26 275
872 356
828 390
874 599
210 669
61 557
289 155
106 549
872 33
941 530
157 531
923 656
898 3
702 515
243 497
368 338
641 553
985 375
666 21
541 613
51 589
193 877
307 550
394 261
579 92
266 197
197 768
682 206
113 974
446 950
766 561
98 3
15 291
770 703
607 498
688 404
344 571
191 935
891 869
962 312
727 486
330 541
106 95
937 592
775 211
386 433
922 395
587 222
208 848
578 347
834 505
687 749
97 172
179 977
438 274
620 923
271 596
75 75
517 951
258 590
959 659
543 345
802 332
808 581
71 918
710 877
161 248
975 747
794 117
12 225
691 713
527 669
196 252
786 947
316 521
378 479
585 968
478 46
598 631
828 921
413 920
527 26
120 50
297 971
766 243
780 609
191 419
938 796
431 518
690 718
619 450
70 892
961 269
985 372
60 781
815 402
754 508
104 541
893 159
943 362
919 857
129 399
937 427
490 184
514 779
303 719
432 753
768 569
251 870
71 6
670 797
88 171
543 665
166 251
115 539
764 12
685 139
498 646
101 833
657 635
168 558
887 515
36 703
477 846
221 818
978 755
964 404
852 269
341 637
789 482
636 61
108 626
943 764
902 707
763 402
663 551
571 443
909 35
569 715
227 968
606 97
73 360
129 878
517 911
372 243
499 13
402 322
505 32
432 768
234 429
515 972
900 218
577 5
518 865
154 191
601 825
563 393
485 282
211 955
65 929
200 927
984 284
26 665
506 590
17 852
936 977
324 608
121 6
533 270
514 352
325 373
251 39
431 904
731 517
728 801
890 983
408 566
868 360
692 468
936 495
146 554
680 7
208 438
897 513
659 961
345 598
250 958
321 415
605 956
747 872
789 405
55 550
202 237
400 115
657 219
684 758
986 803
172 281
806 253
626 687
139 387
753 101
228 964
337 488
845 908
620 525
772 300
223 934
47 388
478 685
805 842
876 109
25 418
929 905
877 495
290 606
764 333
501 886
318 65
657 158
837 866
297 451
425 373
325 768
171 2
438 339
807 152
246 72
203 722
800 823
744 657
73 720
660 34
479 295
256 671
435 45
164 188
897 271
537 900
156 420
737 869
275 616
980 8
126 444
613 275
899 44
592 755
838 466
160 117
226 324
600 386
508 945
860 105
693 986
191 1000
579 602
857 83
194 723
962 466
146 753
626 212
862 278
472 224
395 110
399 702
164 134
46 891
551 312
48 406
865 964
564 151
544 629
514 474
863 905
112 263
353 792
422 471
623 6
743 40
498 780
520 877
72 431
127 370
189 699
120 12
331 892
43 48
175 496
990 582
375 281
126 939
457 432
540 887
799 667
792 103
956 674
26 292
189 550
584 933
77 14
341 250
656 460
708 904
368 373
937 844
616 602
167 542
567 383
804 610
86 129
608 857
569 858
628 615
915 445
372 643
51 450
419 66
387 277
612 746
446 598
4 999
164 648
950 470
769 849
391 49
793 567
665 43
197 108
691 749
779 97
266 924
737 905
382 90
407 226
815 738
104 677
147 296
597 875
968 507
849 872
577 452
440 166
104 34
622 674
969 74
557 984
690 287
503 723
110 499
704 348
378 710
7 645
811 52
891 281
295 545
603 17
64 819
313 226
558 880
664 459
359 316
662 466
180 95
771 950
378 445
158 25
251 794
247 757
325 671
242 946
310 75
718 92
933 976
796 609
721 86
91 559
539 940
858 732
377 169
229 792
582 29
405 472
704 334
216 591
325 626
155 903
614 930
372 235
650 117
957 562
101 542
77 342
468 393
383 131
121 387
113 844
772 369
865 419
562 75
504 372
374 332
119 415
437 33
564 771
915 848
763 728
820 122
753 711
66 638
290 177
117 714
390 262
822 522
793 801
329 829
888 341
284 473
520 483
180 154
21 938
534 634
941 15
789 969
570 354
73 636
918 315
183 447
183 386
982 501
87 853
837 723
35 496
652 617
284 210
495 167
987 302
791 578
665 892
962 805
239 232
276 196
62 465
278 558
283 138
130 912
802 119
792 548
515 245
334 193
585 853
44 930
61 694
500 409
358 933
544 239
600 520
665 141
837 765
162 660
886 219
548 841
952 493
856 661
297 941
557 706
558 825
193 445
203 687
184 488
849 244
229 742
851 862
636 867
1 223
605 207
948 962
75 642
925 71
89 980
158 210
505 136
865 467
989 802
301 141
791 743
432 574
125 950
102 982
371 481
49 825
523 723
805 97
513 810
77 658
93 386
805 311
120 191
194 310
231 165
940 260
842 958
433 662
518 471
688 670
611 963
656 956
656 320
844 430
376 994
115 544
821 481
315 4
272 379
294 261
308 436
166 377
219 300
482 103
48 465
304 30
138 282
721 883
191 8
404 370
535 916
903 944
31 180
5 108
761 235
822 735
551 659
694 118
290 226
590 885
324 615
675 5
676 23
261 352
524 240
877 341
594 122
525 595
269 677
670 347
800 638
967 674
807 553
402 643
86 60
778 340
356 709
460 28
925 604
885 416
285 266
729 272
370 474
183 23
96 963
383 205
148 349
336 456
252 368
781 619
992 344
275 641
540 34
815 682
431 535
523 130
738 281
556 706
651 526
168 889
131 520
883 359
649 705
120 419
23 322
515 801
136 658
392 120
661 811
480 405
314 41
912 955
152 409
975 1
54 350
294 197
506 542
375 222
339 206
257 837
907 780
162 710
667 681
423 508
790 70
233 884
473 222
239 901
312 479
873 940
46 589
175 681
246 87
770 402
419 751
887 733
475 171
18 488
622 106
311 52
546 252
817 741
821 979
584 113
633 17
359 233
466 181
353 616
944 921
786 129
428 155
662 408
823 257
975 217
483 686
720 983
741 659
129 743
421 31
668 51
25 725
608 970
717 593
197 231
280 389
775 50
715 806
749 992
812 524
537 880
368 542
514 106
99 79
456 622
746 619
647 603
505 902
854 811
379 889
756 738
496 621
375 199
97 512
521 3
782 791
348 750
253 862
133 340
152 400
445 615
107 7
306 735
626 764
763 109
71 214
553 734
12 548
663 198
933 821
691 592
258 15
261 665
554 940
39 755
562 297
889 631
787 922
140 328
165 262
594 962
686 355
568 182
936 246
255 636
560 504
965 459
690 130
74 769
1000 626
505 346
452 29
480 685
437 723
100 624
912 15
276 679
996 614
544 476
351 466
890 611
882 771
558 682
650 361
69 352
613 359
363 111
608 710
666 44
257 924
452 361
215 630
517 17
713 680
396 421
880 678
830 329
261 187
896 91
849 26
628 261
492 545
99 879
689 69
220 841
113 526
130 338
985 879
218 596
214 476
788 640
938 134
476 98
454 237
472 87
779 642
367 313
610 553
915 212
808 364
743 223
63 830
335 674
149 530
976 640
258 572
387 266
558 269
477 578
687 854
681 857
819 427
451 167
218 433
213 335
70 613
63 401
439 704
516 993
655 523
15 821
143 331
693 933
663 620
811 890
152 917
342 463
544 277
675 292
836 682
907 699
624 835
886 721
298 965
184 64
145 224
192 559
410 704
603 257
227 963
567 298
384 289
978 844
64 190
800 925
183 761
951 849
533 341
208 881
664 375
571 974
356 670
797 618
355 646
853 171
140 553
395 499
966 708
405 859
120 629
695 359
579 566
762 723
304 977
240 835
39 1
812 344
378 465
888 595
138 727
560 748
361 292
702 233
273 416
567 217
452 170
564 706
35 762
284 828
526 448
178 766
296 958
241 175
468 178
991 14
922 200
735 816
194 520
785 870
489 819
633 82
722 730
892 283
160 64
132 454
858 839
177 695
559 842
330 565
48 960
141 149
297 777
912 74
893 516
174 149
940 341
222 367
706 899
89 324
927 920
881 652
962 341
994 390
321 982
669 91
117 271
845 760
37 396
458 749
32 155
547 261
317 30
671 839
582 716
145 778
476 181
690 531
577 761
616 976
80 634
165 827
946 750
949 466
473 97
62 342
640 922
715 437
347 609
709 898
890 953
125 54
489 172
670 472
458 796
751 123
284 336
182 240
559 358
983 719
259 887
191 671
212 479
509 709
694 717
536 144
763 803
359 869
602 954
654 630
703 710
211 598
19 402
773 165
446 363
212 351
658 308
602 998
83 857
507 552
837 846
837 450
641 12
131 313
105 918
189 589
593 411
970 264
491 539
527 825
66 118
169 91
432 492
157 602
944 363
925 284
943 587
565 889
608 398
15 388
715 156
951 771
6 507
599 130
200 795
716 418
241 997
134 967
455 396
242 147
505 188
687 809
72 5
819 968
319 79
956 878
80 978
231 742
499 750
855 712
856 461
568 630
787 132
193 941
422 453
65 140
703 765
421 598
454 899
262 605
308 449
377 309
744 714
679 228
336 525
508 833
670 435
232 394
712 683
934 346
525 420
127 261
603 678
976 881
593 181
937 549
224 222
447 68
966 62
783 790
140 956
947 378
327 568
729 678
548 243
343 43
71 831
503 672
572 823
13 619
534 176
517 16
777 503
325 385
350 135
844 415
931 180
977 664
801 861
920 461
857 127
677 278
67 650
444 503
82 280
952 21
598 550
895 244
738 292
154 463
959 850
869 324
961 917
534 79
548 707
327 91
883 283
447 62
335 588
935 64
527 150
618 53
127 195
195 18
157 598
710 543
790 355
744 716
351 583
757 832
759 455
463 408
946 548
788 427
963 390
848 856
458 290
230 721
938 188
431 843
877 619
696 401
135 486
358 12
511 133
187 604
309 915
313 971
564 40
888 701
172 272
754 379
435 254
106 521
294 278
855 905
148 179
691 606
737 680
189 443
350 868
171 208
797 66
197 245
497 563
467 142
803 881
275 154
809 49
964 978
697 842
219 35
949 195
224 573
291 670
697 942
500 672
747 347
985 148
286 151
744 298
849 903
126 271
778 657
597 139
507 105
802 909
954 726
519 535
344 532
833 973
775 246
97 761
372 237
705 153
423 21
15 944
493 908
78 270
113 649
263 685
742 183
253 332
429 46
145 462
241 504
473 809
605 871
568 814
288 329
322 479
422 58
36 329
324 672
428 777
434 727
507 766
695 413
827 948
381 659
352 921
44 166
833 388
137 952
359 388
160 505
47 594
140 290
866 493
963 419
882 279
460 764
983 650
478 462
242 581
765 719
880 497
102 432
829 362
279 247
203 377
697 129
941 445
329 617
123 383
822 273
684 449
466 709
509 737
827 873
997 634
903 622
410 341
471 931
516 270
440 326
878 884
156 657
372 694
354 311
975 102
499 853
924 705
681 599
663 986
734 598
558 365
217 897
813 330
255 986
705 969
822 341
148 729
780 145
197 798
468 786
412 526
64 312
184 198
93 166
353 978
560 145
570 675
635 638
306 122
575 807
439 122
970 476
148 896
256 710
805 311
533 365
132 27
770 643
300 467
900 329
787 122
460 392
208 156
990 24
157 411
211 846
213 997
804 324
862 146
200 426
798 35
331 45
909 49
38 982
351 238
975 588
778 108
798 985
362 538
119 442
137 349
315 753
170 710
700 69
697 133
460 607
26 985
674 138
671 873
204 140
655 658
661 478
774 963
545 388
990 614
5 199
121 789
696 432
111 11
13 720
159 776
607 681
801 465
777 761
503 622
271 157
9 458
666 504
935 772
418 425
367 844
94 741
5 882
111 118
79 958
465 380
563 483
485 789
981 86
755 702
834 850
408 291
725 322
744 904
691 2
17 652
625 652
121 558
357 474
417 379
351 738
847 307
30 60
170 900
422 972
632 797
944 605
95 61
742 957
349 102
40 41
912 203
713 599
450 74
949 209
110 322
230 655
909 468
492 912
990 44
851 661
500 847
791 245
605 802
899 991
783 530
381 254
917 95
545 44
730 779
529 823
713 335
960 693
70 824
520 810
754 194
912 139
836 713
693 959
995 511
48 202
931 99
250 325
884 411
248 58
633 344
917 167
562 495
970 639
836 559
203 420
830 551
577 107
528 470
175 184
463 398
815 343
704 231
203 218
409 107
315 867
212 105
48 788
422 312
843 202
482 594
359 869
248 580
550 457
496 19
285 676
257 29
503 233
46 926
95 636
119 96
428 65
550 357
167 326
250 567
66 826
661 29
530 90
117 975
751 439
984 630
303 981
668 857
749 817
136 132
916 27
562 543
498 539
722 163
653 782
215 998
688 729
411 469
750 639
696 356
160 973
93 393
56 492
539 205
767 271
35 669
641 703
245 1
77 234
532 807
830 885
936 638
24 766
783 682
972 68
5 216
401 501
348 906
533 894
484 945
854 421
77 332
280 962
797 77
817 33
21 101
625 165
211 631
269 157
376 793
52 935
952 861
683 610
642 816
204 360
457 753
441 954
577 709
39 259
523 693
273 340
650 163
249 24
900 107
718 505
88 74
981 601
784 567
836 100
981 660
744 586
274 514
487 394
220 12
860 509
613 330
409 139
226 448
45 271
462 769
594 39
383 913
780 280
481 607
936 25
885 820
552 559
999 651
897 612
910 31
229 781
310 561
635 330
823 572
675 373
145 298
579 556
505 70
400 85
918 554
471 293
446 567
690 641
84 216
288 393
842 199
685 198
760 642
106 359
218 120
531 889
298 755
791 801
169 858
30 556
749 578
418 352
214 324
392 82
637 259
692 599
811 152
509 137
995 691
657 557
188 951
386 627
415 225
793 713
470 538
386 644
286 540
719 479
622 367
319 93
271 127
557 785
142 75
822 774
794 523
21 790
237 892
163 199
94 853
237 527
91 145
582 393
697 805
767 367
581 972
808 20
649 746
169 961
235 195
829 993
223 619
486 334
290 46
574 133
805 467
644 83
231 129
937 493
498 448
446 989
617 889
716 848
689 224
248 352
730 945
214 322
740 63
661 235
467 543
909 740
278 128
828 177
888 133
388 294
672 705
547 974
862 59
743 229
731 518
122 498
623 129
363 219
660 638
971 154
728 927
468 439
343 99
815 59
860 616
431 316
772 228
994 673
248 175
34 332
798 223
859 248
412 230
205 314
727 729
568 528
81 728
679 949
806 830
13 844
688 321
120 897
535 545
317 448
33 860
289 682
645 547
282 912
978 594
326 273
52 221
653 771
61 162
950 339
13 478
167 818
154 25
892 304
771 180
934 21
188 533
640 81
773 815
927 384
497 579
812 751
455 866
97 899
193 835
440 651
62 970
391 343
347 241
935 822
448 670
239 137
735 310
589 121
134 274
262 563
168 900
75 263
527 332
272 243
64 472
617 834
823 430
178 857
540 637
240 773
961 692
348 414
203 699
265 266
762 435
196 344
406 133
741 400
748 489
526 158
256 834
540 294
235 320
717 306
24 718
163 704
487 177
774 75
597 986
341 881
334 922
284 836
570 35
227 790
227 445
865 147
919 535
150 583
457 13
673 80
4 929
215 766
673 182
452 935
249 802
344 329
601 971
843 799
318 888
776 1
685 239
566 649
492 713
469 105
419 172
922 885
373 111
794 923
484 294
15 188
698 269
244 678
190 197
42 921
878 281
826 270
208 214
256 290
461 681
203 313
635 515
112 559
425 340
357 104
24 7
24 823
235 22
865 285
796 936
904 509
627 251
26 130
265 177
481 36
329 256
711 815
226 974
576 631
805 660
447 376
908 706
822 333
781 666
320 956
140 85
139 642
57 699
359 246
704 424
41 480
855 947
122 678
588 322
910 246
98 693
578 807
448 603
404 722
102 957
960 722
32 813
872 829
642 112
270 179
42 539
363 454
319 188
569 792
512 536
343 518
308 233
551 292
989 621
233 480
191 269
907 471
604 761
768 200
18 362
558 863
707 183
520 103
591 152
813 917
364 742
653 295
123 232
805 193
412 579
280 442
754 760
671 496
817 313
556 194
983 542
497 937
127 21
858 972
795 293
413 183
553 757
445 390
967 993
328 803
25 445
391 206
557 618
926 763
845 711
1000 422
468 623
747 837
37 81
456 479
543 471
387 796
674 741
224 143
529 401
209 270
786 600
856 358
935 708
928 824
639 705
166 522
259 949
654 910
475 512
48 228
499 387
854 583
975 777
631 817
408 160
209 739
312 371
154 716
699 306
358 171
201 983
15 968
499 263
304 73
324 471
47 760
673 198
764 994
991 584
755 647
325 139
306 527
623 544
626 694
931 548
102 148
842 933
679 500
65 980
706 861
521 682
709 994
876 288
603 869
58 828
424 286
995 641
325 533
175 958
156 377
709 467
284 249
818 869
25 645
980 849
863 269
995 831
143 32
707 177
534 374
818 706
851 256
547 370
878 725
587 619
299 646
700 566
426 977
996 660
281 734
168 123
4 697
702 247
20 147
971 387
172 815
655 450
94 971
444 740
376 378
856 750
446 590
258 255
626 644
406 718
459 153
98 576
35 448
265 800
460 387
976 770
477 250
384 970
979 160
944 465
997 333
308 438
202 563
682 262
435 976
324 905
496 328
338 676
6 521
729 601
947 634
472 712
402 547
682 482
382 955
404 177
603 768
110 152
246 643
408 899
122 401
382 121
81 734
105 1000
86 555
487 147
38 731
726 12
678 765
393 736
21 597
306 106
88 41
649 754
928 45
536 820
306 442
327 835
925 600
667 809
202 653
224 438
382 75
410 64
132 98
501 993
999 147
205 803
329 875
572 814
523 997
814 952
17 511
230 598
251 989
966 801
300 483
625 2
152 82
674 482
312 760
681 767
533 755
925 871
721 252
293 316
3 30
481 856
306 793
703 455
862 567
349 36
153 395
552 143
387 44
808 229
595 300
732 96
984 838
561 170
405 580
624 182
71 28
695 834
567 147
568 641
456 33
272 107
283 692
234 455
568 695
632 956
659 291
776 371
11 257
894 229
318 696
567 952
121 455
107 241
669 735
620 201
250 177
8 242
219 963
634 508
732 157
162 351
626 559
655 219
731 400
239 366
349 466
507 593
142 555
410 158
611 330
321 138
304 651
799 551
627 116
63 920
123 428
723 502
355 775
902 405
403 885
166 448
165 330
187 494
332 116
582 192
171 135
960 568
667 333
416 281
773 575
221 771
45 800
13 133
383 969
211 982
546 998
192 429
476 894
925 46
521 458
3 134
193 820
290 394
56 466
112 183
118 717
63 468
357 740
791 387
81 720
542 448
258 594
249 839
470 374
82 473
98 173
388 637
752 766
494 204
824 968
837 804
794 214
582 361
179 370
581 579
143 413
649 893
909 784
43 78
350 936
745 956
971 712
745 15
935 689
977 606
714 942
63 313
115 591
994 254
485 871
147 14
100 401
103 354
632 797
940 60
51 226
541 796
576 832
955 596
26 641
432 216
786 33
765 663
764 648
540 675
190 451
551 486
524 192
350 187
818 302
856 436
820 860
50 514
136 201
539 749
462 81
868 512
807 477
113 463
302 199
623 142
40 28
237 883
880 451
571 680
326 782
855 282
953 896
762 29
643 694
962 991
238 414
632 638
379 238
261 637
233 726
596 892
405 259
439 501
938 824
496 41
392 545
443 743
989 489
541 945
599 17
680 10
814 577
663 405
48 690
655 626
223 327
418 215
52 100
77 945
986 325
578 446
207 932
647 815
528 790
508 193
941 934
575 897
585 967
881 380
525 526
340 81
97 614
389 954
745 37
390 625
379 145
211 354
844 458
410 362
744 743
371 699
448 709
676 857
875 992
631 584
361 579
495 5
276 750
537 948
16 695
807 474
39 954
850 580
595 889
521 45
401 818
618 666
633 554
215 523
513 140
205 68
732 521
777 197
280 322
211 285
261 942
2 425
79 720
613 506
616 845
105 514
767 710
265 470
869 248
697 72
162 588
46 620
873 634
458 409
434 872
87 492
775 436
412 972
508 312
21 66
447 420
730 459
870 38
967 951
517 774
818 569
247 709
846 349
987 335
377 206
468 785
977 1
16 574
556 606
95 648
752 214
963 458
127 769
318 305
223 718
262 544
153 936
300 329
680 447
372 256
459 344
882 850
636 462
319 16
205 729
277 407
931 290
554 349
518 249
289 945
972 995
694 752
178 742
728 896
279 319
681 989
683 656
948 148
121 468
982 603
752 796
846 272
442 962
928 231
99 511
177 143
650 443
216 862
90 143
871 154
202 850
141 801
21 853
286 541
669 173
436 842
529 182
629 589
760 212
887 551
236 900
186 332
53 233
443 212
606 478
879 94
14 340
501 73
254 72
175 945
856 271
509 594
580 394
344 724
332 572
988 336
542 819
630 352
152 299
721 738
243 199
43 318
141 870
730 511
762 285
440 377
287 641
782 36
92 743
843 428
162 817
263 876
850 557
827 583
60 341
419 329
311 375
838 764
142 822
506 566
73 696
41 787
928 776
432 655
907 183
757 319
433 480
129 958
736 858
617 544
527 602
653 903
869 530
30 910
604 89
140 18
481 336
387 200
700 695
607 804
503 322
170 824
746 370
400 858
397 401
413 146
398 499
434 978
469 171
672 821
920 195
495 773
755 939
508 549
202 626
257 794
575 289
289 404
103 791
198 261
555 688
878 462
748 602
341 307
162 373
541 249
809 303
318 106
738 459
977 311
46 857
479 578
232 222
25 87
937 388
28 384
219 859
631 455
463 35
994 592
577 565
956 106
595 15
225 121
292 539
129 753
401 917
89 767
915 968
317 882
646 417
397 195
666 81
450 529
943 979
120 628
919 498
858 883
653 866
422 806
208 260
217 85
345 412
810 169
479 46
617 75
994 239
762 648
556 521
755 648
52 75
270 416
945 969
82 226
647 461
633 599
325 813
598 362
722 211
651 255
965 827
92 924
846 553
854 459
643 568
149 319
229 50
401 87
1000 235
71 501
610 831
131 716
489 184
171 361
186 36
596 159
254 176
177 313
380 903
575 37
111 212
62 870
235 903
723 327
183 643
86 79
537 568
859 761
13 754
420 258
454 776
535 566
611 657
991 449
864 448
824 90
638 97
181 944
750 189
610 986
172 384
7 786
813 60
221 190
907 165
439 459
700 6
514 901
569 160
605 227
681 783
331 862
336 154
923 53
511 569
226 705
791 332
273 633
243 672
476 783
816 799
857 247
160 650
472 807
73 56
151 399
927 776
813 39
746 819
375 752
290 85
346 780
586 757
949 28
243 970
190 320
431 466
467 929
639 752
636 469
919 524
786 637
401 357
720 589
868 998
203 179
594 294
456 884
210 420
550 910
452 234
295 273
280 264
318 970
230 149
867 940
523 981
621 307
432 697
101 831
190 110
74 599
168 199
100 927
990 120
200 168
501 611
114 395
61 831
700 375
413 414
171 995
162 795
818 249
298 793
361 362
956 737
508 575
471 108
809 574
801 862
160 555
905 585
345 905
424 136
865 828
168 110
485 318
468 625
3 944
480 122
741 827
22 505
37 780
838 582
272 563
496 622
284 151
167 102
961 514
970 561
654 897
433 541
952 243
713 334
12 520
340 600
173 629
740 427
644 809
855 306
398 324
843 731
75 240
276 797
38 942
17 933
755 235
263 797
664 438
285 863
1 57
503 536
472 757
555 529
527 611
796 552
537 530
82 313
135 790
218 470
294 349
827 50
584 452
268 611
518 991
645 803
381 306
840 343
128 428
140 97
232 300
996 384
436 417
93 616
391 739
20 32
12 16
315 449
582 955
382 704
791 259
708 128
815 285
746 108
902 607
72 405
16 294
855 181
427 437
125 746
223 288
264 940
960 654
173 633
930 528
307 393
121 598
883 188
806 592
890 474
75 657
298 659
82 368
75 950
798 878
502 201
879 881
458 620
715 530
702 412
336 298
947 920
512 297
168 569
71 79
918 204
607 394
158 612
408 210
247 690
400 620
960 561
838 869
952 454
960 866
783 452
689 498
194 82
142 235
458 187
772 141
942 846
281 381
101 89
651 683
84 958
957 523
867 437
380 242
243 887
847 911
623 402
91 236
176 415
12 660
531 153
960 847
415 16
125 537
47 745
40 580
804 317
818 839
17 42
421 22
246 128
495 246
860 279
593 688
162 591
802 357
502 911
133 455
432 312
255 223
729 268
585 728
919 203
398 268
62 748
617 673
22 890
250 685
442 591
555 467
797 75
653 751
283 679
752 588
819 643
6 791
376 875
41 44
667 405
864 855
643 713
383 309
35 347
966 413
716 608
106 20
549 689
301 438
768 403
13 447
38 816
581 420
410 794
305 181
289 311
920 551
730 365
1000 452
61 514
563 895
161 439
355 33
548 962
197 548
818 233
827 389
196 651
81 561
99 147
143 656
660 249
51 574
995 762
410 609
808 312
453 835
338 307
617 928
975 544
44 42
132 779
293 266
898 870
620 290
345 819
284 298
530 92
143 772
182 156
669 713
770 724
525 97
236 625
923 595
19 543
682 944
937 537
850 241
213 644
352 774
747 270
566 451
538 423
578 459
182 752
428 425
727 689
942 298
215 335
956 655
605 949
179 57
857 885
678 214
580 139
547 524
613 188
314 986
490 839
176 361
598 719
663 112
115 382
521 636
667 797
677 641
745 989
573 498
478 297
299 208
597 501
122 18
134 772
777 521
264 699
104 163
954 394
968 923
910 930
416 179
684 454
789 760
175 199
913 348
219 927
529 950
43 53
938 501
544 854
573 46
574 251
387 868
416 305
444 815
213 690
82 117
132 945
416 944
858 759
664 84
637 835
654 599
294 670
911 291
337 326
879 815
35 183
91 538
621 955
497 301
565 787
46 22
1 637
465 221
384 925
105 745
202 343
489 527
17 999
179 453
758 444
120 649
226 112
129 298
860 477
112 302
850 958
859 190
175 344
896 846
654 676
857 722
905 618
370 35
668 845
368 146
701 213
18 217
568 31
273 856
873 317
738 85
708 845
748 556
418 886
528 437
675 844
4 644
123 935
550 169
55 507
186 171
14 797
772 343
53 612
208 479
466 640
66 38
732 203
433 494
143 503
330 144
430 241
358 134
181 647
986 751
198 319
490 556
828 88
355 964
64 406
694 49
385 389
253 204
444 997
412 285
747 869
970 575
468 932
218 109
826 341
32 698
491 144
837 593
858 443
400 639
16 352
847 565
706 50
518 261
2 290
79 807
832 344
605 299
563 883
703 351
669 854
150 632
365 875
111 506
581 871
376 488
72 630
332 63
865 792
469 781
102 305
887 404
386 705
697 766
611 609
506 694
671 468
369 555
489 714
35 790
315 392
198 681
997 345
531 180
125 466
235 719
575 513
19 182
173 119
258 585
262 850
32 462
488 539
792 626
910 523
163 292
290 749
241 586
402 33
683 763
588 85
926 655
305 986
371 253
494 630
560 538
224 152
365 619
175 101
660 947
552 770
190 921
419 73
106 135
570 606
752 895
991 206
633 902
156 862
399 724
749 335
312 437
572 242
198 612
749 171
107 639
587 33
357 832
677 153
391 246
427 578
842 772
88 913
825 670
710 568
459 211
855 893
190 958
166 974
506 999
37 13
706 699
858 994
400 636
599 646
87 809
385 383
984 400
86 474
647 771
903 632
771 133
783 159
294 87
985 107
638 832
199 556
131 213
968 412
214 265
633 273
134 967
868 138
697 298
745 638
209 246
302 701
749 74
785 429
31 566
481 681
725 391
405 89
128 340
142 135
681 523
549 52
948 622
296 400
545 629
670 169
138 929
622 340
443 666
798 920
530 394
378 618
182 187
905 850
4 645
903 924
684 804
962 38
228 655
967 426
102 311
883 685
585 50
517 530
839 243
380 575
547 18
34 58
136 281
251 364
665 196
890 678
956 454
7 855
824 409
974 673
926 361
976 454
433 579
963 631
542 947
326 637
315 4
676 654
518 287
744 292
409 411
328 223
513 978
855 46
404 271
912 479
554 341
12 387
115 867
297 386
123 379
249 25
274 534
282 262
953 497
683 180
893 251
929 365
854 94
649 490
671 551
528 134
325 874
791 690
289 428
215 658
734 401
109 268
527 289
992 513
659 889
742 485
505 49
444 902
443 84
671 628
415 641
160 322
594 961
671 124
869 541
59 88
116 123
417 71
811 202
977 424
698 54
195 606
594 399
661 761
777 463
18 333
647 232
243 410
63 856
390 912
49 248
960 4
380 375
567 987
124 91
198 159
780 999
111 50
926 506
928 977
793 794
283 976
292 817
411 425
543 504
367 671
809 670
577 844
361 372
930 414
337 943
10 570
62 573
146 940
370 203
765 118
422 601
31 750
910 827
791 400
593 845
416 119
583 48
538 437
631 441
429 778
159 897
437 135
607 328
214 519
168 367
716 869
484 7
471 402
768 939
532 419
5 408
761 816
685 526
255 626
896 230
881 732
753 235
622 416
823 902
345 201
101 730
579 598
777 179
493 115
278 34
446 995
474 131
676 656
912 904
5 933
59 976
125 654
948 922
407 268
262 705
555 913
905 156
899 633
926 940
359 907
687 91
538 378
780 739
126 153
376 811
675 74
814 855
172 831
240 700
558 645
504 948
593 546
685 106
706 143
110 752
494 285
653 874
757 694
295 195
558 144
278 601
769 955
799 111
772 555
506 185
596 206
633 289
179 994
280 362
481 453
220 943
620 320
391 692
19 987
836 372
557 527
620 120
295 706
23 906
918 865
177 98
693 330
547 587
978 661
966 782
25 596
257 257
643 370
664 835
271 927
958 238
243 725
55 395
80 857
567 775
710 801
844 503
810 148
774 73
757 91
328 416
760 717
177 4
142 29
83 925
696 552
854 433
326 87
656 629
140 941
375 353
289 923
137 343
292 368
262 653
779 851
97 46
425 211
638 295
1 726
280 795
458 612
856 235
213 537
943 863
412 434
379 72
431 376
405 282
874 60
677 706
552 249
34 594
88 125
149 197
820 933
917 437
113 893
96 287
335 828
67 827
952 752
739 211
943 323
385 36
849 977
845 357
997 798
938 393
463 358
577 823
533 842
127 414
357 891
257 901
460 332
766 263
455 265
96 822
942 917
670 754
367 180
624 885
656 318
203 238
168 340
934 93
7 636
647 460
947 852
920 42
344 845
299 440
947 867
882 464
668 68
376 757
553 482
502 359
86 366
341 267
396 903
465 570
667 519
736 531
534 521
764 142
154 747
397 811
901 593
188 242
309 952
735 103
327 162
43 891
139 324
640 998
586 57
925 830
11 110
789 903
413 835
380 411
232 913
1 299
453 72
81 276
171 963
622 210
184 896
960 369
875 610
27 447
541 959
7 936
650 571
638 589
902 958
73 297
915 159
508 98
916 395
154 432
638 691
316 998
653 939
728 564
3 273
98 409
896 218
24 436
856 21
376 15
597 480
188 532
713 795
916 200
193 159
636 847
285 871
140 861
348 807
555 232
153 857
583 476
319 965
515 965
382 988
452 807
165 884
526 181
562 372
136 694
664 859
500 124
673 73
669 575
740 560
433 299
268 869
532 944
699 776
455 33
655 572
453 512
397 649
230 829
939 964
868 782
870 337
202 693
565 572
260 935
915 850
590 431
159 52
747 998
945 902
799 892
238 955
612 313
7 571
793 135
914 834
98 474
819 982
750 414
964 777
13 525
760 903
698 666
38 377
131 666
516 442
578 307
297 432
150 547
261 780
781 944
271 747
977 314
817 368
588 236
44 369
317 688
305 310
199 484
45 436
243 659
731 187
360 238
827 602
926 566
852 278
183 426
397 970
105 717
126 990
968 165
179 492
895 797
900 619
166 700
181 520
146 838
576 199
881 825
668 160
544 12
803 102
259 976
104 171
241 854
491 173
685 619
304 961
787 425
688 408
814 693
688 197
166 16
792 808
666 590
253 138
998 456
702 878
670 154
143 176
947 296
144 381
864 946
628 908
962 421
268 976
477 1000
998 806
821 477
41 482
412 455
514 447
107 388
828 656
160 934
997 197
447 407
282 268
766 670
658 692
600 871
956 79
607 512
68 580
235 712
667 757
738 728
728 931
619 285
393 23
230 130
94 924
802 630
217 305
812 755
667 147
651 419
905 547
919 972
797 840
924 976
730 383
4 972
690 498
60 295
573 598
646 727
771 167
347 411
197 546
636 687
961 73
901 334
317 293
862 901
141 971
425 96
464 249
707 250
871 24
471 848
636 236
541 583
51 428
235 659
60 622
205 448
435 627
414 623
100 933
377 122
31 850
469 626
326 469
925 530
917 594
970 93
883 613
447 418
684 376
801 49
178 882
554 891
594 258
759 93
566 400
16 955
998 973
829 707
870 508
796 742
69 796
516 313
790 664
453 725
160 632
534 80
711 320
19 795
987 970
284 859
548 169
833 334
78 94
76 819
346 146
449 795
348 908
128 919
632 279
950 972
161 558
930 968
323 385
83 672
283 313
779 906
565 742
873 35
32 925
888 745
626 875
124 750
769 164
380 576
741 492
577 921
541 115
129 637
540 935
988 376
155 246
630 420
260 853
759 787
2 618
164 768
133 485
583 705
412 607
787 933
547 429
229 833
734 89
21 753
632 587
469 500
551 644
572 253
189 761
840 593
387 752
444 938
498 218
692 594
484 328
527 915
373 489
211 541
604 321
882 303
28 972
469 208
415 244
433 945
730 942
880 690
894 229
239 470
517 175
657 571
57 978
765 335
614 256
635 453
104 130
157 287
418 809
934 902
485 638
72 751
539 816
819 659
515 362
370 723
927 513
835 131
311 137
634 522
522 432
536 954
12 589
453 695
118 22
673 756
388 701
101 837
130 324
661 831
249 373
40 171
137 591
856 751
818 85
235 640
763 237
596 515
554 480
788 166
651 945
420 854
261 624
456 225
261 367
322 169
15 685
429 149
643 271
579 198
994 413
905 64
727 244
90 226
684 879
245 514
353 691
765 650
476 827
95 947
896 307
447 389
317 566
332 1000
961 841
920 404
590 660
772 602
625 319
535 405
33 413
961 738
853 633
633 48
434 638
783 921
184 851
91 546
963 114
838 903
773 165
54 808
335 350
573 652
960 61
219 954
548 857
461 508
864 802
513 824
298 844
498 36
703 674
154 839
26 121
603 558
269 162
339 202
291 822
875 688
100 151
1 539
925 364
733 547
35 846
521 534
674 404
621 191
885 910
115 527
673 734
329 641
567 82
805 960
316 336
531 80
873 133
342 23
163 268
573 439
212 171
999 248
108 692
554 459
929 881
632 396
371 402
781 192
822 344
392 441
404 928
464 376
120 114
786 19
917 207
781 884
13 463
752 669
610 483
218 480
333 257
271 256
718 408
756 613
101 849
597 929
375 574
337 287
32 531
522 796
307 802
290 403
450 439
390 430
214 129
929 936
836 295
926 875
515 637
814 575
180 685
719 796
279 3
840 757
478 604
220 20
73 262
23 102
434 879
1000 339
612 277
96 191
454 282
956 669
745 670
680 534
392 105
62 877
628 38
741 890
328 433
779 799
307 29
888 312
249 347
103 368
379 463
996 8
6 782
639 848
833 33
342 593
301 169
276 466
516 26
449 820
179 168
595 948
775 810
964 908
196 765
167 329
42 287
797 82
362 202
917 615
293 270
709 801
263 39
248 592
381 862
349 262
701 522
281 293
930 723
313 883
354 564
508 220
175 568
254 169
688 942
766 298
966 689
981 35
282 806
364 864
465 96
355 509
761 78
805 348
115 33
523 338
278 261
215 708
210 9
728 704
294 95
259 554
310 225
239 882
320 834
522 504
196 716
501 61
379 310
274 535
209 662
705 448
338 407
287 11
334 983
898 18
177 471
220 802
86 373
506 96
827 534
390 38
129 191
91 56
699 568
518 421
467 891
217 900
355 238
195 206
97 658
86 46
215 553
627 515
870 24
306 29
939 930
688 178
385 969
872 465
236 351
962 212
493 349
264 799
561 917
617 79
356 967
959 297
100 803
150 100
699 466
963 755
853 393
986 12
877 80
333 761
273 716
494 900
501 785
442 63
38 11
572 618
274 357
956 795
744 138
54 892
176 876
353 512
492 51
127 618
804 322
999 331
389 501
374 821
44 441
563 389
561 942
38 464
716 184
19 66
620 844
660 807
990 675
149 987
421 833
382 419
66 688
331 272
639 916
819 691
273 290
444 18
850 895
530 160
562 20
447 20
441 378
211 163
672 654
132 795
710 121
173 433
607 445
533 919
566 622
52 511
501 921
312 333
598 511
26 964
579 208
595 219
559 429
601 288
498 722
972 997
94 582
139 977
349 502
571 298
85 888
175 705
710 775
939 132
343 861
658 626
333 854
742 664
811 582
444 750
897 951
475 586
556 660
79 540
7 723
439 275
859 985
917 711
912 46
644 311
486 830
705 657
809 895
547 104
192 242
867 138
240 972
549 408
331 568
169 184
810 162
436 810
191 714
607 40
310 123
619 888
110 2
994 129
617 327
616 617
3 781
289 941
695 389
208 353
32 280
43 726
417 107
355 948
869 153
125 39
652 799
761 934
552 103
336 374
357 920
665 588
356 952
775 330
516 516
495 152
844 511
916 446
456 74
31 466
491 352
465 91
868 252
96 186
721 516
119 624
254 143
914 665
447 165
488 216
728 39
871 917
984 69
411 365
42 881
971 476
80 611
22 834
170 305
986 593
904 460
439 61
518 390
801 546
845 675
559 430
835 929
839 346
900 119
535 392
49 824
848 200
279 429
928 590
140 804
53 797
745 536
517 751
59 269
382 86
639 819
565 283
373 314
391 627
374 183
725 237
548 922
978 1
383 228
914 647
938 385
226 273
895 822
731 210
853 562
368 899
168 870
924 430
20 63
454 443
848 953
363 964
837 845
899 324
334 985
646 684
588 774
763 695
523 966
399 252
706 91
479 383
84 769
49 402
199 535
801 222
840 235
8 773
850 595
38 782
443 653
32 604
928 974
86 614
259 393
911 158
659 178
633 18
644 659
535 393
832 419
825 556
695 911
296 991
989 404
56 169
803 515
756 917
597 724
183 120
848 156
46 392
738 377
769 316
570 604
13 916
47 759
138 624
867 66
740 339
12 608
651 436
756 717
39 300
545 361
798 304
910 230
933 558
13 795
825 184
258 341
294 237
545 910
680 829
44 78
780 778
588 252
320 993
673 702
468 745
161 688
562 189
243 860
680 543
478 501
975 815
35 957
824 13
440 786
766 541
863 377
767 839
796 272
101 431
883 45
975 505
502 911
651 292
996 759
211 948
908 559
6 751
794 990
843 560
696 76
661 487
394 616
748 845
465 674
67 179
761 104
916 611
814 253
716 150
926 887
846 551
729 734
265 564
838 379
709 801
904 138
90 126
477 968
585 27
159 21
123 441
691 284
439 804
256 204
428 709
91 208
437 780
901 268
991 693
181 157
64 490
606 501
499 171
67 665
191 529
911 608
569 404
622 122
879 474
171 358
434 368
292 920
315 544
232 117
228 466
142 245
108 612
173 314
254 281
464 19
898 318
803 462
348 302
664 498
886 862
664 444
528 798
677 990
230 303
39 106
391 454
233 43
217 803
474 960
25 496
269 895
524 648
211 716
16 990
620 70
151 775
705 365
515 658
494 202
202 197
615 737
602 73
98 446
336 198
348 180
553 869
673 549
284 717
992 46
754 854
973 596
296 714
121 476
116 494
61 855
215 540
995 758
987 676
634 797
57 602
891 665
690 603
351 89
859 667
328 373
420 879
100 495
536 102
157 446
228 530
446 467
41 663
791 322
22 457
519 599
111 148
402 42
72 96
42 158
397 91
369 581
716 806
70 492
235 608
889 798
725 547
955 314
873 335
100 203
201 576
347 535
928 827
826 670
941 748
918 986
326 46
657 717
646 219
52 917
216 300
967 52
591 501
149 482
497 864
440 96
341 171
999 171
742 778
343 162
62 937
196 383
865 169
458 720
969 389
438 433
648 648
600 840
341 513
451 690
233 29
215 637
31 668
320 878
871 180
15 685
38 130
975 221
618 24
750 149
632 600
359 623
908 277
159 761
351 24
246 983
181 375
248 62
841 810
693 163
449 132
104 915
635 143
555 949
60 50
199 689
755 386
535 572
528 658
27 514
280 669
255 250
698 620
113 120
357 402
63 702
938 15
363 798
389 506
530 44
474 904
978 999
131 979
698 755
127 616
296 109
686 913
120 243
492 661
153 221
145 81
498 367
299 945
790 130
582 428
661 296
146 936
187 50
67 716
396 836
38 60
408 919
427 758
265 8
545 347
134 168
290 103
899 224
274 810
854 983
455 808
574 214
749 259
868 689
639 881
256 775
483 717
86 744
492 683
683 213
874 91
224 735
708 394
136 634
36 78
129 459
882 948
451 657
119 257
802 88
853 200
421 772
942 748
52 826
388 461
855 915
205 926
720 51
515 738
392 122
775 328
516 149
982 351
224 639
662 151
801 987
91 781
964 668
475 498
435 827
809 5
924 950
974 539
932 771
543 683
324 724
752 153
973 992
999 335
378 492
93 782
698 899
978 553
879 447
55 113
442 474
231 249
11 476
667 191
511 619
295 309
289 894
176 924
574 376
70 192
983 596
302 276
476 935
176 668
891 631
681 104
595 119
717 615
100 36
89 365
60 136
753 312
307 906
296 831
344 576
451 856
564 815
493 255
663 609
626 991
621 352
754 846
734 878
291 266
855 5
675 31
852 573
548 852
729 536
423 685
535 210
727 468
843 910
316 623
727 833
352 918
31 894
285 885
223 477
967 850
481 541
568 50
506 831
887 16
59 418
671 999
3 673
132 366
775 687
130 769
134 786
824 564
773 693
226 209
597 807
672 43
864 897
911 647
746 888
127 919
774 48
648 910
206 179
50 471
122 711
77 301
187 818
231 886
548 487
76 596
254 102
339 370
278 949
635 713
249 307
205 721
691 434
414 723
398 521
625 590
355 167
495 240
918 574
30 474
531 961
853 247
449 636
69 75
120 515
917 579
671 736
573 641
43 655
675 9
948 24
147 102
710 546
139 892
994 102
895 115
723 953
82 972
170 627
230 63
635 377
565 985
90 909
12 223
562 628
163 851
677 141
398 657
834 343
30 217
781 441
417 511
988 893
615 796
773 201
718 76
145 959
545 338
390 231
964 790
372 985
262 812
752 547
85 542
405 132
885 736
38 904
608 2
133 390
299 925
992 859
247 678
816 112
342 344
233 800
226 107
132 896
367 84
263 598
886 467
669 422
50 246
30 699
829 861
454 770
672 302
153 747
739 225
527 29
888 531
66 422
484 7
586 726
510 948
32 439
623 482
325 576
725 579
443 88
601 196
195 406
293 26
217 323
593 574
14 188
707 329
884 163
959 979
943 752
683 893
60 786
836 984
405 908
567 639
364 967
544 790
142 112
482 360
101 396
319 576
374 919
950 67
220 912
987 168
793 785
456 895
507 121
976 648
599 213
608 164
351 239
720 217
692 492
948 677
46 905
991 704
449 188
86 339
380 730
649 626
873 620
284 690
56 706
707 467
857 858
896 668
255 427
284 435
81 970
638 797
398 123
521 877
636 724
95 241
627 399
323 541
316 759
180 831
364 723
399 522
191 699
880 842
116 980
372 527
398 60
19 92
763 619
203 591
916 291
286 261
489 830
696 193
182 366
8 818
240 956
649 853
571 68
114 48
440 516
221 922
664 769
846 95
434 675
191 335
71 381
779 949
27 146
695 52
291 42
557 861
69 906
918 2
751 551
721 937
148 652
679 930
407 722
651 209
542 448
168 453
313 578
825 871
331 28
168 351
364 274
87 640
583 223
597 584
232 108
829 984
985 917
942 394
335 159
5 559
198 121
638 640
186 179
614 606
775 102
14 313
746 68
687 406
810 301
85 803
683 800
723 376
989 484
744 921
899 702
383 632
475 121
531 613
81 366
459 970
123 2
906 276
518 148
539 563
544 776
399 210
303 805
937 780
117 405
370 275
53 359
901 469
491 807
103 611
967 957
97 357
158 687
304 351
836 676
827 537
182 973
640 858
24 690
70 356
645 488
967 145
527 522
272 988
569 721
944 704
873 612
682 647
117 89
316 144
862 219
777 383
992 491
47 82
438 134
397 737
285 469
155 452
808 443
398 382
270 358
831 708
845 421
613 388
649 471
683 134
1 732
274 946
197 661
497 228
704 747
103 156
955 960
516 231
581 812
450 958
960 749
284 873
935 883
486 837
331 560
825 990
418 819
296 990
523 305
801 284
906 619
628 501
708 571
592 388
142 664
128 995
329 288
226 892
442 187
681 747
526 74
44 392
440 837
821 107
598 881
475 612
210 589
649 483
540 636
916 800
288 473
15 399
752 700
534 978
74 928
367 44
86 767
581 65
704 310
124 522
513 530
918 192
789 829
313 770
305 501
448 47
720 229
138 465
493 490
517 461
120 124
466 908
733 329
72 509
296 767
338 694
599 244
326 799
603 375
914 83
186 995
512 893
354 537
545 538
116 852
288 238
946 850
1 983
320 733
562 450
941 87
385 467
293 507
770 951
559 901
744 803
969 227
270 880
273 962
149 744
679 745
886 667
623 672
548 793
834 927
719 800
804 956
544 987
639 370
349 200
954 289
101 838
273 894
5 430
923 457
301 732
266 227
781 261
7 60
84 985
418 644
6 990
941 410
397 734
959 169
580 361
892 144
551 513
839 979
371 633
270 442
298 746
343 976
785 983
682 593
631 759
896 853
857 698
981 430
873 372
437 845
416 682
183 667
901 561
147 998
462 335
870 205
878 415
570 514
691 359
799 228
125 562
545 532
122 164
236 621
318 780
580 237
665 276
567 150
513 936
962 775
256 94
165 228
315 832
570 925
762 544
907 523
935 747
789 750
983 975
944 140
109 940
59 23
165 871
63 13
427 660
646 780
682 375
464 43
454 489
644 464
782 444
476 496
249 251
827 347
399 385
6 359
347 92
383 1000
888 546
917 875
319 978
15 792
556 797
727 75
410 422
581 637
628 630
207 555
921 462
424 947
98 310
106 382
108 298
281 96
723 390
928 395
67 352
447 1000
598 622
65 213
649 176
852 266
936 758
75 481
399 512
725 841
901 379
484 191
925 337
919 813
333 814
726 970
541 730
503 402
566 451
336 72
76 206
221 688
322 196
246 59
436 788
786 331
610 793
923 866
511 29
550 13
248 513
370 587
816 488
586 469
341 876
801 113
535 148
620 828
566 628
14 1000
206 192
9 744
116 904
25 805
389 911
680 166
805 899
939 665
809 492
183 367
492 223
204 877
148 275
915 326
268 17
928 403
708 958
762 681
64 511
746 973
584 677
994 156
5 51
874 398
376 289
635 603
420 818
769 24
548 550
522 245
458 237
318 542
471 765
573 203
452 607
324 851
403 231
935 906
291 514
515 993
252 146
678 926
2 117
882 779
323 743
687 822
376 366
955 224
429 926
886 791
548 309
503 254
132 445
152 713
516 807
947 425
16 375
870 980
20 310
807 511
652 638
656 968
599 894
83 292
326 291
253 78
826 256
392 571
824 644
791 585
641 323
381 797
346 14
335 516
396 493
513 807
303 444
543 552
149 960
132 130
710 991
651 690
268 994
576 582
443 410
238 15
523 800
551 115
347 30
918 486
187 814
238 987
98 297
161 128
842 230
908 792
398 328
794 8
581 434
87 328
963 885
380 861
719 720
265 191
456 49
54 364
780 751
653 854
290 904
946 114
694 233
681 651
715 229
960 30
99 845
767 439
880 201
78 559
906 43
997 733
740 722
790 263
643 740
610 199
645 815
983 387
106 997
376 532
6 250
765 816
663 344
291 646
217 53
716 270
129 626
821 750
485 998
340 970
497 664
759 557
330 532
34 102
581 730
220 696
177 165
58 900
466 335
576 408
73 250
489 46
896 292
265 338
11 939
22 362
270 160
962 560
12 317
438 145
582 530
580 843
216 624
353 597
342 761
745 785
195 329
676 307
610 720
375 231
445 159
204 649
122 777
193 319
996 998
656 825
155 375
287 857
716 221
626 781
1 55
312 727
68 615
826 711
302 172
494 539
172 306
839 580
227 616
243 955
424 95
451 511
693 705
679 541
533 901
16 295
596 261
928 914
669 75
507 628
239 727
288 583
715 877
311 12
790 637
172 284
414 610
17 401
347 710
406 639
395 499
853 733
535 559
737 38
523 880
948 845
869 37
774 823
558 483
741 432
883 438
632 171
622 83
946 821
546 180
585 581
999 772
563 147
899 468
305 917
253 981
609 10
80 329
747 626
376 1
810 530
663 94
902 662
233 106
907 83
753 614
457 190
880 548
903 748
69 988
995 863
542 685
737 629
778 686
403 508
306 761
477 849
249 433
274 991
896 130
64 784
48 882
238 762
694 784
462 558
720 314
430 595
868 538
831 910
788 510
241 933
676 941
256 320
571 55
619 387
448 531
470 326
884 994
967 42
679 955
335 608
527 754
489 217
976 378
478 434
124 270
301 956
678 640
586 621
433 915
927 180
958 799
79 510
617 810
74 458
21 472
969 996
566 371
528 335
321 682
650 293
102 176
447 394
972 332
172 100
375 739
89 47
455 937
532 236
91 88
961 373
110 462
337 532
90 299
515 433
109 887
85 191
143 12
856 219
930 429
413 397
122 530
57 239
137 976
428 382
552 972
674 964
668 879
22 843
320 390
541 929
917 794
942 822
377 104
502 997
576 370
428 934
501 924
690 858
906 6
572 477
209 110
529 906
921 472
168 716
874 257
641 384
588 196
166 59
583 498
18 300
920 871
860 944
103 351
634 866
268 512
919 232
862 635
196 305
590 948
23 596
678 579
687 283
948 535
238 219
927 459
611 958
127 503
631 744
208 697
87 709
755 945
968 851
655 151
429 344
56 432
169 427
855 190
435 974
565 862
659 603
545 819
604 236
794 180
596 418
384 430
846 421
375 26
371 166
723 776
779 322
560 719
772 356
184 659
954 228
273 732
997 356
799 258
30 417
352 458
248 822
23 212
811 45
213 99
624 837
313 623
854 917
421 56
18 89
247 506
501 776
314 350
988 266
279 422
649 992
81 996
146 945
485 211
935 313
364 1000
674 829
724 267
331 846
984 817
222 277
726 760
995 499
656 788
593 653
488 982
281 769
895 552
101 495
700 252
256 627
568 433
608 469
262 712
819 892
474 219
93 638
40 201
16 389
716 333
142 943
935 146
832 950
456 770
372 928
263 596
351 200
427 966
253 222
639 684
518 55
869 35
494 9
831 308
421 470
686 357
580 703
210 692
474 750
351 211
998 373
508 155
72 422
116 790
818 941
779 405
875 79
743 975
919 973
921 74
836 897
844 427
558 605
950 416
721 549
653 22
470 26
368 274
957 553
852 829
271 398
974 943
7 492
354 673
769 129
618 927
439 777
308 741
144 440
295 608
30 895
818 374
937 886
955 104
858 507
160 969
471 85
959 256
957 829
436 600
612 737
87 146
783 287
161 945
515 199
876 544
340 306
4 116
967 186
595 43
846 66
127 776
95 449
462 11
796 873
216 919
38 651
565 597
317 621
776 656
866 740
479 627
958 717
495 886
460 907
6 502
842 359
343 183
521 516
759 970
169 736
315 282
665 105
316 886
686 984
779 88
385 67
582 936
519 290
603 439
527 950
18 423
424 302
142 233
13 683
231 995
964 227
596 719
456 214
28 613
58 789
234 504
809 987
694 904
791 501
689 915
214 715
494 783
79 305
691 773
436 609
696 595
196 723
957 309
83 112
951 490
851 175
93 256
137 535
488 415
846 979
448 187
254 684
36 509
220 55
245 178
141 71
848 647
477 423
55 784
414 848
557 635
741 41
946 766
303 235
918 724
326 477
365 645
462 231
371 460
952 979
325 827
321 681
334 179
389 25
991 421
478 159
573 867
604 829
544 145
632 330
322 512
417 416
327 949
902 187
181 662
231 377
826 472
530 866
358 706
729 334
498 237
10 686
798 660
254 961
711 444
139 245
153 440
608 172
426 964
976 315
675 470
338 499
476 905
298 639
519 918
73 401
368 270
418 83
867 257
403 299
318 168
139 20
538 867
776 222
512 956
611 297
42 188
121 688
860 395
58 446
646 279
843 523
583 44
887 188
22 163
993 964
219 392
408 6
312 716
180 151
577 684
767 275
536 8
548 50
211 738
67 786
484 412
99 847
179 947
869 662
332 864
315 895
413 492
504 815
814 404
22 737
135 501
760 628
478 64
49 35
385 855
502 133
806 62
531 685
803 27
22 677
558 672
112 928
739 609
754 22
822 349
474 484
677 200
628 583
204 246
333 176
707 498
148 212
461 987
906 902
558 242
205 407
821 269
102 742
389 662
110 279
429 968
533 415
490 469
181 709
329 495
901 95
976 834
850 914
551 605
823 937
685 226
90 660
209 856
760 398
577 536
626 419
12 785
160 785
967 410
278 190
438 753
575 852
422 748
705 420
317 2
98 328
81 845
325 480
918 316
589 573
582 636
577 436
650 736
970 790
453 482
446 710
281 988
849 914
520 37
71 260
547 517
780 725
259 23
423 589
376 992
355 675
733 430
463 455
945 507
668 519
390 236
61 673
327 415
5 17
396 967
84 330
699 652
494 288
143 394
131 939
728 366
997 149
37 167
795 507
310 853
795 539
242 696
442 412
389 67
717 793
452 460
488 517
481 732
28 182
863 86
674 57
503 287
648 119
256 401
668 763
419 167
901 550
392 321
421 113
296 29
51 846
368 246
836 455
490 336
223 634
447 213
921 909
527 322
825 631
213 443
194 292
4 297
627 589
648 408
195 272
962 814
297 507
780 470
649 366
962 694
760 496
709 759
248 644
296 585
793 241
987 270
74 570
440 844
828 758
374 486
735 693
707 295
267 977
183 481
489 516
221 357
849 73
310 866
27 40
676 412
311 588
469 844
54 774
326 7
886 546
660 590
105 429
994 876
947 303
216 889
333 230
659 304
332 10
991 290
369 463
218 662
855 769
120 374
293 152
846 336
281 983
179 287
686 208
133 108
643 873
876 874
446 225
4 891
771 888
781 908
573 324
250 616
906 493
147 334
848 103
657 321
457 42
373 259
165 534
469 848
648 892
941 310
997 135
854 692
810 68
489 635
493 181
506 821
38 928
401 782
84 621
177 616
567 539
287 108
64 309
259 136
694 517
387 666
868 542
980 414
791 612
296 20
499 514
184 172
56 192
161 775
85 640
514 59
246 229
316 441
787 253
742 383
58 85
220 791
604 592
825 685
664 371
365 350
626 53
701 210
774 397
189 100
917 712
421 723
518 111
210 571
669 497
526 23
920 339
888 118
310 691
178 762
675 574
899 842
366 233
925 575
142 901
362 339
340 671
528 118
374 546
95 336
886 724
405 687
56 583
277 640
470 690
649 802
911 349
172 310
837 208
188 524
663 263
470 437
538 596
197 338
707 709
959 789
366 769
751 36
262 452
840 228
147 103
421 467
51 237
157 424
477 822
811 984
864 272
396 873
757 203
652 927
593 646
482 707
578 606
187 724
946 43
224 501
833 330
559 986
455 678
294 250
433 484
600 964
754 589
809 686
886 161
562 795
680 574
49 342
597 877
187 902
988 489
2 313
876 516
43 234
176 982
567 492
706 631
428 183
32 304
458 648
881 110
850 390
545 774
466 166
865 579
813 208
749 708
846 222
43 757
222 373
345 679
25 734
711 569
789 950
640 108
344 680
365 386
982 15
797 552
927 120
462 407
926 800
267 429
477 494
258 664
337 154
628 532
749 270
957 869
359 813
80 660
446 80
833 838
573 481
927 813
930 803
563 882
447 261
563 954
525 410
24 256
94 44
782 16
773 440
618 962
791 395
632 973
719 553
659 77
755 692
713 62
270 419
144 835
502 768
612 330
895 259
716 541
839 108
901 102
698 199
557 282
257 123
470 144
177 266
605 486
609 345
56 838
320 290
318 905
137 55
362 351
628 867
968 659
170 942
934 539
848 669
702 151
927 288
607 95
630 479
669 200
460 634
764 778
281 953
945 545
775 754
845 175
612 491
498 375
11 280
189 665
943 25
92 623
157 506
441 242
993 644
678 492
260 696
952 67
323 443
199 616
444 324
144 307
429 895
54 529
576 148
931 333
621 837
808 993
755 461
242 424
825 958
362 292
474 738
698 665
490 300
842 905
982 495
961 312
904 174
821 983
478 911
796 55
261 862
363 121
147 896
484 211
833 401
334 718
491 579
894 150
118 357
368 912
918 738
79 163
50 127
8 520
399 842
165 944
289 202
724 221
128 9
344 218
782 618
753 472
466 932
479 750
871 843
775 677
842 774
462 930
302 922
676 626
359 41
170 601
880 475
754 843
127 513
943 533
456 160
170 207
816 40
784 92
407 446
285 332
979 454
677 937
611 234
261 489
703 785
890 297
199 693
406 53
577 251
202 207
285 553
255 242
320 814
321 635
456 792
330 941
923 230
792 23
969 824
444 109
208 273
909 276
440 556
277 938
750 358
936 247
196 723
686 686
658 214
875 803
695 110
250 696
239 738
884 338
711 420
786 384
368 841
265 881
522 845
871 140
93 742
852 126
187 475
202 606
224 50
492 260
444 569
158 451
184 135
895 249
22 306
255 299
469 294
881 401
70 103
944 602
207 673
716 522
845 451
396 901
335 413
66 881
52 949
899 956
666 380
265 391
736 75
784 450
25 440
452 476
976 195
111 359
751 742
50 875
156 284
381 684
393 178
66 529
945 2
771 201
592 808
645 916
815 821
217 59
863 418
620 846
182 119
171 499
628 518
845 596
680 497
367 271
692 633
931 842
940 85
923 835
571 661
266 998
602 605
404 395
530 486
615 455
418 593
20 556
755 63
954 286
920 883
672 713
111 24
796 851
612 428
421 19
311 313
151 6
613 331
608 524
782 288
698 298
515 414
133 312
767 911
7 963
819 184
193 49
664 929
19 74
602 721
370 761
483 954
458 77
929 190
40 660
431 458
992 937
301 507
488 863
321 364
137 807
814 15
936 797
626 157
633 903
242 312
716 215
760 848
929 659
777 652
709 694
159 114
776 852
405 484
582 533
246 910
670 441
677 429
218 620
940 368
481 549
88 296
667 15
811 675
219 43
4 425
972 354
211 770
95 941
83 941
472 657
99 911
169 279
330 187
330 4
853 830
650 145
152 188
533 694
287 409
426 751
89 466
874 878
969 410
219 778
739 268
66 739
190 920
285 538
355 671
405 987
513 233
815 832
976 492
413 177
271 700
178 779
102 154
711 496
977 925
384 487
240 752
337 397
301 197
24 736
195 499
458 78
36 551
419 915
407 234
524 325
439 313
146 924
636 318
494 475
298 452
980 552
18 272
263 261
375 192
138 416
605 441
544 976
531 816
647 212
237 21
951 980
384 301
323 979
94 664
343 157
768 211
637 107
548 246
992 10
973 559
874 740
714 982
360 803
463 68
349 170
710 32
190 527
446 492
389 628
365 423
977 507
349 29
545 574
381 467
375 184
278 264
591 865
515 426
339 710
681 879
705 775
365 79
661 739
531 953
413 726
330 59
111 586
547 716
182 769
942 417
580 91
169 458
818 933
747 702
429 860
692 526
666 699
555 725
777 55
658 174
540 707
903 47
197 958
429 592
462 999
869 39
723 18
665 847
160 577
521 641
605 569
777 260
631 251
302 391
859 73
164 858
884 358
421 883
373 752
285 654
861 803
338 559
107 212
809 904
764 19
83 834
409 939
588 336
679 428
374 567
380 913
138 539
410 175
462 709
814 257
105 141
105 620
392 810
349 195
409 183
206 727
902 67
307 493
958 908
456 247
777 237
267 13
114 172
61 324
923 308
791 368
939 704
916 971
925 166
777 292
296 864
3 962
550 921
312 769
604 341
749 881
396 269
5 987
531 609
96 588
959 185
663 873
417 170
882 769
497 911
880 543
346 873
359 946
503 160
47 593
314 755
224 502
646 994
811 547
234 76
28 899
188 61
788 580
141 167
629 979
807 667
871 751
344 908
868 779
638 122
917 378
952 289
580 147
899 973
145 629
149 683
281 433
618 578
13 642
904 788
461 190
333 751
611 843
623 597
892 651
439 929
344 987
725 181
751 324
895 955
421 321
825 510
236 802
100 804
474 556
659 346
969 770
229 446
94 70
791 84
643 706
309 570
66 857
266 656
295 701
718 946
196 407
497 765
170 487
619 333
80 79
382 98
33 417
688 488
524 726
989 95
47 436
961 651
450 795
230 426
281 544
233 2
57 925
160 225
51 885
690 729
551 84
188 180
50 741
54 173
94 448
488 874
938 182
662 845
649 838
836 486
713 254
914 6
785 910
537 422
354 921
668 191
22 589
147 231
653 347
164 952
456 106
369 594
62 173
714 265
418 87
133 733
715 355
541 537
348 612
647 771
692 378
747 446
405 792
371 352
783 840
997 698
233 839
325 926
484 141
24 466
463 784
231 141
687 74
681 55
125 585
876 117
805 398
226 554
782 657
798 754
798 950
412 946
283 692
45 826
321 978
202 77
824 181
413 243
862 173
7 489
314 26
112 308
842 214
450 195
258 283
888 339
55 28
791 841
696 404
837 619
941 362
712 462
432 968
858 39
611 352
748 898
78 82
793 330
976 297
924 216
892 834
419 69
606 129
906 87
486 243
239 88
912 579
831 786
48 340
84 532
841 973
391 935
890 864
744 351
873 945
611 761
363 662
910 944
817 897
976 273
356 223
407 691
825 332
242 321
66 716
853 142
194 147
337 194
401 290
710 421
641 892
48 465
611 81
183 329
812 420
916 574
70 889
533 253
375 954
814 686
395 877
550 232
446 178
974 963
925 952
611 424
125 797
462 837
231 82
826 510
977 272
906 84
966 506
907 524
306 482
999 626
565 691
438 553
804 73
560 768
346 97
820 588
127 214
647 937
576 897
762 943
777 768
694 207
248 394
613 312
443 804
241 255
355 867
528 685
399 504
748 613
515 446
51 214
298 382
157 744
881 856
932 978
532 873
943 355
189 348
742 504
10 603
744 812
935 471
404 969
725 673
507 178
541 985
816 119
689 74
620 275
1 74
701 62
383 222
256 131
734 96
538 355
902 579
251 49
525 37
789 284
95 169
393 245
964 398
186 387
845 754
231 389
640 720
705 223
392 307
917 283
121 115
761 482
451 600
513 358
509 381
2 756
914 598
107 695
128 224
998 252
112 446
904 35
221 344
529 380
54 411
863 583
236 46
218 815
547 777
385 383
213 428
41 997
706 240
500 909
766 555
351 428
785 910
397 963
166 282
134 145
283 838
428 663
361 63
966 323
78 816
233 783
920 174
219 53
690 96
629 714
503 644
821 160
320 765
878 599
129 550
224 158
615 935
184 969
106 529
147 835
339 428
325 312
620 36
326 136
827 905
775 941
761 163
42 309
898 199
41 219
89 993
799 817
372 390
226 519
860 358
428 378
318 193
115 537
709 961
348 173
9 640
949 491
130 141
239 928
822 461
710 195
291 458
291 21
118 980
294 136
335 134
801 27
234 187
915 325
159 331
114 715
235 215
563 373
857 652
32 783
104 210
636 869
412 276
846 258
466 723
549 358
483 507
139 583
11 204
877 404
687 642
369 415
766 571
730 394
685 63
915 355
88 551
669 143
175 112
793 680
955 404
620 164
695 601
369 671
232 253
550 118
623 942
442 644
164 649
191 237
918 530
894 100
119 82
99 801
191 578
711 749
448 283
192 965
836 882
397 710
387 507
254 804
796 223
684 55
540 829
209 436
57 998
985 400
197 635
976 280
603 621
672 481
941 474
848 660
206 224
805 722
193 471
564 373
167 40
458 840
351 176
825 297
364 302
187 563
174 253
566 614
386 494
280 800
110 731
923 494
784 346
15 354
451 257
456 696
872 273
861 387
160 603
288 216
673 871
906 576
871 266
829 511
164 696
669 815
745 788
885 940
634 300
601 650
188 405
37 714
740 699
169 852
529 190
989 289
866 958
332 913
743 821
858 126
953 670
227 592
722 782
461 540
403 619
178 494
529 240
123 263
313 444
538 917
468 412
669 369
941 52
192 719
908 641
80 414
702 753
722 597
126 694
641 742
276 119
855 168
92 556
422 542
28 116
576 880
726 835
7 783
662 890
867 638
745 624
157 145
442 283
941 992
564 483
16 436
921 332
194 31
716 350
323 704
78 887
675 541
299 998
920 717
974 881
821 674
442 229
125 976
695 597
675 836
503 474
619 865
22 146
306 316
221 204
591 221
809 405
252 231
721 318
971 74
114 932
424 406
388 571
89 904
943 723
287 25
9 275
793 675
990 77
705 977
771 493
34 212
654 887
268 555
26 185
837 634
158 696
296 653
607 890
633 10
340 370
145 990
104 130
841 121
166 531
276 862
806 853
595 459
170 259
708 358
770 90
653 642
787 957
931 851
770 761
811 473
118 187
586 969
792 35
483 715
630 589
135 378
355 785
34 446
922 407
356 150
979 994
235 182
788 172
289 886
62 254
306 703
312 193
466 330
236 612
284 886
779 712
950 278
605 370
346 470
971 210
428 788
997 501
331 702
403 862
598 755
887 18
615 270
691 254
106 897
743 992
254 415
774 186
260 907
85 569
462 679
595 92
70 24
171 23
591 465
234 821
220 848
798 565
782 212
782 42
649 774
622 301
88 212
934 731
962 380
397 831
184 373
909 119
732 956
756 575
702 639
297 976
886 42
433 357
949 284
595 605
492 351
484 711
611 51
436 771
646 924
792 971
379 326
364 204
553 957
408 956
389 305
299 136
403 816
967 809
11 301
973 143
960 379
939 376
819 652
515 119
621 353
949 958
457 308
667 462
449 167
106 293
601 593
493 82
636 185
251 412
995 51
385 974
298 940
210 331
928 184
85 383
549 416
371 198
63 366
628 678
149 884
346 184
409 356
369 719
87 30
371 883
169 620
535 7
905 338
466 464
27 902
439 375
689 215
301 15
305 878
826 746
554 310
363 324
143 599
236 139
983 934
80 897
610 385
612 626
690 282
410 886
414 933
78 925
559 581
14 855
285 454
817 747
289 191
64 339
892 266
323 984
417 2
275 683
723 412
935 270
609 307
613 218
520 626
785 443
968 462
947 916
275 749
609 129
759 197
21 322
949 454
532 767
545 813
239 219
670 532
217 505
107 744
808 926
280 381
899 81
643 511
49 464
567 430
436 170
698 248
417 895
906 574
936 693
616 699
850 794
151 934
701 184
956 2
697 266
750 238
275 642
849 887
232 728
825 931
154 578
370 627
753 523
987 736
585 948
554 523
199 428
452 898
466 212
217 943
959 796
391 693
209 325
125 935
615 313
498 938
199 202
997 447
855 198
579 13
294 307
544 244
714 157
925 299
51 640
365 44
638 790
720 677
525 670
537 46
373 878
613 880
595 777
806 337
575 975
942 697
330 579
614 759
170 714
560 46
292 912
236 993
57 394
709 539
859 242
30 117
86 638
413 231
389 40
963 602
564 684
884 483
789 617
153 521
557 326
32 127
589 806
996 536
364 791
600 746
494 857
491 192
139 412
406 32
378 160
290 115
163 561
402 273
305 100
891 806
490 959
397 449
430 173
30 152
431 427
151 670
264 613
845 95
881 896
726 240
142 952
19 98
848 400
232 95
255 457
801 917
470 192
343 3
540 728
122 889
204 288
409 7
234 27
296 547
208 242
833 831
166 304
354 960
520 953
944 110
539 286
140 68
13 511
288 825
991 707
386 757
655 213
762 170
821 552
87 157
225 981
24 800
87 299
167 668
382 55
820 126
919 704
832 896
626 472
18 986
418 224
883 268
624 962
784 171
360 931
797 879
21 772
580 651
595 456
108 686
297 156
11 62
747 931
576 934
791 410
301 422
136 510
359 779
59 562
225 525
280 460
635 119
474 212
431 508
683 798
760 663
816 928
78 72
268 151
987 537
920 270
764 673
906 119
942 893
612 755
90 572
805 799
402 382
992 964
684 458
336 798
892 187
207 807
230 246
991 823
898 199
804 695
516 886
337 310
478 999
928 693
562 448
1000 615
40 438
643 111
153 161
367 47
180 588
693 550
743 714
314 413
391 620
693 589
587 389
378 667
904 59
11 763
778 635
778 936
264 462
963 851
376 507
881 174
6 909
867 492
149 374
448 189
72 655
6 620
459 597
621 718
552 479
278 997
99 161
817 163
152 766
962 367
655 191
346 633
739 807
710 361
665 57
954 912
454 5
794 701
80 991
572 862
161 413
448 583
972 328
42 626
644 306
241 300
623 204
359 149
443 768
582 857
420 194
330 78
80 27
835 879
257 642
963 605
918 200
855 891
350 358
833 855
284 271
502 257
937 966
815 352
868 401
457 379
503 607
619 570
495 266
620 25
469 384
878 83
47 232
670 168
889 419
898 32
386 675
484 196
717 104
688 254
664 758
812 760
646 333
493 800
833 457
258 909
939 934
692 607
371 707
149 38
946 489
500 216
467 306
57 420
703 158
233 666
28 929
730 714
985 88
620 463
726 828
787 165
955 903
739 876
881 85
936 580
618 391
316 243
612 353
803 776
239 611
704 305
180 75
789 724
775 659
608 32
863 723
788 61
951 577
593 826
563 244
827 564
738 342
360 604
480 780
267 558
926 275
100 241
958 653
993 304
910 519
541 603
885 5
455 446
673 407
676 748
859 832
326 356
207 693
341 858
646 852
571 716
378 847
642 159
565 182
128 308
18 802
624 463
951 282
447 356
871 954
87 994
58 523
795 800
888 417
248 441
154 578
869 112
660 996
312 278
827 932
546 992
734 668
680 830
724 869
783 615
444 191
564 641
276 319
482 142
340 372
572 873
528 348
739 112
763 83
756 841
630 390
410 520
4 246
678 297
809 977
625 135
400 4
109 513
522 422
834 369
325 246
922 897
749 492
587 830
594 737
599 236
634 239
202 473
330 675
547 29
69 527
560 801
220 507
246 147
675 358
293 64
777 853
262 892
134 451
896 979
843 722
659 497
43 838
371 111
995 855
885 439
181 644
5 850
53 218
117 820
310 160
443 59
85 228
294 414
533 814
963 814
896 473
211 597
250 333
39 897
67 607
445 58
473 339
80 501
595 672
101 149
527 564
545 33
476 933
986 726
689 202
344 551
501 877
669 32
888 684
168 514
364 75
645 755
357 504
182 576
635 130
573 126
309 387
482 502
639 539
785 943
882 3
72 307
871 586
941 122
451 965
372 978
323 632
206 112
935 171
422 794
79 512
625 850
245 481
754 225
252 68
846 476
4 155
423 689
867 331
737 519
858 759
907 968
919 853
59 144
361 59
336 554
506 999
192 255
287 532
94 417
615 994
278 261
530 759
482 475
745 982
372 109
21 129
54 594
322 685
68 769
945 817
692 820
190 610
377 153
457 270
800 723
969 493
122 947
894 998
3 873
209 150
697 551
193 69
957 220
306 130
44 740
222 189
713 190
817 225
682 389
337 211
825 99
511 96
909 72
200 709
822 807
544 880
273 862
135 448
810 649
533 899
990 114
951 823
999 505
397 362
636 162
476 993
821 295
118 964
505 831
70 230
538 372
177 198
417 240
344 504
759 1
563 816
58 925
335 539
301 190
119 265
90 486
213 325
187 406
791 51
271 722
321 285
399 330
453 873
525 861
582 500
906 180
356 222
667 644
998 911
130 73
274 386
473 624
597 856
981 192
332 780
573 156
178 475
864 518
720 655
451 871
8 547
715 676
237 774
75 478
941 343
187 952
769 981
844 636
12 885
355 695
699 13
847 913
206 803
473 655
95 1000
894 524
814 459
174 957
48 28
902 438
91 539
670 111
712 434
286 838
459 496
640 262
107 207
300 651
321 701
232 573
203 525
762 273
465 960
254 155
793 364
807 828
114 504
859 746
78 133
848 106
29 288
462 810
961 133
576 769
12 185
24 240
502 107
827 253
551 349
288 655
5 978
463 783
463 885
983 435
113 87
419 634
302 33
179 882
853 513
821 965
645 926
898 900
631 163
771 691
838 803
604 924
609 393
617 222
410 495
443 562
799 508
94 301
113 640
973 524
393 635
980 426
822 474
821 318
581 980
615 542
211 482
820 507
347 929
699 140
951 478
122 119
692 905
362 668
406 868
606 463
697 989
543 20
172 74
172 963
613 769
70 82
109 636
224 757
111 616
639 566
969 403
107 789
41 840
291 924
995 310
424 217
782 429
523 986
133 828
905 738
574 491
385 642
526 673
623 466
442 236
269 888
345 315
538 894
104 46
410 553
1 341
882 50
612 127
54 245
896 205
801 177
73 176
397 337
155 91
886 532
727 212
16 222
618 295
63 638
663 656
516 664
113 474
642 757
10 588
377 225
151 298
739 642
675 8
513 425
732 764
207 547
917 558
65 308
77 911
988 51
138 870
226 606
504 649
301 187
530 148
723 553
239 953
113 787
555 321
340 851
38 311
572 375
197 252
136 677
85 911
637 279
372 342
404 481
926 712
567 802
286 331
30 452
517 192
202 768
970 944
213 387
140 223
300 983
474 373
782 989
201 875
965 860
31 545
178 66
388 131
620 710
812 608
405 505
972 757
880 82
231 153
219 17
337 88
424 413
389 381
399 32
291 113
32 306
814 145
728 760
684 993
77 90
142 968
16 372
426 138
594 505
768 999
459 306
417 162
149 642
287 487
747 474
713 351
514 863
969 836
54 659
552 649
838 903
335 667
711 799
402 2
726 371
71 144
708 36
201 612
257 805
332 26
7 140
481 277
33 979
501 445
813 25
918 402
352 299
793 908
457 746
765 716
848 20
820 849
145 739
922 210
265 263
608 948
296 823
334 464
896 713
899 527
238 75
440 860
751 470
691 508
9 473
765 960
857 962
755 374
424 565
896 262
230 806
911 88
449 997
161 831
919 589
584 556
392 795
932 529
198 741
371 132
818 966
594 39
681 176
705 942
310 92
129 978
229 798
919 344
606 305
743 618
275 149
218 124
322 97
544 44
237 884
882 561
993 943
851 348
254 474
688 154
141 4
593 122
669 220
539 396
802 946
543 707
689 910
426 581
805 428
947 392
495 338
701 651
574 495
473 918
633 788
529 277
241 304
946 713
459 34
790 980
575 647
78 405
128 995
811 77
715 949
500 555
976 577
621 516
961 843
744 774
666 217
510 370
218 211
111 334
300 455
894 154
854 78
440 593
573 62
715 41
845 689
409 595
5 769
997 643
705 270
504 853
4 423
482 701
599 6
235 917
260 221
57 522
670 456
560 388
255 56
602 903
569 643
863 753
795 695
288 585
389 879
771 122
6 290
429 112
296 689
649 24
365 710
279 858
969 291
912 523
671 747
71 392
988 870
301 67
774 365
970 168
363 854
222 13
546 140
78 454
940 834
798 231
295 567
780 142
57 425
718 734
462 258
422 945
644 645
534 203
247 676
797 954
814 732
922 191
646 988
472 686
256 993
722 792
454 993
373 593
553 198
388 369
535 636
400 131
534 847
339 477
953 835
284 619
461 820
731 70
985 347
851 808
605 701
428 261
359 431
53 864
924 271
226 771
262 973
288 37
931 475
672 540
763 264
597 613
136 383
326 572
834 992
641 685
100 702
256 513
754 80
168 87
714 845
278 626
30 406
575 898
304 569
982 545
867 989
281 103
214 816
97 704
769 334
412 447
863 38
70 894
859 995
843 247
693 204
713 823
385 334
619 296
693 814
150 750
533 707
746 173
470 770
909 872
255 739
593 81
275 565
397 222
890 908
387 98
554 61
354 73
506 844
647 229
93 416
443 167
666 887
157 436
271 481
744 658
304 198
346 124
657 39
329 301
832 874
22 14
696 238
812 961
680 809
772 438
889 895
810 490
63 775
778 215
251 198
449 116
101 642
883 435
975 637
188 593
676 480
19 344
51 149
333 285
633 299
966 270
322 760
677 962
244 178
206 690
539 748
510 516
801 803
77 976
455 177
448 474
221 325
21 428
663 334
315 915
281 87
794 469
984 27
108 259
449 602
812 465
82 599
427 472
808 49
615 484
402 61
306 301
602 917
810 517
198 198
972 358
373 931
914 269
426 124
343 615
780 317
759 44
223 389
613 396
925 481
945 337
367 971
576 756
961 737
264 645
586 526
912 803
847 392
634 104
838 783
80 260
915 144
423 282
132 641
840 728
587 93
479 354
898 680
329 418
166 269
366 928
821 205
688 413
937 163
602 272
607 257
923 908
669 223
22 462
467 803
736 225
953 358
80 976
106 70
274 650
61 92
910 419
755 180
880 553
70 132
277 682
832 905
593 166
343 151
723 218
654 960
899 154
680 126
915 520
21 409
166 269
987 468
85 7
90 550
482 684
963 501
897 13
657 946
509 386
645 326
343 898
147 589
914 513
996 238
7 871
965 775
113 919
659 284
525 681
321 848
374 366
861 742
673 946
414 168
211 487
457 600
363 266
284 203
236 457
580 692
717 464
892 649
103 658
222 23
822 508
12 819
129 782
243 545
874 447
419 461
998 418
534 201
758 654
251 747
809 642
52 155
344 42
969 257
324 460
658 505
140 553
584 736
763 188
353 132
720 38
922 337
846 912
161 77
316 2
350 695
845 837
412 577
206 461
844 997
953 66
874 771
548 665
794 562
686 328
796 710
560 96
145 976
274 154
459 204
592 50
598 312
303 286
509 343
321 559
243 881
135 131
859 541
745 229
208 171
971 735
612 339
102 808
780 666
148 182
685 728
42 888
490 788
252 398
408 898
46 885
78 855
392 146
568 978
899 640
105 790
357 774
888 330
491 460
350 696
121 639
753 890
593 136
193 648
293 863
100 106
315 288
203 467
427 447
967 11
121 641
66 295
577 925
181 141
871 34
845 676
67 311
782 519
848 227
406 784
64 79
656 819
337 51
603 744
865 723
452 640
179 78
669 736
211 644
148 908
378 405
57 884
478 96
944 740
600 981
726 491
18 951
106 802
573 747
834 621
128 484
789 950
390 286
324 548
191 590
526 947
650 113
418 392
941 271
940 528
503 135
405 935
593 520
125 511
698 345
173 53
374 544
295 117
666 702
211 348
600 616
509 738
296 533
869 293
822 931
225 14
413 860
260 644
388 250
662 224
635 243
227 128
893 86
683 890
260 161
335 333
405 103
123 879
386 742
923 716
682 605
342 115
501 560
121 771
989 777
788 20
350 781
210 106
528 3
546 237
910 54
547 678
115 865
791 616
104 842
803 446
422 357
327 351
53 825
162 236
320 395
642 296
739 920
834 574
124 707
630 526
542 855
789 765
705 895
618 967
804 875
968 46
941 763
557 469
137 812
18 813
335 291
171 542
658 37
153 901
564 179
639 810
314 307
768 279
914 414
104 682
622 554
944 788
950 706
258 942
615 699
809 744
193 479
841 461
996 973
481 505
886 334
294 148
372 461
275 276
950 149
713 156
617 591
177 505
536 269
967 895
407 602
762 734
613 927
260 386
145 789
266 257
156 636
165 479
778 512
19 495
131 192
668 181
18 339
717 676
270 251
865 510
623 553
8 303
943 238
580 256
168 514
878 508
67 259
115 560
727 649
242 454
707 316
527 734
244 563
635 826
80 155
353 354
61 376
873 232
676 147
645 713
526 838
753 186
861 908
942 66
625 679
643 648
444 362
887 883
65 369
282 909
438 242
539 178
110 786
901 823
993 98
943 633
219 649
40 708
824 951
536 324
731 543
953 919
187 994
949 808
970 762
816 352
561 900
717 456
50 907
597 392
339 915
273 1000
76 184
918 61
392 838
599 825
860 617
545 364
161 851
855 617
35 845
80 504
787 531
355 296
767 865
128 922
344 628
675 416
797 262
51 245
826 343
290 820
382 977
886 824
868 984
322 560
637 908
229 850
957 550
550 666
662 215
369 868
208 306
64 853
118 100
506 167
7 880
68 422
543 755
544 662
493 615
13 382
833 107
763 732
319 322
14 801
391 585
638 656
985 316
390 33
94 508
50 384
617 497
348 176
336 648
740 453
483 537
822 282
305 946
395 337
871 804
786 688
478 624
828 158
693 447
29 82
554 341
328 728
744 365
701 46
339 291
656 492
840 619
928 994
173 910
288 727
290 219
189 725
242 879
288 63
437 46
877 220
238 739
291 347
690 294
681 48
36 837
387 890
789 382
928 750
627 712
862 173
122 155
238 25
418 125
940 88
187 22
971 88
765 504
396 634
942 250
371 147
901 794
744 348
545 565
68 797
96 179
137 988
981 877
401 544
601 438
478 897
866 660
204 969
872 641
737 716
699 868
487 722
281 985
365 901
37 278
208 389
27 130
889 863
679 759
207 676
919 374
31 897
368 31
991 132
959 647
950 966
960 492
204 553
997 839
939 110
86 517
229 188
810 112
464 398
30 508
260 500
433 756
51 618
268 648
773 836
267 3
937 430
454 275
243 668
178 512
604 990
416 703
848 86
312 297
462 9
477 388
940 563
976 588
677 42
820 718
660 953
285 77
985 37
549 30
775 283
469 89
28 13
756 307
568 867
133 663
839 195
731 423
258 744
995 154
752 861
956 546
648 576
56 195
934 942
687 898
877 206
386 868
332 276
711 226
887 842
803 328
846 813
381 300
112 803
104 470
403 24
39 958
636 78
195 447
755 30
535 757
258 173
193 417
378 246
44 130
969 708
305 678
746 701
225 740
966 134
67 437
214 945
372 209
669 161
225 325
743 928
317 434
931 968
280 67
227 754
230 407
423 46
851 562
33 55
92 164
386 645
111 132
713 678
876 830
163 903
769 258
844 88
689 461
600 298
852 768
798 726
601 836
421 23
185 771
801 879
758 684
532 846
250 305
967 928
747 497
68 537
615 652
77 128
409 75
163 75
555 260
190 190
579 695
231 213
853 38
262 875
300 786
973 311
298 976
51 820
142 737
452 769
373 576
563 110
953 662
664 85
261 349
295 2
521 639
510 757
996 504
115 640
188 958
949 956
253 793
736 39
644 310
909 980
526 978
101 219
255 877
436 754
817 854
152 251
725 825
524 773
618 714
909 851
727 798
88 87
527 974
322 453
411 774
1 545
944 245
320 836
971 697
791 527
166 867
986 451
19 434
911 586
709 980
800 244
429 677
419 786
307 497
478 130
671 730
984 612
340 819
209 966
58 578
780 998
916 968
828 521
504 124
12 921
31 517
157 987
251 821
246 89
908 387
86 323
692 266
825 652
364 939
864 653
672 546
191 205
566 447
769 917
242 748
167 797
965 713
34 991
714 1000
558 481
615 606
754 611
158 945
369 563
339 894
50 587
623 268
87 185
919 564
805 706
922 427
868 692
564 27
689 396
986 221
505 470
950 797
237 799
271 95
978 692
725 141
365 721
896 908
214 104
356 264
896 910
79 444
844 121
684 657
367 697
297 34
923 851
675 625
967 346
286 845
367 513
768 208
574 624
39 370
186 766
960 391
4 244
594 969
400 465
874 446
952 727
736 544
204 374
741 502
753 4
861 433
567 125
545 608
570 32
180 572
945 860
43 829
593 36
891 549
25 266
648 460
381 390
223 807
798 496
31 887
19 217
598 445
143 560
418 369
619 465
156 432
153 61
693 64
917 382
159 582
869 911
9 125
122 306
194 425
544 762
234 731
832 629
655 374
94 543
19 972
16 865
638 423
834 70
264 925
409 391
185 600
138 726
583 708
987 281
211 278
175 193
199 695
697 107
242 672
845 58
134 516
79 8
479 13
534 364
216 796
566 645
864 756
868 674
536 371
640 942
116 521
931 466
451 789
66 179
456 647
945 421
993 444
499 590
449 75
709 370
651 893
889 722
379 882
244 913
484 127
359 821
61 585
549 542
302 820
834 593
932 539
814 194
333 376
893 26
74 841
534 962
888 711
961 906
930 458
959 914
302 24
69 859
244 266
330 918
284 796
218 686
623 968
523 947
250 77
865 690
946 482
903 943
716 227
542 7
184 105
617 847
300 602
56 456
820 93
674 45
17 555
568 894
730 465
72 323
751 476
369 925
625 757
43 730
801 25
725 913
748 790
475 688
393 51
804 943
529 509
365 535
876 541
733 417
948 245
16 966
284 829
258 146
451 660
523 767
876 378
664 757
200 870
916 327
302 512
613 936
531 80
509 675
564 604
818 688
887 312
737 523
195 960
310 739
971 39
193 459
526 406
893 429
323 628
943 406
406 143
764 866
898 487
171 993
189 338
97 190
35 232
173 181
356 184
7 106
759 206
134 636
66 115
150 142
853 735
85 762
20 990
551 226
656 438
423 735
282 876
596 847
16 39
622 218
548 217
398 606
970 102
581 672
281 149
4 334
952 777
503 196
233 827
317 115
167 810
449 783
816 570
898 411
265 224
130 260
913 404
146 204
759 706
875 149
79 637
830 316
691 806
863 19
588 835
196 287
909 590
240 708
466 930
647 140
62 138
376 978
783 12
668 386
646 806
20 766
74 157
764 910
79 795
812 12
188 723
701 682
521 758
535 787
689 348
398 401
58 61
809 175
860 366
443 454
462 89
325 184
172 506
979 812
556 774
968 550
84 926
697 2
665 545
633 415
807 860
182 918
152 407
749 57
51 721
304 677
826 932
964 193
992 129
497 562
584 8
258 206
601 215
692 531
882 263
999 984
18 494
823 733
14 33
396 290
597 959
479 643
680 124
736 558
434 507
231 509
968 244
102 141
699 747
156 422
129 988
153 71
943 770
179 892
103 699
169 165
227 979
765 526
859 465
324 890
72 245
609 777
558 835
475 816
42 536
757 415
423 480
146 383
63 877
964 578
365 612
991 288
334 86
673 550
877 533
452 903
999 417
225 477
378 662
757 449
629 433
966 687
424 926
66 485
415 967
776 33
905 593
436 49
356 60
188 495
965 937
997 548
41 803
706 653
730 629
136 638
140 821
702 337
921 797
752 666
185 676
924 556
725 467
767 120
876 800
985 763
662 512
239 469
800 601
642 296
141 93
436 172
66 853
960 34
365 457
313 541
972 747
233 112
924 703
453 524
184 525
236 736
618 647
930 193
610 74
584 538
822 300
214 800
734 134
985 928
90 829
172 776
129 950
971 337
795 14
775 364
286 439
263 793
144 826
422 1
841 258
328 710
921 729
709 303
579 118
905 247
126 642
568 267
185 316
310 681
726 888
661 724
302 706
618 85
638 995
913 872
95 24
465 840
15 876
484 179
615 287
365 985
