1000 2512689
10000
965 960
926 186
953 297
342 53
627 536
455 635
233 994
97 318
774 512
585 421
881 156
463 80
348 101
993 73
21 770
44 721
225 351
234 552
588 8
976 649
239 608
956 336
644 458
743 47
720 844
103 938
668 19
704 397
411 303
82 666
279 114
132 23
847 620
518 148
940 298
646 225
59 749
231 92
216 637
516 213
427 340
564 450
154 482
921 194
58 889
145 241
617 98
629 152
739 723
855 801
606 214
624 322
407 575
66 630
225 131
180 811
621 52
183 849
207 729
339 719
518 765
809 409
700 321
277 418
714 558
669 230
599 543
323 645
553 789
581 964
660 873
507 799
379 458
246 857
739 573
700 643
722 337
607 426
303 749
457 440
535 704
756 380
651 433
8 963
573 999
310 995
54 134
743 696
908 992
868 891
927 220
782 278
543 919
582 657
635 771
752 771
719 965
734 96
556 923
812 112
945 704
96 119
721 234
539 792
353 843
458 9
798 874
213 458
745 793
713 981
192 324
871 140
896 76
295 464
796 788
274 366
597 962
507 616
357 36
540 807
887 773
45 532
961 350
221 440
76 283
738 669
499 52
208 994
18 183
702 908
737 873
58 498
827 795
200 908
545 317
140 217
204 208
21 627
63 367
43 500
226 783
774 135
871 794
494 236
553 272
417 984
456 239
608 539
789 773
156 915
298 152
724 878
38 930
860 164
282 684
865 669
928 141
871 360
280 559
754 854
865 267
678 444
523 796
448 37
410 524
284 590
819 609
449 799
149 136
659 868
796 310
440 837
590 284
487 819
855 84
254 251
267 342
122 347
818 926
764 698
841 83
940 405
852 238
387 295
555 282
779 243
767 848
646 800
349 739
314 364
818 398
657 713
904 175
168 332
893 287
35 629
248 631
595 41
555 61
295 863
627 91
82 505
573 472
659 504
327 139
425 412
43 493
589 951
453 945
528 543
83 238
41 716
748 85
123 439
991 29
436 951
465 282
1000 438
459 306
125 574
772 737
404 627
199 284
224 526
651 64
348 979
920 976
65 698
224 109
795 794
195 911
320 753
583 912
441 681
325 591
566 512
3 10
577 163
601 58
327 925
895 91
443 26
57 666
570 209
384 211
213 235
299 589
344 230
949 533
453 967
878 169
137 317
429 91
788 793
996 848
329 719
358 4
26 985
700 729
732 59
900 173
856 13
32 505
409 858
692 348
678 508
795 276
907 345
459 236
858 773
352 436
528 257
49 891
372 132
134 504
230 657
355 655
153 415
657 466
940 957
285 330
683 300
715 622
588 47
728 613
225 391
942 262
246 940
106 922
194 162
584 900
676 844
856 663
967 903
735 132
804 675
267 898
375 805
15 127
105 30
898 960
270 666
931 597
508 965
865 756
143 786
243 958
363 637
231 227
101 213
900 350
610 798
445 199
167 629
99 765
103 603
218 577
63 321
235 738
911 825
757 180
191 545
62 31
789 959
331 67
159 154
262 706
918 177
825 837
622 907
291 124
857 393
532 362
954 287
924 96
538 426
612 74
474 490
331 895
987 448
373 808
900 311
658 971
673 742
703 44
393 127
981 397
31 589
535 518
53 893
310 315
756 787
734 164
521 284
129 252
557 207
511 872
50 116
68 269
929 600
823 328
802 711
169 141
467 371
106 345
549 890
923 800
331 64
226 274
990 723
627 462
712 47
580 138
783 450
452 575
679 673
462 28
933 694
679 962
921 616
726 330
320 962
81 930
903 120
362 241
804 182
782 353
344 515
253 461
622 367
640 976
167 656
774 773
238 674
161 170
916 798
540 144
284 155
374 744
37 662
408 869
729 852
551 643
176 324
291 384
212 692
668 782
810 578
439 706
485 843
839 504
489 317
655 193
288 861
338 848
308 589
197 315
813 370
983 799
365 314
861 793
78 361
402 344
124 63
110 429
824 886
7 77
131 57
249 899
878 634
601 657
896 319
947 988
323 491
56 354
4 301
799 89
358 941
163 493
166 9
885 418
493 627
270 857
711 493
93 884
598 288
150 93
639 868
752 689
439 650
983 349
563 209
867 849
630 157
225 961
75 614
187 642
211 202
789 368
125 329
537 795
681 280
700 74
514 250
64 278
194 716
584 536
182 745
522 339
718 361
541 903
664 899
292 649
725 267
129 655
772 726
489 560
885 796
171 446
220 798
543 150
410 735
56 840
509 518
236 149
72 322
415 848
432 369
916 639
625 828
70 103
995 471
314 946
558 151
95 639
997 530
578 157
125 929
766 777
598 396
221 745
696 688
671 57
536 947
29 462
271 23
272 397
964 906
25 455
246 962
239 137
430 921
119 245
238 171
720 505
137 918
901 939
237 7
222 541
934 352
681 573
808 733
667 387
309 872
686 858
596 785
479 859
540 97
215 278
441 184
950 791
934 735
294 102
417 225
953 69
581 491
379 335
944 466
854 39
772 493
906 773
285 768
564 587
825 890
38 512
510 302
676 982
992 214
113 976
990 503
544 65
230 564
992 54
806 689
869 711
837 450
852 147
437 189
309 216
317 482
355 785
702 195
670 4
916 734
797 181
753 714
439 565
657 94
957 877
144 126
401 570
959 150
312 324
218 73
855 931
722 446
957 182
876 339
636 560
584 652
293 241
598 921
574 712
885 443
404 218
746 145
240 460
408 912
421 282
3 314
920 252
108 894
940 884
191 122
96 368
248 721
161 952
745 161
252 253
130 431
505 924
103 948
950 414
212 135
797 225
387 757
170 620
878 645
652 935
393 69
252 267
221 562
757 565
536 477
264 814
654 27
621 104
295 565
186 313
828 30
851 470
860 466
462 347
70 336
713 648
933 986
271 294
783 229
819 132
264 81
689 629
578 198
511 484
682 14
548 626
250 654
958 98
985 740
68 613
211 908
975 86
687 532
704 957
335 618
93 501
698 171
643 338
573 885
761 275
695 148
655 822
885 980
326 102
501 4
277 599
481 279
113 603
288 213
809 872
509 445
457 521
882 183
953 741
778 751
135 742
535 314
820 687
836 236
929 222
803 770
856 621
995 408
780 283
674 658
464 798
124 196
149 246
763 708
431 66
590 874
141 634
618 774
670 884
426 911
760 432
245 382
762 402
980 361
742 433
490 728
194 537
986 196
123 517
181 723
757 28
639 615
222 652
994 435
533 443
23 65
565 912
698 695
820 376
262 718
362 39
820 569
231 551
624 707
397 113
811 1
36 684
791 724
575 220
111 452
122 987
557 3
362 393
401 711
72 133
274 440
526 255
75 899
344 491
117 96
771 463
537 45
530 167
484 752
223 194
39 110
576 684
702 907
832 253
395 344
837 711
963 357
550 630
591 635
745 113
603 488
984 87
925 296
910 820
871 844
980 692
711 756
145 521
25 184
957 708
107 876
28 249
700 476
973 982
275 680
44 847
941 188
723 737
394 709
192 102
491 329
647 281
227 72
837 23
913 793
27 702
576 60
288 328
156 148
646 825
572 170
607 433
163 272
492 808
199 737
154 202
637 109
63 931
936 16
554 819
674 678
22 33
746 405
405 263
70 885
855 651
547 448
759 859
810 791
868 326
633 969
783 675
259 787
884 359
849 354
205 551
711 115
641 840
407 93
817 279
61 914
603 709
923 841
667 607
944 33
511 8
647 414
98 937
1000 592
512 408
798 753
272 687
132 613
865 806
630 465
541 222
272 701
32 359
613 934
504 277
334 464
329 778
600 634
557 334
216 274
510 581
637 852
442 323
422 621
819 157
787 9
772 220
881 487
764 834
200 613
492 228
604 644
64 219
309 42
875 461
485 518
697 537
727 212
910 474
944 302
41 565
417 182
68 616
345 980
472 126
202 174
615 597
790 705
379 205
243 559
184 633
875 623
759 207
226 263
291 295
170 157
955 504
874 71
801 609
366 469
425 460
972 587
207 432
521 32
476 176
196 954
38 775
474 933
650 574
753 499
618 313
627 415
597 910
422 693
646 455
757 245
177 79
655 615
205 207
629 250
147 474
879 883
752 364
464 800
424 891
434 415
819 57
112 547
841 841
613 947
911 818
773 697
544 538
268 933
870 369
506 466
732 603
180 750
253 157
100 640
958 94
223 515
153 664
891 845
528 855
767 176
841 791
205 449
931 988
504 771
807 6
767 701
862 913
394 359
273 215
826 109
643 436
883 985
433 382
984 733
887 889
282 935
955 914
573 88
32 178
218 173
400 327
714 681
571 710
40 608
119 176
2 249
256 789
12 161
9 733
790 143
619 919
310 752
777 405
444 162
100 977
488 302
828 550
319 873
71 704
965 776
599 362
935 276
900 881
138 621
742 523
810 226
444 495
801 353
799 332
661 228
877 794
842 186
173 400
977 559
944 938
586 521
175 132
231 150
127 335
918 514
291 428
907 762
330 658
3 239
11 780
153 11
227 597
408 532
95 518
837 361
456 438
239 318
983 126
916 102
302 188
308 36
773 745
879 645
907 127
301 119
217 952
79 548
198 416
278 304
991 798
358 425
578 448
139 700
288 538
976 542
366 824
5 593
936 650
766 214
193 103
7 650
796 535
581 246
523 305
651 191
937 503
90 199
746 760
945 463
533 757
263 867
575 179
972 230
86 278
346 726
431 92
149 74
922 123
572 794
204 926
733 42
985 321
680 162
532 984
805 933
102 982
30 605
328 733
869 113
230 569
969 685
670 864
471 871
281 523
582 809
772 52
172 1000
177 612
88 238
633 634
217 126
305 753
524 808
747 727
170 679
602 136
201 209
456 689
269 962
780 54
511 717
221 44
880 435
52 468
207 126
94 720
261 316
675 903
316 796
92 573
812 717
93 208
824 862
564 659
546 847
133 287
881 739
155 841
873 743
1 600
894 712
765 874
127 297
765 987
394 125
993 43
400 272
679 940
443 201
766 335
156 464
460 437
563 223
846 155
77 281
791 582
367 85
361 188
914 451
330 37
303 332
506 472
33 279
46 442
733 293
804 262
255 229
787 416
284 113
966 608
367 55
518 433
305 717
749 386
601 968
117 77
368 672
526 246
717 348
594 107
560 419
328 922
440 448
940 257
357 99
110 755
252 843
735 175
574 668
374 735
428 753
923 768
686 929
596 469
63 556
924 258
390 696
698 795
283 965
828 777
623 854
489 343
879 79
304 250
210 10
128 936
237 198
566 303
850 106
295 387
301 765
409 149
814 51
553 712
141 765
243 500
323 607
318 583
173 269
641 363
571 685
890 449
437 465
68 156
854 818
544 224
63 501
496 604
975 473
735 128
748 741
250 773
41 229
341 927
670 465
453 310
136 473
604 755
146 779
703 841
417 506
643 722
292 562
114 320
697 891
67 437
969 558
962 947
656 13
657 620
36 208
332 575
773 623
476 568
754 845
425 92
835 33
668 705
517 896
76 556
243 146
548 841
175 150
656 124
535 807
156 653
399 191
349 384
721 179
230 470
274 734
361 500
725 94
46 311
81 658
474 528
131 786
118 861
414 640
785 497
777 779
203 778
517 598
607 38
493 22
405 557
570 304
483 475
681 972
705 22
545 125
918 753
406 219
261 102
149 185
792 218
257 219
23 443
509 517
317 65
542 468
852 861
353 435
571 315
790 681
678 994
436 579
174 817
171 805
696 946
285 445
230 497
797 871
920 114
880 200
689 469
890 720
62 756
276 687
530 68
443 573
189 714
781 647
30 352
174 699
750 924
899 375
32 971
207 2
277 243
631 11
884 213
450 352
812 545
723 586
510 951
264 397
80 104
184 934
255 118
452 756
593 913
956 281
976 835
89 825
2 839
372 1000
233 246
238 905
514 136
398 755
604 298
241 448
469 922
353 317
261 666
223 997
811 197
885 261
591 147
49 846
573 976
128 447
137 231
134 596
358 771
27 242
946 57
496 682
71 39
295 769
423 501
789 542
585 798
221 269
235 483
76 708
768 709
62 792
532 593
395 31
507 540
876 702
175 611
1000 303
472 307
921 489
602 726
839 960
237 877
817 399
800 98
548 142
364 910
275 571
467 181
111 212
666 469
68 412
738 445
434 981
458 607
739 991
355 985
42 546
549 822
378 102
754 877
176 838
116 235
620 756
422 730
409 103
531 293
890 230
565 272
218 438
236 239
463 739
597 70
952 175
232 414
471 752
387 484
164 313
716 399
542 285
2 360
197 146
567 529
107 638
608 20
690 737
745 325
247 343
615 883
59 293
510 964
284 144
546 448
831 832
494 138
403 964
323 695
433 936
822 78
318 333
64 295
421 617
3 765
286 601
195 98
432 273
551 726
885 561
573 633
207 260
669 4
198 442
895 897
757 179
931 888
510 709
994 954
85 812
120 445
36 190
583 291
161 546
242 949
949 537
784 488
505 740
486 30
445 28
749 88
41 999
593 628
426 585
998 320
649 701
38 329
782 913
654 319
635 76
739 546
852 872
744 155
662 75
712 554
916 214
66 877
110 190
997 473
534 589
866 874
973 910
322 252
495 528
181 470
985 783
479 32
366 876
594 284
493 24
996 478
920 228
234 803
33 322
148 451
351 616
829 450
404 389
135 212
406 214
748 705
385 264
701 113
855 428
269 7
620 938
759 35
602 297
148 127
628 790
657 535
173 994
319 130
555 305
387 227
229 988
994 669
329 808
447 278
186 996
188 566
248 557
354 817
45 760
406 758
139 878
112 620
376 259
203 38
934 586
327 128
690 144
273 583
737 484
240 212
55 715
848 134
914 70
488 188
975 522
954 112
704 476
154 692
403 631
521 23
949 458
909 15
693 836
340 368
128 542
871 364
124 36
75 840
7 608
698 111
790 339
636 472
135 175
706 32
859 780
539 530
121 967
638 747
905 96
555 837
842 17
732 145
63 911
506 844
945 886
316 446
113 575
583 106
392 958
878 32
694 621
936 751
306 436
72 96
5 227
732 110
96 991
110 698
806 29
483 90
940 65
595 635
530 274
605 9
929 651
537 18
718 865
221 748
376 828
782 724
888 726
725 931
71 948
80 572
171 363
674 78
337 318
1 108
796 794
272 558
344 96
817 27
262 265
728 45
656 193
750 52
491 842
796 617
436 198
464 833
253 448
427 298
336 206
462 190
13 535
768 901
306 276
554 513
226 714
316 87
636 195
759 397
861 693
823 493
769 637
582 730
892 93
626 701
557 766
468 157
229 883
437 398
651 201
236 819
317 581
390 476
335 522
22 25
143 879
508 78
822 580
218 482
286 415
317 508
455 338
888 838
780 267
51 379
715 428
379 317
85 569
78 891
57 996
372 902
470 915
578 116
961 735
200 846
862 806
11 455
313 101
129 912
20 911
326 890
314 124
86 510
538 915
800 479
27 60
472 721
993 689
493 460
471 908
831 3
506 522
249 200
97 462
15 128
196 609
455 111
343 601
317 35
514 312
769 147
906 280
877 737
577 563
236 254
222 854
459 576
601 786
587 202
859 995
963 825
560 509
412 229
788 930
502 512
231 672
370 271
948 311
614 607
251 815
528 865
379 730
356 32
650 447
545 836
939 530
154 507
278 334
500 189
402 268
735 755
99 800
270 70
830 919
322 945
477 485
388 389
909 267
109 665
675 407
270 716
565 316
442 139
656 21
469 732
199 421
445 949
915 569
478 575
425 478
6 341
929 601
350 927
831 944
736 1
325 250
336 42
971 676
117 650
679 774
62 973
312 787
644 933
247 226
778 861
922 514
863 950
596 354
284 957
157 132
864 350
967 696
671 304
305 96
47 568
552 655
551 254
369 443
687 671
802 625
183 417
438 392
870 354
683 120
757 634
767 926
741 363
420 790
49 682
493 184
985 861
713 328
153 951
567 279
884 209
439 471
636 703
837 257
898 25
197 366
62 256
272 794
726 26
1000 268
397 604
34 205
820 142
945 700
750 931
211 784
498 100
891 456
619 224
599 901
39 640
974 35
192 756
640 411
27 245
590 510
731 532
802 802
908 151
200 221
442 940
869 728
22 439
587 162
144 376
834 963
992 344
97 303
608 45
199 914
426 494
640 300
141 620
529 949
433 85
512 126
451 954
195 58
196 721
210 645
48 752
846 256
677 841
506 619
463 20
76 165
640 953
665 612
673 307
67 223
912 530
563 85
13 878
908 959
500 954
136 124
174 134
561 781
388 875
227 132
551 338
49 275
925 41
650 476
747 105
897 478
630 982
477 229
524 940
958 438
41 396
992 850
918 584
967 703
620 614
320 860
635 229
891 374
854 238
163 278
107 576
721 474
90 145
344 202
196 536
410 27
296 714
544 212
436 949
828 903
667 110
30 609
287 821
588 335
415 664
449 957
720 291
720 597
888 384
508 150
318 457
832 770
118 902
689 765
883 789
988 303
716 618
893 24
305 233
606 402
584 595
371 206
35 833
774 732
167 987
409 154
624 384
189 171
811 505
497 842
932 680
197 655
928 53
847 380
634 663
521 572
290 705
420 371
959 137
346 805
956 360
510 398
853 157
86 796
634 764
760 792
766 175
338 129
762 341
676 907
969 672
775 83
536 478
626 826
566 53
68 367
721 876
784 372
160 744
311 783
308 144
30 688
20 555
886 179
824 562
439 418
414 29
796 666
620 956
728 367
742 394
669 519
101 3
134 986
172 845
533 709
839 823
418 767
333 964
32 945
11 819
633 539
157 305
445 322
459 716
210 943
329 216
483 553
177 93
480 506
975 300
710 651
650 344
965 798
729 747
82 284
739 535
579 479
338 618
54 400
109 114
185 194
616 139
257 571
608 650
730 143
852 838
568 888
900 301
658 501
229 737
279 946
32 199
909 519
88 448
589 568
218 251
102 655
23 937
603 904
380 854
454 575
857 299
960 746
210 895
881 827
670 349
588 508
998 314
828 822
527 186
151 4
506 31
914 13
79 319
529 677
769 591
612 251
454 53
89 453
843 559
233 567
530 558
836 715
303 11
995 877
467 443
943 122
601 671
314 344
295 129
525 113
40 558
556 397
829 200
201 419
264 16
535 49
538 902
133 980
154 467
396 118
482 361
983 842
398 853
23 99
825 984
257 517
768 246
313 819
938 59
830 14
207 318
63 1
493 551
991 195
347 635
375 155
736 572
538 401
42 476
874 914
587 993
458 734
908 953
977 144
118 846
157 431
426 931
767 10
48 84
431 527
728 387
376 772
141 594
256 323
838 361
708 725
860 487
208 338
370 613
808 433
412 846
660 187
682 174
126 701
698 455
271 340
886 604
165 118
388 965
249 224
467 559
755 688
19 113
974 116
396 444
9 435
309 483
866 112
383 674
725 135
436 84
544 963
661 883
252 359
404 745
244 77
480 812
674 132
275 854
818 134
321 453
713 753
894 170
109 557
65 149
965 320
885 665
395 568
300 530
538 702
35 325
240 151
579 626
143 944
381 921
426 206
656 258
508 363
78 321
31 748
671 791
298 700
291 186
998 569
236 318
182 639
431 791
288 418
352 455
949 331
899 18
647 982
773 464
720 992
116 108
58 270
129 188
661 784
88 578
617 846
281 819
939 734
668 70
707 850
160 427
108 715
705 478
430 126
193 332
785 965
609 842
21 40
97 63
837 594
515 476
563 217
261 549
26 389
747 651
921 113
324 720
442 305
421 806
399 164
352 53
511 607
860 107
545 401
33 296
873 259
332 972
960 668
463 422
947 713
732 335
451 819
316 353
600 338
502 216
119 104
760 754
697 21
817 831
512 170
140 941
315 277
822 592
119 355
96 220
491 615
103 628
947 700
809 633
470 346
793 906
515 129
936 880
87 948
749 832
77 603
736 676
186 471
731 375
206 990
149 75
228 857
680 721
376 378
346 880
828 764
361 894
376 545
5 636
328 625
351 901
690 966
696 631
323 995
747 500
691 75
993 686
468 125
767 955
528 242
89 752
519 33
733 695
97 890
920 872
231 620
474 651
324 18
845 559
520 638
415 314
334 239
10 786
455 166
241 940
273 947
936 785
357 609
750 716
359 622
381 458
997 833
542 569
337 540
357 506
544 487
580 467
6 996
982 19
658 578
102 170
575 640
505 685
143 77
918 2
342 330
383 790
504 490
969 931
536 104
933 865
639 860
111 15
100 482
553 686
88 464
281 755
918 511
13 219
890 487
689 348
603 410
178 674
191 583
416 305
639 222
31 421
854 110
253 496
497 791
582 893
62 905
436 866
556 510
331 989
266 135
382 807
789 73
866 858
145 184
90 412
306 56
711 560
889 488
941 77
941 624
734 856
826 492
34 923
846 388
370 244
460 927
806 52
539 973
601 907
993 569
496 206
816 889
728 796
964 791
794 847
911 286
756 512
692 438
912 763
220 627
540 23
935 356
310 99
999 753
772 620
509 450
343 991
239 550
6 610
40 895
595 278
163 654
778 465
71 209
258 760
47 599
888 146
564 656
974 103
923 416
566 385
196 440
960 306
295 882
795 668
193 538
891 657
712 525
671 383
273 36
55 740
915 679
218 156
673 790
20 236
578 956
551 597
667 451
836 63
93 915
923 25
871 527
355 887
995 836
200 319
980 836
760 435
818 921
14 167
921 827
934 861
133 621
302 802
906 772
804 403
222 595
108 895
541 140
647 516
232 533
693 146
593 135
880 304
455 884
749 56
374 480
474 465
260 569
972 785
757 289
601 436
960 823
286 280
764 17
50 816
199 521
767 704
949 589
920 803
7 74
41 421
954 851
174 202
299 213
161 735
2 845
423 793
556 710
861 711
582 530
254 1
583 22
444 65
221 334
131 405
607 80
9 976
680 99
534 514
638 883
243 130
395 842
94 214
684 870
378 924
642 515
30 158
432 182
429 727
915 873
542 591
444 566
128 798
487 9
926 511
605 201
812 668
356 225
261 662
695 315
901 348
112 502
334 977
143 132
407 878
896 887
387 476
408 749
163 865
230 67
35 331
900 931
473 814
328 138
923 193
389 213
332 342
132 603
957 805
218 197
867 142
105 37
949 929
913 151
107 849
890 986
100 801
255 148
843 854
116 96
860 357
594 410
867 531
289 593
313 391
245 366
34 873
234 294
149 645
893 551
789 685
995 786
414 315
748 334
864 631
904 146
868 579
778 157
886 771
222 217
144 78
907 888
481 321
157 654
706 671
630 18
920 184
904 901
243 761
33 729
358 31
142 38
540 88
211 818
408 208
766 153
124 860
19 585
129 307
327 847
730 745
295 532
940 984
934 469
522 343
354 308
601 614
921 231
608 73
42 589
376 398
586 224
136 45
907 461
545 244
206 952
780 612
636 326
74 418
136 991
672 555
89 642
563 711
801 586
130 144
575 840
166 507
815 204
751 352
940 276
631 364
256 607
749 224
263 206
908 184
963 910
280 61
476 587
384 872
669 240
685 147
282 760
79 489
864 729
100 861
222 940
608 793
607 961
934 792
171 323
329 322
598 272
694 146
406 507
573 774
594 602
197 255
209 352
230 557
256 1000
521 65
631 979
14 731
4 597
768 18
115 578
942 166
908 468
633 884
250 957
280 153
191 28
399 322
285 738
736 35
522 235
981 620
906 220
248 750
766 596
291 954
808 780
574 413
166 601
220 531
656 866
271 581
171 300
565 612
497 321
866 66
633 617
835 917
839 683
60 372
861 4
235 972
244 97
505 986
128 611
827 681
270 845
8 848
864 188
487 934
634 826
703 4
948 916
38 673
977 170
493 857
635 109
237 268
648 328
12 117
770 579
639 402
466 270
598 439
395 512
611 233
780 250
764 813
687 770
27 206
356 674
421 653
470 654
9 275
317 519
373 837
724 475
396 366
352 636
75 889
542 894
89 711
836 556
127 704
767 481
982 282
842 617
700 284
297 865
623 138
448 581
733 821
958 686
277 180
105 901
816 588
341 925
348 373
927 597
546 484
347 396
629 206
315 204
36 209
108 736
82 72
677 435
167 847
196 12
743 316
546 662
856 259
134 937
931 446
408 959
844 184
564 312
765 360
777 189
997 918
556 187
624 723
983 556
507 590
854 887
724 359
119 354
601 29
932 832
922 401
355 296
774 39
606 978
287 816
172 611
632 744
280 83
941 730
197 910
962 641
581 232
788 648
164 655
25 519
793 289
721 783
402 975
582 302
995 75
471 315
627 144
968 159
214 187
53 526
800 800
469 293
711 883
768 85
58 921
766 629
653 652
333 31
134 943
848 187
651 297
142 855
549 324
722 144
973 404
600 550
498 83
765 683
419 616
639 320
708 2
690 562
214 325
110 484
76 463
162 368
903 690
684 66
315 440
295 346
475 912
914 638
972 981
987 518
174 333
412 429
668 778
234 209
135 38
164 122
699 912
815 108
949 878
888 145
713 892
878 78
109 625
585 978
28 979
675 237
266 883
682 415
164 222
704 131
665 446
903 735
480 717
857 437
967 249
850 719
62 147
871 402
432 442
572 68
370 123
104 364
978 425
762 325
898 12
351 941
780 340
158 935
73 36
472 690
19 426
490 544
431 652
882 164
918 810
862 349
797 500
212 810
89 183
774 223
897 930
159 12
471 909
415 722
422 207
242 801
991 933
203 209
84 68
69 505
8 939
35 692
631 645
83 972
661 984
716 608
469 101
936 512
401 300
63 300
408 136
117 794
945 408
586 744
353 428
946 257
258 34
298 575
877 875
864 857
969 154
425 980
474 323
93 276
968 549
935 253
368 628
726 146
764 201
749 844
449 433
220 620
2 467
201 635
382 846
108 970
14 140
200 679
370 560
750 91
20 102
712 96
235 788
395 577
429 458
325 599
939 695
686 247
806 348
230 996
902 109
809 570
17 336
636 371
515 346
716 323
856 615
76 682
756 719
965 69
858 878
646 267
667 603
99 646
724 207
496 264
324 678
209 869
517 54
766 94
430 807
518 972
662 570
703 720
901 123
308 965
165 984
230 401
688 72
443 458
610 192
777 881
842 158
872 891
217 559
313 957
817 310
752 814
417 779
302 16
273 898
244 25
496 269
903 597
836 790
621 17
76 159
324 799
498 825
801 122
358 848
879 663
677 152
146 167
580 581
385 695
850 755
290 891
868 759
415 305
747 580
689 376
112 429
828 779
569 505
933 866
633 541
567 615
496 620
960 552
450 161
985 526
837 107
698 209
806 454
596 482
637 743
355 10
490 870
959 406
905 148
223 21
836 355
16 31
288 900
262 27
643 460
884 404
172 102
995 939
208 373
483 401
632 673
524 355
171 502
521 853
577 391
57 806
416 441
910 107
131 510
784 708
838 476
778 649
300 68
598 31
734 361
592 39
728 602
433 217
265 989
897 344
578 142
370 297
543 887
448 680
764 527
403 565
12 331
625 691
933 563
555 217
859 457
694 325
130 714
49 731
542 586
134 672
759 774
597 23
671 141
322 782
466 160
700 768
923 941
740 519
572 189
666 1000
516 416
821 110
473 478
433 526
514 636
859 447
445 587
319 92
114 743
660 759
431 106
952 484
322 911
884 732
814 542
19 452
305 503
708 223
26 237
285 451
868 689
175 721
417 85
394 438
659 289
502 122
27 572
82 192
862 619
912 978
664 797
798 781
669 233
526 75
979 874
232 733
61 324
389 460
710 386
610 506
164 483
145 599
29 120
589 728
955 999
364 657
119 753
453 843
864 927
118 30
426 342
78 911
963 27
911 953
445 266
888 763
564 107
11 602
300 416
34 947
270 515
550 933
536 583
255 356
996 882
253 123
978 594
949 304
954 994
765 768
149 419
285 532
426 612
737 521
296 986
828 323
123 446
888 77
413 761
648 475
61 902
81 819
831 836
156 419
263 636
794 828
546 769
970 14
914 719
146 451
65 718
685 870
391 238
74 785
645 679
259 231
168 661
771 372
732 240
928 957
144 687
328 190
832 104
878 534
593 400
86 570
588 300
440 494
549 575
139 198
55 877
821 175
544 51
334 832
82 307
552 84
440 513
896 830
814 427
222 862
200 655
956 671
709 104
475 725
30 639
258 944
804 205
944 693
991 890
818 51
968 26
814 342
371 374
923 294
400 138
118 64
613 161
980 454
211 799
820 169
927 110
142 576
530 577
775 412
822 403
303 100
981 396
751 485
766 186
540 251
567 375
317 208
20 150
989 743
894 339
899 8
835 644
816 358
454 917
40 201
67 913
919 843
695 465
445 279
319 995
308 19
912 556
550 694
866 771
373 775
297 797
560 318
67 991
90 469
663 209
675 469
563 947
764 459
347 183
741 33
965 663
556 164
921 720
405 636
513 823
188 901
186 693
9 881
17 303
677 158
649 646
197 17
452 218
102 265
226 205
199 671
514 887
262 20
906 517
633 170
971 667
460 514
182 334
293 580
260 560
528 219
64 832
943 43
19 405
82 839
910 767
531 23
530 930
12 369
457 956
539 96
996 893
556 643
67 665
544 896
651 317
260 51
19 194
355 442
468 49
689 718
7 947
97 175
365 511
627 500
690 561
835 944
701 589
907 897
474 211
397 590
526 825
385 12
577 386
835 406
197 724
363 936
856 410
286 390
720 704
201 962
405 526
790 782
353 496
311 333
12 486
511 712
964 136
855 737
249 952
269 429
66 797
947 327
555 134
99 160
626 343
359 691
467 566
724 285
821 855
72 452
848 894
725 208
268 255
417 422
258 989
425 18
79 879
30 13
394 962
476 213
211 714
516 717
230 174
941 417
941 77
241 217
784 332
280 378
108 247
57 900
146 914
997 41
64 169
432 797
349 995
899 659
146 729
632 515
101 672
613 509
434 824
992 692
283 504
581 203
222 685
26 723
495 791
240 451
842 71
981 41
381 963
255 294
113 317
138 409
572 107
204 988
467 41
50 231
707 564
872 64
98 829
821 384
363 25
587 133
945 184
412 36
68 292
406 937
801 892
634 165
396 27
574 8
910 327
916 601
450 479
302 517
239 173
293 24
126 981
203 166
560 482
870 333
681 702
993 369
249 178
498 983
107 305
855 498
294 620
870 933
632 596
201 23
574 907
283 459
294 568
821 897
232 389
490 381
362 695
806 809
333 479
915 259
776 466
637 76
182 134
733 670
622 606
595 949
965 305
58 818
872 702
851 154
165 82
306 522
281 162
776 176
918 952
896 650
3 731
276 963
927 37
877 319
520 472
295 440
86 325
851 342
422 4
172 950
469 838
129 820
691 139
864 10
291 461
411 107
981 979
401 51
529 648
350 837
534 463
361 163
834 520
651 65
632 955
889 734
638 428
932 902
767 384
219 530
278 675
876 590
163 178
472 521
597 366
398 626
678 661
241 702
317 917
797 643
800 84
642 282
936 661
686 116
242 603
788 331
407 806
869 618
53 162
872 944
607 881
185 724
82 691
211 866
763 677
320 942
829 734
630 876
396 878
326 519
873 93
255 233
895 855
576 160
398 839
34 545
741 761
637 511
494 430
258 45
748 495
350 358
843 766
159 437
249 925
392 582
710 926
188 946
439 312
746 459
419 677
638 152
133 345
480 180
271 566
923 53
19 957
304 583
239 317
656 668
599 413
350 737
480 408
494 869
736 766
7 646
366 48
971 209
536 437
683 185
761 883
617 597
228 995
305 230
221 797
508 137
27 623
334 233
68 324
790 863
123 499
741 469
627 929
737 596
61 781
418 511
161 796
38 508
951 278
986 39
936 772
636 77
250 918
71 846
22 51
407 69
822 489
178 575
845 845
759 631
951 913
135 256
117 557
367 758
398 988
776 624
853 659
93 458
716 45
421 658
398 720
538 688
878 74
354 78
889 688
934 368
318 640
760 80
430 893
158 340
417 340
323 346
931 195
338 281
313 307
604 550
307 411
171 403
916 699
948 678
40 358
720 201
80 580
210 834
466 229
888 697
494 724
450 987
262 237
719 254
302 566
254 297
604 846
639 690
461 979
734 988
858 58
681 231
73 996
502 525
289 454
619 741
358 772
53 372
557 424
928 403
307 543
716 515
903 831
169 404
454 668
434 88
390 61
732 261
112 281
941 817
484 997
269 63
664 8
586 570
270 386
735 558
936 951
174 419
155 797
772 881
688 341
691 650
896 837
874 795
72 184
446 555
969 636
96 961
908 562
7 910
124 996
876 404
385 384
599 486
615 979
720 46
826 892
27 887
211 761
781 3
412 276
220 156
680 131
396 984
272 747
370 467
699 969
592 498
282 247
857 756
917 635
727 131
82 904
688 921
534 791
166 851
994 37
490 486
868 429
157 519
385 862
172 589
548 369
787 580
679 156
618 601
581 410
134 572
495 154
9 931
533 275
982 597
871 200
230 694
630 102
753 448
648 183
302 961
696 852
192 498
336 886
108 484
804 680
963 661
184 611
952 56
348 552
321 865
369 923
198 989
667 316
62 808
491 279
706 222
979 897
263 815
319 655
242 407
634 295
182 882
548 267
502 463
402 838
351 210
972 991
493 334
41 298
308 561
740 680
278 339
912 328
494 217
306 803
919 846
209 466
735 607
303 264
189 997
341 417
372 494
808 64
899 737
315 676
700 910
778 191
749 961
869 563
553 437
126 844
852 639
545 335
487 254
252 973
846 604
105 373
516 531
229 448
182 740
124 227
359 553
998 37
259 446
756 902
173 677
680 904
435 229
595 900
414 549
152 512
873 660
901 276
802 594
235 690
467 601
114 96
358 107
717 710
533 337
131 655
13 569
234 844
497 720
912 628
889 18
969 684
26 432
460 594
139 885
857 316
191 123
382 374
467 586
385 502
541 681
839 400
337 791
159 609
670 663
647 55
795 399
1000 230
895 7
274 655
755 888
117 843
172 519
123 674
179 969
469 498
91 537
251 63
153 552
202 71
786 1000
493 67
797 378
460 612
435 398
542 719
484 964
955 703
806 859
95 383
731 371
401 72
56 495
210 26
129 149
66 552
883 891
454 984
2 443
681 713
817 803
41 720
694 477
115 990
743 3
539 373
425 772
85 570
605 375
978 497
109 761
758 167
897 85
347 89
134 86
105 324
388 402
342 277
443 412
491 377
216 672
554 71
156 696
272 489
913 774
728 575
365 519
194 455
349 682
396 454
808 365
560 4
955 323
934 101
497 259
265 783
601 494
1 294
930 787
668 516
961 767
203 465
880 374
813 141
215 955
345 593
251 413
278 887
554 89
544 79
669 58
789 893
162 390
532 951
206 263
397 795
486 654
802 751
540 706
420 476
700 808
707 806
528 193
355 719
331 456
111 474
669 82
552 638
230 42
166 986
188 790
60 985
905 55
669 121
494 877
303 579
469 994
387 49
535 836
300 555
992 176
163 89
985 413
528 413
686 884
863 204
634 512
794 639
636 504
459 520
154 124
919 123
160 444
27 11
741 407
141 86
977 639
977 124
971 928
477 713
570 499
179 519
81 836
45 955
681 288
428 671
351 751
323 421
843 179
996 741
1000 870
695 936
950 65
256 255
748 856
777 518
581 300
399 863
98 247
812 779
531 218
788 457
333 185
363 498
924 145
504 587
902 73
358 578
340 429
954 105
566 227
677 294
320 351
811 367
378 546
469 567
614 876
954 686
320 877
913 542
592 643
440 870
991 404
332 19
452 994
638 855
628 481
505 635
111 595
781 565
823 979
61 598
723 602
265 36
717 643
427 310
491 606
373 234
859 132
276 643
132 498
17 744
66 694
344 255
426 152
595 699
691 950
655 58
759 470
944 905
767 377
63 932
990 943
119 88
923 49
177 44
241 153
725 409
547 114
117 679
162 808
136 990
65 794
37 324
34 489
794 23
653 543
475 948
947 137
43 696
39 576
194 174
648 954
745 824
952 792
385 571
648 783
662 359
356 862
642 213
556 461
527 722
631 164
511 910
270 273
934 602
261 177
757 587
154 455
458 710
472 856
544 447
917 661
87 248
157 860
768 426
411 125
416 818
594 675
630 279
701 102
939 130
197 189
632 736
35 76
285 287
847 295
879 264
725 38
270 106
340 30
295 206
976 138
297 319
976 82
259 777
43 931
437 239
653 653
193 460
219 684
824 936
446 322
697 976
280 353
298 247
520 732
567 156
255 920
159 797
160 610
793 906
423 993
727 937
449 5
220 381
729 742
474 337
929 685
849 282
871 603
891 430
294 914
873 10
89 285
127 884
92 686
54 947
145 139
733 252
494 795
193 241
574 580
693 922
969 634
940 382
459 628
456 254
492 940
638 373
849 483
502 222
491 507
425 233
196 105
512 25
724 744
894 423
455 762
627 78
295 515
73 802
797 668
248 846
950 786
784 251
72 422
7 403
644 949
192 817
601 948
891 976
827 952
698 786
783 653
465 168
236 156
299 889
97 187
748 631
887 287
244 672
959 37
42 659
914 290
474 303
31 128
300 620
539 250
230 848
955 977
704 750
300 58
271 933
668 10
52 661
248 294
891 900
583 733
642 672
932 19
573 6
852 912
575 961
342 255
981 43
605 336
814 70
597 435
902 849
193 957
450 457
653 807
572 152
178 962
195 909
214 691
121 56
452 829
116 73
329 967
901 270
874 410
896 269
510 635
578 688
247 828
213 921
964 918
849 400
346 751
883 983
680 816
518 27
720 567
402 880
672 130
818 401
915 960
9 166
426 210
483 477
636 51
308 231
904 169
439 322
937 793
605 940
707 662
169 988
702 509
619 931
338 934
304 890
400 393
329 733
251 938
112 547
145 685
367 97
343 506
96 609
322 314
980 960
766 787
582 852
377 77
400 275
61 370
546 175
107 911
135 398
868 515
565 190
349 246
901 482
18 845
268 949
171 457
808 841
496 812
986 826
406 91
754 995
127 150
724 795
851 411
335 21
620 950
121 973
921 941
16 781
36 966
12 11
124 981
612 163
612 195
411 545
630 351
160 201
53 476
686 814
387 331
670 990
854 418
713 597
381 697
919 103
48 54
919 518
398 736
431 52
275 225
35 119
830 366
314 850
556 651
240 275
655 721
524 739
272 767
549 421
934 487
174 154
221 471
20 581
591 118
594 756
588 350
123 159
135 624
617 795
211 416
56 871
297 539
534 286
67 611
427 176
441 159
337 277
851 470
680 195
602 886
49 938
585 311
721 814
526 603
465 471
837 568
74 491
285 15
333 125
738 46
405 144
853 870
111 90
777 436
825 658
187 525
783 349
4 748
651 859
199 617
383 889
896 998
956 909
563 296
775 303
986 740
576 790
299 279
855 217
851 895
545 242
540 347
449 649
468 707
266 517
841 875
649 560
737 759
904 816
606 331
468 46
234 473
58 232
166 641
246 426
399 956
415 61
44 186
451 240
776 959
162 627
79 826
924 151
148 909
584 372
792 408
827 581
980 865
796 387
106 510
502 491
79 942
710 939
952 578
380 571
218 91
31 850
123 868
477 455
272 567
368 33
516 469
43 757
664 801
420 885
254 374
386 444
177 775
557 175
962 885
945 87
37 756
267 569
199 298
59 344
987 285
528 990
962 594
811 58
958 808
253 382
370 207
296 770
187 337
905 982
99 865
79 670
629 706
82 907
495 13
199 151
592 498
276 434
806 434
98 645
419 343
61 665
231 601
345 450
967 355
755 798
638 178
355 566
482 695
110 705
642 97
45 606
948 509
525 647
998 738
874 12
967 323
818 685
655 294
404 411
636 457
279 129
99 424
33 124
165 614
535 44
945 801
602 232
34 737
160 962
9 906
298 112
106 98
154 230
923 423
571 638
270 809
746 124
785 122
374 165
104 751
913 213
279 310
228 339
278 722
579 769
979 969
805 238
113 222
627 329
94 634
382 815
363 856
888 502
919 24
62 279
326 527
270 730
827 227
924 146
257 197
791 290
454 168
375 183
385 820
501 81
552 725
382 577
79 145
522 660
994 811
618 399
219 391
253 345
177 390
519 623
195 730
394 764
941 993
687 992
978 568
85 93
534 316
460 743
299 243
927 916
927 605
873 291
97 992
790 475
179 888
38 456
933 515
983 505
285 630
795 674
640 669
301 760
322 874
848 369
412 355
998 418
871 291
792 381
401 298
964 137
502 4
807 790
925 725
466 512
466 936
307 984
802 235
476 772
289 329
302 503
742 604
220 352
200 36
992 411
711 594
930 702
65 175
983 612
4 136
422 63
873 370
178 710
413 292
494 894
827 831
737 244
391 829
355 774
354 158
14 420
142 92
801 426
341 276
2 164
961 542
231 449
973 161
395 106
616 596
786 192
804 695
203 793
203 791
497 752
75 384
218 369
481 485
423 778
772 871
210 24
187 780
300 384
603 335
222 675
994 438
752 183
565 466
831 46
696 171
453 594
122 541
750 526
339 710
753 871
231 961
799 542
66 339
281 471
581 198
822 858
980 45
430 95
928 796
862 390
801 946
107 709
768 159
13 13
732 733
854 865
190 250
251 899
723 969
507 682
754 536
48 62
514 115
167 516
728 510
109 147
257 658
507 96
905 755
879 14
82 600
146 244
552 15
265 775
887 227
6 459
876 58
941 842
681 728
771 5
952 702
91 505
903 227
406 419
801 666
202 284
409 860
649 878
839 865
662 729
373 127
629 993
71 655
775 742
177 313
463 718
996 819
212 896
98 595
242 205
922 456
729 631
732 16
677 59
230 596
123 254
765 464
463 100
7 745
963 598
390 744
310 868
93 166
344 205
575 558
103 2
781 479
810 35
115 221
579 308
640 346
274 570
324 94
44 911
758 698
214 501
908 616
668 316
572 862
850 104
473 448
449 101
885 994
285 372
598 792
156 104
273 63
183 685
797 86
110 319
538 181
231 866
423 594
627 860
108 94
375 909
83 518
499 63
216 984
454 488
64 402
347 451
880 150
295 204
18 207
705 200
525 980
980 544
966 657
646 542
379 571
246 296
173 471
189 569
558 539
218 827
730 121
693 26
312 209
106 827
471 930
16 736
190 463
378 937
345 964
698 162
516 55
52 109
135 560
242 903
740 906
786 214
813 31
588 32
96 114
696 217
569 194
841 947
670 519
128 909
410 671
163 18
82 179
23 92
227 540
433 897
639 397
143 176
607 389
164 909
313 893
830 286
868 940
425 779
466 746
68 685
798 208
789 603
473 617
711 465
871 89
226 608
788 275
184 72
876 667
813 415
456 426
725 726
30 158
465 740
629 243
402 171
812 403
387 231
682 208
768 794
525 676
812 434
180 336
268 666
623 331
598 289
235 721
306 246
753 147
422 340
62 257
388 979
213 372
27 375
629 652
948 394
904 704
786 395
672 715
682 286
332 445
112 691
582 407
868 8
923 511
195 720
346 746
162 26
568 452
978 479
129 509
850 781
909 635
373 948
18 341
707 908
712 817
668 571
272 504
670 609
361 769
299 200
40 756
662 735
896 903
255 685
650 361
458 10
834 137
274 308
313 200
389 531
699 332
356 137
478 407
852 730
195 987
362 800
902 866
596 447
592 974
274 48
116 174
683 892
615 82
274 736
342 537
848 278
732 641
375 44
551 938
523 954
832 361
778 669
475 137
104 687
736 617
792 492
268 361
245 177
213 324
410 899
128 754
931 304
904 921
259 175
468 189
214 512
339 513
622 337
980 196
627 714
516 688
639 451
437 165
50 891
845 277
541 554
45 208
824 797
790 519
792 58
656 697
353 287
270 783
36 725
90 883
288 950
437 685
327 4
165 519
297 677
996 966
595 870
85 591
701 516
515 970
305 669
765 149
543 321
356 51
562 803
358 676
920 565
674 176
815 318
513 127
457 771
543 822
981 874
426 980
760 802
181 697
954 759
744 494
950 93
384 808
253 805
245 340
429 232
126 596
772 354
411 192
728 760
745 374
376 868
565 653
253 273
612 737
862 920
66 687
781 168
690 270
600 294
426 22
427 651
764 237
75 663
793 625
463 629
174 127
91 439
739 35
628 207
67 875
993 651
57 144
735 474
192 401
113 433
696 850
253 269
115 693
555 144
836 285
448 361
807 341
730 209
499 565
573 141
886 568
902 226
397 945
480 240
312 87
548 958
546 470
697 309
164 486
790 431
31 379
467 404
135 872
958 109
128 569
375 652
218 918
867 287
712 557
148 736
449 456
45 72
735 998
82 977
288 209
398 474
710 23
319 175
996 685
972 336
258 746
98 631
113 199
958 249
441 385
543 775
490 886
85 245
958 826
850 799
608 998
790 716
749 651
146 363
674 194
86 497
235 274
789 95
616 254
650 746
607 449
133 896
373 975
747 840
869 993
5 407
223 395
544 984
843 884
245 564
33 591
158 421
109 478
614 364
311 728
646 60
452 619
849 945
756 205
11 155
577 170
872 909
724 748
397 886
729 513
10 105
630 867
621 944
769 118
579 355
351 155
156 258
787 39
667 786
308 557
914 49
450 456
923 529
194 63
734 387
213 423
762 937
446 971
844 342
410 234
732 737
793 689
56 386
432 449
800 287
680 399
26 809
99 306
662 601
215 872
364 551
981 287
959 468
723 316
92 387
895 226
397 496
503 731
866 273
138 920
665 464
302 993
55 276
593 460
766 811
222 388
719 881
286 555
307 405
177 707
858 579
20 506
790 743
693 44
965 611
973 340
470 456
291 920
698 267
553 598
466 514
103 171
580 220
692 138
108 564
555 805
24 534
983 309
728 113
192 619
840 131
550 441
801 230
676 197
867 191
233 615
988 487
164 38
892 422
951 265
457 882
874 336
264 435
787 628
107 981
178 119
124 104
265 530
810 306
56 131
400 939
755 949
47 266
9 911
908 982
66 996
353 144
222 635
828 867
978 156
515 812
546 663
263 365
244 843
98 305
979 964
322 645
325 153
14 560
41 830
841 720
965 604
228 189
938 539
377 903
738 436
551 593
487 127
2 179
155 802
990 610
40 451
721 394
354 180
417 665
214 782
240 366
458 917
325 456
730 483
797 301
79 114
481 46
879 762
37 915
792 967
405 936
560 677
75 313
49 936
722 616
513 301
968 277
220 42
372 614
507 809
858 581
210 316
983 406
705 854
803 747
730 276
994 216
41 299
419 862
466 210
981 25
954 658
405 810
780 105
523 896
755 787
347 459
699 99
261 549
229 628
663 56
438 56
656 625
196 507
167 885
957 335
932 24
635 942
81 669
572 263
240 274
492 149
538 344
394 107
818 579
525 965
521 804
281 884
578 704
52 826
808 625
436 177
751 906
393 848
24 440
231 117
127 556
553 849
637 425
366 872
22 297
906 707
510 515
183 566
230 221
161 295
575 293
525 65
849 462
557 987
834 173
235 375
701 949
333 43
185 995
852 775
994 989
952 68
667 195
761 853
884 872
901 37
731 652
555 59
963 333
559 503
61 483
217 346
696 214
382 481
239 589
397 471
34 443
298 77
932 834
673 64
548 937
392 261
412 337
74 874
560 401
601 429
662 83
964 853
331 722
602 527
350 418
896 674
26 109
7 396
694 754
691 44
172 393
312 910
786 448
62 527
621 371
503 923
255 935
966 418
929 484
429 459
32 131
991 342
713 640
823 194
210 669
639 798
705 348
342 40
553 424
51 490
132 951
690 143
822 689
562 798
541 199
298 536
539 108
894 452
771 773
974 938
27 261
68 123
304 352
72 232
448 140
138 706
880 691
820 490
314 960
831 730
645 181
30 871
55 942
555 156
403 914
127 491
331 533
847 518
821 983
190 754
449 26
803 9
901 398
732 485
741 268
178 87
691 329
900 662
353 861
340 882
575 726
740 668
241 792
828 728
438 155
399 26
464 846
176 775
350 219
68 786
318 403
353 705
939 565
732 80
682 791
419 12
655 988
523 863
337 522
638 176
826 566
146 242
289 85
662 806
265 344
637 705
754 594
555 801
145 449
193 769
979 621
536 404
346 170
912 802
371 996
935 292
456 832
57 1000
369 725
672 506
503 149
512 285
946 124
94 300
979 35
12 183
519 502
714 267
985 87
659 640
17 175
983 397
123 546
825 318
561 784
147 809
354 312
49 490
649 175
961 271
496 606
568 696
665 967
151 788
273 427
421 247
800 777
580 207
833 153
354 866
333 839
234 16
301 531
779 447
972 759
460 268
837 437
553 933
520 907
455 937
949 28
974 970
204 957
859 373
978 306
402 954
111 654
629 228
834 268
549 721
736 950
326 349
223 903
165 582
665 174
34 969
898 444
544 157
347 255
82 373
24 126
626 80
225 200
594 780
466 511
602 846
644 440
591 144
879 387
196 512
100 827
861 976
726 534
31 806
397 34
624 218
748 747
282 169
569 800
81 379
952 488
719 295
305 214
552 212
874 974
829 383
813 667
767 400
687 313
223 341
377 851
446 843
927 539
568 872
596 384
96 698
208 792
262 910
898 716
404 666
343 207
394 855
937 207
114 839
75 924
40 47
208 985
848 465
74 532
374 430
191 902
396 166
322 960
628 360
239 723
251 905
12 692
737 793
961 83
686 135
602 743
839 518
431 639
739 757
862 442
388 68
637 865
511 846
519 926
119 165
58 374
985 772
96 812
504 541
599 635
976 243
277 909
850 88
854 848
249 205
936 799
922 407
545 323
282 320
413 696
969 803
476 355
759 626
344 721
125 285
412 942
323 935
699 482
431 853
802 34
544 559
937 565
124 532
207 927
622 637
980 545
774 879
121 387
966 20
681 365
686 12
647 786
299 967
137 402
960 734
668 341
293 226
56 68
837 929
712 955
978 236
588 918
886 622
679 817
662 334
516 420
55 735
542 750
973 919
15 311
285 701
302 344
747 192
53 840
965 168
740 45
569 704
541 978
306 523
531 219
395 531
951 272
246 763
572 196
147 881
880 583
352 586
403 720
612 841
443 651
623 852
911 528
448 686
41 35
938 941
455 361
19 740
956 794
11 865
362 693
385 709
653 928
36 163
665 640
186 628
396 517
395 51
711 583
697 373
605 880
500 573
71 90
878 460
869 435
374 5
707 68
146 649
46 140
812 787
76 469
898 154
84 938
655 90
79 944
908 613
67 537
606 675
986 53
684 150
510 646
290 962
114 479
992 695
967 10
831 327
976 809
941 280
550 649
141 895
78 73
205 14
60 212
466 805
460 365
227 638
506 240
776 800
727 728
6 993
857 233
966 24
752 797
307 986
816 444
4 82
503 499
904 976
213 73
406 228
611 609
537 344
852 940
44 438
687 349
694 89
374 711
221 394
618 230
359 956
943 772
392 697
740 513
458 996
918 631
498 498
941 386
103 750
689 955
206 624
974 713
151 721
290 806
108 341
260 580
936 270
410 526
314 6
659 827
937 434
109 252
870 906
792 12
360 886
415 207
685 860
636 412
481 81
957 336
18 114
891 17
468 288
172 388
537 775
131 623
404 192
92 488
697 569
689 307
496 528
85 745
406 602
931 359
881 190
349 488
345 659
686 721
491 296
325 472
533 302
126 570
577 538
772 374
543 238
732 352
337 646
691 152
675 7
364 388
37 979
690 790
221 89
885 872
546 72
74 585
139 882
70 981
284 413
574 123
100 617
406 646
105 324
35 542
593 73
998 42
41 289
860 290
368 951
797 216
318 302
29 658
105 462
999 597
321 949
387 770
234 938
282 118
887 285
152 190
154 163
374 480
871 228
159 175
850 698
76 456
130 3
861 243
274 577
904 413
195 438
62 990
535 621
445 578
508 948
938 125
74 51
294 222
101 352
773 303
406 515
441 750
785 174
135 848
426 621
768 646
904 941
19 50
414 457
1 395
775 860
147 334
862 123
531 692
349 412
996 921
445 896
152 48
449 560
657 414
674 161
274 900
770 545
720 379
587 284
228 696
854 481
868 661
874 871
647 792
311 502
194 495
242 787
606 401
452 368
123 232
786 844
35 442
478 328
718 388
555 724
313 127
127 248
966 463
258 758
550 847
351 738
90 586
345 244
899 806
70 744
234 308
960 663
627 719
547 980
533 438
541 160
699 904
224 91
440 637
884 127
44 989
301 429
905 754
298 237
562 512
551 2
163 948
343 616
592 309
738 480
344 453
389 572
376 224
277 851
643 643
625 485
332 719
752 261
6 156
651 485
622 452
725 353
752 520
439 686
894 180
815 759
856 760
983 910
389 659
477 881
666 31
344 675
784 889
741 180
438 590
216 645
968 214
866 161
412 554
384 165
187 850
345 298
847 494
594 609
228 466
689 480
801 522
163 676
212 94
665 694
189 332
349 414
466 29
849 842
276 688
205 133
298 549
375 182
385 186
207 157
723 657
161 862
103 685
543 710
137 434
338 661
878 166
575 284
520 659
695 267
61 813
354 685
735 579
824 980
749 468
318 195
252 180
807 784
743 433
275 102
402 56
85 552
169 48
751 954
467 429
189 469
647 334
960 792
514 492
368 440
839 775
411 551
141 370
415 46
114 932
513 137
864 288
732 22
207 519
779 818
614 239
617 216
131 480
987 69
61 314
461 665
17 257
451 221
630 584
832 812
951 877
398 774
539 535
444 760
510 515
81 369
275 186
422 763
279 633
827 121
301 136
218 143
220 179
290 973
817 542
590 310
369 997
976 11
854 956
207 153
585 601
99 282
582 683
412 425
236 701
636 757
673 794
634 833
112 547
705 979
675 275
535 637
137 150
136 469
833 768
834 233
904 394
193 395
606 974
292 419
317 962
360 51
680 657
190 356
888 370
400 940
472 882
505 199
683 457
29 309
95 382
164 754
294 790
4 694
529 347
83 103
857 201
600 250
957 247
937 257
26 698
612 800
428 971
969 650
836 886
885 802
377 395
361 325
660 797
719 366
925 487
862 438
635 342
596 534
941 784
27 308
54 132
700 36
777 481
213 239
293 708
18 112
111 680
865 474
814 252
447 459
667 2
653 270
921 952
438 662
433 727
166 625
755 423
934 195
120 350
949 897
725 409
92 562
184 435
674 379
44 401
26 812
250 113
746 295
5 67
489 870
453 5
605 625
102 364
483 522
590 892
763 572
630 650
917 674
626 846
143 844
33 959
512 499
146 206
133 936
358 182
714 262
31 189
724 490
907 887
978 750
827 367
442 415
961 624
421 113
612 829
68 894
568 940
131 989
629 919
453 923
768 588
197 949
268 604
217 193
786 423
897 155
795 628
556 231
950 334
526 598
771 758
565 170
632 279
447 50
963 450
696 255
541 842
853 837
599 528
291 587
456 518
239 392
574 835
684 96
855 532
666 565
767 268
465 410
596 401
570 918
676 187
454 473
881 522
225 772
88 355
102 465
487 699
808 21
458 788
50 864
302 456
798 671
765 143
333 755
124 30
902 313
711 399
355 571
44 410
384 280
964 691
745 253
355 273
885 716
570 400
147 113
666 951
813 277
761 954
923 616
200 104
790 798
920 60
408 404
858 964
321 220
302 593
671 745
214 13
969 10
281 202
697 597
636 23
228 199
639 483
229 33
33 678
229 852
338 716
297 68
101 687
818 579
351 698
921 684
14 49
197 591
705 320
215 906
966 847
772 486
234 24
611 840
556 174
154 372
293 821
772 147
918 265
149 766
825 776
138 120
854 563
126 16
808 850
501 954
773 513
420 83
574 974
651 834
45 690
484 953
795 677
808 502
206 565
365 126
576 68
846 878
566 235
953 346
405 253
997 477
286 666
525 402
966 389
420 935
749 350
163 633
925 507
841 576
121 701
482 243
842 726
272 848
471 261
500 515
246 230
369 235
172 269
23 469
483 542
931 747
288 145
1000 981
859 910
329 435
836 223
499 471
90 714
112 616
344 844
190 11
33 894
530 905
404 247
641 892
340 23
901 668
616 983
984 483
58 299
145 900
60 849
588 359
303 809
500 24
30 361
668 467
265 497
442 444
948 162
728 305
535 77
393 926
305 160
985 816
607 240
83 56
72 409
92 964
285 825
196 764
117 105
437 117
873 739
344 281
22 794
838 275
35 738
981 72
196 751
125 643
266 38
117 865
462 548
578 429
651 38
933 458
867 844
357 9
232 786
824 710
944 612
529 823
779 219
681 701
760 919
308 772
540 330
772 944
862 646
85 964
504 22
915 792
663 935
483 49
347 828
9 117
214 329
398 478
676 377
745 81
390 12
566 854
820 404
710 335
137 83
932 123
883 855
541 636
95 740
635 503
942 830
820 204
333 421
192 256
110 803
678 325
92 830
7 590
246 737
8 370
120 416
682 20
570 994
796 614
136 722
694 232
146 60
588 942
459 238
30 662
80 275
503 904
560 192
587 512
303 161
320 717
822 598
500 748
969 559
186 366
139 978
925 642
553 182
412 568
114 153
9 668
102 246
637 748
656 395
586 305
626 453
501 834
129 358
930 200
788 794
513 42
354 90
706 692
604 9
768 151
219 72
438 828
692 747
987 682
807 476
886 914
622 626
588 254
919 442
612 455
775 874
844 775
428 252
119 898
447 220
117 875
250 679
133 276
774 532
993 883
653 55
224 304
813 239
659 413
615 354
120 53
341 921
920 871
471 435
812 197
741 904
130 431
251 706
740 559
940 96
872 370
598 675
873 266
220 953
934 493
309 435
176 450
25 650
45 815
222 727
536 278
569 147
582 232
807 219
422 19
16 660
701 456
972 784
859 111
653 475
250 702
813 770
87 471
80 881
147 985
651 864
875 118
927 756
323 3
331 242
799 332
873 426
75 234
459 42
692 302
278 207
426 555
133 78
153 338
836 502
250 935
911 177
256 315
548 275
138 436
71 907
789 803
963 483
689 91
711 861
630 601
805 774
759 925
737 845
429 96
59 291
689 772
638 653
86 340
313 223
598 532
802 908
387 996
533 699
115 326
368 350
364 768
451 606
252 684
575 509
336 560
471 864
290 916
704 649
126 768
175 848
729 560
823 727
655 898
193 906
280 724
131 690
435 102
923 776
808 688
928 689
253 801
213 737
71 840
451 672
175 235
431 566
992 880
709 916
647 9
378 576
579 422
566 22
574 19
557 852
46 340
776 127
596 208
433 928
819 295
222 784
649 173
802 563
585 12
813 213
7 72
243 464
569 898
691 498
921 913
127 110
614 655
902 782
516 28
949 219
921 280
245 306
622 867
886 165
457 569
673 321
719 698
858 850
608 440
478 77
576 571
234 935
278 383
106 823
304 379
258 676
994 162
756 158
959 794
803 863
924 959
682 453
44 839
530 596
57 758
799 360
792 467
754 273
693 418
75 329
733 619
961 420
151 94
225 290
301 378
662 446
408 634
996 564
627 904
60 908
237 149
550 949
942 27
300 927
739 25
871 707
876 347
433 839
531 263
264 8
174 237
901 640
152 977
873 600
228 180
583 465
417 507
712 913
248 636
234 158
662 490
409 314
425 871
209 652
642 481
498 91
573 48
804 141
404 228
307 892
188 15
700 684
705 151
474 791
806 734
196 26
134 660
664 387
872 387
554 349
807 406
476 680
710 345
543 287
850 471
927 467
209 760
503 765
160 671
492 663
431 550
63 502
150 14
588 735
305 559
370 935
768 529
461 854
40 129
715 75
891 823
53 626
635 543
503 110
719 10
99 425
424 886
338 406
839 156
513 78
782 720
994 516
368 577
273 438
714 274
736 711
961 31
951 949
383 186
8 778
560 939
315 482
742 332
756 955
232 319
247 537
597 268
421 910
143 833
142 110
321 981
675 889
212 348
854 505
377 943
223 382
134 206
821 726
5 548
180 467
134 457
500 925
695 87
696 414
143 929
751 803
951 450
237 924
951 925
874 3
46 761
206 711
363 16
489 379
449 669
636 585
478 490
125 592
48 323
453 763
392 699
782 181
936 718
723 206
765 460
415 605
956 147
193 961
411 108
268 408
202 981
439 212
173 388
376 360
399 753
845 908
520 325
409 775
16 232
617 203
200 389
730 509
114 296
28 909
175 165
26 120
610 56
939 258
591 876
806 136
456 821
394 891
235 194
121 316
361 768
407 555
559 638
495 106
876 538
588 644
371 372
947 467
950 583
948 946
893 74
418 880
17 593
471 211
236 457
143 1000
205 55
372 512
855 611
722 124
346 468
203 288
41 772
642 992
306 718
161 129
862 849
670 294
759 677
210 458
619 801
341 545
603 657
476 65
36 814
795 581
224 108
909 222
976 824
578 279
918 739
639 49
386 63
836 909
759 40
694 735
647 302
367 943
935 777
596 723
666 411
116 729
404 186
136 151
287 574
175 434
568 856
974 831
29 666
643 618
143 624
730 608
572 152
316 995
490 130
289 457
436 127
656 700
385 966
462 127
759 243
204 159
995 746
619 650
559 243
163 864
409 928
315 510
15 49
904 354
382 140
298 833
336 8
882 823
193 856
253 132
2 926
298 647
337 42
457 453
205 277
877 251
283 196
18 425
259 507
77 435
563 580
405 242
997 766
977 466
160 916
376 118
956 742
476 548
778 747
170 217
55 186
555 454
720 656
851 205
943 781
505 673
607 809
219 18
789 950
731 858
258 377
214 772
420 703
543 830
109 643
456 452
740 527
229 471
683 759
762 655
930 877
104 397
417 8
956 540
202 920
995 558
249 739
646 770
240 611
460 683
486 73
374 259
977 827
793 697
29 569
1000 267
643 181
601 592
847 47
385 915
130 461
647 529
263 956
731 396
31 68
150 931
913 460
1 249
459 586
325 255
469 665
131 143
683 672
922 22
783 897
306 913
786 416
210 368
797 982
19 639
617 58
396 693
720 811
674 133
998 588
782 913
474 126
384 884
903 435
516 753
346 375
860 610
934 665
965 147
457 737
372 293
936 312
583 423
582 177
148 475
843 727
946 699
809 603
484 351
900 568
521 483
278 328
289 765
987 736
742 530
853 219
910 940
525 797
376 84
457 223
690 694
998 336
35 421
100 382
935 640
241 688
366 271
585 361
82 251
938 480
412 265
5 818
533 490
275 579
942 898
402 917
954 72
723 68
285 934
652 266
781 730
197 611
251 784
210 566
940 910
109 305
200 370
756 852
415 576
263 309
597 398
773 749
728 611
991 275
248 373
90 551
293 340
269 574
986 466
320 7
891 191
335 960
857 548
281 240
147 818
646 186
337 851
839 738
860 207
691 546
445 953
645 109
345 539
887 825
36 619
475 737
218 942
466 250
867 593
312 528
92 920
560 479
285 694
844 462
504 97
66 321
92 654
781 983
120 305
727 897
267 554
96 598
732 222
401 64
421 441
460 351
317 177
200 595
763 390
261 940
548 26
923 87
146 382
66 768
383 867
81 99
991 457
356 702
919 745
322 162
755 608
860 359
923 208
627 22
954 958
938 582
330 559
123 507
183 391
167 344
85 813
429 420
676 422
996 135
355 236
991 683
926 966
687 900
868 774
355 530
368 722
767 868
908 896
544 183
75 732
825 742
587 580
133 453
916 463
916 848
137 188
234 724
473 625
72 807
855 618
949 754
516 8
36 483
3 308
229 976
50 105
191 154
876 790
72 897
716 308
940 447
304 588
527 331
565 418
69 288
504 586
987 189
109 221
805 441
283 837
433 771
72 53
143 916
858 47
365 139
243 222
71 481
611 169
414 971
807 437
778 454
262 795
198 70
501 24
803 621
859 908
512 928
619 866
700 104
606 94
88 172
805 533
232 299
837 711
673 750
530 991
127 789
750 159
577 312
353 823
56 430
548 713
971 352
630 929
221 693
125 980
337 970
295 778
995 775
137 449
293 305
731 417
59 802
768 907
54 223
986 157
227 688
230 427
374 469
675 309
54 138
841 572
496 292
321 248
621 230
26 509
586 867
967 430
269 935
835 348
789 514
941 211
754 183
673 752
344 953
42 887
505 145
229 336
70 389
641 19
859 702
308 266
746 733
774 53
49 324
677 272
488 778
236 400
85 729
479 92
200 847
280 647
118 585
705 756
366 939
739 949
403 13
790 938
32 231
490 624
642 867
725 52
629 344
441 813
701 883
981 25
475 373
804 73
142 672
95 754
826 58
36 826
459 235
947 883
147 795
160 921
597 568
827 795
168 364
571 361
831 730
840 446
663 378
716 260
554 212
71 931
872 903
241 884
621 317
418 252
118 516
233 444
722 179
333 292
106 211
133 817
872 824
289 259
377 89
109 31
369 20
524 357
758 989
356 699
408 861
531 346
667 383
733 205
330 1000
114 72
3 598
429 313
807 828
719 908
22 993
166 821
120 775
362 164
901 963
737 69
314 277
211 389
492 882
973 127
942 783
872 970
368 90
470 690
802 51
828 880
541 646
244 16
43 202
22 517
289 409
402 614
265 915
57 403
567 442
884 254
297 349
150 794
984 207
594 537
367 870
197 544
324 444
991 643
476 890
209 982
70 443
947 474
655 59
705 723
58 851
712 689
56 911
533 746
717 231
238 138
591 724
281 261
634 371
457 574
45 269
642 478
641 937
387 869
802 599
504 659
974 677
170 133
560 474
192 356
350 203
51 153
862 585
350 265
980 763
128 111
360 308
32 740
706 194
432 887
257 984
775 16
2 605
235 332
777 287
511 256
7 265
756 405
797 508
116 322
113 99
889 656
665 342
887 75
544 898
458 773
548 687
196 9
647 674
374 23
479 593
761 482
496 475
327 198
119 141
805 459
50 201
381 549
594 775
952 150
187 888
12 781
941 274
744 162
96 888
285 354
518 60
761 290
778 796
653 341
872 882
101 741
998 182
639 188
597 936
794 578
569 590
158 678
484 519
387 115
707 175
567 430
895 655
903 276
656 930
734 639
957 360
316 362
671 739
914 833
346 410
103 275
237 376
564 371
148 358
841 422
469 371
884 205
402 875
366 741
832 43
8 468
759 469
297 714
212 181
275 438
967 184
197 370
99 813
800 537
282 152
192 62
446 562
319 287
61 499
6 633
855 195
84 511
664 101
682 176
36 349
689 837
130 424
674 726
681 395
474 576
139 129
492 604
246 177
835 111
295 892
147 377
294 915
44 861
457 672
572 162
417 183
949 97
959 619
982 491
758 954
933 328
26 375
705 58
263 110
640 907
434 480
456 11
560 264
42 292
533 238
537 464
137 509
124 774
336 488
198 125
857 407
573 522
974 602
258 759
767 722
951 866
223 460
153 753
486 879
155 4
134 395
221 219
320 631
526 805
716 761
376 414
466 241
391 254
567 270
882 700
968 539
497 347
136 349
790 956
953 190
428 548
916 186
640 248
812 269
913 930
303 289
711 446
607 393
176 542
1 648
761 684
901 165
683 740
286 41
967 218
167 804
269 797
40 308
692 207
124 591
219 856
877 28
717 490
191 732
862 754
535 557
345 50
226 700
738 659
292 101
480 521
931 391
836 232
458 343
457 854
457 671
525 204
398 312
790 856
760 246
373 940
783 419
718 356
956 556
4 372
533 349
774 437
569 478
681 908
32 385
708 628
485 287
127 759
137 847
634 323
709 744
420 259
201 367
885 87
612 606
514 997
970 147
621 502
537 894
246 958
950 536
527 737
507 699
613 302
268 96
50 744
490 915
288 941
529 20
425 891
884 258
214 535
364 695
383 185
936 478
20 411
69 239
317 813
47 941
574 574
323 819
104 52
845 905
840 232
882 441
627 725
205 5
866 869
287 681
910 386
420 586
939 19
393 465
390 397
866 634
226 839
20 662
250 903
873 566
408 74
567 619
977 514
634 171
199 641
70 263
592 243
944 896
589 17
23 54
108 741
951 963
403 459
769 30
287 305
254 174
540 792
478 117
40 775
695 467
377 575
253 744
435 367
843 216
30 341
867 863
679 710
842 527
742 648
364 915
564 44
964 823
810 351
175 684
916 102
824 848
736 614
964 690
554 355
591 246
776 839
889 686
713 385
880 535
25 841
959 662
265 754
327 757
536 99
60 742
470 835
625 866
626 743
996 934
405 475
271 734
496 483
468 295
335 900
183 750
438 157
483 788
961 363
196 720
710 352
797 893
776 573
213 772
814 798
614 533
703 139
255 395
946 319
390 325
413 212
596 116
43 651
66 580
465 841
116 314
652 70
318 503
15 798
262 147
605 640
724 989
528 919
709 335
964 420
831 685
532 646
861 345
507 707
259 41
265 709
593 429
169 657
734 205
781 333
389 586
89 935
678 17
322 772
728 184
952 974
108 832
767 701
656 425
585 698
915 484
593 966
425 967
395 533
845 785
194 808
764 392
615 381
501 100
88 469
866 163
422 246
723 294
879 285
110 999
990 450
133 548
540 927
790 146
59 197
457 566
14 345
192 535
584 599
260 760
703 370
788 917
772 320
729 905
1 990
321 69
483 519
718 123
956 997
429 8
232 837
254 174
57 434
952 489
610 524
792 809
659 280
985 2
12 645
410 358
804 449
811 46
678 647
248 153
506 528
219 338
777 692
673 573
719 521
912 451
685 979
406 780
83 485
667 472
352 27
244 87
394 550
541 519
747 525
623 386
218 434
457 833
412 799
782 895
16 29
692 799
211 839
133 154
806 347
631 679
911 833
783 948
902 424
40 109
617 286
590 314
205 507
718 260
742 741
862 630
706 635
108 627
276 247
593 630
288 533
607 685
491 847
272 53
84 644
962 692
282 153
562 822
255 602
387 848
301 941
807 137
515 2
926 539
941 642
839 629
815 471
863 582
482 841
566 745
109 160
35 369
814 777
835 641
761 64
78 601
301 613
162 639
755 220
121 655
171 68
779 165
348 73
531 305
570 249
827 448
706 22
800 716
115 399
115 804
790 909
470 329
564 975
747 569
697 132
992 205
359 738
680 434
409 945
746 109
177 946
992 301
945 656
371 973
84 266
422 84
354 890
179 560
704 30
980 388
188 202
782 989
600 379
952 560
729 387
427 256
742 983
957 651
379 375
951 890
50 804
494 261
656 159
352 181
401 669
960 709
539 823
136 625
192 289
759 263
365 854
480 735
350 223
693 89
896 614
374 755
880 832
468 602
313 261
644 379
227 405
38 150
309 432
801 554
693 420
159 811
710 290
717 703
353 680
835 479
637 174
207 792
678 811
102 489
556 934
151 719
980 198
641 526
202 428
668 949
676 876
55 584
602 289
555 166
607 224
353 671
436 248
562 243
212 380
239 856
765 921
837 593
175 35
986 445
176 343
486 917
261 532
434 181
824 837
666 253
947 643
266 969
790 627
87 292
432 454
423 29
142 796
485 297
421 840
530 134
248 421
322 489
586 52
125 573
130 166
866 189
323 610
288 188
515 993
138 764
443 452
7 76
858 813
445 104
430 986
999 915
848 936
525 874
499 85
984 677
488 178
602 784
274 524
69 454
679 93
261 252
441 291
527 399
872 471
176 725
691 784
268 72
511 536
205 353
39 192
898 433
611 869
6 244
64 209
334 316
674 65
599 263
21 519
808 326
621 117
198 475
420 393
240 159
792 203
772 78
116 372
967 356
390 892
611 297
43 529
606 185
476 179
192 5
124 424
203 664
592 222
431 614
605 638
557 181
963 13
173 437
895 241
445 282
582 584
671 766
107 976
601 845
906 189
83 549
908 387
119 120
749 480
2 906
75 514
297 991
225 389
506 791
656 278
429 563
537 747
210 947
908 119
578 629
760 689
902 273
409 101
145 728
364 147
424 249
339 570
858 869
151 198
950 48
239 191
671 580
752 492
201 191
407 512
316 68
352 127
210 968
693 297
154 785
759 768
605 629
307 970
150 257
79 12
450 67
404 88
831 194
427 703
2 300
38 47
951 304
486 626
700 416
334 437
29 803
11 949
723 578
609 114
667 755
833 764
30 639
400 81
213 640
417 523
917 401
447 68
954 77
956 541
524 753
303 511
318 274
998 333
232 514
89 932
719 528
235 753
554 482
215 346
8 983
893 184
67 182
147 552
620 462
440 566
451 512
759 520
216 614
29 263
56 990
754 685
864 461
765 881
280 290
466 671
694 337
607 359
212 170
700 829
7 653
691 347
147 423
915 317
479 152
243 809
546 405
74 777
35 668
506 774
347 166
737 108
810 640
976 95
685 421
344 220
491 95
493 762
772 46
244 842
704 899
545 569
700 120
396 352
462 118
32 909
355 750
512 430
379 756
184 283
680 464
82 66
319 499
945 220
365 929
68 618
288 110
284 14
311 165
918 917
436 391
57 122
278 735
98 123
369 876
468 246
565 680
515 269
354 883
475 976
974 662
937 475
664 228
344 12
35 134
298 382
334 396
425 157
556 301
727 774
703 993
582 353
91 528
224 916
511 524
685 477
842 646
236 307
129 663
959 617
408 449
417 743
904 935
540 386
147 650
632 777
611 729
503 874
1000 367
49 998
789 878
120 611
826 650
34 643
192 511
464 218
383 469
763 232
13 21
696 297
700 109
971 721
995 598
832 247
429 131
694 536
642 501
759 126
705 310
433 80
285 591
407 373
308 612
256 366
791 648
356 867
915 575
103 243
681 130
714 585
624 216
206 666
914 890
898 56
715 328
866 201
443 691
989 970
812 289
911 615
277 731
118 138
692 657
519 470
99 559
536 104
48 238
128 433
476 431
473 59
9 745
649 873
480 438
348 616
780 530
967 737
647 661
254 767
396 724
147 850
381 745
942 424
597 722
753 575
66 213
653 578
715 659
253 248
741 2
183 388
422 200
699 643
234 988
741 428
479 72
482 48
281 806
144 630
224 581
290 740
20 234
390 519
682 939
855 744
6 23
472 105
113 366
125 889
997 110
815 23
294 802
59 841
164 232
450 58
334 472
754 784
369 182
897 22
226 670
729 203
946 507
695 1000
286 114
702 8
465 870
1 40
316 348
713 730
61 979
30 225
500 271
334 506
889 435
901 673
104 716
24 358
88 183
593 455
456 406
208 685
415 640
313 44
438 255
33 683
451 73
734 368
487 7
537 340
239 691
455 810
102 236
342 860
260 25
297 756
694 101
15 599
72 89
154 760
335 332
347 390
191 150
364 699
647 7
738 215
519 299
999 452
746 644
361 756
337 750
826 472
952 387
442 743
149 502
511 210
976 491
644 722
722 751
981 865
689 169
427 669
349 994
281 906
163 239
370 788
575 794
62 544
679 765
180 822
837 32
876 371
207 777
799 670
638 992
3 611
50 686
133 477
527 774
701 38
849 84
818 419
622 688
135 687
337 99
943 242
966 319
796 370
686 318
307 448
709 329
924 517
917 207
91 983
163 30
559 496
982 549
743 599
279 934
220 781
987 914
580 588
383 76
252 9
877 968
110 307
608 761
243 960
648 857
169 970
794 911
975 238
797 121
534 353
556 472
55 398
411 397
177 139
665 866
521 819
347 117
730 690
144 205
614 308
434 496
510 645
677 501
963 732
94 838
18 787
813 646
538 402
644 717
641 577
472 769
423 971
998 588
754 197
694 368
501 327
277 486
392 237
619 978
636 913
673 543
994 546
771 533
599 738
329 3
688 591
864 562
843 165
498 302
103 998
598 328
40 706
248 996
505 21
742 65
80 847
625 633
354 837
900 756
841 47
205 397
787 351
583 209
11 277
260 44
149 669
477 487
4 243
296 873
388 946
214 238
731 298
275 276
41 305
589 454
349 967
531 361
645 271
840 112
165 216
614 493
882 325
294 535
172 28
187 478
797 752
438 739
63 429
165 601
648 246
266 30
260 729
192 442
372 872
568 523
8 963
675 331
476 839
248 549
785 858
670 990
351 691
153 585
350 386
437 886
231 456
782 830
749 285
563 811
975 336
915 533
100 467
300 1
101 650
803 277
61 207
667 574
192 986
713 567
663 477
464 112
724 28
774 255
606 311
272 565
529 753
499 691
490 236
626 783
245 337
793 41
114 338
98 618
154 804
819 480
627 752
469 526
34 10
221 806
742 304
210 1
928 967
983 545
858 844
313 54
499 276
890 391
311 849
181 470
312 8
774 383
2 708
891 98
317 630
767 99
205 880
260 173
240 563
47 64
694 100
448 961
724 520
798 220
192 557
755 988
570 355
898 233
307 201
481 848
145 416
385 720
471 420
611 201
599 314
636 732
259 563
623 21
303 899
772 890
316 164
288 222
798 821
351 798
849 347
831 509
551 572
262 622
876 557
842 394
874 592
641 989
445 965
351 265
54 476
41 984
107 222
497 810
80 79
259 578
439 571
230 150
188 318
978 528
785 918
481 216
495 303
443 540
935 425
501 55
606 882
452 63
34 407
750 335
220 400
403 484
872 453
250 316
3 543
574 553
24 913
437 291
643 768
50 660
220 528
869 805
863 978
745 988
18 817
49 258
276 500
294 41
671 151
13 388
889 456
876 485
848 144
639 827
425 793
147 949
729 993
344 656
922 194
162 180
269 683
339 671
714 508
735 578
880 446
552 390
514 671
799 128
831 368
698 181
819 217
712 721
319 377
951 664
872 544
383 414
391 63
553 310
523 814
303 801
35 487
434 581
400 903
152 979
676 415
171 414
460 406
466 81
238 800
962 91
334 883
31 318
616 978
66 336
173 761
497 576
742 657
990 105
196 285
181 889
828 817
449 900
60 80
253 943
937 567
171 638
578 361
215 280
533 717
56 638
320 928
813 409
556 557
133 941
492 655
42 51
677 633
963 394
70 896
176 558
134 131
281 385
534 812
904 13
6 916
673 243
133 856
725 366
657 806
264 56
388 772
652 319
501 20
159 760
761 548
269 903
584 579
348 267
968 921
780 574
518 637
761 73
263 799
863 816
961 830
156 155
22 438
1 263
495 967
418 484
723 88
434 427
441 117
899 795
22 571
160 747
935 186
578 566
293 776
450 699
314 391
288 169
476 582
576 692
314 994
240 903
240 331
380 808
350 20
905 798
999 540
170 986
579 886
697 602
127 153
736 765
398 17
899 191
368 8
560 962
312 127
242 825
216 933
824 523
567 222
64 636
223 378
503 66
226 327
41 566
498 87
642 833
522 598
860 87
37 451
193 44
607 644
413 17
728 950
368 774
435 637
846 155
98 363
809 408
729 699
100 242
626 112
352 58
5 589
582 678
161 930
183 71
700 666
596 858
326 349
696 647
471 300
44 463
403 47
20 923
331 94
661 158
778 995
976 883
683 630
201 190
981 2
459 617
426 55
116 981
699 64
486 798
673 262
193 724
457 559
953 299
161 2
228 312
419 389
904 905
807 176
400 859
571 402
234 227
968 896
927 236
680 272
200 61
810 58
598 236
182 464
585 355
108 56
462 10
5 774
26 576
891 905
462 510
692 262
397 880
676 785
440 315
859 219
342 962
640 106
850 966
560 645
335 272
836 556
509 668
500 822
284 614
207 378
365 45
217 431
431 89
496 216
844 377
429 364
704 737
428 484
625 193
76 491
622 636
771 321
729 843
861 706
196 16
410 729
847 883
240 172
259 860
925 340
303 778
158 646
887 776
947 67
243 268
263 30
221 35
55 82
400 679
853 417
195 409
352 682
567 151
197 808
296 454
512 292
962 815
585 264
447 636
770 301
979 789
395 359
146 979
447 381
304 230
723 557
197 217
195 881
801 164
34 705
506 361
109 459
244 927
19 206
208 695
243 506
759 169
885 683
902 351
292 864
771 144
544 376
577 151
641 480
957 825
256 480
825 413
891 693
432 223
259 812
546 471
568 514
381 820
205 677
92 79
672 222
764 194
179 235
356 597
726 437
92 844
486 414
733 116
239 575
981 581
702 141
648 229
347 976
633 782
772 770
573 510
34 960
158 799
858 795
440 427
655 826
475 840
594 260
58 189
726 52
602 171
602 241
72 839
971 258
474 649
69 194
344 553
264 579
536 448
851 887
261 943
879 729
309 923
269 685
553 110
979 850
430 825
822 859
302 965
469 908
19 199
194 949
697 665
761 12
796 585
216 669
331 863
415 16
450 566
843 309
903 281
303 595
471 561
772 579
306 803
280 711
57 386
917 565
941 339
78 196
517 343
361 726
266 120
995 229
768 870
200 331
568 634
181 882
202 767
706 56
859 541
879 629
152 143
383 306
643 430
438 448
669 952
482 545
924 709
326 608
972 278
820 448
975 312
178 72
83 214
346 615
698 630
356 352
645 642
738 238
728 736
569 236
987 747
245 788
21 508
363 886
578 88
155 219
870 813
322 182
342 48
307 231
282 988
276 653
442 482
648 360
154 75
436 221
567 629
323 995
23 197
690 646
806 931
713 483
788 910
142 592
383 31
25 964
144 682
591 910
512 147
44 898
451 612
459 435
566 300
212 34
672 817
920 996
308 840
420 81
278 660
396 351
480 18
774 97
886 746
10 412
200 951
928 355
147 520
141 910
68 230
488 818
183 681
625 998
459 790
437 782
350 115
451 433
466 275
877 406
881 97
304 1
906 210
60 128
806 449
921 548
101 996
458 227
244 731
135 458
151 368
314 170
486 434
415 179
383 12
357 779
988 917
861 646
49 690
748 1000
16 163
350 739
511 573
690 401
873 138
698 346
45 30
117 427
608 854
993 142
722 398
880 537
741 622
225 677
180 50
441 222
829 691
707 149
648 48
242 107
662 347
1000 901
377 228
288 595
107 378
257 953
288 625
244 446
387 109
923 54
178 163
866 64
639 478
595 107
239 961
487 802
534 65
788 196
65 564
8 738
622 494
524 785
47 294
733 960
879 260
230 558
647 943
590 132
33 487
772 206
449 987
421 317
872 21
257 364
88 436
235 278
285 126
640 828
595 133
516 71
806 219
521 824
675 745
983 197
675 579
246 105
731 485
251 1000
692 953
364 734
17 503
86 792
117 777
609 819
197 167
22 166
181 198
442 956
976 448
273 612
66 750
250 268
708 245
664 945
580 106
549 610
184 96
853 564
513 190
115 397
784 731
147 724
403 428
964 744
414 794
186 977
351 920
831 490
811 988
855 806
402 682
318 983
145 929
402 868
171 845
962 771
908 44
700 245
658 721
672 371
316 460
465 868
305 460
661 745
224 30
412 992
143 414
341 556
790 632
320 29
906 388
299 996
237 176
78 542
202 241
344 567
300 933
126 48
179 58
965 259
55 25
616 3
276 22
849 362
133 639
914 288
315 560
720 567
222 449
335 617
504 712
49 845
414 757
326 865
894 61
200 497
510 508
252 862
694 44
122 539
308 953
42 326
489 401
827 590
882 563
718 807
448 30
381 734
804 671
102 70
305 831
305 853
769 37
290 556
547 432
664 921
437 559
848 627
44 856
698 713
475 451
566 861
160 894
841 690
560 215
66 13
944 998
399 981
617 112
537 658
362 925
444 493
572 351
576 991
487 312
535 647
983 651
767 82
79 515
43 995
239 678
671 538
358 926
659 50
298 824
858 243
114 269
329 161
922 754
577 805
53 320
318 225
350 542
326 682
30 287
12 653
252 496
636 247
755 251
807 890
25 359
989 438
783 683
945 551
158 922
453 967
256 726
272 392
501 28
791 326
382 30
504 117
21 231
364 99
710 493
483 603
238 196
964 182
585 149
33 207
71 525
734 949
336 172
717 173
890 548
142 141
329 220
60 872
840 463
301 962
848 843
834 813
201 247
349 452
271 673
161 942
839 395
973 475
642 641
83 263
682 659
905 237
290 582
569 889
347 325
745 678
721 600
732 639
464 637
113 337
41 664
565 98
674 249
668 804
613 809
219 272
234 974
742 160
970 921
550 41
956 924
959 540
967 960
84 111
785 237
874 451
554 650
618 503
876 283
33 301
409 947
312 836
409 724
374 945
436 302
476 103
549 421
415 292
80 860
746 538
499 32
227 811
279 695
288 938
176 720
703 54
601 204
257 295
604 433
932 407
107 482
310 646
464 955
994 755
673 324
491 599
315 976
300 305
461 786
239 786
74 106
542 270
482 750
472 133
236 147
452 405
38 302
934 891
521 942
896 229
846 226
956 133
24 622
840 757
859 790
41 553
594 185
601 58
846 119
607 673
395 512
581 904
269 732
89 365
564 420
402 651
462 659
964 577
549 288
65 145
93 483
228 724
761 821
478 844
580 132
108 822
526 20
396 339
842 733
693 881
722 165
929 907
909 144
556 93
271 914
957 939
514 57
262 58
609 465
358 647
45 846
871 155
383 738
659 871
333 784
17 284
783 274
599 821
701 430
329 656
564 372
207 577
104 345
599 266
93 814
974 518
869 287
417 155
637 581
840 140
955 216
91 780
870 350
401 319
618 412
78 211
371 860
588 504
472 395
646 882
210 399
187 64
559 329
236 806
830 969
991 934
987 626
684 75
518 773
342 927
988 207
624 529
608 346
542 505
866 205
488 440
456 504
623 549
180 729
404 99
945 171
817 763
8 629
407 369
179 955
32 667
91 125
441 30
277 892
237 341
943 925
395 715
209 645
227 252
394 827
320 91
947 610
634 38
433 150
437 545
536 95
227 458
381 591
966 282
121 694
566 116
528 308
849 729
995 801
784 398
754 242
996 896
506 920
679 300
856 9
359 866
161 170
38 978
936 851
547 896
106 838
127 955
667 57
910 971
700 25
640 69
611 872
270 293
537 923
726 718
374 668
703 849
906 389
528 795
133 994
159 294
750 234
660 844
9 1000
477 689
771 777
75 879
405 99
19 551
374 403
362 12
589 423
474 873
128 697
21 151
508 781
885 564
491 352
694 714
885 148
234 909
783 189
867 536
615 511
160 373
667 296
248 84
338 543
910 479
565 266
740 480
137 272
136 723
473 760
51 857
937 610
89 689
31 624
81 514
131 878
687 518
511 459
891 787
188 199
538 371
726 686
624 22
469 949
51 589
951 500
388 535
649 793
155 937
943 308
388 70
465 355
598 830
343 995
926 272
571 183
103 138
186 437
539 895
791 846
104 547
492 120
879 875
596 521
998 97
230 350
518 188
11 37
197 344
729 454
24 441
666 388
614 349
290 862
740 166
884 286
120 329
195 224
598 255
882 519
157 792
246 506
395 596
811 382
97 123
825 576
704 69
687 996
713 609
880 766
909 138
857 803
533 205
153 492
139 457
519 779
411 772
10 868
967 644
414 945
974 940
786 38
917 685
592 106
804 84
629 554
173 914
41 843
672 437
107 999
758 887
674 38
259 440
792 17
846 217
470 916
514 15
990 662
571 929
684 508
447 726
790 984
917 806
707 134
287 316
973 228
837 837
569 921
987 744
228 410
927 8
364 255
576 278
482 296
531 308
218 398
361 351
297 412
598 719
309 701
103 151
324 588
175 453
744 612
951 27
669 380
734 970
168 741
977 463
325 194
225 911
795 931
863 643
305 276
804 698
727 324
927 773
83 106
279 487
543 416
679 555
260 745
920 892
841 127
272 302
904 514
394 754
621 966
633 845
952 74
851 145
109 319
597 945
272 363
690 195
298 146
144 180
248 124
218 258
237 133
508 397
168 198
831 539
451 829
814 32
709 710
634 823
896 935
413 308
313 994
650 971
807 568
319 301
167 361
336 142
370 379
354 772
78 79
480 858
225 804
125 268
901 377
920 671
910 614
837 398
884 616
213 404
878 269
761 527
370 81
981 257
223 363
673 267
492 19
793 659
880 227
951 337
125 171
994 840
823 622
340 863
151 525
497 206
864 442
141 882
859 847
265 510
194 552
701 601
863 608
442 873
32 218
622 23
60 489
81 557
467 391
210 233
354 248
869 793
390 995
271 412
945 353
720 594
135 295
577 607
727 154
846 641
654 711
483 400
912 840
865 905
731 938
280 172
342 282
352 893
655 870
564 479
191 498
502 131
598 649
640 261
23 14
854 257
969 319
384 689
442 629
879 731
439 861
852 782
862 914
144 338
706 6
908 657
229 56
610 177
289 953
311 634
484 20
444 822
958 876
390 748
172 628
528 423
204 914
614 752
121 931
790 105
715 653
507 193
810 947
554 765
818 257
372 606
535 667
625 336
472 49
919 515
709 978
106 944
387 752
355 734
666 760
715 201
920 167
942 288
865 220
830 307
275 252
599 701
513 664
51 481
781 332
996 142
909 213
653 699
698 22
314 978
651 30
416 552
739 99
309 991
549 7
333 99
966 457
969 664
28 196
234 666
67 569
599 303
218 501
936 383
701 232
539 540
661 186
449 416
584 751
477 735
837 524
552 823
590 330
908 230
575 297
607 662
195 766
46 101
167 766
363 513
200 712
844 777
271 252
16 344
470 903
507 308
611 543
983 322
963 217
588 427
163 234
377 985
451 575
530 596
965 762
773 187
872 831
815 818
975 296
554 667
225 734
12 114
975 880
219 989
861 637
606 219
968 441
507 464
159 963
61 321
44 530
580 999
596 667
775 403
29 587
357 34
222 927
262 164
872 902
385 630
118 84
227 307
155 616
885 603
374 841
333 691
398 39
878 734
746 449
800 586
660 491
209 836
723 427
411 997
295 716
11 260
808 925
278 40
509 868
117 144
216 190
986 280
193 551
90 715
628 504
468 331
322 426
267 364
382 223
959 621
218 495
857 949
499 242
786 384
353 521
757 921
417 218
162 116
805 487
967 41
628 42
671 639
105 33
453 834
106 923
747 180
461 840
452 76
941 928
606 676
109 576
186 243
690 251
391 12
660 216
726 67
941 701
475 824
258 101
865 329
819 682
265 361
547 257
49 430
600 685
268 600
902 344
595 255
562 13
903 355
72 608
323 963
196 399
717 632
29 869
448 975
546 929
573 84
273 1
929 438
859 452
442 336
204 177
940 739
270 259
495 875
202 975
188 138
906 656
292 329
44 872
454 377
823 986
77 35
553 966
488 753
880 116
608 681
686 222
765 525
738 100
21 657
853 286
153 279
396 445
116 695
388 849
721 787
360 912
382 651
422 93
382 93
373 564
718 578
687 702
738 10
846 168
634 459
210 396
58 697
229 588
975 674
437 991
419 795
785 535
640 945
991 650
819 923
1000 355
832 757
998 950
957 807
397 130
280 966
345 305
421 707
224 561
887 572
804 512
27 808
790 810
263 725
578 185
157 983
431 698
89 167
905 643
67 788
271 768
543 229
853 127
191 679
791 871
263 803
490 586
239 547
859 736
957 708
321 695
748 836
155 918
711 338
360 138
938 716
420 405
316 840
969 437
337 876
549 831
723 456
620 693
524 474
489 478
683 214
361 874
754 199
689 937
85 834
293 84
647 76
352 575
92 656
197 261
260 215
962 477
592 748
471 680
448 759
84 248
783 709
842 207
123 204
317 856
993 843
486 22
504 229
283 104
58 397
660 806
946 969
529 932
878 229
817 689
511 3
809 588
843 252
601 856
965 634
629 858
197 147
887 731
69 390
992 333
283 225
588 252
1000 625
554 46
58 428
959 907
350 754
4 757
78 216
801 670
500 511
973 428
656 728
522 110
28 371
854 263
862 897
967 944
143 762
