1000 2462332
10000
748 81
557 940
678 406
607 732
617 887
44 620
745 959
219 485
806 485
761 770
567 123
160 977
751 546
563 737
275 958
88 267
998 398
126 539
59 71
476 386
126 56
326 1000
657 422
955 836
122 381
652 469
597 630
48 4
447 95
68 591
692 283
957 453
232 532
429 828
747 876
12 931
190 546
338 971
127 408
98 145
363 537
630 679
941 67
6 56
176 353
87 939
899 408
810 679
710 423
606 418
366 690
683 812
583 304
460 174
18 5
902 235
646 561
847 905
869 324
96 199
188 985
765 112
333 958
648 72
221 90
123 275
311 488
831 169
385 863
426 271
467 685
763 623
393 8
185 507
9 731
302 204
682 918
707 318
525 675
539 696
565 703
878 371
518 686
287 624
276 530
763 249
665 52
754 869
217 252
259 14
862 610
652 426
679 448
909 255
135 280
124 129
569 892
319 926
743 901
447 170
498 719
950 952
272 115
36 11
591 307
648 129
704 924
419 475
883 233
567 410
267 674
880 550
880 249
908 550
396 827
396 886
559 471
655 917
879 112
343 970
476 76
203 776
20 525
800 76
747 39
607 591
736 129
505 328
489 115
518 513
334 759
389 453
960 201
561 114
276 183
195 240
959 868
815 863
322 355
597 869
795 660
469 375
887 184
772 413
825 811
805 818
948 824
165 419
147 847
891 103
922 535
548 534
739 749
748 72
753 885
909 363
798 934
851 153
460 961
318 606
659 144
811 609
880 628
265 610
928 856
943 495
102 178
153 281
594 802
269 58
451 893
353 657
611 541
28 930
760 407
566 710
865 482
786 446
798 487
301 893
993 496
971 806
894 481
380 517
60 597
491 589
913 830
367 623
49 30
499 12
598 937
77 32
314 78
279 173
120 231
414 913
538 263
176 257
595 59
510 695
336 34
367 815
465 842
327 914
814 782
147 573
388 867
322 798
835 644
737 783
191 932
180 576
23 250
7 551
281 480
387 531
811 955
821 812
438 968
150 19
190 484
463 120
775 910
623 944
981 17
659 31
189 874
25 241
830 318
47 545
655 459
711 309
305 178
222 507
956 250
498 928
119 705
121 603
962 201
863 926
196 999
378 289
280 597
527 699
158 673
373 429
718 693
92 934
45 275
848 855
918 141
129 584
145 580
730 124
820 643
467 980
354 988
967 293
23 108
866 467
262 571
800 357
727 909
145 608
112 862
860 701
50 813
114 712
815 738
179 170
241 497
391 956
461 872
804 115
464 609
152 367
455 416
191 338
970 250
194 227
985 494
390 501
390 538
802 184
114 209
237 474
434 831
375 54
180 41
251 645
286 752
780 523
127 621
919 267
809 630
952 547
476 721
994 935
64 451
547 732
417 402
177 878
366 704
276 111
498 733
902 457
622 605
22 712
455 824
341 12
856 299
384 557
850 268
979 66
112 464
714 737
430 980
1000 184
360 143
269 677
860 57
998 476
444 888
811 837
203 852
210 194
197 912
452 637
659 658
220 865
603 131
347 970
72 586
390 386
916 513
89 691
130 990
21 54
724 917
824 95
771 470
409 740
448 347
734 111
362 989
410 932
364 429
587 80
745 712
891 269
368 845
776 586
938 950
727 613
142 7
921 113
32 856
917 52
250 141
342 94
670 102
213 147
191 685
383 978
37 791
819 732
47 648
867 995
51 298
16 813
615 434
570 579
703 819
476 129
742 282
608 632
544 841
37 826
778 275
481 188
55 525
307 663
78 726
789 593
24 12
777 527
126 154
305 281
520 547
328 211
350 903
590 266
633 127
813 597
25 70
435 369
31 353
576 228
20 354
985 758
351 705
344 779
58 547
471 187
917 667
349 756
130 121
423 711
508 396
641 290
218 519
245 417
228 906
25 49
840 636
21 24
311 517
46 160
216 754
785 664
100 615
511 876
805 575
46 442
389 667
598 827
648 899
159 480
614 250
343 285
193 801
742 54
503 465
611 674
904 330
834 647
684 303
505 28
386 106
766 88
579 296
215 973
533 417
247 823
948 419
216 735
433 867
350 948
145 307
286 482
665 994
93 519
446 53
609 200
712 989
799 116
298 401
465 421
216 429
471 546
518 542
230 490
335 134
192 371
848 842
503 899
491 361
442 249
624 444
716 882
427 173
835 384
807 549
112 665
981 729
163 216
874 354
117 245
742 831
491 483
918 133
202 530
466 921
285 722
266 398
365 632
914 684
519 708
216 399
396 162
623 862
548 429
498 678
718 293
660 921
14 439
495 906
283 474
561 25
995 956
402 227
492 300
353 920
529 793
328 449
846 557
209 25
834 346
162 47
923 277
166 814
497 446
696 507
628 16
423 909
212 385
221 80
774 115
209 845
628 835
497 638
20 414
635 336
192 135
980 273
967 554
559 885
543 782
171 812
954 451
329 808
390 537
35 842
917 364
71 729
357 388
576 290
902 108
498 656
942 268
353 708
736 595
99 884
546 216
714 55
179 342
166 817
147 68
571 769
354 421
2 500
293 873
143 824
255 927
262 585
634 813
535 527
949 379
317 112
59 803
750 551
56 750
29 530
186 698
96 980
799 230
309 156
163 917
444 545
635 888
681 316
418 167
895 321
438 544
474 83
567 373
707 153
352 851
751 395
379 562
275 87
903 146
817 760
224 503
344 588
800 503
777 668
674 424
812 334
279 219
156 52
525 295
603 557
36 427
94 749
927 212
863 506
389 535
356 981
582 202
405 760
834 358
639 805
781 273
854 798
674 603
341 692
232 971
299 742
70 47
972 552
811 32
898 839
966 508
103 655
551 107
823 690
801 297
714 743
876 331
432 590
469 932
692 644
556 529
570 246
854 524
943 246
933 798
939 169
445 486
403 6
941 68
574 253
816 820
619 383
859 629
285 677
987 658
477 101
59 108
813 855
805 373
309 537
288 782
344 242
801 252
878 260
287 62
728 864
716 280
48 355
609 928
360 549
284 241
18 559
57 198
961 370
700 601
292 505
31 151
484 531
648 921
140 516
59 992
778 853
151 69
397 25
594 410
633 761
41 84
187 731
537 486
721 843
767 856
49 702
126 608
342 866
91 454
193 200
632 519
471 262
722 185
365 312
192 562
176 612
222 776
661 86
8 69
984 709
516 995
309 84
934 634
764 436
793 305
82 560
427 597
342 562
270 824
431 624
809 889
687 948
899 971
902 319
625 421
20 787
449 801
762 175
343 76
966 930
350 25
247 316
787 687
659 551
589 740
280 683
707 685
839 584
842 789
875 759
828 506
541 120
617 185
179 559
872 802
854 126
829 433
155 477
834 685
63 509
159 979
747 936
506 141
391 968
744 61
478 163
937 771
179 884
50 200
19 808
89 731
40 411
164 252
954 61
929 425
500 137
583 164
526 463
75 872
672 819
913 812
99 378
613 712
180 592
521 947
390 102
897 752
911 664
887 128
285 640
681 914
848 410
686 708
629 380
988 717
792 537
648 960
995 52
441 633
898 132
143 412
262 888
804 679
237 785
9 484
447 541
605 947
106 829
769 169
786 60
186 440
737 235
504 261
183 985
284 166
382 439
202 690
573 531
833 561
827 561
233 705
76 542
669 954
800 247
97 895
9 527
623 899
325 859
611 126
53 988
563 525
15 199
294 567
460 901
526 752
495 103
715 958
305 664
19 431
698 181
998 880
213 3
972 796
214 121
139 654
713 968
972 244
35 731
140 602
255 338
152 714
776 581
461 963
683 106
470 780
93 556
620 729
535 576
303 667
940 851
701 302
855 268
455 399
367 457
357 359
224 90
528 990
784 119
918 934
323 484
592 908
298 81
906 16
790 175
37 280
52 57
109 1
331 181
582 62
67 888
914 500
197 675
120 301
646 14
360 233
446 104
268 310
701 172
375 234
262 638
547 501
930 768
852 196
746 269
521 710
735 876
797 112
128 492
236 585
100 455
47 82
509 134
493 208
143 398
465 194
76 979
10 819
27 728
283 925
106 135
702 922
999 562
156 602
995 75
768 310
550 255
150 969
974 748
226 738
743 890
31 906
846 326
659 36
817 443
936 662
419 996
536 797
94 774
352 804
699 402
183 133
547 772
524 610
190 674
338 820
677 954
590 492
751 69
200 906
638 720
151 408
155 357
401 351
814 53
284 851
468 593
929 502
391 18
973 407
162 265
238 288
610 673
712 941
641 591
139 126
388 255
834 360
383 69
155 42
616 662
480 393
695 546
347 524
499 188
494 761
718 502
175 546
684 691
47 507
304 572
939 679
63 17
514 546
57 382
277 391
182 412
550 370
498 585
783 722
323 196
839 633
884 247
254 6
402 930
874 667
325 995
221 52
364 360
669 159
818 877
713 93
601 548
825 556
116 685
42 493
560 251
936 778
352 435
797 999
932 519
306 585
606 193
935 592
13 28
755 156
169 903
26 659
51 42
960 697
147 63
939 731
995 626
334 662
959 181
687 265
292 904
649 535
527 572
558 345
651 564
162 242
3 4
104 871
704 942
352 866
205 418
985 490
225 153
416 567
75 229
688 375
86 309
130 488
416 260
307 472
824 184
662 239
477 814
395 310
571 894
70 424
227 135
828 40
302 439
101 871
613 425
877 316
575 631
853 877
912 795
893 458
788 293
801 90
552 161
108 720
657 326
235 601
51 367
70 84
855 285
473 673
994 452
145 320
668 171
44 91
892 149
650 630
937 762
970 371
298 793
234 732
619 822
35 148
1 923
601 807
611 539
924 663
247 548
700 421
923 808
568 526
614 855
100 349
150 292
381 851
204 172
195 478
308 488
870 283
764 675
850 214
219 394
3 897
397 376
129 287
655 484
607 161
12 636
882 991
126 195
688 384
152 203
520 711
783 380
93 778
918 133
964 644
356 328
295 374
904 16
333 775
192 945
547 874
839 832
392 938
409 954
204 886
389 166
907 403
903 450
516 471
586 230
645 255
461 832
733 754
534 854
60 962
555 842
68 259
448 262
890 656
183 234
986 908
303 37
485 171
783 427
457 611
252 43
613 983
716 800
557 581
548 430
997 451
317 278
285 13
515 904
743 482
541 158
556 148
684 62
80 112
86 201
434 456
878 183
238 300
414 763
80 300
559 484
784 439
858 19
47 693
319 641
168 947
845 877
330 546
459 446
94 61
790 769
904 654
996 370
92 487
423 38
455 203
73 293
224 203
177 477
142 563
653 203
76 322
537 630
711 646
774 944
43 856
560 773
317 631
564 566
551 142
211 725
39 746
424 936
337 224
684 388
623 925
440 720
467 716
281 404
982 324
84 741
23 370
611 535
26 190
163 922
226 58
724 673
254 300
997 138
47 365
295 393
324 442
398 194
323 790
939 285
386 746
654 771
246 617
526 165
563 923
992 500
619 305
987 525
966 728
950 452
142 78
266 394
125 339
554 701
941 276
825 239
439 937
444 904
678 905
586 417
290 491
874 183
306 921
561 781
800 20
625 526
619 965
838 304
330 999
477 677
940 120
86 53
546 489
407 335
743 589
849 887
724 156
777 701
979 261
788 733
3 664
69 315
821 20
526 480
638 611
827 211
562 863
907 131
267 875
999 521
588 163
293 532
746 103
63 257
910 431
299 190
770 524
89 832
160 522
511 137
9 922
872 484
540 702
781 702
351 214
839 295
583 585
302 718
362 610
78 51
443 798
694 801
481 942
492 307
103 158
718 492
137 333
294 973
962 895
311 867
54 158
477 772
832 236
174 581
79 984
759 691
662 125
727 373
300 665
831 684
338 603
331 848
115 307
890 93
540 396
384 881
177 801
593 617
183 958
310 42
506 424
130 680
978 905
368 864
580 37
581 962
559 297
941 838
672 938
127 494
928 745
99 878
698 873
800 416
587 700
890 855
316 32
15 316
27 882
363 204
585 826
901 354
363 29
992 731
646 333
448 492
300 52
418 731
805 190
176 178
346 742
149 849
887 154
998 367
704 551
701 152
832 734
340 50
747 742
455 258
768 545
528 386
459 994
632 793
667 507
134 519
138 33
395 5
132 398
680 697
579 636
156 588
938 830
173 45
84 399
969 216
857 452
75 855
552 528
579 306
198 703
180 393
696 321
544 923
776 272
343 129
819 182
105 510
939 802
249 266
743 332
373 778
511 72
47 357
545 139
341 446
174 570
213 497
518 688
599 343
703 415
434 385
515 266
788 554
842 794
938 327
220 750
837 131
777 3
553 260
235 654
283 290
697 68
573 553
623 37
418 675
174 728
185 967
230 890
486 890
497 20
608 16
560 966
509 529
884 954
813 891
611 213
646 924
955 674
295 763
612 75
144 886
733 565
432 915
798 861
750 654
721 985
814 327
605 685
853 761
480 318
846 617
635 207
940 180
66 684
801 162
291 83
348 154
997 734
83 602
499 163
776 53
677 746
34 158
985 483
773 390
936 366
245 657
834 474
568 377
60 201
557 925
729 467
672 585
420 158
747 447
954 822
176 812
945 942
719 970
271 358
232 555
906 844
211 582
567 164
975 517
493 715
633 355
995 4
402 968
232 89
712 653
55 221
891 423
272 715
463 89
979 176
999 289
497 323
588 178
153 98
582 397
362 642
640 968
300 548
687 251
632 138
987 316
549 572
315 667
168 862
394 754
743 44
201 477
4 987
55 793
555 897
807 193
561 96
997 413
424 887
861 627
441 88
633 738
575 885
148 92
669 737
19 328
175 730
648 139
546 733
580 374
564 888
623 120
716 482
475 706
391 31
799 758
97 18
552 278
156 751
766 946
986 980
565 467
597 533
947 35
304 67
160 851
225 454
317 529
315 634
624 550
659 739
485 47
512 838
798 824
651 62
910 72
628 201
308 465
432 194
422 672
554 692
156 553
988 154
42 589
918 69
668 332
797 705
686 941
153 928
783 250
316 89
354 110
991 153
780 404
936 939
685 574
852 719
498 336
688 352
379 942
17 654
925 855
52 607
858 116
366 273
870 339
744 110
704 103
899 268
376 147
763 835
134 436
978 782
406 129
115 130
220 920
947 596
519 625
615 28
138 374
786 47
813 576
932 327
138 594
272 618
255 169
457 612
9 253
516 208
950 110
535 239
481 363
52 58
80 164
430 178
401 105
394 689
435 25
504 520
779 726
430 506
407 765
216 94
503 106
543 415
74 650
857 611
243 824
713 404
968 668
17 773
944 383
381 371
264 655
194 805
884 565
779 976
65 549
934 590
86 486
44 842
865 75
333 170
921 306
593 900
940 846
932 991
140 222
403 575
998 265
593 201
150 816
480 125
934 543
991 222
334 535
360 309
198 475
751 425
262 764
264 449
797 225
703 761
299 354
175 888
732 815
492 907
265 416
179 596
860 12
299 5
330 496
632 112
808 82
316 14
589 345
719 596
506 729
6 99
731 553
940 722
470 420
119 968
303 764
919 915
968 508
703 391
959 993
504 451
668 387
325 404
984 768
128 676
626 353
447 547
323 266
870 656
763 689
506 685
347 452
14 894
6 702
809 173
308 17
591 160
380 205
990 864
533 829
635 277
725 999
24 216
251 19
918 984
121 188
380 718
676 686
515 932
62 295
271 251
986 808
793 204
690 211
408 254
933 750
433 965
380 260
658 190
492 564
364 907
721 229
888 288
153 629
639 957
993 696
169 925
319 184
125 338
449 909
834 201
762 942
694 369
682 394
139 453
195 884
468 966
486 913
524 442
537 560
524 175
990 244
272 379
558 699
906 755
618 3
154 801
915 651
468 695
906 281
916 220
898 826
751 131
88 598
413 23
131 6
162 346
611 237
751 536
445 646
304 60
621 689
13 906
362 871
32 208
114 817
540 623
429 473
73 568
276 266
946 851
707 365
561 679
797 61
993 564
376 295
744 401
862 661
314 109
544 585
581 990
970 709
387 18
131 370
322 670
965 210
446 750
717 425
596 478
156 643
386 922
119 141
38 730
714 205
670 511
376 189
492 563
907 580
471 876
945 787
60 496
944 352
770 250
355 402
60 838
427 741
675 95
926 584
105 911
805 938
943 563
762 564
958 79
934 775
183 526
90 132
895 384
846 646
427 425
178 1000
485 414
200 810
430 899
311 825
446 533
572 25
686 857
785 339
305 613
305 491
387 662
96 34
971 375
67 902
121 180
658 929
57 178
393 526
865 577
632 239
409 378
932 239
889 345
223 563
930 654
867 888
944 210
171 43
953 954
389 323
721 681
968 171
517 764
373 644
476 327
848 178
422 532
691 38
822 371
204 555
146 986
580 452
104 799
268 902
489 953
923 264
811 996
675 243
632 271
309 211
318 788
2 969
241 987
617 845
980 11
650 249
640 766
555 212
27 14
912 432
147 378
312 69
25 48
579 842
664 465
281 251
986 526
765 448
379 828
406 852
517 394
457 25
805 335
518 658
86 388
216 839
929 544
358 990
953 634
358 995
576 209
561 61
761 44
492 703
808 688
688 40
554 953
370 334
971 869
578 785
504 697
958 888
968 54
57 742
111 924
808 978
193 688
599 287
190 268
452 184
500 641
166 627
65 817
344 189
147 699
126 532
503 399
613 83
977 707
571 382
534 252
427 535
945 209
173 244
374 934
332 807
170 814
790 874
789 773
908 554
645 19
478 469
255 340
667 761
906 36
371 612
382 647
310 669
355 359
309 455
765 719
720 962
424 95
403 786
532 250
881 633
162 654
18 239
603 894
399 39
131 723
483 562
313 901
655 487
534 255
939 238
974 536
23 866
70 636
159 995
402 605
146 89
247 278
53 974
480 880
544 760
454 355
988 896
924 385
941 127
128 576
128 509
690 111
447 176
647 587
92 523
69 639
221 228
530 795
28 258
942 492
696 369
386 514
482 135
14 941
734 967
795 638
251 125
873 32
827 240
221 431
134 515
666 743
86 613
169 419
382 934
788 56
195 50
466 269
946 983
419 385
757 337
551 907
455 968
82 166
935 347
875 887
953 731
587 293
937 165
268 423
689 879
611 364
70 879
993 137
803 647
584 145
936 537
300 385
183 485
167 81
272 657
802 804
514 768
679 387
721 697
440 463
338 651
241 832
102 540
1 212
561 476
780 107
384 966
35 295
660 838
896 276
204 97
325 321
150 772
961 529
340 384
418 977
646 6
199 66
325 636
229 532
407 261
623 119
838 57
666 642
520 325
781 207
593 502
767 665
193 840
544 518
383 184
950 942
557 391
5 827
944 975
76 34
260 187
726 840
978 452
597 216
964 893
453 27
193 163
581 96
509 636
108 164
710 458
565 869
267 633
142 421
216 607
625 134
767 628
711 174
956 48
30 895
773 861
461 731
513 520
263 236
346 900
871 172
832 188
956 219
538 517
969 956
440 687
473 498
449 610
982 345
860 486
537 175
797 582
315 127
391 340
954 542
102 183
967 24
928 37
345 44
222 997
739 210
769 656
845 725
673 86
147 804
210 740
420 668
83 213
406 376
360 378
902 680
17 302
546 325
479 628
7 788
61 433
670 734
830 933
915 257
90 567
986 997
149 839
938 388
11 404
726 496
597 356
257 968
438 835
483 173
994 530
567 779
919 601
945 814
777 736
535 282
666 640
405 166
784 240
203 166
117 999
982 597
373 652
942 407
283 65
356 521
657 827
391 295
221 37
396 478
261 991
335 605
840 376
227 455
960 185
271 223
146 241
206 143
590 436
716 486
739 530
419 110
180 331
495 522
364 496
822 144
54 71
990 864
480 899
376 264
218 283
373 828
831 512
242 405
283 147
808 125
630 719
784 16
355 206
994 764
897 282
303 744
960 156
282 403
65 72
808 549
873 530
163 37
838 212
736 742
816 143
449 720
977 270
803 673
656 666
845 903
424 647
469 328
641 708
875 694
638 272
501 500
280 312
230 180
266 598
973 451
910 785
942 589
773 196
883 518
810 932
310 838
830 709
745 57
556 654
484 95
926 130
916 689
537 597
732 273
334 545
229 808
681 796
527 217
276 848
700 905
759 788
512 346
326 381
324 600
513 75
210 647
578 775
833 422
492 543
717 205
799 923
423 288
458 151
989 293
540 204
633 134
619 142
358 302
214 299
158 896
272 945
313 224
1 385
252 170
524 117
784 33
621 229
328 921
674 384
283 285
312 307
118 456
973 887
702 119
818 386
326 208
166 571
99 976
578 671
324 575
88 197
297 265
297 6
341 23
550 347
249 464
310 877
805 488
92 217
307 511
973 470
723 199
444 670
68 714
845 744
629 208
192 638
324 108
82 9
156 826
786 622
664 874
866 94
248 319
389 212
282 276
210 413
323 901
455 632
146 111
100 999
365 155
151 959
404 252
358 60
107 653
602 62
975 101
442 362
193 14
549 67
430 160
144 46
961 29
14 650
769 611
905 303
786 542
83 241
658 622
966 146
76 658
217 942
481 254
294 714
337 609
906 844
622 628
406 406
829 15
547 732
259 10
23 50
209 941
677 782
304 56
588 341
319 633
24 918
182 808
397 585
539 886
395 858
855 931
167 504
193 899
756 689
591 849
716 351
50 297
582 375
319 108
497 140
445 816
838 595
135 849
317 242
219 781
591 489
439 391
335 302
878 949
878 309
343 677
713 57
131 509
181 606
71 851
276 904
826 912
748 179
508 124
310 566
981 13
676 874
217 888
154 634
584 148
140 290
974 828
959 636
534 864
419 438
204 303
28 273
982 529
473 684
253 205
409 374
495 415
792 951
543 11
300 966
643 269
466 358
579 61
501 904
139 642
739 149
934 6
285 61
744 449
154 299
739 660
694 370
467 999
989 664
302 556
26 316
596 772
133 201
594 25
488 216
532 670
979 891
402 479
169 635
447 890
513 762
121 772
885 706
168 714
521 378
846 37
895 163
257 199
518 776
883 883
88 286
864 951
810 528
80 881
393 297
181 90
311 424
612 919
861 335
684 941
437 90
96 739
279 8
224 735
510 163
64 960
478 807
497 178
659 473
825 698
535 887
439 227
616 127
252 155
359 558
560 61
494 838
906 905
917 135
849 771
440 231
263 899
348 959
633 38
160 603
137 28
899 827
337 956
210 406
105 112
781 160
243 426
968 689
12 402
379 575
38 249
810 9
741 687
864 106
326 373
330 727
991 955
211 610
799 805
668 958
106 866
72 798
50 230
823 234
165 616
425 655
245 340
130 851
750 108
47 311
167 609
671 521
948 406
270 243
649 541
929 207
925 120
592 575
313 896
371 637
379 304
207 893
597 99
311 196
101 253
604 471
593 481
941 591
884 107
753 592
664 526
739 723
290 919
455 999
402 12
661 700
666 13
308 555
946 395
48 64
293 45
949 305
757 144
289 625
688 775
256 145
403 291
804 572
441 445
918 128
16 979
519 779
966 712
850 972
959 198
810 644
276 438
277 428
848 644
35 717
970 924
603 116
127 708
429 735
202 464
594 354
257 251
987 273
345 244
441 38
685 165
263 233
93 5
451 691
776 767
967 228
632 650
15 766
980 699
360 522
956 584
877 443
776 150
211 206
42 350
384 344
334 456
357 881
1 577
504 767
866 623
751 79
561 108
970 503
878 56
993 770
355 309
615 546
220 607
320 189
996 565
922 874
914 347
754 768
324 328
35 575
813 47
168 922
444 147
128 491
327 377
966 827
334 582
753 808
760 743
416 32
810 366
243 368
839 307
995 102
652 497
46 196
617 623
422 500
941 4
19 483
625 308
546 590
182 356
548 640
813 538
952 587
220 568
341 766
177 87
280 810
675 803
337 938
638 117
548 304
809 783
941 605
13 170
4 49
615 106
335 85
685 882
192 507
216 249
637 279
71 566
980 36
591 257
797 200
96 80
70 892
351 970
552 66
531 672
527 561
903 43
339 506
936 428
36 821
95 438
695 125
620 655
236 675
49 724
427 934
168 160
553 5
667 507
489 72
960 384
66 980
871 893
41 466
265 665
94 241
771 669
436 171
694 261
874 105
704 535
535 93
136 25
83 491
868 198
417 552
869 227
1 828
353 341
86 126
71 675
188 839
892 802
70 203
823 328
471 128
307 555
568 62
424 743
179 40
969 416
508 667
621 926
65 153
812 456
895 988
373 883
35 21
92 290
875 57
592 608
335 56
819 319
480 613
698 371
729 891
944 817
943 580
40 199
242 936
758 469
903 832
739 151
184 978
305 926
39 480
753 350
422 445
483 246
593 96
452 296
136 687
844 958
421 8
27 125
761 636
14 350
260 114
528 225
964 623
107 146
169 99
116 10
834 960
577 294
322 226
508 784
335 407
374 173
191 895
824 219
682 410
424 40
89 915
400 858
900 118
463 694
814 295
25 608
981 144
306 58
892 343
685 123
69 925
155 353
383 460
282 738
671 228
974 405
50 992
473 5
915 9
890 663
455 576
670 36
834 243
898 866
39 639
206 556
989 443
227 77
245 904
425 954
218 760
297 744
466 470
900 960
787 991
451 344
744 456
850 650
948 20
261 501
134 978
126 528
520 705
382 289
908 294
375 941
115 61
2 846
263 128
966 303
576 374
76 925
371 577
805 992
272 195
872 315
81 574
634 448
756 676
403 257
853 631
748 999
863 592
10 200
657 481
113 678
67 950
964 153
349 607
451 521
751 437
411 991
140 536
764 48
915 371
156 370
113 406
796 469
365 768
40 325
189 906
56 888
695 846
553 612
326 851
95 987
757 614
326 628
578 42
261 438
472 604
354 337
526 945
421 205
167 571
946 195
137 468
736 220
909 348
49 223
164 475
735 360
604 382
428 177
495 899
726 803
752 821
689 96
367 837
129 884
797 455
909 604
670 649
588 904
270 466
316 561
380 260
485 16
864 125
712 742
250 916
528 154
603 814
512 512
887 500
897 348
539 178
867 946
159 341
67 53
148 628
646 739
913 812
997 421
304 292
704 608
486 967
214 230
651 118
79 96
141 682
491 791
364 378
179 304
359 361
269 987
333 377
439 458
512 296
455 587
936 399
585 404
473 461
928 942
645 958
442 604
918 285
591 999
716 841
750 247
428 288
133 292
12 427
547 221
730 210
700 394
665 377
539 489
529 163
978 520
687 488
800 912
222 328
174 796
296 961
391 161
43 875
7 775
564 41
777 223
482 273
819 610
900 148
879 203
212 70
568 870
569 321
845 78
471 551
209 182
947 166
637 3
299 800
786 985
946 885
699 169
950 590
86 790
268 492
530 816
903 858
556 264
608 996
954 518
62 715
263 518
146 195
764 401
721 102
730 862
194 377
589 935
440 685
195 408
602 852
165 677
97 943
562 137
623 419
751 300
579 531
217 516
269 759
134 458
632 195
932 348
338 806
603 865
820 265
523 328
316 345
545 54
232 90
816 173
402 930
388 682
896 477
579 195
368 772
235 619
156 746
305 427
932 922
349 634
457 134
69 688
343 596
403 293
28 798
829 650
473 261
185 923
10 145
468 322
429 61
452 936
512 191
589 638
964 941
200 409
648 486
20 912
780 781
702 228
866 694
576 556
391 364
5 470
5 405
698 605
218 949
709 118
972 567
444 367
581 573
644 198
82 552
474 468
561 720
509 656
295 645
994 26
392 905
388 819
830 380
837 484
417 899
993 401
809 591
449 66
87 755
530 359
170 659
369 368
810 202
795 926
686 266
6 400
152 249
89 334
459 732
234 860
948 146
207 818
455 145
29 458
513 8
475 177
963 461
10 113
112 786
64 742
815 413
448 128
371 581
465 351
245 733
705 277
916 771
240 533
690 510
850 202
256 923
899 791
127 268
860 32
718 317
678 418
588 283
952 895
210 786
860 161
446 656
422 870
392 828
770 228
428 361
464 484
853 400
832 853
630 398
761 703
904 649
113 467
676 496
222 168
464 722
100 327
448 585
194 359
439 570
60 754
910 58
599 488
802 386
653 10
158 925
584 744
837 561
577 704
456 509
702 82
225 132
353 448
852 70
151 681
656 572
95 611
557 118
545 84
89 742
952 404
534 29
274 963
449 519
710 264
485 418
439 766
881 91
456 925
72 460
764 460
729 813
592 420
757 253
435 521
597 217
677 543
656 882
110 479
755 231
243 151
534 253
189 166
328 584
375 536
350 658
151 900
267 815
647 443
121 46
58 915
807 729
71 395
960 669
131 114
662 98
431 31
845 800
10 655
811 138
949 975
269 640
720 384
480 547
605 423
452 320
76 804
845 195
272 818
432 790
529 761
244 913
271 624
171 827
186 361
232 924
741 573
178 511
927 22
457 51
352 908
755 100
403 145
244 193
769 396
8 589
160 724
808 168
36 553
86 401
343 355
460 607
562 633
343 172
376 312
486 101
936 714
870 748
752 69
812 132
762 143
352 744
7 297
270 995
629 946
30 958
676 171
996 772
575 549
98 908
51 705
539 519
309 66
377 124
936 392
8 356
40 543
753 148
886 36
997 708
203 761
358 842
831 93
4 644
815 662
465 915
103 343
716 407
660 578
439 734
790 769
349 61
36 575
59 672
18 1
94 606
37 564
44 938
293 569
342 989
317 78
956 369
175 501
166 909
99 772
851 81
326 316
828 95
681 505
394 525
554 494
2 250
338 353
902 106
207 995
337 620
552 262
45 184
276 728
77 354
504 25
224 940
959 163
42 833
699 317
713 582
517 260
982 97
700 641
562 66
51 859
142 344
848 313
936 791
547 43
84 314
645 484
109 792
139 889
472 252
899 338
264 641
123 279
651 40
956 321
172 692
952 190
158 297
941 189
499 123
898 327
605 971
812 181
801 280
424 524
615 661
561 720
884 209
868 514
506 900
338 146
549 209
306 834
167 754
157 685
350 721
768 216
841 144
891 730
25 17
183 517
228 771
889 333
172 34
41 544
689 453
188 338
659 949
636 628
800 362
198 998
481 414
972 585
330 50
891 144
206 23
792 381
869 321
776 27
163 801
955 587
231 472
562 674
450 31
704 541
647 137
336 708
151 123
371 136
12 279
215 966
564 5
710 723
772 288
896 24
561 990
328 178
841 68
936 863
621 195
574 12
833 220
912 238
576 2
352 510
569 599
658 758
723 94
641 884
122 918
419 25
416 787
75 988
767 331
805 933
424 99
651 737
512 31
788 446
28 522
867 222
639 504
359 827
773 761
229 81
149 779
579 162
438 705
427 677
834 327
885 151
545 663
927 602
186 737
275 412
344 333
397 333
554 936
344 230
987 622
287 91
375 407
635 733
808 687
715 812
909 533
724 546
736 192
480 455
624 539
564 357
145 156
789 525
523 770
201 370
866 329
276 551
283 350
932 416
622 664
200 520
543 486
247 953
976 746
973 28
734 396
246 480
380 30
625 301
774 78
608 477
834 276
827 211
741 906
242 544
471 3
815 916
421 682
364 238
805 470
238 249
249 619
607 435
188 49
805 970
878 647
328 452
845 265
173 462
466 956
948 465
133 981
199 131
933 290
517 350
679 188
769 141
217 239
103 442
50 238
862 183
567 143
543 963
207 946
828 140
807 297
276 467
121 835
447 832
658 887
767 626
357 252
636 334
265 193
321 961
361 7
968 935
638 452
774 483
712 714
248 890
772 747
481 606
483 181
345 135
654 230
418 998
813 460
749 931
683 983
806 683
981 711
862 990
913 773
911 141
323 925
180 601
170 736
388 830
761 613
870 545
392 319
48 6
666 240
186 155
251 713
909 393
772 979
599 580
146 170
116 70
536 694
11 215
848 640
117 535
432 165
46 405
560 187
534 79
456 791
657 369
749 964
649 955
5 631
362 213
992 999
840 191
864 69
682 362
759 527
191 984
410 239
223 138
531 450
235 54
220 143
138 399
443 679
711 94
496 667
131 286
773 261
207 130
685 192
998 380
377 357
193 696
698 345
716 464
14 834
546 66
883 409
342 574
531 36
304 950
947 898
850 914
158 790
5 543
680 422
102 652
965 641
337 941
876 603
352 254
844 916
157 928
239 768
957 955
860 743
179 553
897 187
716 103
209 741
334 740
402 423
971 336
96 152
58 21
518 902
471 953
15 186
939 154
500 521
544 904
579 531
339 31
973 135
884 906
665 311
228 14
9 614
23 770
570 232
348 838
184 705
374 163
266 995
479 145
814 473
962 272
402 269
53 972
858 866
696 768
591 184
200 8
416 137
350 675
53 510
646 809
182 745
950 76
180 669
505 860
888 52
418 973
625 123
857 938
15 280
862 432
373 604
925 409
537 12
162 755
370 475
583 186
815 26
930 284
753 720
30 387
674 246
857 821
824 837
454 388
672 999
233 26
601 350
815 29
665 695
1 933
738 34
237 145
561 508
572 366
337 41
828 775
775 742
273 550
612 34
294 104
219 598
984 334
330 419
889 715
917 232
637 411
421 119
609 441
536 568
58 859
632 218
278 633
525 536
183 236
513 656
147 131
159 513
805 366
29 47
631 298
72 503
679 354
438 427
681 376
654 373
267 302
246 915
728 922
702 897
984 346
79 773
670 94
940 705
910 100
31 341
583 387
30 863
824 520
108 601
382 507
243 40
54 921
888 632
762 640
522 508
367 942
840 98
490 910
631 99
219 933
336 365
930 62
194 937
305 304
380 630
811 319
204 603
466 831
504 945
349 769
416 402
744 974
367 848
207 78
585 967
945 536
970 119
356 725
98 165
784 993
237 97
772 267
357 3
827 453
608 976
613 554
579 821
588 779
848 491
123 112
65 399
951 570
56 695
853 105
294 66
305 823
618 348
228 209
34 840
199 247
170 836
216 284
791 381
994 366
154 945
727 553
679 991
904 561
590 523
71 179
92 496
536 972
725 784
202 249
791 167
422 641
697 438
822 741
434 74
724 453
990 831
33 256
103 841
184 24
209 837
697 858
23 414
870 800
256 589
324 894
494 479
916 904
203 299
402 726
638 964
845 788
824 527
678 242
485 21
475 915
927 826
576 100
449 519
985 88
528 844
798 354
486 61
322 838
154 918
834 925
444 327
653 484
328 383
21 833
115 835
646 828
635 148
514 16
273 222
672 440
643 937
449 234
637 6
187 76
789 772
406 152
234 297
845 649
336 20
455 33
217 464
690 320
172 508
276 239
560 672
47 228
823 704
165 805
501 340
515 342
516 812
640 340
783 35
449 641
704 659
141 893
344 16
732 33
371 878
206 824
482 884
515 99
495 224
141 492
203 600
417 951
475 586
145 329
104 29
864 555
999 924
913 12
967 167
356 633
710 919
592 129
296 212
794 787
611 496
16 523
360 13
50 772
15 423
14 840
588 922
556 460
573 796
946 968
364 585
595 233
711 933
565 709
892 169
404 14
807 25
315 574
363 297
290 88
486 764
367 775
831 417
657 881
43 215
899 636
608 871
418 30
991 521
389 669
726 14
968 665
861 806
879 238
727 385
849 840
940 416
975 963
937 299
191 622
307 706
452 159
636 422
695 267
962 66
471 660
60 799
938 131
747 186
402 856
569 894
525 327
494 93
755 964
221 947
924 849
3 28
386 507
796 294
540 30
615 118
816 506
887 87
442 166
407 423
748 362
103 918
582 145
237 357
306 586
121 266
105 748
555 354
747 835
857 298
459 187
732 187
230 372
378 591
691 652
398 976
749 510
552 477
522 867
352 90
667 693
732 9
754 357
487 478
933 661
521 921
365 701
133 729
178 378
704 359
344 588
859 486
232 388
893 154
495 679
320 712
704 964
213 118
534 134
641 37
695 854
199 274
305 812
131 560
921 662
333 681
431 383
136 947
797 945
389 257
307 421
461 918
386 459
917 635
570 458
851 975
48 912
193 424
968 39
224 192
171 984
914 729
27 801
689 333
179 29
930 14
519 509
214 999
91 455
244 754
293 526
875 132
43 636
529 935
744 996
370 715
20 840
320 951
853 667
809 181
836 278
504 591
69 892
161 672
866 72
219 464
68 840
299 52
410 257
643 434
823 677
66 203
776 150
445 480
220 482
67 815
909 632
315 749
811 195
49 174
707 864
867 753
109 587
250 644
12 102
905 393
336 386
786 501
922 537
21 788
479 242
590 651
695 966
890 386
296 24
299 112
703 242
905 595
911 128
806 920
701 421
762 296
259 742
967 575
199 292
725 487
680 869
635 564
179 775
374 381
869 913
252 922
698 361
546 618
184 955
43 925
37 319
520 167
492 739
456 820
207 952
316 992
117 38
669 750
205 200
617 471
865 553
38 219
534 332
208 728
134 170
578 845
844 664
523 426
632 125
695 162
528 985
502 42
614 149
627 828
331 814
57 31
270 973
20 243
23 566
887 26
516 137
665 124
407 78
768 456
319 484
737 941
948 760
778 148
962 534
897 747
623 528
942 89
15 838
425 977
526 753
847 573
916 893
524 150
119 974
336 834
565 519
480 296
397 849
226 752
119 916
975 727
180 756
543 190
60 300
920 210
164 162
353 39
991 410
579 628
178 544
840 979
271 131
15 614
659 101
458 989
120 896
40 128
478 796
683 535
479 313
132 817
410 21
397 310
306 415
897 585
603 932
554 236
830 822
172 956
207 757
271 924
414 950
606 931
579 81
417 70
160 704
65 868
749 651
902 859
550 93
600 179
359 360
199 807
606 140
64 986
827 321
289 240
283 835
167 303
993 181
558 852
549 586
347 374
986 202
371 534
786 5
746 371
826 481
789 524
418 364
82 241
543 316
191 283
699 219
632 581
101 588
557 295
642 181
891 914
68 85
351 899
952 70
496 601
116 197
992 68
422 353
55 633
810 432
618 807
770 558
846 240
876 747
724 659
267 410
909 288
95 943
592 183
246 816
24 505
631 746
131 537
519 468
544 203
124 465
996 812
300 85
448 165
734 219
878 859
727 341
462 755
196 775
581 274
658 127
345 605
806 464
232 445
229 994
241 644
849 189
728 582
861 667
593 535
472 78
793 27
416 960
720 714
792 866
84 60
278 700
632 676
607 492
84 102
66 2
405 567
102 634
534 514
45 19
753 2
80 805
861 371
347 60
984 693
705 85
631 71
222 482
343 945
839 768
727 569
918 329
180 384
155 910
442 66
122 354
197 644
480 59
293 829
375 982
202 764
131 871
225 915
826 287
490 905
435 493
295 759
547 386
833 940
628 252
184 399
376 556
157 613
223 375
585 118
802 857
242 862
37 544
195 316
933 734
558 649
102 521
579 427
48 715
494 833
796 232
422 416
905 252
271 963
693 877
389 474
186 12
458 104
172 735
373 645
32 685
297 11
650 932
132 316
765 69
18 754
115 146
379 191
374 470
458 652
968 798
47 647
561 731
334 446
164 355
250 656
527 95
164 673
149 351
264 313
55 531
380 231
225 504
561 914
746 970
784 558
176 833
689 2
839 975
562 687
349 584
344 235
879 285
3 534
64 787
617 284
766 790
383 955
597 277
568 99
368 964
989 633
52 180
257 330
12 494
537 454
591 619
367 602
402 958
734 860
478 745
36 275
293 879
726 464
937 299
796 797
240 498
754 134
328 863
116 355
438 455
998 202
654 978
94 995
153 359
920 542
848 314
627 515
416 315
564 270
751 259
480 115
255 272
996 327
585 525
418 311
899 398
417 612
400 383
440 266
880 563
517 157
758 532
444 315
201 567
219 57
109 197
827 124
926 349
133 266
131 212
523 274
724 383
257 968
801 911
451 634
71 35
773 322
706 444
863 495
148 443
1 336
291 364
444 214
521 952
347 376
347 260
578 360
730 412
244 934
988 146
872 635
109 665
239 292
418 790
552 943
806 590
48 233
572 657
556 576
655 648
816 599
450 90
708 341
155 687
976 5
991 900
244 611
808 689
928 94
94 224
730 683
649 238
187 860
53 983
652 540
115 294
211 376
864 364
989 563
854 341
827 698
165 949
825 989
228 280
470 153
992 766
593 456
642 188
789 844
803 205
887 162
973 131
396 354
488 43
495 246
563 112
682 912
564 631
706 64
310 163
514 909
292 813
392 71
458 424
875 864
704 218
938 122
983 722
702 885
254 535
916 370
489 889
189 580
374 591
914 497
471 656
981 950
943 449
686 751
107 581
26 659
302 35
695 821
437 245
645 268
660 455
446 487
685 706
156 233
156 986
233 545
871 239
905 485
488 513
517 935
774 421
361 110
594 439
11 113
982 799
241 423
678 338
820 781
440 512
417 85
444 900
987 19
418 40
483 452
539 442
398 216
235 882
937 857
895 848
976 538
704 431
34 743
380 578
562 965
210 850
411 269
530 308
795 605
396 311
750 35
997 742
161 240
688 671
889 240
400 67
958 941
818 176
687 106
842 51
629 747
358 760
187 432
302 677
154 944
666 280
453 524
913 16
473 198
184 951
237 875
631 884
845 307
27 417
813 953
771 254
427 256
456 319
547 250
192 770
883 369
166 743
31 759
785 732
166 906
229 311
899 433
768 973
948 442
845 570
716 937
824 61
803 335
416 719
595 722
159 875
576 715
726 719
630 825
995 930
214 708
507 27
157 274
790 929
272 330
907 536
261 290
790 815
220 238
554 657
106 447
856 397
858 645
588 332
142 78
111 680
226 57
969 792
133 912
938 742
151 194
489 854
585 664
26 408
857 591
560 357
711 881
856 646
636 203
653 272
890 137
865 620
658 360
698 667
855 109
279 538
231 475
158 167
525 718
134 348
851 898
817 308
393 307
711 280
416 492
200 313
859 749
327 40
286 380
959 76
976 130
263 856
316 417
241 725
947 432
248 759
590 35
762 517
947 46
560 780
140 798
166 502
87 483
947 853
119 219
254 128
889 79
618 753
526 997
970 199
444 842
394 235
589 255
166 956
159 262
439 240
316 84
512 268
268 686
745 464
145 574
1000 197
87 947
458 263
569 17
283 840
741 356
646 191
583 624
811 942
251 471
138 633
607 541
72 378
344 741
738 227
284 6
277 832
144 193
823 649
233 842
546 816
612 381
780 899
933 312
475 631
635 211
496 671
608 300
315 171
848 571
557 298
693 763
436 518
730 601
261 245
971 567
426 123
823 120
800 516
902 966
425 517
916 122
231 724
885 680
987 87
596 905
137 470
606 768
451 39
77 918
533 274
731 100
305 12
144 699
590 655
117 191
991 42
839 967
202 137
3 110
76 167
657 182
122 361
838 17
89 641
687 787
929 403
213 165
666 203
812 212
748 257
346 319
554 768
289 132
587 768
850 466
922 298
672 317
940 438
14 129
858 427
153 799
734 605
444 826
417 181
218 115
345 657
190 553
221 83
921 427
846 929
102 361
371 385
780 69
587 312
219 216
982 175
118 491
382 918
911 128
621 893
54 223
849 683
514 224
518 610
276 358
6 902
196 696
9 637
932 999
960 461
910 802
790 540
981 4
555 694
581 57
374 387
221 262
129 219
522 413
401 881
649 664
382 400
29 947
564 928
253 189
111 243
232 457
766 741
561 292
900 941
338 680
280 681
530 930
90 127
132 523
413 397
545 15
602 250
872 172
188 220
428 254
766 300
313 570
877 557
312 998
413 228
527 932
608 523
726 537
418 925
209 282
216 9
411 275
963 480
739 860
969 861
237 753
5 355
200 588
123 408
908 955
608 674
547 57
966 853
652 378
345 291
370 99
690 617
545 859
818 156
737 636
659 786
316 818
605 817
458 768
993 746
129 748
954 893
469 131
916 519
47 829
989 742
830 750
683 648
252 104
678 783
307 436
299 623
60 580
413 148
534 357
873 429
678 887
7 376
850 103
949 133
954 767
114 937
473 432
442 250
882 382
566 944
275 970
768 381
829 570
832 15
562 115
681 597
882 982
955 13
28 443
882 18
280 223
847 280
534 520
144 96
590 745
539 821
929 867
286 254
602 880
531 301
586 660
65 790
823 668
291 706
1 564
230 166
509 446
553 121
202 970
642 207
326 754
707 152
421 464
576 980
746 738
652 152
165 582
578 691
166 333
4 423
502 89
758 404
909 621
595 638
842 751
732 180
40 584
659 655
748 804
186 705
236 248
457 436
403 760
451 418
444 252
445 341
749 568
464 998
987 805
351 86
650 27
46 838
497 51
405 669
719 193
71 194
152 366
14 790
74 254
274 178
151 593
546 863
996 205
267 922
701 740
233 26
259 414
950 346
292 58
320 305
698 521
6 283
510 895
154 476
349 244
438 439
733 644
525 296
483 952
13 99
890 921
933 299
798 502
461 767
418 446
814 665
105 943
356 693
635 618
586 650
25 453
285 627
68 902
865 343
734 993
488 873
575 638
303 63
235 575
303 447
390 237
750 399
545 945
351 392
317 860
475 488
470 222
401 499
215 586
312 410
590 496
200 232
69 488
279 201
403 126
795 221
496 663
171 813
776 226
225 608
86 465
869 801
358 921
617 431
984 48
288 733
155 44
171 758
263 569
544 442
594 18
33 429
865 58
27 773
536 393
949 846
767 817
170 586
458 354
490 617
80 492
151 290
155 58
358 999
157 539
737 184
182 828
801 222
95 662
808 151
46 646
755 647
60 116
182 525
663 919
602 514
622 267
856 85
848 290
920 790
913 221
841 533
754 93
277 534
462 189
478 86
107 429
679 233
120 522
341 849
716 721
202 464
614 570
327 821
216 350
701 526
641 435
851 297
246 691
367 445
200 872
162 382
295 134
1000 914
978 479
654 866
814 746
428 61
803 365
548 302
566 206
6 785
945 519
701 504
284 95
923 7
741 699
930 730
541 610
775 625
238 884
644 667
297 14
256 939
692 101
435 40
848 35
914 178
349 508
892 401
365 203
294 881
914 629
549 263
443 497
376 961
931 874
207 177
567 173
861 586
553 234
438 454
204 544
479 508
638 522
813 792
248 845
382 280
845 218
630 473
23 453
210 495
439 689
788 134
717 701
141 278
244 225
269 964
702 238
546 850
457 681
943 139
599 846
555 661
64 949
151 846
222 672
94 403
754 337
968 388
136 974
27 135
139 796
395 428
836 725
295 828
390 697
387 427
136 64
618 589
981 140
676 618
618 284
463 288
969 561
591 345
836 601
509 971
739 349
54 901
361 13
571 583
688 849
100 299
968 703
877 376
691 378
804 820
562 938
84 54
945 555
360 272
458 543
685 147
957 682
845 424
464 637
254 619
200 979
870 624
443 355
935 914
463 72
298 589
374 485
597 963
863 166
627 618
185 734
537 882
909 760
579 223
675 883
282 228
477 1
573 511
924 697
4 90
20 19
463 718
981 734
760 23
73 779
402 385
629 55
382 539
776 422
425 67
748 717
949 465
772 574
778 11
129 695
966 119
387 516
472 978
339 582
641 589
224 839
837 590
695 289
58 605
158 258
257 654
626 215
516 435
432 406
893 143
464 109
402 761
793 29
698 185
753 549
250 656
794 932
221 260
619 5
675 760
201 348
168 982
433 360
386 904
486 249
67 180
822 907
480 797
252 94
729 543
776 717
436 536
101 862
935 327
84 4
387 201
452 623
249 487
765 412
943 293
337 979
989 859
579 669
370 645
104 648
888 113
437 437
333 239
916 754
302 481
799 144
354 664
364 573
83 782
231 621
993 262
63 201
729 446
126 966
86 343
989 248
40 175
189 111
713 610
220 713
203 637
477 834
907 740
715 403
355 261
36 475
527 381
724 950
835 123
506 821
944 102
61 492
652 325
880 523
883 592
11 652
162 814
225 976
765 267
178 164
318 588
704 886
396 979
43 363
541 490
343 777
37 979
447 834
744 118
486 577
680 999
812 95
135 484
906 928
768 753
561 250
173 309
70 790
51 94
512 239
604 109
589 859
719 122
286 682
790 357
666 603
906 687
793 957
111 349
385 9
916 287
991 779
251 884
585 496
946 518
522 229
138 696
332 168
313 277
441 931
582 985
619 954
778 964
173 712
593 517
874 96
77 717
286 698
51 902
386 168
913 128
26 187
339 546
555 787
877 726
510 913
256 789
235 971
13 403
687 50
109 565
327 608
372 57
812 260
755 864
457 827
249 820
618 427
193 221
741 987
334 419
946 448
337 509
374 76
974 218
659 254
972 664
879 634
798 84
673 356
61 164
93 120
5 962
199 947
498 5
669 615
459 461
186 164
66 435
637 273
919 254
583 570
601 710
205 383
574 7
679 966
56 623
491 530
186 621
176 774
816 123
960 188
547 322
918 591
501 824
944 885
221 495
308 913
890 948
705 33
931 86
414 856
104 602
484 452
706 271
40 701
424 207
993 681
706 726
680 191
11 47
621 757
653 150
738 497
554 962
458 995
594 33
106 89
536 977
316 345
60 408
124 774
815 618
674 800
938 504
64 430
448 8
119 256
148 820
143 439
529 209
232 87
967 228
235 439
399 158
179 659
548 891
59 910
817 522
350 484
524 275
647 246
472 923
624 82
181 908
614 969
25 551
479 378
494 223
856 376
640 404
623 784
934 931
318 11
201 412
537 981
659 659
246 185
832 64
25 78
624 771
505 10
390 363
515 698
952 386
792 921
382 893
314 744
333 632
766 77
368 660
818 816
903 20
71 78
830 380
532 635
722 397
649 737
820 719
872 876
968 107
551 53
867 842
39 837
448 703
249 462
482 717
92 327
775 158
470 256
624 522
511 137
67 772
180 241
841 575
618 130
822 521
691 242
112 123
384 919
876 959
452 596
343 71
924 829
641 702
83 136
583 928
148 471
629 478
510 928
378 329
620 695
569 973
799 758
411 59
281 172
602 477
655 383
676 943
673 575
674 148
252 708
513 3
262 173
288 914
99 393
259 438
20 485
4 279
539 457
924 741
391 215
564 158
531 678
762 683
570 342
424 35
157 811
347 772
461 794
299 844
2 816
355 98
389 42
3 686
212 131
359 452
886 219
212 126
875 388
442 613
582 54
933 798
636 577
349 391
974 27
157 288
392 774
257 313
901 104
90 397
157 994
561 542
335 407
492 246
75 159
223 819
202 830
3 982
868 25
119 904
637 690
682 928
249 962
787 777
425 814
426 56
554 930
543 610
995 235
646 569
875 296
160 230
40 612
959 601
349 35
298 55
819 961
632 801
296 954
621 991
571 568
645 122
680 84
603 54
902 226
854 73
315 882
5 17
25 985
321 366
21 674
657 194
14 302
625 59
629 794
775 61
396 601
222 233
976 38
885 455
307 749
528 216
667 400
144 378
236 788
195 648
920 964
570 157
224 798
948 275
16 340
240 818
184 315
785 994
227 723
56 74
533 673
683 40
455 804
580 828
553 281
455 13
801 532
884 926
483 911
722 299
159 455
424 276
878 30
291 454
948 807
544 906
931 459
681 147
531 723
775 540
474 668
578 44
304 917
359 724
537 500
11 349
553 344
45 588
445 252
176 712
908 660
765 230
23 829
265 508
455 41
284 84
701 167
222 566
884 63
147 691
537 625
699 890
525 247
306 385
531 79
337 734
377 163
582 647
925 641
864 296
802 127
435 312
71 154
923 478
268 984
734 640
614 229
562 726
236 689
518 770
794 696
797 165
782 482
444 879
804 381
795 461
328 787
800 180
226 739
233 232
632 690
423 9
523 283
862 953
357 910
40 363
587 421
170 138
242 581
207 49
630 304
700 349
498 892
436 513
661 880
359 21
903 598
739 738
251 42
971 591
465 432
835 405
762 831
793 804
561 536
40 495
157 785
915 570
448 425
260 861
509 100
444 151
629 310
12 168
707 631
84 472
296 984
207 646
674 354
683 318
155 371
295 559
957 269
696 129
321 113
303 357
949 242
197 790
385 690
119 635
447 572
388 697
167 935
674 435
875 730
20 696
455 871
853 735
780 279
16 447
508 922
379 854
337 330
505 161
466 25
165 652
280 926
440 689
400 258
141 319
384 608
459 801
273 192
982 369
363 485
120 301
124 549
395 376
425 106
939 386
269 474
555 574
904 609
753 520
599 920
153 59
935 271
70 690
753 465
744 293
758 259
605 454
289 713
907 727
884 280
228 677
528 109
448 23
286 828
455 206
770 565
541 508
717 624
102 579
379 501
529 720
151 344
929 913
455 656
277 475
652 475
945 966
538 557
360 266
981 628
392 220
224 781
881 717
913 366
582 647
114 899
824 651
773 375
685 942
73 569
379 75
855 677
632 726
472 146
598 623
992 954
930 415
363 884
912 937
487 122
860 913
707 30
692 656
861 821
637 444
478 906
60 727
666 827
38 283
534 753
359 243
23 771
34 591
631 475
983 957
56 741
473 946
381 419
79 329
130 701
896 39
298 146
883 928
2 658
27 340
864 833
204 402
530 595
867 611
368 496
57 761
820 717
607 71
512 256
241 331
354 722
491 420
392 718
261 721
990 45
954 916
44 91
92 636
833 325
333 784
196 520
28 48
944 998
876 77
445 675
767 775
630 686
232 580
423 30
138 993
789 401
527 276
994 25
431 203
743 260
18 564
30 749
706 250
76 556
768 782
737 80
917 122
895 257
842 459
343 913
35 568
329 88
53 726
741 197
430 698
532 629
502 447
236 816
145 129
418 663
642 858
645 937
4 812
658 266
652 139
208 538
773 680
650 572
123 888
202 39
577 894
521 789
473 271
284 460
930 31
275 730
267 281
991 480
92 541
366 675
365 607
318 177
197 924
892 919
378 465
467 61
713 659
902 660
661 97
549 962
543 488
529 35
626 821
87 354
578 882
452 65
450 740
398 528
384 718
655 107
343 485
890 153
447 185
127 671
672 752
589 526
584 941
300 242
793 308
664 796
72 495
711 557
987 212
296 713
540 411
303 68
937 437
835 810
12 107
622 43
597 514
99 680
318 450
942 542
898 189
231 163
318 59
86 55
745 367
547 93
456 490
778 464
812 603
494 331
70 837
217 205
725 719
587 986
40 998
789 311
840 946
324 495
8 78
345 923
453 884
367 587
231 324
121 200
377 553
209 115
912 413
242 787
635 222
654 803
582 871
795 847
358 705
374 108
891 72
45 461
649 665
828 980
980 827
877 595
510 798
866 992
777 71
100 536
406 759
374 218
591 880
607 751
149 198
361 228
757 116
607 735
244 991
604 112
945 921
757 364
372 532
97 686
388 979
66 139
509 245
861 908
736 210
236 682
467 182
56 749
294 615
90 738
734 511
632 347
848 298
382 198
675 572
746 936
675 241
47 229
382 542
946 250
803 41
153 731
744 35
769 682
617 863
296 814
158 608
31 404
909 66
719 433
554 978
898 980
624 128
93 590
792 16
982 869
917 76
427 340
187 838
836 251
937 903
538 967
437 176
795 466
887 76
864 400
692 718
567 365
770 423
81 515
443 598
312 928
25 382
60 559
68 209
24 19
336 167
535 60
795 802
130 925
242 158
190 467
606 869
823 621
913 357
895 283
729 281
945 438
988 760
134 938
173 622
943 930
823 675
801 380
7 995
283 339
410 964
684 473
41 724
463 308
75 794
476 904
745 21
417 221
916 785
949 769
293 155
225 590
70 964
811 9
22 399
669 820
216 956
949 946
128 626
997 48
237 422
749 933
833 460
512 62
873 590
157 292
527 529
263 122
203 955
155 454
973 951
317 769
638 132
777 209
326 225
379 94
3 169
258 788
705 682
446 980
502 587
151 876
952 633
529 352
466 896
197 568
254 325
449 658
641 540
594 966
124 790
478 317
862 383
660 461
420 541
912 875
800 947
151 873
906 563
605 114
215 104
348 692
711 574
979 67
126 123
225 922
535 498
34 355
512 893
118 942
705 972
266 927
393 421
441 264
78 641
344 734
310 850
107 852
715 45
616 963
847 633
902 908
643 815
93 956
89 665
35 425
765 485
215 674
190 578
644 596
755 996
931 936
364 530
334 848
961 2
933 154
131 894
321 560
134 409
873 459
896 651
596 425
540 72
772 347
945 393
505 368
560 43
988 29
361 209
882 555
222 103
72 945
412 588
698 530
848 960
868 783
598 774
314 126
955 433
174 202
16 367
640 174
861 166
984 943
12 842
143 267
792 632
49 576
792 159
960 156
722 658
876 997
958 831
276 955
386 59
684 397
165 351
851 901
118 676
602 520
258 325
356 165
313 491
497 217
634 897
539 639
302 419
354 684
630 414
417 46
900 860
434 185
614 977
620 566
818 5
658 700
229 843
560 994
857 950
86 731
420 992
885 233
99 734
299 597
316 443
777 478
953 77
55 839
106 34
624 930
447 571
925 717
180 887
275 772
130 876
448 505
801 131
376 250
834 460
605 476
598 336
188 56
630 802
381 2
525 500
947 203
694 286
742 471
619 589
40 803
611 546
127 467
685 460
191 898
621 716
297 235
387 273
26 250
54 260
493 406
257 725
307 724
346 727
189 494
379 303
670 828
652 316
986 451
175 807
22 871
509 90
788 114
257 351
449 695
375 19
804 4
967 742
972 522
609 42
872 689
633 852
171 816
302 402
434 516
804 540
620 465
923 796
783 455
62 254
835 737
770 642
943 597
573 913
936 797
57 423
767 883
956 517
494 388
232 810
435 108
510 5
833 685
6 473
232 105
528 677
274 628
999 646
408 628
746 550
894 545
605 937
238 468
915 137
288 640
838 584
637 887
358 116
341 985
613 728
604 677
256 470
956 511
174 490
124 133
558 919
286 908
638 816
397 246
771 31
861 801
135 910
173 965
151 144
810 670
107 531
598 161
308 939
222 299
612 310
282 120
465 845
120 3
826 323
176 81
240 501
711 918
927 342
458 287
252 472
297 33
783 118
697 446
662 184
47 357
346 699
117 992
7 245
704 274
443 530
603 66
979 323
280 188
19 638
479 71
29 145
768 320
837 849
557 128
193 862
258 419
224 627
999 529
1 226
70 924
678 913
397 64
919 918
751 289
596 258
922 45
294 219
52 513
545 613
238 844
259 111
545 667
780 602
27 624
899 434
158 38
408 518
917 321
418 907
817 94
399 730
671 364
248 445
22 401
648 703
911 360
823 355
43 255
335 533
681 471
694 806
625 25
97 314
522 323
891 559
922 751
17 547
495 134
968 83
516 638
969 281
181 100
987 894
670 142
427 148
981 280
271 12
343 151
619 522
667 701
852 61
999 240
543 114
755 66
897 558
101 100
114 38
61 902
711 579
516 563
820 221
871 78
992 594
623 190
446 84
367 575
521 932
76 803
607 803
392 650
548 331
674 179
734 263
140 444
764 635
192 630
402 217
439 996
376 560
603 23
748 818
499 967
902 703
327 899
726 38
357 633
535 586
546 440
956 779
610 890
575 359
369 358
74 879
720 91
70 836
456 109
931 145
147 946
707 184
516 699
670 903
156 481
933 428
191 898
900 497
12 170
637 243
518 383
583 398
684 230
159 788
241 508
777 283
36 47
6 773
939 279
51 236
745 89
910 36
758 474
763 735
152 118
619 669
113 72
896 249
412 931
464 989
86 555
823 738
230 32
351 237
710 867
713 953
560 556
152 191
222 594
965 847
216 369
157 264
161 625
564 532
915 472
252 539
522 194
998 917
726 373
177 154
147 206
618 858
280 927
438 652
508 372
528 143
1 601
918 298
62 713
251 349
507 246
164 873
640 301
788 877
282 872
668 313
711 270
782 849
666 322
753 559
7 208
347 829
236 851
62 80
78 79
211 770
500 842
459 603
526 771
126 758
393 238
488 257
942 398
125 151
822 889
571 99
656 606
95 568
941 535
682 471
526 290
883 778
597 915
766 193
29 419
191 723
498 640
460 337
235 45
19 427
591 86
550 798
217 986
282 65
581 845
71 316
888 633
879 810
583 375
410 788
462 492
229 208
96 389
579 524
20 828
842 70
443 659
363 668
847 915
767 69
577 365
842 136
415 170
627 562
676 125
781 445
456 166
701 792
556 71
815 390
138 78
694 39
311 434
921 97
461 510
530 385
442 601
260 727
623 454
487 190
951 628
465 422
429 851
279 269
221 421
503 738
693 517
207 641
38 480
753 401
585 647
563 857
457 111
591 888
860 152
501 226
931 445
211 635
81 305
997 468
260 280
533 306
345 459
870 772
294 148
225 286
570 495
82 993
984 313
701 446
139 205
499 3
915 708
230 764
30 92
943 731
381 556
792 998
169 724
511 288
47 521
867 945
502 313
660 198
566 750
338 649
966 144
955 34
70 753
632 134
309 415
278 21
346 930
788 968
53 664
200 574
539 44
625 990
833 895
820 364
669 106
273 937
437 753
566 699
470 795
635 957
937 219
410 104
149 309
427 682
244 676
662 120
589 276
187 573
768 695
484 105
485 632
209 852
906 337
16 279
341 470
663 605
590 976
780 631
864 936
166 421
50 54
429 884
132 260
415 267
477 190
746 838
892 866
494 433
79 796
911 370
157 638
87 939
907 304
418 977
670 57
895 854
740 945
95 962
668 793
660 353
330 238
733 165
983 326
897 453
929 268
871 441
634 93
152 176
189 845
781 964
444 923
68 623
204 327
805 591
719 454
956 730
975 281
876 716
932 406
355 767
28 34
237 947
895 694
292 458
874 923
359 328
307 300
971 349
524 463
284 743
264 771
490 206
520 517
637 84
545 227
126 664
265 447
209 585
696 972
887 128
534 500
428 668
747 124
31 557
873 381
20 966
244 455
884 360
467 461
338 851
694 5
709 657
261 506
453 960
133 981
421 452
693 230
292 84
978 312
882 969
814 351
678 466
111 784
581 568
563 465
351 377
729 416
591 900
771 286
732 311
578 718
333 591
694 16
278 458
304 791
246 926
490 488
448 78
741 351
135 946
481 8
725 439
638 395
741 108
936 846
44 886
978 88
291 870
353 935
608 917
831 963
941 185
222 463
735 651
574 608
728 459
736 405
782 311
285 555
396 791
378 653
812 181
88 675
739 944
559 509
948 863
276 942
997 262
973 257
805 933
898 655
916 904
145 249
286 583
979 72
599 600
291 95
378 653
814 938
729 802
553 643
21 799
7 602
583 693
170 59
272 307
864 498
983 809
797 383
968 98
62 261
31 964
824 584
943 191
402 578
268 401
524 541
197 837
475 684
296 630
380 448
153 103
252 761
29 706
386 958
441 337
183 808
242 223
986 730
281 827
991 81
868 200
653 699
571 416
354 587
505 859
712 277
707 68
29 115
859 329
338 483
278 227
508 405
681 801
254 519
414 798
991 383
130 426
179 949
666 704
467 24
84 227
347 571
672 57
838 903
548 162
381 727
100 99
365 926
667 472
911 891
408 981
366 614
801 462
893 465
358 867
861 655
86 872
715 728
336 298
152 286
232 353
530 42
624 778
818 93
991 175
544 575
714 735
442 953
227 661
969 35
988 134
765 468
753 689
975 800
493 65
690 151
40 86
212 597
664 260
875 527
560 931
22 432
493 746
128 151
389 273
799 312
764 37
127 381
355 58
474 500
512 270
230 610
514 966
582 886
258 267
54 381
971 325
389 661
549 424
400 200
322 63
710 489
978 439
363 417
230 881
383 890
211 38
457 589
635 35
567 888
427 795
635 821
535 433
391 267
32 768
537 480
4 77
541 997
211 521
630 385
926 13
333 536
674 701
376 493
205 361
52 614
522 145
110 670
543 758
872 569
937 27
910 36
296 61
602 86
661 34
106 957
359 487
648 219
525 569
666 14
373 668
139 323
896 348
728 19
161 859
685 86
632 500
136 636
502 663
209 178
189 414
500 358
613 725
970 199
293 244
430 95
259 909
772 262
479 353
959 974
219 48
686 593
775 966
665 61
616 539
62 612
489 713
391 919
410 622
264 953
321 170
223 371
408 437
902 430
28 914
638 913
307 827
355 952
858 332
599 311
221 531
880 462
196 228
98 380
371 546
745 537
337 919
11 106
437 364
351 103
953 587
975 195
190 969
30 36
2 929
232 523
16 218
174 302
56 169
487 220
614 624
685 545
371 467
814 404
57 625
535 1
931 319
62 319
410 730
138 433
322 103
799 363
706 639
357 894
512 883
484 578
301 704
655 375
868 764
735 452
774 775
763 664
314 836
946 239
391 298
839 88
22 442
726 252
659 977
452 378
14 584
404 405
672 605
266 12
480 571
630 91
889 712
865 51
63 182
836 573
767 189
547 992
629 927
540 728
692 154
903 142
911 569
542 968
264 443
898 572
630 918
239 132
696 763
431 848
761 781
923 159
317 783
326 955
182 295
491 962
482 950
795 361
107 182
220 192
588 388
188 423
534 414
351 549
318 429
882 997
359 676
278 826
116 1000
291 239
589 336
295 754
53 817
155 363
39 883
130 60
965 797
609 349
117 773
374 448
958 770
139 380
177 105
888 348
163 891
858 706
258 927
623 579
561 930
995 823
332 782
58 841
899 942
757 590
401 288
515 252
415 772
379 129
622 374
956 688
499 318
946 652
291 236
10 450
7 345
58 556
14 735
670 603
855 156
620 510
844 582
473 663
813 453
432 316
886 353
2 353
746 945
878 405
324 404
156 877
6 383
223 702
107 437
273 685
504 709
323 571
984 670
517 530
708 427
850 453
42 390
315 206
787 910
30 38
318 822
955 272
814 574
239 683
548 654
399 270
166 947
800 429
406 327
154 207
3 608
993 547
623 157
689 367
589 28
482 786
734 440
817 71
451 197
660 166
112 393
338 392
881 118
360 178
872 475
480 344
419 590
975 255
467 581
635 462
221 217
619 440
132 394
615 718
793 139
610 712
417 701
155 39
670 31
614 608
293 507
371 426
701 735
446 865
96 804
507 931
655 332
633 683
742 359
408 950
331 156
138 588
20 333
872 46
249 902
551 250
965 861
424 46
555 35
654 536
188 580
766 559
435 61
754 564
832 995
541 949
701 804
77 858
98 577
197 810
650 302
19 660
683 475
457 736
399 128
506 78
385 608
526 243
910 128
393 927
998 605
817 166
340 443
498 827
599 25
20 2
389 64
932 278
793 852
847 567
760 643
878 421
493 660
402 957
235 294
810 695
858 678
855 864
683 769
816 665
147 980
923 33
934 630
992 477
813 122
52 971
591 394
475 56
134 42
542 552
271 207
151 27
146 198
141 493
889 941
377 371
520 72
686 651
473 117
914 222
715 248
450 971
706 770
664 995
767 906
116 330
590 92
851 841
750 90
883 354
372 350
772 839
638 786
809 150
990 380
355 317
28 173
662 543
357 943
625 710
251 10
684 420
357 760
870 111
211 908
676 839
407 487
308 992
363 617
461 155
131 28
17 159
244 420
52 238
747 885
756 454
730 106
208 951
127 498
40 902
641 249
368 557
19 549
317 828
756 426
161 472
532 403
116 556
885 33
715 899
594 697
712 511
810 187
716 195
358 790
138 569
439 760
789 183
999 933
753 777
754 686
814 541
358 857
513 226
556 609
317 26
154 30
469 173
508 671
335 342
117 302
381 873
880 608
947 488
648 61
332 487
233 571
860 153
459 314
181 391
545 524
879 762
768 727
912 240
548 22
795 177
140 950
177 947
783 241
826 295
284 281
692 435
961 301
296 632
673 506
636 536
233 449
650 461
992 858
418 584
237 341
228 719
726 432
226 883
158 504
638 710
44 579
29 412
562 324
563 294
978 876
993 507
389 608
720 664
537 80
674 579
869 386
867 366
993 723
533 677
321 958
915 388
665 45
825 983
311 877
986 22
392 96
574 170
784 365
326 733
913 859
702 32
680 760
377 245
399 935
71 962
53 122
230 674
173 690
915 645
584 710
139 493
55 601
526 43
639 390
976 99
399 847
338 319
767 405
950 826
236 861
876 172
513 5
939 140
174 47
980 58
916 878
365 425
988 516
825 368
670 374
418 534
938 27
120 893
326 784
481 819
293 70
19 541
714 352
767 591
525 885
987 457
722 546
12 480
330 315
889 197
703 625
457 896
239 235
171 32
783 191
921 283
459 110
830 447
905 538
607 25
725 778
582 633
334 386
396 819
304 283
240 972
637 452
12 712
955 669
597 339
785 788
785 677
18 379
586 708
411 718
100 583
766 2
554 871
490 314
446 61
428 592
582 595
607 227
572 296
65 104
892 297
62 132
202 924
536 339
33 306
778 289
31 397
101 299
161 389
102 377
939 460
582 471
613 324
100 45
136 865
386 74
935 218
789 361
505 119
597 110
368 970
215 937
591 324
896 466
681 78
595 389
558 69
443 940
830 120
925 852
21 386
684 120
684 181
365 962
585 337
61 536
706 976
968 566
437 451
461 387
866 613
354 444
66 438
996 379
141 401
210 415
338 569
718 888
343 420
408 382
482 153
777 89
414 90
855 17
34 928
981 116
232 864
595 568
628 558
536 121
471 403
667 871
182 895
372 176
998 539
159 369
655 377
15 554
304 648
373 685
341 331
753 676
105 912
963 746
492 724
45 332
591 383
974 845
304 815
708 295
159 40
503 156
292 808
489 634
818 86
165 967
955 342
311 328
547 333
988 453
892 854
536 966
490 595
207 707
338 682
744 127
107 879
550 768
119 451
422 243
404 252
341 52
580 28
750 867
824 49
416 793
233 535
66 855
466 379
203 483
94 964
877 383
41 361
113 693
118 76
747 264
339 248
33 291
14 742
38 577
103 497
185 291
309 45
282 680
910 382
284 973
712 207
474 147
821 497
674 261
192 368
417 934
626 898
665 973
76 991
551 732
73 590
507 797
151 20
922 563
752 737
982 310
618 383
355 33
464 737
538 435
325 395
520 639
989 270
466 63
573 170
613 481
838 258
448 49
881 923
484 751
345 757
600 110
914 883
388 117
561 937
845 799
737 113
848 322
955 833
984 373
474 894
161 493
822 889
260 427
868 986
236 44
673 731
890 536
7 103
689 23
301 808
30 428
790 737
635 60
86 738
239 821
243 490
454 748
62 461
476 801
744 51
422 413
584 277
792 733
317 503
416 390
359 470
959 450
366 962
61 1000
218 46
472 168
225 737
740 729
718 115
931 685
485 450
138 72
606 645
10 30
681 185
594 975
208 245
628 792
204 847
949 681
476 675
984 838
938 9
693 968
154 781
2 72
898 908
624 510
385 563
709 946
307 796
696 444
131 861
525 577
994 969
883 516
410 247
623 163
721 559
717 105
715 378
406 53
367 625
285 161
895 571
583 583
752 614
626 759
765 803
239 97
591 303
604 191
679 473
155 608
669 674
211 940
235 602
152 996
863 375
834 916
572 745
807 390
491 287
775 393
451 908
161 703
4 328
524 415
169 766
314 659
936 204
303 150
559 539
887 462
131 867
151 570
952 169
74 567
788 126
570 338
852 857
773 179
537 66
259 881
344 854
372 818
213 190
967 312
913 902
919 612
772 279
868 335
325 943
363 678
294 43
916 928
959 470
826 845
189 579
245 341
981 900
503 762
373 613
9 80
573 165
839 351
9 243
148 917
571 809
585 927
692 663
341 684
750 643
148 558
765 509
22 149
738 888
710 895
505 386
539 847
900 988
204 962
792 412
654 922
658 88
715 95
837 670
177 969
642 507
836 895
488 98
620 455
206 204
637 366
896 571
795 479
567 923
446 982
762 443
975 10
50 83
283 235
973 341
541 881
930 802
254 158
295 31
444 809
425 178
930 843
986 105
271 858
318 382
588 386
318 434
254 352
346 249
789 783
619 678
871 619
493 957
981 992
355 987
105 739
400 781
875 587
902 690
802 735
199 991
894 638
845 691
648 936
838 856
922 886
337 459
640 618
975 949
51 92
338 610
527 425
803 446
514 816
304 739
347 772
720 604
386 492
119 20
929 360
451 419
179 534
260 260
7 469
9 360
988 236
131 66
214 881
951 38
756 59
49 381
481 765
779 854
340 551
296 845
854 274
237 622
801 452
88 424
441 592
55 852
93 940
563 532
828 376
528 476
839 382
727 729
830 465
157 660
825 785
669 531
920 492
138 163
691 714
400 631
568 202
967 360
472 781
973 607
241 985
494 120
499 258
52 643
268 302
922 868
418 656
930 383
830 530
902 313
841 436
46 694
584 635
201 166
595 781
643 16
268 101
122 741
315 302
560 646
519 142
565 944
11 656
984 447
826 584
505 384
1000 219
836 26
716 2
156 483
220 241
432 257
932 155
941 961
195 988
772 925
120 514
656 254
694 144
226 878
142 664
409 758
646 507
156 491
292 215
704 329
151 168
936 206
303 726
504 501
752 855
380 547
285 300
317 110
211 329
675 39
36 577
223 732
574 560
656 428
288 749
4 542
866 185
275 954
631 279
506 318
94 620
567 385
141 940
263 385
972 960
546 169
674 747
521 853
103 575
663 251
526 307
843 398
710 454
871 853
736 412
231 123
681 202
286 158
287 170
398 146
260 240
984 642
553 470
835 287
332 540
22 908
341 800
809 199
4 615
24 729
140 562
152 312
997 785
414 678
882 769
118 179
598 15
999 49
519 897
935 742
643 162
213 933
2 739
161 655
193 536
73 114
284 319
469 143
534 588
864 372
362 821
23 34
238 574
64 289
793 778
368 156
586 710
63 857
149 961
669 844
312 347
615 902
90 919
316 669
498 656
996 826
28 137
429 291
263 51
423 229
882 428
616 588
40 341
178 855
719 917
983 283
214 103
971 303
268 3
658 823
170 154
124 275
573 656
663 920
52 515
457 952
174 701
633 473
324 881
153 798
499 412
29 734
243 79
278 70
724 602
524 252
98 866
379 437
76 364
370 66
529 666
253 776
130 937
87 97
221 912
79 378
2 296
570 376
101 440
276 59
512 158
527 217
368 131
34 530
739 449
799 814
11 539
498 246
591 764
808 358
668 49
793 785
28 468
592 247
522 757
240 384
872 647
557 905
805 579
645 852
753 243
354 331
833 575
540 640
942 991
781 618
121 850
989 769
419 185
838 348
497 89
155 935
386 399
190 244
827 505
390 132
504 521
383 875
238 768
18 775
673 436
489 30
809 77
228 137
936 152
919 69
369 273
957 441
843 969
953 751
491 899
73 804
788 832
870 348
372 782
694 659
260 833
526 967
611 416
960 109
763 799
618 790
684 201
364 350
226 473
326 435
389 756
193 423
859 513
178 316
695 121
936 122
451 362
776 159
175 79
773 143
31 604
484 554
777 112
194 792
416 298
24 350
502 183
112 817
93 931
678 615
178 297
413 560
886 867
556 291
3 494
39 994
834 388
479 411
949 468
9 769
339 718
751 305
421 654
466 956
640 100
474 62
84 108
719 697
789 782
554 570
750 678
286 80
860 666
187 637
244 44
111 561
62 413
82 354
386 740
827 45
501 631
551 358
268 821
12 997
329 43
368 559
1 753
872 185
48 669
425 341
59 873
687 185
906 525
342 841
821 634
286 921
377 498
34 329
317 713
986 663
516 817
915 124
785 224
913 696
969 63
521 64
423 146
681 299
177 78
320 170
64 567
430 716
360 873
815 848
239 966
553 939
945 485
907 802
657 211
164 61
264 673
402 751
343 373
406 388
911 304
28 25
148 745
759 99
167 860
303 307
230 438
280 449
664 56
46 879
338 575
471 193
536 761
58 485
89 114
919 203
414 210
242 644
355 314
719 246
151 650
821 477
922 258
676 3
486 379
827 334
626 614
910 618
463 545
510 35
731 348
314 383
553 989
799 909
313 643
73 697
802 22
425 100
160 91
936 328
987 100
201 52
204 541
550 93
846 45
478 229
635 874
386 71
715 614
330 274
893 138
825 39
817 414
262 551
682 307
883 12
389 180
152 37
58 302
821 79
598 633
869 171
452 603
436 190
317 783
611 642
154 131
131 748
813 856
14 750
330 585
55 191
362 87
178 769
848 909
560 433
760 335
615 564
71 2
864 248
57 726
417 515
971 277
872 14
498 315
231 311
749 713
717 602
15 310
168 253
66 811
333 246
974 1
955 696
39 618
971 475
378 267
127 384
977 615
139 51
638 576
538 26
20 611
557 917
659 628
564 536
458 971
78 46
455 365
142 293
981 234
859 94
292 957
307 561
10 990
98 994
567 832
275 286
543 605
727 676
190 530
389 23
702 818
598 267
834 200
38 427
417 859
759 857
761 142
881 116
780 934
136 59
254 789
136 800
874 667
85 510
549 397
931 945
206 960
230 824
577 68
312 276
78 415
849 786
935 574
724 644
517 25
372 977
582 91
777 245
860 887
536 4
682 119
429 248
456 925
419 138
312 596
12 968
385 465
749 539
526 189
665 806
518 535
96 983
636 994
723 416
409 550
721 365
361 348
831 564
18 419
492 950
774 389
972 545
583 796
754 655
432 926
634 800
473 987
581 298
502 587
146 648
150 169
134 259
42 49
897 546
830 495
585 490
13 552
569 894
325 475
852 237
581 711
153 783
153 580
283 114
331 276
273 792
385 171
316 883
151 221
342 699
372 196
306 9
12 31
793 1000
709 998
611 720
898 947
709 590
460 891
81 155
227 795
585 411
253 986
758 51
212 254
289 934
698 448
808 949
440 590
587 536
609 680
221 527
358 451
584 660
821 691
421 617
637 316
814 341
230 277
716 76
852 450
32 868
811 528
35 604
326 172
301 558
29 435
652 845
671 341
703 465
627 572
484 288
361 793
457 456
790 161
309 253
557 594
648 627
327 338
788 2
884 598
792 234
608 297
638 492
987 184
166 236
498 214
759 611
324 100
681 852
639 157
597 199
615 631
369 612
425 742
884 632
336 668
597 203
953 195
138 820
379 272
794 154
677 437
974 331
885 260
254 617
52 779
571 665
699 814
879 26
541 575
210 923
198 441
236 99
504 987
836 848
687 16
579 803
876 807
670 120
162 12
115 293
150 895
842 83
863 632
954 31
203 760
564 160
535 509
762 301
422 299
620 826
192 862
520 18
990 367
25 594
296 255
33 274
729 533
761 406
118 606
999 946
19 859
949 694
286 45
56 262
801 463
196 848
497 198
634 889
507 838
610 22
688 201
492 923
446 71
357 466
593 408
255 701
820 212
690 442
369 104
170 36
314 658
293 755
687 107
933 247
800 456
356 108
920 604
644 169
936 138
15 766
303 231
973 816
601 426
456 690
584 604
487 305
770 422
958 98
909 802
614 326
266 309
561 729
650 804
479 27
427 888
36 998
330 259
103 1
657 580
680 617
330 862
456 241
664 806
925 646
564 947
502 738
539 789
616 765
643 764
561 389
415 98
55 532
86 990
581 321
467 750
964 887
452 557
988 18
34 633
477 109
933 406
161 467
683 130
123 3
372 424
788 202
233 791
401 643
927 442
451 261
653 887
233 720
580 708
976 734
459 942
612 517
58 918
822 722
980 225
678 567
881 788
917 473
995 146
657 566
578 764
159 441
402 645
899 606
694 8
898 264
452 807
426 203
916 565
521 663
551 816
956 705
558 505
783 610
128 253
646 357
145 471
452 472
483 351
17 738
93 160
156 367
57 748
354 626
439 878
920 382
702 262
69 284
607 120
819 251
882 394
770 164
372 102
585 311
316 91
287 425
998 154
157 82
38 372
332 448
9 577
696 435
881 129
618 253
552 167
109 443
756 160
689 482
765 594
314 576
664 432
832 451
374 818
702 293
807 710
939 947
237 836
73 629
778 685
248 473
752 971
163 887
534 807
69 781
419 814
491 831
782 760
943 248
159 641
485 677
401 953
711 12
684 731
897 324
888 875
546 576
482 63
820 589
471 227
434 994
319 233
214 261
750 549
693 193
841 4
997 638
801 26
807 412
997 317
877 553
86 539
15 67
329 639
9 522
944 794
556 60
281 960
650 954
874 881
161 602
297 550
322 703
118 411
103 645
648 167
833 240
810 77
295 357
770 547
646 916
529 26
923 410
802 796
312 74
634 649
732 413
112 997
153 289
267 936
860 402
448 133
960 642
664 806
490 505
748 494
635 390
249 231
601 247
635 201
638 619
751 325
336 402
1 512
961 633
478 606
274 820
846 318
129 638
836 949
865 808
144 245
844 222
364 357
141 558
475 372
180 870
767 229
34 671
124 894
808 389
202 485
765 631
723 291
425 271
38 460
386 997
263 463
463 948
189 94
200 919
56 460
750 587
705 279
284 846
188 139
905 825
721 623
475 406
316 493
93 274
795 776
9 671
518 498
386 645
635 952
783 956
182 544
565 810
37 30
507 902
582 995
487 609
279 727
258 8
410 444
294 220
918 975
602 984
47 364
714 222
73 117
169 500
58 832
952 107
592 949
909 521
145 134
166 378
375 793
992 525
281 57
685 300
289 788
283 924
892 586
838 58
25 609
767 155
486 97
883 195
820 276
894 966
163 257
831 818
362 681
583 391
210 252
803 154
86 120
673 714
700 701
823 807
47 821
908 443
434 406
661 928
110 784
733 296
798 195
289 570
510 803
763 61
437 469
956 942
415 155
57 786
518 231
481 67
859 460
733 63
91 699
481 411
260 691
617 2
587 773
532 199
249 564
152 329
786 227
799 43
497 166
712 73
910 442
260 756
287 599
465 351
139 486
157 422
129 348
473 235
367 379
704 103
128 880
558 705
84 285
316 296
207 330
128 670
763 711
364 694
171 865
998 811
295 56
668 112
305 50
723 765
122 951
514 582
738 848
462 986
781 247
8 360
448 420
860 863
367 213
575 501
642 224
374 131
159 93
891 315
609 618
859 296
155 966
701 512
943 338
162 871
649 987
403 777
650 488
493 38
987 672
271 449
50 336
871 181
652 331
755 587
313 480
443 38
588 69
995 501
13 967
126 112
768 521
20 377
448 309
306 699
519 614
495 410
270 193
827 812
701 833
490 713
136 114
988 94
226 1000
747 68
246 286
560 854
303 930
697 628
207 225
645 171
485 154
308 639
848 814
166 288
112 244
546 946
336 688
834 329
820 968
551 871
385 290
463 176
506 14
121 268
195 166
549 670
849 26
730 800
732 975
241 231
461 965
60 958
827 20
359 683
374 461
398 213
516 313
727 222
424 119
790 52
168 146
178 643
527 980
563 611
139 128
74 681
142 992
768 748
801 546
60 720
485 599
494 888
464 766
554 724
96 688
648 951
813 224
112 641
405 364
767 812
29 240
648 989
314 186
4 394
249 947
556 563
377 275
931 188
919 407
200 526
240 989
975 214
211 223
832 201
811 967
276 308
771 195
262 212
109 849
478 120
492 612
607 68
198 763
513 58
572 732
992 33
76 636
724 673
749 23
228 32
819 361
241 465
615 960
877 985
315 923
966 774
949 500
78 806
346 59
307 154
994 158
829 922
230 156
656 994
866 857
724 357
875 13
290 409
659 948
365 437
172 291
764 768
395 569
937 753
840 52
914 298
272 63
668 433
697 747
836 459
699 298
149 129
988 419
515 180
459 898
720 28
609 889
826 979
890 467
771 92
129 154
870 319
460 821
743 825
152 117
13 211
127 159
710 776
913 38
425 905
367 425
900 972
529 902
867 579
265 562
979 284
921 903
206 848
520 384
242 984
909 981
93 60
386 919
498 934
577 685
638 976
288 443
985 652
346 393
166 812
164 262
525 711
657 501
299 262
690 284
545 774
75 200
441 266
237 385
107 177
707 997
461 765
561 25
134 397
68 786
539 909
957 746
249 903
257 944
48 288
191 265
354 352
60 133
907 377
320 240
624 129
257 471
884 53
148 486
862 834
400 98
783 10
671 86
116 611
437 881
974 697
488 272
864 576
410 994
132 105
429 367
755 266
253 703
738 712
650 870
148 515
11 51
609 101
707 717
229 185
53 370
646 128
416 887
67 449
234 270
71 718
308 139
979 494
44 323
758 626
706 40
152 929
995 631
117 789
27 791
21 638
578 987
565 843
664 595
665 454
495 378
516 699
263 419
984 904
830 229
929 530
958 629
77 193
450 748
490 58
470 845
912 756
921 908
197 855
420 400
49 653
105 153
429 468
1000 2
681 932
800 820
529 796
153 849
456 483
175 347
373 876
679 618
933 273
149 131
700 60
184 209
521 225
983 35
770 102
522 325
947 524
44 845
473 168
320 375
674 171
593 940
282 448
647 567
702 322
391 233
506 791
158 177
182 94
776 974
101 60
638 313
156 752
146 43
39 661
692 756
520 234
261 355
774 446
113 89
40 650
614 440
639 307
673 642
444 680
817 351
406 512
947 910
739 561
594 797
757 986
982 117
329 232
194 813
812 457
155 104
221 605
301 187
338 726
223 540
4 235
439 674
853 204
210 864
434 436
812 403
391 151
91 745
268 261
112 336
132 894
386 557
549 75
870 194
449 377
474 568
126 493
762 759
693 487
464 761
736 798
499 324
768 802
935 174
850 544
162 202
392 935
590 236
337 167
946 3
233 184
219 542
394 202
2 53
171 757
576 207
174 506
776 625
838 517
824 207
89 707
901 375
531 443
566 353
141 746
645 206
503 325
339 455
22 192
952 108
969 24
583 385
111 563
348 835
410 843
917 227
897 685
969 53
76 167
760 220
576 678
976 29
292 390
458 265
42 630
556 241
341 609
983 909
303 293
914 330
983 299
275 49
833 698
845 929
634 408
377 536
16 980
716 315
545 116
463 966
953 50
460 413
777 4
46 809
731 709
594 889
794 79
335 678
894 79
372 669
395 165
841 543
975 223
729 617
135 764
268 523
304 807
254 102
476 270
731 409
36 565
136 864
985 953
306 583
907 507
67 96
878 860
961 148
209 743
739 74
615 813
246 239
202 771
245 703
104 83
941 975
878 729
558 580
207 628
200 768
999 894
924 763
49 204
525 612
144 59
700 557
239 412
478 483
188 998
235 55
386 359
928 539
830 149
967 116
166 928
959 834
962 375
369 412
438 857
395 538
350 871
959 716
572 411
998 507
805 992
628 676
441 567
944 720
865 263
730 945
705 541
972 871
729 304
531 831
410 101
642 280
830 356
530 515
131 114
692 653
850 444
259 946
558 584
408 370
518 26
37 628
242 75
862 645
708 62
34 527
759 421
180 901
510 136
255 16
896 465
704 576
525 986
175 811
419 340
690 309
835 990
272 214
458 451
304 169
497 627
25 115
819 266
809 137
494 352
594 73
835 33
656 527
807 946
624 948
823 784
940 289
274 650
262 780
693 49
541 401
190 212
511 496
332 347
566 526
128 651
380 681
191 197
311 194
63 772
977 829
923 351
285 445
558 662
6 761
344 441
731 233
509 308
797 280
326 864
722 110
584 848
764 759
488 305
826 680
808 3
320 557
260 804
315 228
160 58
366 161
634 575
511 625
445 791
650 400
416 862
305 235
178 199
231 41
864 652
163 610
898 930
544 59
160 444
753 117
517 565
838 705
131 430
584 568
44 83
289 619
949 628
74 110
731 372
876 761
542 300
650 993
304 267
81 774
842 450
127 378
924 170
3 783
438 838
814 8
789 94
62 100
958 835
148 969
795 464
306 67
602 808
898 915
375 515
448 450
923 218
567 853
757 602
622 236
946 516
27 35
834 361
26 959
313 684
328 720
360 754
233 612
728 529
292 480
706 259
984 941
688 318
526 964
200 20
146 550
193 393
864 705
219 993
968 63
928 357
688 162
118 123
618 770
877 316
675 341
889 268
704 229
500 931
582 639
697 46
788 840
9 147
591 322
494 369
576 939
922 891
338 384
736 529
754 239
850 882
292 850
606 756
165 590
832 187
670 567
343 715
627 692
693 199
200 513
185 667
184 161
63 395
400 198
124 350
396 635
269 585
530 644
134 967
656 270
338 598
332 380
161 12
988 512
699 368
208 798
887 466
385 154
429 682
262 605
121 972
940 280
385 110
124 61
994 18
327 967
568 398
381 335
729 745
53 580
27 652
758 542
346 241
404 542
356 906
434 619
92 830
310 151
550 736
750 479
287 360
168 464
994 305
487 457
696 966
80 853
162 726
385 42
339 941
428 778
379 185
181 939
166 704
671 106
661 509
491 822
312 276
543 371
805 335
541 694
698 702
132 668
735 430
887 511
91 355
7 858
24 776
911 891
158 222
295 496
729 550
658 192
602 727
684 666
313 848
870 523
130 400
929 776
351 842
925 864
976 17
518 174
905 843
791 119
268 769
338 525
483 719
607 309
933 860
558 465
933 56
692 376
417 942
79 28
656 174
74 378
494 263
283 66
258 414
626 266
330 581
431 117
949 56
379 442
171 287
118 991
449 696
640 843
325 231
360 246
660 183
824 876
886 411
557 684
903 375
730 242
199 95
987 493
407 604
75 437
353 48
857 127
473 362
94 396
78 231
711 750
416 394
438 808
71 262
824 834
294 358
914 188
335 83
11 331
872 652
606 450
979 657
56 982
56 475
311 905
805 244
547 470
604 193
179 949
233 272
877 896
414 177
407 766
428 103
810 858
784 361
148 989
503 578
553 509
170 643
494 724
18 835
406 380
983 742
877 833
790 490
433 759
621 280
93 479
805 864
564 579
8 969
899 810
854 213
407 823
864 640
57 57
322 702
887 491
131 115
681 86
587 803
176 82
543 47
3 956
277 460
584 127
687 714
189 430
897 198
223 312
159 89
848 896
906 862
569 146
187 946
755 181
198 502
651 839
785 9
589 575
203 622
37 756
377 370
228 433
132 640
760 538
622 338
606 452
292 640
297 411
339 866
522 308
821 798
544 11
205 786
546 837
291 559
354 552
911 620
256 845
543 622
367 767
108 910
638 141
965 30
892 417
937 798
352 252
971 963
505 287
362 175
359 165
40 920
567 718
622 757
212 841
624 861
203 479
209 364
602 224
286 981
422 50
573 236
636 292
825 426
567 871
39 971
291 471
418 603
560 705
390 188
291 170
150 587
401 475
646 518
805 750
536 902
654 641
837 91
420 910
172 879
108 832
619 280
735 329
848 898
660 729
837 716
689 369
212 243
280 312
403 225
396 292
943 696
404 157
898 140
761 332
586 370
372 294
183 988
21 256
518 509
306 675
422 557
455 767
285 20
557 447
587 666
905 442
837 425
609 10
30 494
433 527
623 876
871 59
42 962
741 936
844 12
1 662
347 501
24 254
234 626
559 534
493 262
72 52
370 652
564 287
179 854
822 377
695 515
510 445
607 788
304 535
856 141
903 897
795 829
229 389
436 342
151 269
408 498
824 551
438 76
362 560
264 934
373 762
721 873
121 259
914 139
790 895
336 197
927 344
259 521
184 549
16 997
553 368
976 524
450 378
401 500
997 376
324 393
431 814
214 585
998 193
446 877
647 120
813 958
411 270
496 693
672 91
855 349
526 25
245 761
700 710
407 480
354 329
277 16
6 847
749 533
26 131
790 855
718 254
939 231
722 935
265 988
234 192
971 909
176 283
465 441
154 260
635 785
507 275
960 713
872 556
190 658
12 880
607 968
496 241
49 246
655 954
158 859
205 615
