1000 2458533
10000
593 660
81 589
558 33
278 95
998 247
214 678
126 520
931 373
109 212
185 868
417 296
64 434
740 275
20 773
61 620
714 872
453 696
648 201
927 619
381 237
980 410
324 993
986 802
118 541
392 172
46 305
731 521
782 129
464 19
761 520
35 423
496 155
638 741
238 220
5 229
744 41
529 558
638 345
416 223
620 964
285 425
965 825
390 436
156 150
778 735
962 235
219 357
672 394
710 314
589 289
728 875
297 756
756 269
26 419
819 829
151 325
382 26
401 44
116 484
132 575
792 804
396 390
79 122
429 996
258 718
342 417
440 433
910 629
990 586
449 994
666 123
210 966
992 811
592 944
561 416
984 19
282 300
515 966
136 86
797 812
425 285
418 383
681 137
887 328
477 475
528 404
427 279
581 584
860 432
809 720
283 603
600 329
913 893
602 456
270 937
123 323
874 512
868 819
183 188
457 392
30 248
545 247
245 547
442 210
997 985
325 33
519 80
30 705
488 746
148 223
306 849
408 472
245 735
697 940
941 278
936 679
614 943
440 518
752 690
255 54
167 139
914 190
873 164
427 830
144 432
210 68
189 566
174 571
118 11
86 845
807 870
832 322
847 524
224 849
933 12
835 606
764 33
208 327
333 34
603 824
928 682
127 403
800 28
819 29
762 360
2 992
150 459
910 447
51 659
997 430
592 325
991 910
699 131
861 711
484 140
842 904
985 752
235 329
922 194
929 815
442 145
850 794
867 256
101 430
789 392
614 977
825 817
874 538
750 965
271 302
865 357
265 884
917 956
129 747
856 889
90 719
621 110
853 723
500 476
626 362
578 438
791 780
357 21
241 112
238 888
734 371
105 236
738 742
86 577
815 5
73 196
718 746
104 964
201 496
301 403
850 519
56 262
920 543
110 531
454 909
724 539
829 978
12 318
281 455
644 115
323 738
737 787
102 686
199 892
295 464
173 504
435 554
601 424
617 684
375 992
707 947
877 449
254 696
849 497
496 493
955 378
645 180
309 155
235 208
236 419
662 561
593 18
116 888
587 5
301 397
322 240
577 712
393 737
78 735
945 692
157 992
658 715
599 755
220 914
451 312
148 781
256 734
991 337
59 968
934 432
500 632
594 222
187 460
899 673
238 966
566 321
43 473
807 595
375 609
288 211
956 379
119 481
681 270
253 477
704 468
72 41
592 938
692 74
320 85
370 898
335 530
482 657
185 113
826 308
80 148
164 32
856 355
817 393
100 554
527 467
909 96
796 764
295 288
212 263
798 324
257 566
750 974
738 705
468 783
20 673
917 702
143 592
736 687
190 740
655 609
694 182
76 245
583 418
250 888
359 498
137 226
756 259
362 238
703 872
672 40
890 345
943 744
515 732
82 179
760 300
620 622
567 163
413 992
729 915
828 426
894 357
334 800
602 533
506 427
331 611
835 625
582 727
284 365
276 344
755 141
202 624
879 500
898 328
246 537
190 33
701 665
682 538
541 72
779 725
191 301
897 765
758 502
740 655
902 798
158 833
646 155
491 338
641 767
434 117
966 473
504 989
948 719
564 544
211 509
892 667
944 260
774 128
308 440
993 388
839 863
804 966
598 138
478 823
944 638
831 759
102 743
911 76
455 517
681 980
447 754
120 585
314 86
633 273
902 991
920 261
78 163
814 142
62 217
733 553
365 858
232 174
634 27
383 254
7 847
992 159
747 980
770 582
660 879
1000 537
356 386
68 76
975 180
161 367
946 664
145 156
608 888
328 876
103 33
75 303
757 908
703 885
296 86
327 675
238 564
349 453
226 97
908 422
83 135
626 478
904 870
229 393
895 298
692 928
515 57
511 703
800 518
808 913
792 312
621 683
173 911
712 215
639 249
585 950
372 81
508 610
165 459
998 844
270 340
969 216
143 482
714 151
686 919
396 633
401 987
142 774
65 22
574 165
93 136
45 677
464 844
261 799
98 418
349 439
289 126
740 524
998 864
52 666
580 311
722 872
527 121
334 988
321 460
828 443
37 882
207 76
643 308
796 600
28 999
455 262
116 929
608 824
34 487
279 941
973 738
819 466
502 40
885 467
630 759
616 894
73 302
47 618
483 631
482 251
59 888
350 109
561 888
683 267
329 382
652 571
905 25
912 21
925 979
639 389
661 212
888 387
714 559
17 292
59 354
229 406
486 715
166 543
27 419
143 283
403 327
311 215
158 381
398 569
943 306
73 782
318 657
986 258
302 34
188 497
43 925
422 186
367 290
172 90
170 143
928 35
616 802
521 152
222 407
419 292
844 717
543 281
102 878
364 957
549 978
865 260
327 860
699 718
127 742
442 752
148 352
282 618
536 996
712 182
371 41
586 918
187 782
911 318
868 196
876 152
56 657
132 921
468 81
932 338
712 405
616 784
225 631
409 268
936 838
804 775
270 218
500 774
691 600
171 831
408 171
242 853
214 774
482 902
466 948
15 253
742 844
1 719
597 296
51 642
759 781
993 133
19 70
219 680
680 612
614 249
270 984
677 939
548 707
231 869
908 541
973 626
51 149
71 532
867 839
522 417
123 17
586 96
19 658
251 936
739 715
590 405
293 631
483 846
339 316
645 360
163 690
12 295
152 602
452 554
234 941
51 277
152 404
911 108
640 956
361 578
927 665
258 200
289 935
561 748
963 102
759 307
581 113
118 587
536 746
378 430
143 180
886 446
712 708
193 16
511 916
991 246
550 560
677 558
742 378
913 551
516 214
653 47
509 843
135 839
863 557
245 606
472 798
18 454
848 445
505 627
226 411
426 447
532 506
689 539
294 172
227 449
104 527
553 343
719 265
988 876
296 252
843 709
788 623
543 689
908 956
451 725
35 883
274 863
646 497
48 468
530 395
433 243
7 550
293 365
445 29
324 613
127 556
454 403
764 806
619 126
558 805
360 131
75 531
512 915
277 748
486 282
687 200
462 427
219 17
841 870
429 754
312 52
351 349
456 547
212 833
627 110
305 853
309 802
266 682
89 909
947 78
367 324
261 807
40 181
867 56
704 838
420 280
359 444
385 877
956 928
654 461
974 921
313 244
597 280
925 681
684 695
660 606
210 494
470 792
730 383
913 906
725 498
589 385
878 785
457 177
357 568
791 929
90 605
904 816
718 906
998 78
388 915
902 121
797 145
564 595
443 474
677 957
253 907
701 947
26 141
296 159
673 467
172 269
655 571
137 942
864 685
24 997
973 456
202 567
372 102
504 513
98 711
770 594
891 708
311 543
663 43
431 163
281 551
603 70
606 872
384 267
633 581
458 251
508 182
889 764
135 531
971 371
480 227
229 80
37 339
745 126
820 831
488 131
938 306
536 688
703 918
978 296
406 38
396 881
226 869
650 987
614 618
609 253
492 162
396 234
610 6
593 870
946 446
200 746
176 584
357 459
128 410
623 882
876 671
428 359
382 769
454 914
975 949
128 585
304 746
24 997
960 435
780 869
91 133
89 618
941 597
214 383
107 298
896 175
918 263
116 477
11 915
325 423
193 621
442 619
294 7
461 83
35 531
994 59
504 840
87 248
43 78
413 670
899 904
402 743
110 460
269 773
865 869
583 245
119 276
312 992
645 69
912 216
991 678
6 177
376 498
105 782
85 364
866 506
256 434
836 319
105 704
272 832
989 388
43 538
661 719
300 949
868 570
942 669
628 296
776 739
431 278
26 403
769 19
730 754
87 361
377 14
146 886
790 896
607 906
691 796
329 192
14 967
559 150
785 613
793 15
595 460
48 808
809 507
620 749
395 492
193 876
276 969
848 923
249 835
232 964
608 926
827 625
947 981
59 151
332 39
912 218
723 185
451 516
417 558
502 495
32 679
42 861
144 247
552 253
229 246
435 818
819 154
388 519
185 633
431 497
184 607
636 547
553 870
685 248
784 545
271 132
239 16
94 605
15 330
982 107
209 909
388 259
302 361
283 821
284 613
479 169
641 190
501 343
545 728
299 432
354 950
806 497
77 51
513 667
946 484
826 415
824 78
140 576
726 853
380 168
420 241
383 397
649 229
882 726
631 642
556 483
905 403
325 207
257 344
357 411
922 227
231 665
674 27
862 31
759 720
359 150
994 138
336 318
782 474
631 801
816 597
15 191
7 550
689 830
76 931
622 46
42 347
581 249
980 305
763 239
513 291
456 34
200 337
965 22
709 139
947 316
47 748
204 397
702 196
746 706
752 978
96 175
325 824
498 983
840 199
606 46
9 274
386 84
760 314
578 634
838 210
582 823
579 657
88 956
510 973
22 392
577 718
995 543
394 534
102 54
750 158
537 958
159 387
694 429
106 646
793 73
15 21
318 471
195 889
40 995
43 880
430 351
993 34
277 846
581 404
692 227
84 565
270 364
41 391
299 38
177 90
670 516
594 386
228 634
1 718
125 259
889 586
587 328
585 155
465 297
278 645
798 483
862 726
249 615
439 369
573 77
950 649
131 828
454 680
912 907
758 39
996 381
953 203
912 672
741 373
527 179
480 364
912 133
628 742
168 646
220 367
215 313
897 640
560 534
749 894
47 981
634 83
994 261
60 870
271 743
128 140
395 140
241 866
231 336
909 167
672 551
41 718
20 828
233 936
69 712
793 958
645 981
794 764
820 532
828 240
974 662
410 422
738 592
930 724
974 281
209 392
451 962
926 887
966 692
210 590
954 118
689 531
583 915
372 866
519 41
114 990
561 567
125 304
868 894
263 753
794 522
278 680
567 357
479 720
642 595
965 239
705 225
729 855
896 7
348 361
82 226
330 884
761 925
715 965
478 549
3 989
500 38
847 661
85 498
977 581
766 581
198 737
570 418
746 798
849 358
951 838
525 281
401 50
374 557
529 811
377 391
291 244
749 90
197 852
526 298
72 817
540 98
658 489
916 258
164 769
886 976
189 150
46 851
153 475
996 938
305 10
49 629
534 1
9 301
117 991
429 48
79 105
713 470
510 838
971 303
183 710
608 67
333 807
659 109
949 288
623 459
281 624
443 109
831 126
141 948
296 590
362 627
990 740
957 615
571 746
957 473
784 16
449 146
793 331
81 823
932 242
1 457
684 865
250 487
732 141
267 703
487 342
796 887
642 499
476 972
391 317
707 938
540 142
546 323
344 668
173 633
771 50
115 90
25 480
778 946
698 403
325 840
538 135
345 720
735 878
31 696
536 916
247 919
398 159
867 495
85 892
181 904
689 397
521 71
744 468
454 817
393 591
954 149
715 558
381 832
47 961
357 408
959 210
78 874
531 801
316 717
748 274
556 433
486 502
872 402
609 516
354 21
527 662
209 301
517 306
214 521
444 265
859 284
850 912
181 737
971 30
81 132
334 46
238 688
480 178
634 917
367 983
49 711
708 693
625 183
309 307
83 902
698 546
999 464
15 903
683 499
30 431
806 37
139 599
306 78
379 906
615 131
464 820
459 329
96 853
194 438
693 7
443 759
162 238
374 17
331 90
489 174
132 523
730 8
57 714
631 542
571 33
316 35
748 854
253 621
620 308
120 711
312 38
940 979
808 271
870 131
452 432
778 783
42 467
905 54
397 870
313 276
337 252
219 626
101 384
480 979
394 686
543 160
981 730
686 256
759 99
11 118
403 77
652 594
188 914
751 547
885 772
335 952
614 119
841 261
459 819
202 194
72 894
61 935
944 188
588 521
831 542
362 299
881 602
222 504
976 375
952 706
670 506
498 489
527 83
786 370
733 934
543 88
13 52
117 851
603 953
134 916
82 735
541 916
999 20
723 575
480 648
487 95
430 126
933 977
515 335
400 496
5 601
76 772
942 292
348 822
142 609
96 516
5 260
5 152
836 263
542 298
597 931
548 814
304 713
585 992
378 36
50 692
878 229
996 165
415 380
318 610
968 528
819 247
329 151
74 904
324 275
16 794
547 66
993 53
667 458
886 642
162 126
846 440
926 646
533 652
932 400
417 525
806 553
358 185
313 303
441 555
822 131
562 822
494 236
400 607
843 20
945 74
822 486
49 319
220 936
83 342
768 735
147 244
65 29
153 771
717 604
146 595
805 121
391 486
119 327
881 469
684 960
808 924
716 442
603 677
186 515
514 324
521 125
601 126
496 48
365 725
357 782
753 730
673 417
706 863
751 977
338 76
879 794
344 649
177 883
877 275
346 836
50 920
477 882
135 388
252 596
351 6
59 842
138 763
386 86
524 634
753 548
618 443
713 449
691 517
570 522
838 903
686 302
712 19
393 939
580 310
321 450
586 162
204 933
1000 520
548 161
972 645
312 222
309 758
116 555
434 19
971 536
562 983
135 634
833 51
130 777
523 498
999 752
884 648
110 626
122 847
842 384
673 489
619 68
412 878
731 723
650 229
488 436
265 514
390 833
152 830
986 563
33 685
124 252
465 722
424 845
229 133
795 942
468 205
25 105
245 220
495 755
68 666
271 626
844 721
121 994
469 625
443 1000
6 81
787 557
742 184
925 129
280 657
962 620
627 776
702 577
819 767
539 767
813 5
525 736
456 851
703 96
395 13
356 21
2 774
981 657
314 564
412 190
54 432
759 850
494 59
614 444
99 852
386 86
288 474
57 673
504 133
291 334
363 568
48 106
141 496
586 716
487 185
537 496
768 359
457 506
836 908
313 11
396 14
763 867
277 443
356 846
16 13
600 19
505 698
861 434
635 369
401 494
846 923
45 153
615 114
66 746
689 178
842 623
918 542
583 792
15 104
191 203
637 795
140 875
779 13
446 26
458 256
535 906
682 287
540 64
617 289
736 541
99 693
261 307
667 394
242 489
25 111
942 500
218 869
165 29
122 794
283 327
983 934
500 746
500 118
279 719
817 361
564 132
63 175
46 538
175 294
921 386
37 816
818 608
526 910
330 241
24 486
895 856
593 603
409 807
186 782
226 415
514 778
679 874
877 117
128 465
969 313
995 829
865 848
719 206
321 644
492 347
576 451
493 459
361 535
708 238
719 252
845 25
166 973
386 655
184 926
56 44
324 783
166 982
113 131
584 693
484 429
335 785
919 743
660 206
750 428
624 110
884 539
676 812
382 779
587 595
566 339
359 195
103 170
521 645
959 630
639 270
502 979
207 605
478 612
38 616
990 339
599 314
334 260
53 446
871 526
825 223
535 754
629 181
305 299
414 28
920 182
821 9
592 803
438 4
972 765
764 443
976 600
546 817
478 192
385 834
50 961
722 686
900 576
133 150
79 57
93 193
739 658
920 63
241 426
363 990
317 550
491 611
261 109
885 925
434 985
369 374
853 316
394 693
115 847
905 392
152 272
67 191
402 552
437 507
298 997
544 69
832 706
706 990
872 487
598 75
159 202
54 852
199 669
777 546
125 772
861 54
272 949
611 942
309 217
238 109
235 726
313 12
555 414
667 928
117 434
746 923
231 659
838 674
77 843
378 513
665 491
99 204
81 68
483 411
165 543
575 785
90 938
563 989
916 731
185 71
21 262
763 469
651 768
342 642
537 376
568 710
704 447
57 398
250 798
483 982
961 140
304 842
738 155
443 157
468 351
121 458
346 537
446 656
105 284
835 210
156 919
238 355
716 745
691 288
975 736
757 995
11 498
206 82
260 66
506 456
635 942
788 124
839 938
280 229
855 614
649 799
5 496
398 9
816 110
559 757
241 454
60 395
75 419
732 831
391 731
215 532
132 726
178 203
592 783
707 43
783 450
152 406
872 928
125 716
425 164
966 919
797 393
360 255
924 247
388 160
424 892
622 149
540 389
120 83
846 691
785 158
232 431
818 552
518 616
736 303
70 557
149 337
771 340
972 387
552 394
769 880
662 372
259 135
424 43
13 659
161 129
821 224
986 696
414 173
959 219
930 193
185 196
115 498
720 85
771 93
738 668
763 672
583 832
697 232
271 393
706 178
27 612
688 108
569 346
508 866
522 6
89 714
62 941
321 134
625 384
823 25
278 897
152 156
315 823
692 911
571 40
972 507
215 243
678 355
478 102
685 749
451 919
298 964
295 372
223 60
425 642
673 484
141 975
246 634
785 95
676 12
683 765
311 33
702 428
525 343
533 599
285 132
849 333
277 903
366 892
94 67
488 904
901 1000
284 745
918 778
138 316
386 405
677 903
301 688
571 826
730 302
907 537
689 279
985 541
861 481
252 908
862 141
784 929
226 909
435 758
449 972
14 347
672 770
955 47
373 813
124 808
43 930
890 485
79 1000
118 909
654 625
173 535
945 563
777 319
621 432
992 969
730 100
315 731
319 530
579 674
109 805
44 299
487 382
723 696
38 109
497 990
45 349
696 738
947 267
957 461
324 503
34 995
17 506
551 452
310 640
388 378
804 153
228 198
166 49
924 689
413 45
409 641
460 788
930 510
385 671
386 422
607 96
465 981
515 747
324 899
70 682
649 253
955 790
430 317
636 364
678 285
106 387
860 722
138 27
568 222
558 815
992 187
716 912
312 547
434 411
179 150
791 22
56 736
754 290
826 174
617 201
595 298
472 959
570 207
107 769
136 55
740 707
479 569
104 312
488 361
611 252
574 455
213 95
615 332
817 562
511 674
771 181
243 649
815 144
821 681
921 490
70 723
109 972
234 101
3 973
898 803
815 295
253 89
3 738
173 97
773 203
987 956
457 704
576 984
863 604
558 390
71 20
779 690
952 888
450 393
763 299
148 385
120 764
109 612
107 939
779 116
819 566
7 706
666 158
488 635
995 809
579 672
920 390
766 690
65 245
200 165
199 747
881 275
74 272
432 379
513 839
239 363
384 381
664 577
3 684
204 530
304 683
729 133
349 476
204 694
773 719
736 5
807 377
905 390
456 576
697 893
216 103
165 995
714 600
542 604
954 869
909 252
94 176
977 690
883 853
251 50
93 158
376 23
793 697
473 839
881 576
872 920
33 944
172 621
46 108
845 185
527 21
639 321
726 844
104 351
782 468
77 761
203 714
869 203
734 136
766 998
847 553
112 39
565 828
17 93
868 711
323 712
665 304
810 213
425 873
241 45
926 110
417 228
756 19
902 105
741 928
287 564
184 825
667 460
468 645
84 823
76 865
298 321
47 748
559 382
89 696
824 6
680 400
208 833
864 181
121 5
309 434
359 641
467 977
121 343
547 374
552 755
176 995
264 98
259 221
749 258
253 279
599 78
408 662
56 389
701 956
584 138
995 722
757 123
483 216
220 48
403 804
384 114
310 651
199 187
633 199
142 806
867 346
324 644
973 402
250 52
783 992
762 766
444 417
619 694
546 620
567 717
669 281
636 568
454 771
826 709
315 543
656 115
428 144
969 230
751 669
688 783
484 906
859 11
455 142
871 531
525 110
614 722
78 907
735 730
182 426
372 352
662 462
329 652
685 38
437 166
367 374
37 343
516 661
381 6
429 989
258 574
949 262
879 167
127 99
38 287
243 176
958 596
47 379
249 344
702 476
532 8
124 41
697 91
425 798
702 320
841 350
356 287
594 273
594 114
124 638
519 506
769 339
285 728
734 502
278 749
68 478
123 579
543 722
539 281
680 463
447 920
337 146
232 319
590 314
863 734
469 710
174 573
600 703
315 853
220 406
914 278
759 775
336 817
588 347
332 983
248 366
727 95
893 277
558 337
763 848
134 473
929 280
731 455
489 461
113 723
727 678
996 537
836 542
630 737
786 145
486 638
103 989
79 624
514 560
636 324
589 337
435 805
497 374
271 242
838 626
594 529
969 784
741 257
518 161
896 115
699 708
429 550
858 514
138 544
613 601
943 230
497 563
703 846
955 544
591 917
281 90
947 235
256 508
495 591
793 101
256 63
34 11
916 515
677 142
808 179
757 629
724 176
926 830
606 969
335 446
889 887
306 981
684 506
854 15
3 473
289 946
832 891
912 340
110 728
544 488
805 237
237 758
785 407
464 734
705 673
518 139
533 100
404 392
171 793
393 997
577 250
99 127
977 248
781 348
692 631
129 360
900 422
335 140
540 581
897 138
593 437
912 489
86 231
284 279
205 152
547 625
168 242
45 735
334 223
585 590
18 849
495 307
301 244
828 859
175 103
924 392
94 340
791 856
324 334
538 782
926 413
289 374
550 966
839 22
230 309
750 210
531 843
990 839
418 5
502 571
421 517
990 526
752 226
860 568
489 862
380 898
344 712
119 864
706 498
179 562
355 883
889 753
403 712
890 463
785 580
311 189
16 307
333 640
392 157
641 405
100 596
582 86
404 353
643 164
741 686
182 245
838 390
76 497
225 950
115 625
1000 815
853 3
927 119
398 36
851 294
113 213
432 370
777 526
609 61
919 192
383 854
374 574
789 380
325 525
41 299
985 824
470 50
484 197
520 405
728 425
947 876
393 983
226 20
727 518
908 195
718 132
181 101
833 15
38 423
734 592
613 722
17 72
622 434
406 561
120 199
232 338
752 922
263 206
824 289
126 402
450 297
228 840
2 170
923 608
444 617
750 98
53 603
418 629
787 702
381 654
44 431
793 249
929 95
558 754
26 585
295 89
620 320
163 148
338 577
754 67
62 432
98 722
540 900
762 75
177 152
583 502
280 77
31 164
569 945
558 349
59 60
796 882
319 556
164 601
806 168
147 812
493 315
211 461
554 786
244 9
4 891
893 890
980 706
707 91
20 339
566 164
949 712
284 559
197 550
809 907
726 972
405 511
883 856
3 800
3 892
906 747
684 43
325 956
754 152
908 234
927 883
185 476
350 577
196 408
192 973
771 355
655 505
157 71
744 561
990 52
354 620
240 324
46 714
158 461
4 846
485 190
250 700
605 65
666 24
166 358
432 817
281 78
3 971
254 389
771 346
359 464
216 709
672 902
233 331
623 894
518 540
728 123
357 220
791 656
899 826
109 903
1 943
696 442
494 638
688 287
963 791
882 835
21 540
695 394
122 782
720 773
876 381
321 208
10 716
431 104
605 652
713 542
36 164
669 856
409 134
759 422
699 124
980 431
559 363
771 5
512 574
149 800
166 307
598 217
499 853
975 779
754 365
755 998
517 94
154 43
399 23
761 136
730 987
56 168
52 614
995 577
28 890
714 742
676 408
472 757
843 269
295 178
90 687
55 944
9 106
565 717
379 289
207 382
279 848
546 833
161 235
404 61
142 435
237 380
936 946
686 606
819 654
75 704
556 855
686 178
796 431
843 94
442 702
736 767
800 478
856 548
696 714
76 275
858 609
808 563
332 394
492 498
837 169
224 614
438 34
441 730
538 234
790 522
609 593
96 179
75 59
582 744
120 664
279 904
205 824
166 13
538 223
918 204
323 140
265 427
200 1
337 537
501 455
484 906
77 555
908 337
343 777
116 378
674 355
470 114
395 702
900 932
428 33
82 136
631 768
673 774
351 321
499 724
713 120
402 812
271 197
675 481
829 448
925 864
173 233
174 780
179 860
735 198
54 706
819 678
242 171
969 462
293 63
679 129
729 476
455 545
95 267
483 691
394 337
421 324
744 305
10 427
513 909
412 815
214 346
92 312
806 504
681 963
370 942
733 736
650 285
966 462
996 252
782 157
433 496
271 675
447 876
668 768
341 841
538 412
797 42
433 611
386 61
320 478
209 445
450 401
423 858
277 842
695 253
708 30
52 796
662 994
507 411
517 883
891 801
233 625
456 96
665 710
156 191
268 565
88 582
26 921
865 212
205 55
181 43
928 795
41 423
163 40
761 123
576 785
34 605
790 647
482 311
276 813
94 910
917 386
925 634
912 884
17 801
491 149
240 90
497 681
214 963
614 768
980 150
106 227
344 969
697 849
934 24
94 479
739 717
648 78
326 876
289 696
785 163
816 192
554 974
206 197
268 386
49 985
149 571
409 235
247 464
27 400
870 689
708 430
364 210
4 918
608 682
985 502
310 672
323 464
323 201
708 889
645 439
352 862
531 940
643 424
519 851
822 940
229 914
669 778
180 127
735 937
873 675
745 690
257 440
967 775
205 625
159 994
138 998
571 707
366 621
249 854
879 776
935 91
146 479
709 911
422 412
692 653
91 934
160 441
273 146
910 916
931 955
285 792
787 68
398 517
771 225
909 884
838 6
655 725
43 871
468 183
759 867
849 467
677 323
597 869
214 571
250 149
325 998
564 718
447 553
144 537
796 611
581 630
52 49
761 419
210 408
578 370
190 740
619 526
829 162
886 581
471 240
553 947
258 949
705 528
739 951
777 81
211 610
192 874
248 618
120 147
91 358
434 21
978 551
811 829
575 669
67 931
16 551
664 274
500 272
85 891
682 640
680 27
92 119
276 210
397 493
239 701
134 926
190 109
632 887
692 760
722 67
599 161
2 358
810 849
823 575
915 988
618 585
164 442
787 998
768 691
256 201
637 530
26 88
108 773
846 154
75 746
755 397
686 145
160 920
524 837
625 395
518 920
491 209
920 605
758 527
196 506
710 548
900 488
135 285
146 267
317 111
810 326
384 196
134 985
706 886
274 796
816 253
314 248
566 849
1 12
856 138
300 445
599 494
567 429
548 36
907 731
992 662
866 269
815 547
626 598
827 52
2 11
838 996
60 294
32 576
516 50
288 831
370 393
982 298
412 944
450 255
318 421
53 330
407 141
789 919
401 210
682 543
360 252
917 914
415 140
765 33
129 554
450 227
253 826
688 558
126 705
756 655
281 772
414 485
939 14
135 788
380 652
323 368
770 260
659 312
248 890
633 552
907 682
974 366
18 694
660 891
188 555
294 109
897 366
799 461
181 778
523 513
708 925
483 992
839 774
912 841
117 920
190 848
42 815
610 34
594 133
380 793
789 802
789 56
366 325
649 492
351 256
498 182
609 468
914 82
945 473
390 797
992 170
885 814
264 131
527 211
850 935
431 339
685 542
612 855
549 441
828 613
801 793
709 832
628 125
552 950
40 536
203 898
637 412
921 131
455 354
358 642
964 15
612 779
145 133
791 521
553 246
593 97
365 535
532 120
157 711
426 198
747 211
279 483
696 693
565 958
365 669
347 33
894 473
550 422
361 638
422 832
626 519
461 148
862 461
172 923
32 601
142 833
929 632
130 743
669 693
946 428
933 439
678 562
926 213
167 421
276 832
844 589
570 653
313 516
444 173
188 9
376 966
16 351
24 152
96 996
444 466
819 903
389 185
609 137
165 125
94 472
937 31
595 518
910 306
167 842
916 349
38 93
7 599
611 102
270 158
167 683
733 445
982 907
504 870
251 370
106 137
343 112
21 538
802 207
843 282
219 457
758 589
743 80
199 668
538 162
351 711
204 886
424 826
417 60
392 892
142 551
586 950
82 349
265 267
209 772
709 901
588 364
992 424
386 458
550 356
476 29
548 358
815 597
386 491
811 222
556 409
610 130
382 526
775 433
790 577
899 474
981 197
282 445
754 742
244 968
785 391
391 313
409 377
226 505
265 398
867 144
68 157
843 428
382 927
709 738
476 384
430 322
732 766
792 150
260 487
439 663
223 259
752 970
372 68
20 999
389 437
506 144
426 427
680 636
375 78
407 913
54 748
652 413
434 393
719 857
604 504
634 391
190 725
915 716
760 171
52 647
953 347
352 809
160 308
924 980
462 323
789 726
92 890
289 87
358 65
661 852
873 271
546 341
276 874
36 794
215 482
371 90
173 474
922 617
69 251
777 491
288 24
610 199
346 615
625 24
498 60
582 310
448 531
647 120
59 989
168 820
11 797
191 430
744 484
503 181
562 547
383 678
651 662
238 782
306 786
754 888
334 236
960 203
853 985
706 984
846 608
670 579
176 106
564 92
80 8
424 954
667 561
60 622
713 373
856 348
829 770
997 600
636 853
209 922
474 478
148 885
861 151
791 337
279 665
689 484
202 574
621 991
491 369
121 1000
634 493
249 639
835 791
937 539
877 963
929 562
692 985
264 802
837 345
586 648
845 201
823 481
228 625
501 416
318 203
457 473
260 988
111 72
947 878
10 858
202 623
975 343
70 231
596 701
824 894
864 845
802 246
520 372
339 108
434 127
51 311
686 828
371 379
479 206
761 196
760 552
491 1
922 209
661 244
287 845
95 114
354 724
87 906
908 955
726 774
854 581
766 436
374 90
540 735
280 815
285 83
435 825
448 136
93 29
580 643
233 792
534 66
138 50
416 34
638 515
671 767
817 550
942 62
915 305
75 372
882 661
323 25
929 161
878 129
138 904
670 85
972 464
548 311
323 321
503 226
851 527
615 774
61 209
455 74
904 645
741 994
784 666
875 510
703 635
734 673
496 697
158 864
972 766
958 912
795 462
348 281
757 888
528 98
395 367
653 799
215 263
377 99
552 964
909 927
943 420
621 109
651 748
261 113
219 730
320 390
78 800
95 209
650 388
123 194
775 913
689 380
292 803
126 991
960 57
647 133
46 927
308 93
142 302
354 19
758 107
565 111
479 40
403 332
125 619
195 394
646 675
288 300
284 698
400 53
533 717
17 550
49 509
56 109
650 671
620 875
478 475
310 470
914 124
614 668
725 865
53 277
10 613
694 860
845 380
842 274
984 365
69 462
419 65
677 895
96 151
381 351
520 444
401 316
23 663
445 103
235 487
930 621
670 249
429 217
637 896
873 935
262 354
821 197
230 968
110 352
625 281
930 580
95 932
829 608
573 549
428 161
353 236
333 895
253 208
133 669
130 168
557 896
819 192
872 657
195 150
668 642
634 114
559 421
597 552
756 467
248 156
571 443
596 312
980 536
149 842
296 562
827 64
164 399
762 331
719 406
192 56
761 724
745 281
429 689
449 567
905 813
238 967
425 790
893 40
268 930
597 137
466 680
488 863
521 933
914 279
528 486
568 102
593 111
605 976
169 744
894 219
692 114
663 28
828 451
284 427
764 462
245 533
916 908
546 774
758 94
337 729
273 368
380 451
527 544
951 679
661 444
428 744
26 332
972 197
105 605
645 945
77 773
774 476
743 878
442 366
825 535
744 977
433 625
372 534
149 943
219 81
733 526
386 934
513 839
727 952
413 771
588 525
443 472
519 305
836 702
270 20
287 653
184 466
26 220
866 744
516 932
51 544
742 965
207 363
741 928
964 97
752 920
74 210
470 84
713 915
425 113
587 45
803 507
70 18
300 686
279 348
956 94
851 865
441 385
360 803
933 56
842 73
703 192
943 659
156 21
191 524
198 909
670 474
204 728
49 861
854 76
993 178
723 713
17 166
817 116
415 306
31 517
219 401
499 533
892 743
966 617
418 716
828 66
324 85
366 190
190 237
377 161
481 483
517 841
124 862
206 775
865 745
345 618
581 144
683 658
141 832
143 397
818 678
955 132
279 218
737 897
620 904
12 373
365 812
818 852
104 948
91 434
122 454
441 579
648 338
118 245
653 38
142 827
857 670
357 484
609 698
109 41
292 854
904 284
63 742
516 237
181 431
856 331
576 437
900 26
803 341
727 992
161 914
876 446
458 496
831 157
730 69
147 44
974 563
487 294
354 42
182 201
262 258
251 648
865 580
152 813
957 110
154 258
47 735
800 289
789 479
353 466
579 8
344 661
401 476
344 35
762 405
215 533
166 715
879 847
533 352
721 530
140 50
980 97
718 662
986 189
424 880
396 117
620 510
959 873
108 879
569 42
547 828
977 795
339 836
10 473
96 678
465 5
575 132
656 186
426 657
641 165
245 6
699 903
823 842
984 422
32 905
531 983
434 329
657 786
927 670
983 787
168 555
974 852
197 675
914 813
426 397
510 546
929 651
173 885
319 713
278 386
252 272
401 404
453 697
698 934
235 445
533 957
485 430
146 59
818 810
780 470
305 684
98 467
548 214
345 44
789 62
692 844
139 144
956 839
268 169
188 616
211 538
389 872
389 690
440 551
839 285
702 852
653 777
876 924
643 416
902 917
624 896
28 429
581 823
187 686
449 434
91 483
436 13
591 179
523 142
196 266
86 246
249 307
140 985
392 233
233 76
880 65
604 709
671 616
270 478
461 92
902 19
227 287
124 943
720 909
694 577
565 549
273 143
693 278
535 715
825 692
879 659
368 681
560 916
280 283
259 191
232 290
574 402
937 347
375 920
855 437
718 552
750 947
716 277
503 67
196 540
530 490
515 614
744 344
715 724
384 3
493 623
556 88
684 253
33 359
382 832
859 506
414 645
586 416
349 65
780 644
531 759
3 455
990 885
129 253
436 556
520 250
269 560
232 242
140 949
494 528
418 22
133 966
522 88
683 123
926 571
728 314
30 435
298 913
636 997
325 796
300 364
60 638
825 614
444 406
620 499
33 572
848 334
197 18
659 64
706 461
868 846
366 746
460 725
529 215
384 732
52 326
581 197
533 791
571 332
846 56
946 730
302 375
880 277
413 529
282 742
817 315
737 657
735 212
954 218
446 642
620 984
258 689
897 273
2 642
483 631
9 189
44 374
427 860
16 445
953 846
401 756
104 121
127 286
867 494
992 229
709 658
597 866
256 730
754 501
465 750
410 855
582 668
355 936
985 342
300 153
159 38
301 96
978 488
462 465
193 835
287 585
637 784
972 768
722 509
489 148
799 776
409 151
852 215
133 596
914 249
247 364
201 61
771 306
348 838
659 676
883 357
969 120
612 268
354 87
18 93
256 635
43 262
412 72
363 109
272 539
455 829
131 412
410 231
186 160
154 640
481 768
15 289
968 665
409 144
602 658
217 302
468 954
465 152
645 94
111 467
741 815
433 342
385 685
629 576
403 427
676 300
530 474
211 879
342 756
561 443
732 752
422 637
608 359
90 258
64 407
247 36
162 136
8 200
749 668
244 111
49 195
5 517
86 173
464 907
758 788
522 609
43 25
54 405
422 884
32 717
85 335
243 512
817 898
170 180
91 575
121 575
775 679
831 553
293 487
502 104
938 156
287 651
683 755
180 121
300 672
625 7
897 313
312 206
260 1000
393 298
894 878
407 358
812 576
706 430
747 457
880 515
486 607
378 428
917 108
279 88
853 128
672 797
897 315
689 47
550 90
291 958
588 951
263 432
244 71
409 116
327 359
900 162
902 108
196 297
697 860
412 525
79 589
686 831
946 979
333 569
70 21
224 841
486 796
106 440
426 275
506 547
775 381
142 719
264 201
901 630
494 57
880 920
173 828
910 928
592 920
445 435
226 218
884 523
716 962
659 835
389 565
69 228
546 429
561 793
982 600
547 432
451 522
535 285
513 712
378 599
192 900
862 596
710 72
363 350
309 492
733 285
637 207
738 954
857 295
703 496
617 999
96 586
978 655
386 778
224 723
35 486
14 867
235 283
451 329
820 959
941 19
571 219
572 159
560 125
783 239
232 827
617 870
548 333
259 135
752 847
381 94
171 47
769 134
781 310
734 576
482 641
673 858
516 359
546 13
912 884
302 186
796 36
971 964
271 174
70 356
208 385
756 108
315 202
310 85
325 502
728 255
819 348
484 991
477 273
838 97
683 187
747 416
142 820
91 683
77 256
577 223
986 957
487 417
269 840
721 30
371 687
606 570
579 755
496 315
650 340
319 862
330 618
74 26
342 522
581 58
21 263
293 227
157 52
708 187
152 245
764 463
320 618
464 362
767 356
204 441
7 464
25 72
850 82
654 474
559 268
972 619
48 665
541 418
309 657
357 760
365 265
319 342
366 897
540 488
743 333
248 831
439 981
514 199
643 72
545 241
747 97
912 599
537 951
678 73
932 398
959 203
843 401
131 789
394 106
814 120
966 340
447 247
343 983
619 577
847 781
979 912
185 353
639 405
764 964
731 12
543 254
961 367
445 226
467 495
597 438
302 706
774 43
624 895
855 616
664 790
982 765
285 218
175 991
143 87
779 413
339 308
62 621
463 338
606 988
971 574
391 246
977 602
524 270
811 371
414 495
957 41
849 640
784 176
823 360
682 648
785 461
424 164
217 207
86 475
910 422
56 741
111 127
369 267
853 206
913 661
31 98
979 592
205 996
617 43
558 10
892 481
469 280
706 301
301 241
367 93
934 48
610 686
390 740
678 700
350 57
311 78
178 537
224 928
770 932
99 219
79 263
26 685
908 13
905 875
599 748
769 729
855 512
896 371
185 115
742 742
388 426
689 941
757 878
84 59
751 350
779 70
655 855
166 977
72 601
255 928
93 638
347 853
523 994
747 174
642 449
976 150
532 955
799 554
654 65
449 988
314 987
967 772
503 35
221 188
146 944
275 966
379 74
993 582
651 461
250 258
1000 95
651 794
922 482
383 754
908 838
172 743
868 624
722 439
200 987
311 7
86 346
213 89
834 209
276 952
239 791
316 440
762 833
26 18
585 544
476 463
160 378
325 520
767 390
935 276
723 278
617 932
33 950
43 893
58 801
352 115
337 796
667 488
256 166
32 651
507 781
169 840
789 752
906 947
982 124
758 241
558 507
801 276
351 631
862 341
45 321
812 88
776 288
931 772
357 535
722 206
513 214
498 147
273 13
187 243
382 640
717 305
699 174
808 365
121 595
388 337
587 442
724 445
34 816
790 311
484 421
788 955
530 833
63 58
612 832
422 334
385 276
578 689
994 93
881 279
764 462
667 163
390 131
338 530
677 551
792 533
990 936
458 881
168 715
928 359
778 546
125 440
249 851
544 218
392 411
867 297
439 924
911 788
891 351
391 888
737 508
586 330
265 349
759 270
82 632
909 808
242 65
224 682
250 947
74 170
99 425
516 375
451 327
11 868
298 875
848 194
348 220
895 499
182 743
798 794
337 949
829 105
80 838
361 358
884 92
805 754
732 109
858 151
139 819
642 780
681 845
161 453
280 450
136 425
933 237
465 713
589 732
171 565
22 781
422 620
881 149
173 882
840 691
383 879
954 573
147 247
55 4
474 611
96 546
74 724
147 712
481 744
26 298
458 130
724 13
394 4
182 2
780 580
394 323
694 921
294 34
262 185
128 124
498 57
903 236
729 138
457 689
834 231
462 161
633 750
601 103
697 487
761 104
818 131
292 840
103 756
785 699
816 452
777 983
628 515
875 304
304 737
851 542
228 701
859 606
557 827
698 406
940 635
830 431
784 413
449 399
333 983
231 711
781 862
686 233
930 317
639 616
410 10
202 756
792 518
817 24
829 680
842 877
767 727
107 952
308 583
352 941
18 849
134 597
915 36
891 57
663 615
523 54
963 554
357 713
147 980
539 439
981 50
270 761
549 324
571 944
410 473
155 576
841 375
707 197
255 819
134 71
629 376
273 845
908 823
560 763
299 967
624 148
310 625
831 640
276 168
582 637
656 321
327 860
255 742
107 369
284 558
529 115
579 659
485 483
849 257
335 218
410 824
737 4
98 698
294 146
828 311
998 923
324 140
530 232
443 222
176 947
456 82
888 976
103 830
556 313
296 37
300 793
248 757
16 323
629 746
439 394
737 702
706 246
472 450
33 7
762 218
905 191
329 201
658 821
13 631
245 896
733 828
861 826
833 428
896 755
928 276
422 199
596 500
327 282
215 557
808 944
887 755
402 301
279 152
53 122
404 154
609 788
73 40
75 153
392 289
361 887
770 190
357 728
252 857
501 874
755 349
904 392
66 386
745 853
828 171
380 608
807 743
768 710
479 799
315 972
815 531
309 507
552 525
650 466
489 57
35 334
540 214
118 240
99 522
986 491
799 43
704 912
553 322
637 644
794 368
365 821
14 9
166 831
921 563
337 598
241 921
629 232
552 799
376 61
801 991
192 947
954 525
394 151
977 434
968 608
253 552
270 262
599 199
688 120
25 261
7 390
609 60
222 447
580 959
73 789
660 115
939 489
986 142
57 166
632 945
407 509
709 87
945 64
990 284
351 919
131 328
203 673
811 959
234 23
227 836
415 139
899 214
480 464
442 575
92 73
824 715
264 187
770 397
488 283
731 735
207 333
677 963
167 288
741 446
600 476
314 210
898 25
596 357
441 739
362 138
110 239
73 225
766 129
624 148
72 267
438 742
24 493
360 624
948 588
515 852
540 152
810 252
214 59
373 729
989 974
405 618
536 255
674 302
245 19
894 19
823 730
120 538
330 467
125 38
719 404
241 865
574 834
967 59
414 290
682 482
358 225
384 166
62 550
134 883
129 803
931 72
801 330
823 679
919 206
62 611
942 183
693 414
782 992
30 518
406 96
352 796
252 838
253 31
681 976
950 968
410 556
250 742
90 120
366 290
746 804
648 534
832 201
368 405
393 710
936 439
423 785
897 277
791 659
678 655
59 742
645 166
911 521
177 482
96 559
16 275
232 512
44 27
918 760
460 153
505 71
605 727
884 911
499 801
139 204
552 796
853 958
798 105
941 330
572 583
86 674
94 479
643 798
12 492
546 100
6 990
241 172
657 750
629 685
189 804
459 673
382 614
633 17
459 961
632 910
187 728
823 345
148 992
578 423
944 323
595 393
605 398
787 492
447 185
206 189
195 877
335 550
694 87
305 921
991 619
594 620
155 849
742 600
215 224
529 55
321 770
529 526
798 270
346 554
388 461
519 149
401 682
830 730
527 767
31 912
128 584
103 529
761 193
223 410
121 497
675 591
111 44
878 116
908 19
922 5
64 735
106 783
924 925
944 290
962 913
135 50
839 393
112 418
116 314
262 405
953 543
659 60
331 514
616 724
451 440
757 54
623 229
245 49
641 91
835 797
90 46
236 218
639 372
809 85
482 480
752 264
201 908
28 946
568 98
684 483
221 476
174 61
292 396
68 923
338 11
210 886
199 48
768 539
361 909
779 390
856 134
576 968
387 223
761 300
397 377
63 479
463 960
276 396
110 542
929 544
207 275
670 662
904 137
366 488
276 919
507 997
857 349
450 843
424 991
946 778
839 562
785 388
796 581
360 248
339 355
620 812
989 193
682 895
520 2
201 246
866 88
834 480
687 366
780 472
485 774
240 723
682 180
866 185
772 237
977 12
438 806
103 898
737 623
986 392
433 431
153 143
604 756
614 304
421 755
123 449
16 690
872 235
326 962
927 163
306 550
301 189
493 21
87 499
315 227
826 967
831 196
263 146
472 914
350 687
670 376
883 343
964 935
878 257
100 135
307 972
369 408
551 268
471 788
709 288
904 19
547 185
592 136
746 833
959 222
611 833
27 383
762 176
339 724
782 969
718 238
25 295
205 252
646 935
805 750
262 362
758 181
569 74
602 473
383 345
918 395
837 12
467 601
601 435
819 649
370 122
348 531
80 867
680 843
278 658
238 232
743 359
953 559
655 770
4 139
204 844
677 165
242 64
998 718
989 113
115 711
671 806
217 837
154 716
207 463
800 188
638 716
267 652
286 372
293 701
272 204
37 738
481 287
563 715
351 510
219 592
218 265
49 308
845 445
382 10
923 769
80 778
255 43
155 119
339 989
535 108
739 326
464 30
815 361
767 801
489 879
577 154
160 812
524 863
450 748
55 663
413 360
979 336
284 379
2 62
150 361
511 21
596 374
575 772
630 652
417 188
759 392
787 769
648 188
297 216
558 921
491 99
949 56
290 253
54 553
951 771
541 647
406 53
521 939
610 343
886 456
458 10
483 812
196 489
440 531
585 605
800 44
880 47
502 722
880 303
382 997
964 94
983 825
268 236
240 993
930 133
458 676
579 641
185 775
741 728
776 156
60 293
481 138
189 377
418 797
658 821
218 237
896 792
816 165
917 628
326 462
784 600
392 512
972 441
742 490
878 378
605 521
570 506
510 731
54 438
396 562
850 309
544 321
664 403
741 985
281 501
657 48
274 994
645 971
703 517
684 490
957 457
985 640
568 893
808 372
497 711
641 721
662 225
133 606
801 401
226 352
920 927
939 791
730 991
928 483
138 332
799 749
535 383
352 99
704 839
635 608
525 579
857 657
261 974
942 312
671 275
328 409
912 763
175 48
257 755
76 944
66 306
923 928
393 384
111 355
97 193
230 428
400 329
517 811
575 364
183 211
948 559
11 59
77 945
927 621
602 691
409 306
482 155
400 681
637 968
390 805
225 238
171 762
357 270
528 454
851 999
795 887
256 27
515 960
926 390
58 114
319 476
616 343
358 724
591 677
524 337
680 557
21 568
700 904
82 345
266 371
70 215
201 489
53 734
918 645
469 128
935 909
208 300
676 515
616 225
49 28
187 939
116 820
785 648
448 327
123 113
871 768
391 725
999 401
560 193
876 577
875 491
694 334
445 98
216 534
951 707
388 864
713 465
310 841
721 92
83 148
313 258
916 369
616 360
739 111
36 94
301 532
954 956
974 537
908 528
285 613
810 624
135 13
687 697
230 827
975 230
494 682
74 17
849 638
834 934
996 605
936 283
297 989
633 821
887 179
810 410
549 967
207 360
120 928
777 52
613 890
857 446
626 456
6 752
569 93
715 37
100 541
877 238
20 597
514 973
51 369
669 549
995 950
153 456
629 710
907 757
45 648
53 855
893 31
899 539
49 375
614 616
88 158
560 694
479 984
108 375
715 576
844 778
117 379
701 155
197 221
314 77
155 915
104 239
88 509
399 59
31 702
995 159
96 676
202 739
499 118
150 723
824 143
286 932
41 96
137 800
951 46
557 614
472 271
185 845
453 144
778 1
831 524
64 145
866 246
653 852
415 219
134 561
228 633
731 22
597 140
818 338
542 442
712 440
69 57
781 303
974 299
698 203
807 943
365 376
451 991
938 352
565 230
673 1
297 464
919 981
764 395
233 824
629 511
971 488
525 728
546 180
889 753
446 739
865 82
467 944
624 217
509 70
30 507
316 831
208 276
232 831
709 984
786 265
797 859
897 40
781 538
812 957
142 768
485 852
892 374
568 29
584 779
684 182
471 893
474 870
733 746
361 691
455 111
988 256
566 305
262 861
429 354
739 406
231 192
871 401
90 708
356 425
755 815
362 166
233 33
162 476
175 176
209 617
177 912
494 764
983 217
116 831
954 281
169 23
271 148
370 363
295 739
777 851
35 48
156 360
218 480
624 384
512 394
195 303
13 679
519 76
685 62
878 232
612 912
308 249
407 675
901 263
151 510
992 860
331 422
610 284
172 488
258 194
856 472
288 583
480 43
148 816
148 689
707 473
796 257
188 752
761 865
920 524
918 889
664 20
706 460
202 175
880 822
6 755
487 197
506 265
748 281
956 995
252 673
263 935
101 925
171 457
88 385
796 358
781 834
319 189
586 47
407 967
973 648
820 300
16 254
275 779
129 22
353 685
537 959
314 334
247 869
976 69
968 879
351 818
495 513
527 22
928 637
623 103
663 955
309 13
530 586
19 100
745 232
763 722
723 1
763 133
897 471
463 732
232 979
158 777
970 225
910 409
316 515
251 580
53 338
341 650
195 514
656 374
854 493
805 863
613 33
737 722
916 985
456 344
570 358
328 801
434 35
914 676
974 845
669 151
536 76
972 630
255 660
201 260
946 611
986 757
102 769
175 219
101 963
368 594
430 315
780 349
572 120
90 21
236 910
619 138
34 230
886 816
416 18
319 833
144 547
813 334
18 752
741 708
612 500
392 709
215 69
352 691
494 419
858 137
445 697
899 484
567 903
288 848
684 913
508 456
359 978
981 786
871 969
405 524
995 536
551 745
367 201
52 29
504 78
592 115
255 41
576 586
819 817
6 82
562 334
636 488
715 760
883 766
321 252
643 298
782 984
420 762
691 566
967 88
953 819
50 38
651 184
226 339
792 942
888 477
872 738
408 55
702 895
862 831
245 638
795 365
249 799
160 955
536 304
336 163
218 90
301 896
333 871
232 96
219 341
172 721
487 180
206 609
156 94
491 223
920 530
641 351
171 447
808 984
942 12
11 715
495 274
983 584
400 252
657 246
612 727
780 566
524 228
396 898
1 609
558 945
469 194
218 913
313 887
151 88
449 318
17 401
98 451
732 825
575 348
596 805
296 429
773 505
881 988
741 13
355 980
243 668
587 257
449 503
397 175
516 160
506 627
231 100
183 325
442 191
669 1
819 453
456 650
244 42
524 56
426 383
85 450
112 385
664 133
739 856
510 791
98 483
278 844
721 337
679 404
120 641
573 320
883 685
694 859
567 598
105 75
145 703
645 827
148 319
365 96
871 798
507 257
672 851
209 465
806 568
89 305
728 474
685 393
542 923
582 478
252 668
771 111
776 523
843 473
391 206
999 321
968 830
52 158
709 202
83 549
165 601
499 613
412 400
531 828
857 393
903 693
322 87
730 250
890 247
99 100
551 143
622 338
110 841
407 802
201 902
181 857
46 364
641 43
679 454
691 602
569 806
397 201
429 956
33 834
229 742
935 719
581 92
294 839
175 395
107 425
766 112
646 412
407 998
271 267
633 833
28 933
31 243
384 786
443 164
641 27
156 285
790 624
424 89
519 613
578 669
163 749
250 155
485 137
210 861
994 247
98 444
143 166
143 637
381 757
279 240
714 228
321 479
823 349
430 361
718 266
382 664
743 508
883 861
961 150
58 472
775 675
433 439
799 654
187 891
227 311
877 868
598 60
112 268
433 858
300 217
422 123
100 726
181 704
826 161
502 670
391 348
858 540
340 329
198 601
326 649
243 88
703 341
213 67
88 229
281 24
848 282
721 671
395 123
16 208
215 460
541 924
976 26
375 24
897 524
999 830
181 641
374 294
216 846
347 525
600 554
797 398
618 662
123 174
385 658
152 90
263 139
684 541
623 337
232 426
787 937
741 696
993 419
616 903
887 90
907 89
275 125
914 105
969 282
362 130
84 414
968 717
530 966
160 934
118 987
257 174
363 944
896 792
612 903
398 473
515 381
647 740
462 583
227 777
56 703
139 711
736 683
353 11
341 696
718 887
445 368
872 560
663 557
930 889
45 125
174 4
564 437
83 916
965 982
86 713
667 787
108 523
883 52
871 895
506 596
27 451
448 532
119 531
678 776
357 309
533 75
618 752
663 558
615 435
917 739
974 108
486 531
303 373
743 575
191 24
149 602
187 120
685 728
186 17
498 289
748 134
208 727
414 489
210 614
202 166
744 528
765 216
50 778
259 618
623 819
838 719
15 509
753 505
402 786
122 60
30 936
394 650
76 25
709 891
342 948
13 215
172 190
485 296
855 564
808 911
188 372
20 677
324 225
953 724
963 583
10 8
673 656
390 380
314 887
505 398
546 325
793 728
564 282
147 305
978 861
199 6
813 481
20 640
992 87
212 631
906 25
931 316
760 712
707 502
753 338
21 594
266 258
118 634
746 627
389 771
414 265
496 128
717 937
16 965
866 592
787 628
438 265
265 384
737 652
98 325
344 292
909 4
44 902
661 51
657 674
808 142
831 301
592 146
851 82
939 322
520 842
138 757
511 421
836 937
710 618
996 991
518 607
487 744
161 142
168 615
326 363
618 514
187 370
9 350
311 28
16 727
1000 705
628 891
703 169
907 154
706 198
433 411
751 128
249 925
600 222
463 991
545 664
506 929
162 88
957 849
771 745
14 518
568 479
26 655
340 560
531 519
895 396
636 152
774 42
549 404
192 186
193 754
513 578
757 956
758 320
383 403
856 217
76 347
798 781
630 255
407 654
225 710
352 642
800 905
476 835
462 339
298 877
785 422
601 676
170 799
310 60
616 293
653 941
605 517
34 278
302 656
92 734
331 177
270 439
143 829
275 295
692 977
721 705
675 937
715 837
168 188
715 706
209 49
467 679
296 484
776 600
34 632
261 484
475 753
552 193
45 448
128 499
132 479
794 235
807 968
704 555
265 817
205 509
81 431
124 792
999 438
104 144
206 445
741 95
879 528
795 695
535 54
571 648
607 566
622 755
249 832
18 205
90 319
112 299
133 579
440 405
197 388
842 929
854 222
706 282
715 225
132 688
772 635
869 849
17 145
16 363
998 720
24 605
699 795
388 505
869 319
529 159
308 330
484 953
748 539
659 603
931 104
745 286
840 768
125 289
359 343
818 484
129 63
4 74
787 261
609 880
602 996
899 869
356 259
368 104
315 23
647 53
255 323
807 939
83 358
535 740
30 896
875 334
239 862
833 459
892 779
410 830
957 957
77 551
309 372
452 230
541 794
308 399
674 163
758 564
795 249
853 390
680 784
955 634
898 274
234 279
258 617
863 943
138 460
241 71
734 600
113 385
503 595
578 649
758 470
639 525
776 250
467 572
602 528
256 999
374 374
586 517
752 401
359 139
354 547
48 303
113 719
609 453
196 830
339 617
474 903
780 19
378 925
341 824
630 318
214 446
221 36
72 285
749 244
703 81
442 667
175 158
689 779
294 605
759 886
793 622
836 739
490 249
521 602
626 356
187 872
525 747
81 226
576 993
406 818
258 3
650 624
79 430
651 593
48 380
61 319
489 873
134 474
229 99
294 288
990 506
95 659
978 497
324 297
67 395
522 777
890 583
306 787
817 995
948 5
56 518
213 43
192 902
270 153
992 418
680 67
937 946
927 432
699 321
733 836
817 154
737 964
499 934
767 737
162 862
909 264
774 370
806 811
283 262
68 580
589 842
464 685
202 334
57 563
372 542
930 855
425 347
988 689
266 256
975 912
679 445
415 540
353 770
681 756
239 265
728 669
92 350
115 809
418 202
672 240
791 739
475 271
714 20
173 617
846 414
802 686
904 211
365 302
231 277
180 147
95 438
888 738
324 635
695 302
959 717
622 667
366 559
55 675
89 879
588 273
965 400
955 961
610 206
188 628
615 680
945 330
680 682
624 717
249 988
469 332
644 871
331 91
971 858
522 245
302 819
774 101
291 625
951 492
963 961
899 144
847 29
717 761
66 349
836 26
737 279
577 394
681 374
811 164
166 252
594 596
120 678
36 504
174 166
886 799
558 579
265 752
658 460
853 264
760 21
64 986
573 61
490 616
644 159
666 625
578 529
595 124
434 99
231 792
978 178
870 295
504 540
95 56
276 7
726 326
641 732
973 807
339 204
570 68
656 867
780 700
300 521
351 432
257 411
771 240
701 777
974 407
26 973
765 312
116 168
856 895
59 314
516 403
648 178
191 935
279 476
153 689
805 34
106 16
211 558
714 71
416 175
615 743
319 231
650 952
622 52
780 997
305 556
243 731
657 576
628 576
845 30
107 461
643 832
946 619
155 833
819 345
979 338
408 991
997 588
395 177
602 622
806 524
779 226
878 793
910 418
453 601
605 812
781 454
621 748
429 34
455 236
275 609
660 889
781 478
952 36
311 822
491 71
127 646
390 34
783 153
68 544
555 311
795 554
887 470
69 216
810 869
476 936
761 414
743 962
665 394
174 934
400 233
615 498
96 144
175 855
482 778
854 56
484 914
420 774
205 87
470 678
601 985
716 502
297 75
984 491
519 123
716 389
216 232
142 913
754 823
203 447
912 923
588 925
406 886
165 199
162 208
378 29
468 201
995 690
547 178
436 603
165 384
557 935
942 739
425 578
834 240
939 155
990 210
2 22
507 895
630 708
448 302
333 628
874 899
726 451
41 757
846 81
51 814
288 273
30 686
528 920
571 515
26 774
193 936
117 412
408 673
700 746
89 363
666 625
670 629
909 773
210 12
492 494
356 433
432 881
450 720
652 833
542 590
214 521
107 649
158 118
582 773
344 990
604 454
79 236
217 693
358 680
742 839
797 842
796 268
25 464
896 954
601 405
770 216
522 363
791 534
326 724
799 128
320 641
383 626
69 656
50 14
22 182
960 513
273 873
640 610
549 260
672 291
564 778
843 411
718 686
712 678
847 863
374 999
264 963
892 483
618 33
84 251
176 644
903 72
615 141
90 858
264 134
80 447
49 474
693 774
98 71
815 599
58 598
101 880
53 471
243 136
375 415
156 118
263 814
679 977
417 524
981 158
979 328
887 508
447 43
48 541
775 646
938 236
959 74
402 804
59 23
924 514
639 556
226 129
248 64
288 258
963 943
36 552
65 623
482 952
958 171
79 714
15 748
487 899
286 724
486 3
905 475
75 682
75 370
122 596
394 966
481 858
719 161
233 34
639 567
125 110
76 979
229 904
256 385
500 459
889 265
61 589
366 594
405 622
247 58
737 938
462 610
697 270
97 922
210 436
724 746
687 897
445 451
916 803
456 357
295 4
835 116
157 302
376 518
993 401
34 340
242 335
257 570
993 796
536 408
648 135
12 267
795 375
599 253
48 801
29 873
922 559
5 176
634 605
702 781
623 27
712 883
419 591
312 560
822 358
32 641
510 798
824 254
449 286
713 90
376 796
43 794
313 905
425 764
578 710
233 135
666 883
760 360
836 615
740 215
495 977
904 20
251 949
61 422
693 299
423 195
139 465
381 26
253 299
488 147
508 514
271 124
722 860
897 802
367 588
836 978
690 926
985 3
819 454
654 697
297 191
443 918
211 609
862 682
51 485
798 811
746 625
471 98
808 411
476 681
228 851
601 743
909 920
207 882
408 280
807 839
565 502
490 748
417 451
834 59
165 924
126 868
42 417
427 392
702 375
294 75
180 929
310 410
519 696
685 405
466 24
802 374
773 613
348 663
986 942
626 667
807 639
843 154
202 178
265 599
477 683
165 413
456 631
346 877
62 918
654 732
294 911
189 425
889 705
432 382
828 594
812 179
440 829
438 91
347 983
185 528
571 693
647 725
3 866
6 610
734 224
979 488
697 477
456 14
820 394
365 87
67 908
506 946
908 13
58 436
363 134
497 524
817 179
250 5
130 413
291 906
231 237
119 646
838 793
821 431
890 523
969 458
314 765
300 495
115 358
325 798
395 690
181 613
541 127
596 161
700 291
536 958
156 35
371 746
241 290
135 548
26 539
8 131
979 802
244 596
783 124
776 442
253 505
829 540
844 176
582 261
965 820
363 834
191 866
674 529
646 725
743 712
795 540
151 332
310 988
600 491
329 861
564 66
620 159
770 77
944 805
717 608
950 342
460 174
453 196
703 81
350 722
772 789
685 648
179 346
538 145
146 455
202 200
562 656
203 526
476 818
18 189
45 860
43 712
576 261
677 754
398 966
642 442
867 799
180 676
757 701
181 578
173 645
364 119
278 841
638 438
482 166
324 52
375 721
231 422
706 70
708 8
857 118
170 23
755 699
92 723
382 593
504 555
386 663
526 252
289 527
768 249
264 283
509 376
595 664
229 462
762 163
909 445
70 903
240 836
443 867
276 69
73 420
540 980
815 995
616 162
458 236
638 866
543 499
755 748
547 921
80 109
325 596
386 707
922 318
281 913
417 961
509 49
104 394
384 408
154 949
337 682
803 725
377 895
886 157
834 363
517 905
292 333
958 727
811 303
292 684
609 69
436 456
476 153
74 868
973 883
909 530
158 786
429 604
693 163
998 916
524 692
797 491
502 865
411 562
362 125
45 789
771 774
169 660
189 880
669 392
127 447
681 515
818 903
796 799
555 555
209 987
840 505
917 119
564 789
996 448
909 132
126 280
137 418
783 576
530 530
536 603
168 895
977 754
91 947
941 542
855 286
480 655
751 243
503 548
429 537
188 515
246 983
276 142
536 702
423 602
733 478
741 712
229 789
765 691
657 55
720 513
199 85
226 103
910 381
614 49
655 423
283 20
906 759
61 949
375 228
735 730
586 923
289 896
766 884
848 939
576 912
496 655
443 932
865 434
911 493
76 185
241 425
964 841
335 910
308 538
158 696
356 720
680 590
831 588
684 358
139 787
3 397
225 302
475 180
329 335
700 535
878 431
902 858
323 69
660 681
891 387
966 447
157 796
619 737
749 657
533 285
805 825
342 239
855 189
869 258
143 725
319 765
724 935
197 636
441 9
313 636
831 829
621 103
24 955
105 22
991 985
132 884
40 612
702 436
295 729
531 587
737 271
931 46
361 868
669 711
281 722
76 789
4 846
530 235
517 10
614 516
601 420
170 484
872 829
242 992
860 682
48 715
740 509
192 135
157 521
515 294
24 861
702 858
274 276
554 634
859 945
243 202
955 678
129 169
18 854
530 297
696 725
889 406
71 253
362 756
508 953
433 681
837 434
592 170
577 743
442 993
254 131
156 747
469 404
6 516
637 825
16 722
137 717
42 184
692 785
595 706
850 200
368 119
113 249
495 395
565 375
881 124
499 340
334 998
716 583
468 122
832 191
346 472
230 800
864 805
422 380
927 574
835 933
515 388
602 962
934 893
381 356
377 616
145 276
566 814
96 927
233 863
944 697
321 634
345 290
811 301
131 793
964 655
324 414
516 162
341 865
819 702
642 160
965 18
42 789
38 24
786 60
902 931
420 407
234 86
171 223
380 473
693 452
948 365
627 613
81 124
948 92
110 178
927 766
65 49
879 192
688 84
194 25
912 849
175 186
554 187
657 933
197 725
165 194
506 147
529 198
41 188
476 421
44 872
643 257
712 25
994 704
354 93
536 185
681 829
509 438
672 774
136 617
261 199
245 101
807 994
177 872
641 228
241 865
321 292
89 569
128 954
669 471
717 229
743 463
382 733
747 890
863 292
534 16
117 621
469 592
23 681
547 657
363 505
542 31
982 995
688 555
711 761
747 757
132 228
714 831
482 489
820 550
459 383
684 463
213 663
397 724
67 579
545 39
867 582
851 265
307 745
638 435
824 56
957 312
996 323
259 123
807 532
239 852
835 29
854 133
730 615
875 859
568 956
214 539
763 761
660 692
23 634
326 234
783 859
195 690
522 664
274 332
176 394
918 240
997 121
614 171
870 730
213 834
30 994
455 831
572 711
202 71
502 971
612 641
2 348
922 997
69 600
7 803
114 498
248 585
509 140
89 120
935 253
53 251
364 490
776 244
627 782
959 983
546 776
133 198
907 986
264 339
111 906
580 865
699 63
757 368
96 494
210 187
956 844
718 242
876 156
401 650
897 667
512 501
782 414
399 577
442 64
254 229
814 11
527 587
453 316
748 870
336 12
85 637
113 730
821 606
590 483
43 621
232 642
854 72
163 671
124 819
386 272
283 558
38 897
475 505
234 274
302 994
926 392
88 688
647 441
465 204
702 493
805 664
196 447
25 649
1 516
934 186
785 722
149 756
49 323
732 278
218 518
186 56
848 51
758 387
501 465
176 918
267 371
537 801
663 360
724 970
914 657
341 125
770 469
114 259
346 295
627 937
471 179
564 492
425 939
119 373
695 682
581 889
5 473
569 890
168 123
959 230
221 910
623 633
935 80
439 38
536 72
716 145
821 139
7 683
335 625
677 173
750 883
695 526
21 870
456 644
760 257
94 600
882 811
907 143
182 789
381 75
399 735
423 63
170 225
941 315
675 846
721 659
447 779
22 866
666 291
366 311
245 107
208 299
515 300
447 754
701 597
205 477
873 582
988 734
426 952
943 18
558 193
999 60
784 321
870 291
657 266
708 346
964 948
725 393
249 643
639 318
952 625
998 709
952 506
711 832
954 128
966 698
476 684
118 490
384 602
56 588
253 180
956 679
854 947
957 324
999 47
742 557
896 633
835 631
206 982
451 837
994 744
879 742
253 62
342 928
316 979
158 631
663 48
154 539
999 843
886 358
113 786
469 105
975 850
949 378
348 744
400 209
116 316
283 722
697 830
120 40
444 933
300 11
878 635
495 255
109 374
776 160
277 717
973 501
698 27
450 544
459 503
365 559
755 562
829 415
863 480
918 783
273 260
729 822
498 811
463 568
500 137
777 738
19 587
787 15
792 694
206 549
973 643
599 866
176 215
606 330
481 285
292 973
781 185
378 779
195 322
905 833
975 365
552 836
230 222
492 763
924 306
946 875
398 34
798 230
419 655
6 474
67 40
507 299
157 654
255 862
978 907
754 673
415 827
688 421
717 922
607 383
416 190
155 836
103 905
324 328
118 473
89 206
368 851
729 302
493 318
934 286
471 453
637 206
957 990
815 415
536 838
988 112
672 775
563 176
265 165
342 881
219 708
650 899
815 642
491 235
896 700
901 610
420 178
627 377
590 222
190 403
78 271
45 133
215 936
453 120
140 946
49 926
290 123
165 231
839 779
462 482
419 85
792 696
346 117
683 737
2 583
486 310
272 267
611 853
509 128
29 732
350 596
228 300
867 695
388 378
920 363
152 479
585 599
158 30
939 200
972 688
241 870
179 806
86 391
729 955
803 934
829 530
859 946
891 794
161 114
555 804
138 880
263 111
963 661
421 448
924 560
308 722
354 902
826 806
460 220
207 619
256 507
220 88
284 722
55 992
10 84
468 972
799 106
522 771
619 643
20 657
890 513
115 997
820 593
915 293
944 304
322 743
1000 528
450 448
246 921
802 305
798 233
597 240
346 48
809 708
806 74
681 938
245 27
752 56
955 565
212 709
898 383
528 638
649 866
466 4
725 9
998 155
87 966
694 800
71 197
152 5
776 846
323 474
989 328
465 81
975 651
124 559
88 298
242 874
309 158
816 432
905 827
265 636
952 130
111 487
620 426
474 43
250 514
920 326
17 560
709 600
586 249
179 248
485 577
2 846
910 640
140 735
844 190
146 567
692 17
356 492
537 586
174 725
696 73
857 694
881 376
553 715
315 935
926 349
562 216
39 986
327 807
663 89
115 170
263 183
715 100
490 55
641 463
962 122
569 734
483 216
259 668
116 694
651 114
104 45
554 420
46 918
231 316
330 988
899 554
142 443
470 252
652 249
709 762
362 488
798 22
989 943
987 140
993 346
992 352
417 615
778 480
257 557
44 561
580 529
147 618
121 841
375 560
96 668
593 199
113 281
601 547
888 725
64 989
902 12
111 769
253 236
447 719
479 992
828 585
700 820
311 843
129 218
301 140
597 466
93 239
505 603
979 27
242 97
153 144
234 660
134 933
730 119
126 924
399 749
155 404
272 463
750 752
225 270
114 304
184 20
112 475
777 46
525 320
209 34
897 930
601 363
716 784
88 447
922 106
760 652
28 854
378 88
659 644
675 79
45 680
392 279
417 822
751 620
538 898
38 233
280 960
336 852
694 429
859 948
955 1000
817 763
890 659
787 488
393 486
657 398
586 610
708 268
267 820
278 187
584 802
691 647
152 352
952 307
420 644
491 923
907 236
589 716
892 856
141 202
695 282
282 212
780 949
294 134
392 677
145 88
649 369
193 337
421 484
700 773
846 475
173 913
451 647
418 213
378 933
517 190
954 829
885 288
449 910
519 928
911 997
465 398
397 107
524 770
987 314
265 254
522 413
737 292
235 435
385 360
144 265
487 551
864 605
62 120
339 667
99 246
107 386
901 3
614 84
393 91
791 408
728 300
320 911
635 673
2 491
594 273
862 779
326 645
206 399
8 791
542 888
645 296
852 881
760 364
506 28
362 378
815 969
660 31
411 353
268 561
222 518
19 539
878 319
606 203
319 48
872 721
661 590
163 978
722 88
910 187
369 580
277 812
105 168
748 677
352 587
200 795
611 73
352 152
276 673
19 603
456 712
501 199
567 809
95 372
734 499
265 577
609 273
344 20
935 234
665 865
109 911
226 408
815 891
834 578
108 631
144 749
130 484
628 224
867 93
574 755
224 265
440 167
383 524
916 942
271 224
683 147
286 606
825 510
800 927
762 141
185 826
514 496
248 339
624 504
898 842
54 315
776 780
37 909
533 543
457 869
9 164
299 848
406 354
881 157
1 986
246 752
640 159
608 533
212 239
35 946
291 888
835 741
172 39
773 810
984 481
419 370
611 134
415 763
293 514
35 296
9 633
604 806
985 731
252 246
727 929
97 345
456 72
869 244
739 485
674 730
615 372
835 774
51 893
618 969
296 313
124 981
417 613
346 992
619 486
789 115
203 803
554 59
501 645
884 103
904 126
895 25
640 535
731 832
837 183
837 52
417 28
755 785
738 768
127 454
240 591
102 311
628 111
149 757
238 12
228 463
84 975
621 577
149 370
769 568
892 35
304 100
989 410
17 831
140 868
238 781
825 462
140 344
631 179
940 83
403 918
375 170
583 136
270 65
924 776
705 101
347 436
648 299
309 300
309 329
392 671
155 233
130 717
391 46
352 650
931 511
511 78
170 84
353 264
563 147
667 42
453 784
273 674
379 765
201 520
373 444
578 541
104 308
130 998
632 722
366 55
265 467
543 917
957 833
864 361
370 949
266 837
392 989
871 835
991 41
169 506
890 857
472 674
103 539
5 537
691 899
737 512
961 413
322 16
806 379
581 585
108 319
163 554
467 502
946 358
74 885
395 287
51 539
714 632
147 589
65 272
643 830
866 721
352 44
404 688
673 808
56 264
519 522
294 898
683 229
694 305
156 105
693 485
199 623
812 256
910 662
237 292
729 217
193 206
981 643
91 395
769 80
303 38
336 836
210 523
812 394
795 586
229 587
319 71
340 73
931 52
932 362
687 871
670 254
847 103
422 762
36 561
225 752
886 998
51 483
339 138
121 478
502 691
682 624
977 808
867 955
996 673
221 532
609 827
240 703
801 344
75 396
364 297
532 742
209 655
543 859
621 467
831 18
791 572
790 805
803 939
883 40
213 525
737 399
435 27
999 31
43 472
517 781
639 287
423 91
838 15
968 830
121 885
330 617
647 704
452 290
39 693
509 584
333 972
870 589
207 37
787 23
309 23
358 87
402 732
872 518
925 332
330 848
829 124
213 547
517 454
192 801
805 52
254 285
621 565
773 732
255 446
856 418
602 633
538 762
273 720
171 133
413 969
639 859
778 933
745 380
5 107
234 960
213 831
686 130
329 859
982 210
113 607
394 387
929 200
244 986
799 308
660 582
837 289
614 208
143 4
311 192
834 644
756 841
455 877
88 697
56 805
410 732
63 454
35 70
892 381
788 681
783 98
423 527
222 847
713 644
780 322
573 614
556 841
510 800
16 697
943 107
507 161
970 617
922 307
322 606
923 151
194 722
827 341
267 185
452 900
526 605
223 669
973 284
622 735
601 313
275 799
332 241
545 84
371 147
951 970
401 548
57 247
911 567
109 81
84 645
129 112
740 647
751 706
747 575
409 934
952 494
229 130
760 887
359 741
359 490
551 774
742 911
778 387
591 85
65 730
448 635
492 327
229 811
880 169
593 114
28 867
262 563
591 418
16 889
901 594
425 343
607 526
230 556
657 453
326 558
694 354
776 958
684 822
749 88
54 424
643 36
403 239
243 454
374 987
510 322
942 515
981 609
367 628
185 612
974 465
965 111
13 898
446 567
923 757
91 261
90 242
51 290
135 753
710 974
172 392
454 855
366 587
611 187
382 129
687 313
301 266
517 698
333 985
974 809
627 719
917 972
551 248
860 318
384 66
388 798
433 359
231 314
464 422
919 185
785 166
788 628
373 100
703 249
564 675
687 328
732 492
763 166
321 50
953 574
376 743
566 399
131 631
139 687
813 43
169 543
493 2
137 744
884 948
453 64
567 661
194 911
715 518
7 58
958 710
863 710
796 797
863 495
114 778
32 494
626 90
413 742
845 237
299 372
896 398
668 999
868 79
475 60
317 40
566 552
22 603
833 361
422 222
147 744
99 151
771 944
130 580
445 597
994 790
616 108
2 828
918 192
707 157
580 507
511 31
872 912
463 805
496 50
87 237
758 363
50 712
839 737
450 875
227 873
342 444
612 245
834 871
526 500
776 729
526 533
509 630
961 397
357 141
165 316
961 949
223 140
909 656
592 1000
690 164
603 508
601 634
371 299
919 659
797 997
728 701
51 213
578 540
991 681
681 873
37 638
450 827
123 835
642 266
794 225
719 317
756 974
868 625
81 784
601 200
706 299
743 779
262 528
644 492
846 951
361 770
264 112
885 23
84 345
686 983
323 29
802 596
333 408
248 921
62 555
128 490
124 502
872 634
119 591
497 462
460 139
245 386
37 966
252 33
372 699
203 317
115 585
594 485
100 601
105 857
675 331
246 201
553 193
819 691
453 929
392 944
50 554
529 951
506 590
976 702
366 48
754 645
61 727
648 86
320 32
326 311
522 420
140 828
709 128
665 173
942 404
431 195
124 28
140 941
319 530
217 585
384 877
701 243
601 737
815 857
454 895
58 628
507 26
217 277
310 830
12 517
356 222
995 6
100 44
941 344
136 47
433 942
138 468
941 796
533 828
201 292
675 740
571 752
305 714
983 377
589 477
21 886
464 609
953 960
154 793
377 807
150 928
5 670
691 637
210 21
486 855
394 628
22 406
187 940
63 150
267 55
279 101
659 764
598 681
881 857
375 952
67 398
426 680
325 668
721 810
82 447
961 994
851 589
777 83
857 464
395 96
607 742
817 999
312 985
46 909
294 313
144 458
38 857
411 455
387 964
846 595
440 985
620 900
633 527
701 568
281 467
613 977
445 959
153 316
700 248
681 772
539 824
530 815
596 418
745 819
853 523
24 469
599 656
908 496
423 70
382 974
697 819
210 772
374 123
417 325
14 480
97 417
258 860
472 513
557 123
281 994
138 70
154 633
967 346
392 180
137 796
724 782
892 553
474 719
637 853
538 76
808 757
90 645
398 660
642 129
283 886
324 497
27 216
1 820
104 596
490 615
462 31
231 260
562 791
96 378
134 382
875 756
868 704
664 623
553 938
706 976
56 46
411 97
154 49
716 291
393 931
187 784
148 69
266 524
873 710
165 630
662 447
700 849
679 655
573 153
995 174
290 185
550 42
160 310
821 835
60 374
409 913
10 336
145 715
195 520
450 714
26 329
179 734
979 827
934 178
399 678
589 455
626 863
394 135
748 116
59 387
875 379
287 578
313 468
643 482
938 381
990 356
260 171
378 286
695 26
421 107
259 456
883 29
55 223
954 19
973 130
799 274
160 904
82 28
21 869
4 686
31 63
57 543
608 796
180 449
622 589
744 150
147 10
242 209
182 273
709 191
955 895
816 734
763 92
723 155
505 784
985 463
125 426
809 316
271 986
17 540
868 461
332 873
712 760
957 617
13 56
942 210
443 764
760 194
953 952
206 635
54 329
983 975
978 620
921 468
263 643
339 353
481 8
311 397
318 866
236 46
701 358
376 1000
931 454
684 373
896 862
504 553
869 135
890 504
419 379
972 452
939 931
928 864
766 261
679 70
277 181
746 779
191 994
461 268
842 653
306 558
5 842
711 931
579 67
918 114
818 287
369 746
475 728
361 544
624 297
891 797
646 581
410 939
735 39
482 607
369 442
390 751
867 402
936 284
376 919
826 971
243 565
61 31
236 500
138 630
444 770
918 902
87 462
922 3
398 59
122 643
750 212
363 927
88 780
911 212
609 675
62 704
189 18
104 947
465 162
453 390
51 568
457 202
940 335
977 146
243 469
283 418
916 90
368 353
944 12
269 421
141 435
596 664
360 56
346 612
977 669
666 315
14 447
410 164
336 421
114 582
168 189
621 697
227 687
78 62
236 843
953 358
790 613
440 497
33 113
373 90
3 910
531 505
275 123
897 159
348 237
182 484
572 128
763 234
229 81
788 182
767 481
498 200
450 363
865 167
197 961
810 7
767 933
895 660
806 16
914 250
708 597
663 300
759 877
280 692
396 731
666 317
374 431
911 603
622 862
191 514
47 879
449 846
121 158
442 138
828 379
828 290
263 452
882 921
29 65
28 80
446 306
462 853
750 99
876 265
438 425
189 836
89 980
944 134
915 882
679 265
85 546
545 690
96 613
94 999
899 419
679 971
246 81
239 605
941 205
184 489
891 313
940 370
222 574
424 804
396 347
754 540
974 512
543 853
909 87
734 17
768 329
993 827
150 598
3 87
939 977
387 378
740 291
857 883
544 65
114 667
638 200
499 785
18 560
399 356
368 375
829 114
241 513
832 263
362 57
767 177
651 351
227 275
471 755
650 832
706 194
207 619
647 318
185 122
555 913
461 938
804 240
340 679
1000 271
740 271
93 562
910 805
459 678
394 493
980 632
273 901
790 731
962 339
335 902
244 857
346 22
309 590
692 334
202 237
524 194
868 446
412 485
269 429
723 265
724 272
638 388
140 570
505 79
621 474
50 158
885 430
90 800
604 44
138 992
861 298
108 971
607 888
771 517
337 691
690 879
461 834
917 464
779 22
642 130
539 607
19 173
276 562
518 68
702 520
750 690
946 776
217 325
112 717
104 972
488 573
640 12
701 986
109 811
266 590
586 181
504 369
79 542
662 547
1 52
50 888
931 273
654 399
696 700
528 882
410 179
317 429
160 922
370 125
108 983
236 225
980 224
569 460
163 616
478 677
558 406
71 889
605 778
25 136
763 455
246 835
824 716
958 961
523 108
750 96
537 880
528 105
644 901
642 767
176 496
903 739
827 952
319 723
16 722
977 196
125 116
775 734
430 843
244 509
760 863
344 77
523 163
598 674
710 117
913 221
220 277
612 798
112 845
350 188
992 952
278 26
257 890
790 565
178 558
110 632
221 692
211 11
764 354
767 638
230 40
565 74
456 408
226 281
747 701
663 729
990 948
455 179
933 527
956 55
887 696
828 386
688 923
918 965
311 272
654 100
607 665
741 719
148 101
809 482
448 372
322 111
460 90
257 412
134 10
275 136
143 676
698 384
253 989
84 97
471 685
400 861
419 5
709 345
845 745
907 477
687 718
84 312
222 558
59 745
422 755
532 450
161 317
773 410
677 884
999 561
230 580
357 909
753 681
364 302
367 203
442 466
87 307
428 817
667 743
714 363
66 840
489 41
509 561
819 445
104 879
17 750
741 717
294 242
829 69
451 904
271 324
933 72
166 629
721 700
595 802
657 340
238 32
891 723
833 41
737 829
502 450
490 768
361 1
245 754
509 30
237 182
186 247
958 26
870 837
774 442
71 956
302 759
347 642
194 572
915 329
389 634
498 45
987 910
906 898
4 340
37 497
654 259
109 483
928 59
352 392
393 291
69 194
528 437
770 122
960 378
234 529
74 105
967 332
293 980
341 574
818 862
946 55
694 991
934 259
428 558
871 475
22 283
837 256
244 817
783 492
621 524
199 621
59 145
977 364
453 616
105 63
83 483
795 223
250 467
744 761
147 189
629 21
43 327
139 695
341 738
729 189
500 478
893 460
219 977
960 178
299 630
89 220
761 532
731 889
8 584
169 834
278 249
125 752
474 865
287 260
518 532
342 603
971 813
92 780
764 275
290 864
67 975
881 697
657 666
681 53
242 152
831 46
217 328
476 27
87 482
739 151
319 345
128 30
575 159
443 719
967 982
849 510
709 568
154 715
721 52
30 226
240 105
998 781
182 187
594 1
434 419
446 377
101 420
821 837
901 35
614 442
410 403
366 697
425 165
276 601
144 860
176 937
811 288
172 255
247 502
787 583
110 336
155 526
482 547
295 191
452 969
456 959
638 908
68 335
958 55
642 294
12 457
729 544
660 491
472 330
714 759
248 857
6 846
295 71
732 608
971 878
581 25
415 7
750 529
237 824
90 437
744 704
416 468
266 496
274 655
985 812
4 810
973 675
387 680
720 58
926 477
461 198
234 737
457 419
839 808
44 182
810 547
931 123
548 78
177 325
77 783
621 685
170 885
16 10
685 405
228 561
982 36
383 402
436 157
379 720
752 863
190 769
837 157
285 435
798 829
460 754
555 665
846 798
171 490
525 359
42 574
593 834
446 911
913 502
638 313
259 891
789 949
224 569
183 987
582 821
449 818
316 879
112 822
955 724
802 964
142 76
729 550
683 62
112 637
366 832
363 994
597 675
344 380
912 854
925 37
844 858
342 722
576 91
138 428
337 890
595 96
238 948
659 517
572 530
677 692
232 347
350 330
628 679
85 193
737 38
589 493
406 35
237 625
503 176
655 15
896 83
359 365
57 401
80 601
600 692
367 833
685 122
664 993
42 30
736 989
116 346
198 941
988 310
729 925
211 572
595 950
201 1000
283 78
21 200
512 785
797 743
163 953
869 138
277 279
963 329
933 641
257 471
883 841
612 732
901 488
86 686
806 692
102 580
492 532
170 872
22 875
805 182
371 712
232 595
253 442
249 639
368 969
197 664
5 134
459 227
88 615
35 265
858 444
363 526
216 567
107 165
49 947
673 490
231 636
12 323
43 409
1 838
320 264
467 120
931 223
470 912
279 199
775 860
842 289
847 74
308 188
635 568
787 569
151 416
523 172
776 23
409 685
310 247
572 660
314 759
323 525
188 623
478 27
29 59
822 425
259 935
988 857
514 320
24 826
967 845
812 48
29 241
41 991
415 444
191 893
253 634
117 485
928 970
72 522
962 234
228 892
180 965
220 853
343 556
742 330
646 198
727 877
423 638
458 157
644 98
170 366
657 341
874 425
176 492
578 477
355 429
209 542
814 236
926 551
901 95
532 117
436 866
767 951
567 559
975 175
462 520
213 436
604 549
571 601
87 607
470 749
653 667
227 717
488 989
810 735
70 98
196 177
353 642
388 415
702 988
972 924
849 29
265 955
590 668
799 7
159 642
108 611
640 659
875 720
980 316
681 835
395 553
973 376
571 862
660 791
496 576
707 595
348 176
755 444
388 997
163 156
747 68
670 673
493 339
90 303
64 713
487 750
230 409
276 165
284 971
400 333
587 188
232 995
980 923
900 988
698 101
606 36
420 533
191 367
967 33
315 984
670 758
963 156
578 2
188 879
174 329
740 44
939 427
79 274
971 890
170 639
961 461
210 738
638 613
278 857
999 228
126 271
882 421
73 803
52 332
628 795
348 234
567 859
562 266
153 267
261 149
387 35
41 2
693 348
281 334
588 342
534 113
367 60
820 441
195 93
234 457
958 694
296 769
648 299
362 350
418 450
727 92
539 879
440 447
280 242
803 556
903 160
768 31
977 771
4 729
476 974
896 652
335 477
945 996
211 703
933 590
828 761
475 801
918 557
537 62
994 38
252 615
656 940
875 980
607 877
200 755
904 758
376 303
872 267
267 462
717 827
347 717
310 680
474 824
854 907
721 52
91 435
374 754
859 402
333 229
316 663
50 513
712 542
531 145
168 598
514 429
536 605
744 371
380 851
625 224
753 146
471 995
622 261
460 658
166 474
165 848
443 595
568 117
971 480
276 882
959 817
393 925
198 491
176 503
363 118
384 190
847 529
674 311
980 421
414 404
871 169
927 971
323 42
761 73
399 263
15 398
896 596
8 340
200 377
968 84
598 136
121 424
212 92
996 446
150 673
129 397
242 76
279 760
555 173
550 92
802 334
970 7
612 95
79 222
763 798
637 895
159 329
678 758
15 655
225 871
347 456
885 649
608 705
700 488
44 272
309 81
965 819
720 678
865 857
95 123
908 641
583 111
920 872
76 36
642 703
828 235
218 325
66 247
477 738
583 162
272 162
625 866
122 229
449 834
352 183
951 119
135 602
813 909
680 173
728 695
394 381
705 339
427 851
654 293
557 179
635 518
355 826
302 658
48 450
372 56
447 664
417 809
650 722
180 314
68 864
485 311
346 22
335 683
240 52
317 622
264 763
802 380
939 484
578 422
665 616
569 292
55 309
382 572
872 746
472 526
192 487
736 503
967 347
429 795
561 532
484 319
120 86
160 233
464 890
551 163
858 82
165 718
140 227
60 855
581 235
889 369
593 517
44 970
331 153
938 730
665 173
774 714
50 779
639 924
368 307
611 253
594 226
618 446
435 460
302 585
248 793
380 561
921 796
167 449
37 339
88 969
186 676
744 438
91 574
979 296
405 969
444 656
169 273
178 730
276 984
372 14
101 474
738 177
595 774
227 180
357 406
244 785
117 734
749 217
54 975
718 578
117 104
434 706
431 703
238 796
277 952
31 695
45 540
707 546
22 43
444 672
898 505
839 133
351 819
385 459
662 511
197 601
212 437
666 446
630 938
814 785
163 250
560 658
291 567
962 542
316 722
281 857
53 483
278 94
390 622
865 1
825 667
150 806
424 491
170 795
791 822
21 925
121 535
337 797
968 222
892 176
246 369
816 746
286 488
565 943
250 599
325 396
154 662
578 725
831 603
883 897
623 98
139 733
726 6
313 699
584 182
396 318
25 117
836 882
62 953
900 260
278 103
643 129
577 36
231 322
617 75
248 215
877 409
977 733
730 526
899 47
922 351
649 848
119 309
902 636
47 617
743 766
249 385
384 808
630 121
617 6
135 551
778 113
293 705
409 291
301 718
51 704
882 333
768 287
953 53
386 79
649 485
24 546
537 585
212 396
723 176
367 608
465 485
704 705
218 580
229 148
368 203
599 955
915 129
868 791
996 617
12 616
361 706
900 156
331 337
616 962
864 436
830 633
711 711
309 769
468 673
17 645
721 207
970 268
742 279
614 804
421 524
219 744
919 913
394 158
345 914
741 324
438 262
241 82
943 61
22 590
112 397
405 235
993 367
238 878
718 593
497 608
437 399
163 826
478 624
139 125
644 472
832 206
811 908
6 333
913 415
546 975
680 939
127 346
514 103
774 457
124 814
635 788
151 659
180 380
590 842
917 712
653 480
475 917
49 576
745 564
865 949
60 994
641 603
219 899
917 81
124 732
370 47
503 376
330 49
708 693
495 79
671 404
684 219
702 280
981 184
544 693
768 702
945 889
451 915
321 220
102 879
663 440
666 917
566 120
222 260
746 882
548 213
226 512
414 80
693 457
360 297
337 290
394 254
203 181
109 94
236 627
702 868
882 472
278 494
771 535
791 583
978 701
108 825
667 162
61 555
250 431
158 23
256 377
628 233
619 586
425 278
953 340
737 974
491 217
386 693
203 746
937 518
149 610
187 127
284 304
715 873
292 319
894 339
201 872
146 615
348 747
486 854
128 57
474 208
734 537
867 415
44 425
822 220
325 432
650 672
968 816
475 692
434 956
478 911
239 162
229 977
66 106
369 947
172 84
305 203
869 929
478 620
984 356
823 92
396 351
343 55
773 380
747 784
394 449
919 995
552 291
73 743
512 370
165 790
1 19
81 208
263 537
541 59
440 984
374 569
129 327
848 786
910 850
452 372
960 23
514 975
7 811
876 172
44 936
772 287
817 974
587 732
693 70
757 720
845 442
348 585
501 20
832 50
838 498
104 197
525 823
885 706
575 456
724 220
24 701
243 607
161 935
151 540
39 942
236 456
65 417
251 932
503 143
28 991
357 7
119 316
433 493
395 145
353 26
545 571
636 815
409 593
9 471
983 34
241 486
44 176
902 608
54 126
857 939
505 39
257 194
753 996
404 933
354 438
219 179
627 299
841 294
774 518
699 504
961 367
568 333
734 719
566 229
205 987
862 24
805 73
667 91
440 757
777 937
991 724
323 845
291 529
985 980
554 807
158 502
120 469
416 426
75 484
173 631
823 436
431 697
277 499
604 57
791 930
865 379
284 676
697 694
397 597
726 196
142 691
800 247
24 726
203 584
837 467
257 557
683 572
498 618
832 650
640 864
537 391
775 558
765 22
231 282
776 337
303 505
911 59
452 217
170 323
106 207
77 275
466 837
123 861
911 6
260 229
653 241
120 33
3 315
274 509
221 760
401 374
16 574
222 36
558 179
642 847
366 772
718 273
981 372
351 919
653 827
134 921
720 493
410 59
645 489
28 36
595 946
276 470
107 354
485 490
340 19
283 879
101 181
208 370
174 576
168 179
747 18
48 158
238 17
851 506
867 454
437 198
681 52
644 124
988 605
338 276
335 127
531 15
766 945
557 42
334 39
771 408
833 869
620 359
692 768
338 83
133 337
375 120
972 1000
42 669
760 264
236 924
996 758
780 891
965 949
161 843
169 566
11 99
894 517
805 922
163 957
28 377
988 686
745 666
143 123
934 135
420 341
713 411
487 763
256 904
713 888
176 755
238 282
336 664
312 713
163 769
809 409
221 493
122 661
37 401
201 597
729 642
904 200
609 375
60 352
836 249
936 609
847 393
6 14
58 313
891 902
718 15
340 550
201 714
762 58
875 528
842 633
858 964
51 525
445 820
263 136
756 818
197 556
545 945
784 674
120 667
905 847
861 125
216 710
401 724
404 46
310 676
834 824
511 795
519 242
338 287
447 979
919 881
281 709
835 424
844 159
357 225
409 54
322 291
148 576
378 365
896 973
103 306
586 874
806 352
169 881
108 692
966 730
765 606
729 406
719 911
79 330
660 53
653 831
652 681
483 459
770 863
430 379
392 977
218 680
408 871
673 918
651 122
711 516
678 49
324 963
534 139
575 230
387 486
789 820
904 767
601 204
719 914
195 274
833 113
599 784
119 176
536 569
412 999
750 64
269 973
9 881
716 16
927 78
865 761
104 247
342 350
183 388
482 53
343 507
792 46
679 782
288 225
857 859
907 527
252 604
780 802
913 478
254 162
5 324
466 290
980 140
511 318
169 758
752 397
768 62
863 132
275 776
386 379
651 762
265 493
555 740
671 587
241 103
143 518
656 890
191 64
916 596
961 494
212 696
21 667
672 753
35 170
993 900
133 606
453 209
297 231
834 501
729 281
510 14
256 545
265 144
373 551
39 571
794 608
694 44
893 875
328 985
808 422
937 373
498 163
466 870
550 764
785 811
80 926
671 231
593 405
783 636
884 100
925 764
837 22
351 830
506 248
478 896
840 147
485 839
663 676
18 352
676 641
545 832
403 244
163 698
348 225
947 176
795 586
151 493
511 158
937 242
246 345
629 792
145 353
354 519
740 844
700 868
334 769
803 237
954 52
536 150
720 572
586 133
192 678
480 612
653 316
727 615
135 838
485 233
489 294
838 221
940 145
872 227
457 279
949 299
32 58
577 250
797 563
174 648
413 395
222 181
26 994
21 686
115 818
514 355
847 682
221 904
239 830
201 529
779 46
643 317
626 598
575 950
80 634
97 701
421 520
591 659
90 965
480 715
30 230
745 342
852 983
483 29
794 187
974 422
454 311
298 550
77 524
985 546
931 856
701 746
336 948
210 746
922 665
602 854
825 331
26 941
922 628
211 703
829 92
425 182
112 633
373 93
786 747
980 665
56 877
143 671
236 920
303 988
696 771
39 536
279 10
146 467
704 758
82 745
792 346
845 12
872 637
361 715
957 358
72 15
196 44
479 746
325 5
374 278
576 410
106 626
981 815
177 586
581 980
519 685
701 888
3 781
572 609
971 855
325 330
466 595
390 291
473 372
727 74
669 35
734 385
274 535
705 209
250 954
81 404
445 627
869 17
894 984
995 801
292 232
959 946
105 734
915 664
961 445
687 127
274 29
991 38
580 577
240 144
855 362
626 562
477 815
160 919
177 30
755 773
185 696
