1000 2516560
10000
321 823
942 502
417 693
828 644
921 662
698 639
625 360
856 743
253 102
891 350
540 292
960 922
571 267
788 261
948 942
524 302
365 779
94 810
329 395
260 305
309 179
653 158
359 457
652 278
756 714
213 655
30 452
198 679
812 134
336 310
574 593
212 460
611 66
207 814
318 409
924 880
48 676
739 290
246 77
688 830
763 403
421 483
779 561
461 784
384 813
542 340
350 988
573 537
498 907
110 720
444 33
265 414
677 193
817 682
998 430
223 306
54 570
114 956
245 857
317 663
405 213
196 770
178 500
115 722
762 91
704 945
307 122
930 524
851 790
3 639
961 591
702 252
967 462
417 289
686 970
86 118
535 785
886 150
136 829
361 615
230 406
885 994
979 208
684 783
364 557
640 819
649 915
649 470
356 410
726 439
787 807
266 217
467 907
691 236
197 162
282 505
209 383
821 961
774 951
983 817
958 149
627 71
325 627
664 713
282 643
998 541
269 656
860 661
978 638
390 26
702 134
473 664
272 82
793 260
369 646
504 182
226 331
892 894
767 867
26 913
778 895
758 162
968 815
770 462
672 911
159 255
911 287
714 526
724 973
936 114
651 59
280 128
344 195
923 630
983 415
755 24
829 714
627 591
381 271
624 75
227 759
112 202
3 80
19 550
914 46
663 835
464 711
639 484
237 303
275 90
216 184
787 322
338 444
18 805
800 332
171 661
220 41
52 359
566 12
138 580
582 659
50 786
673 412
473 670
939 372
143 713
125 11
865 850
96 745
593 525
947 816
55 405
646 578
133 516
156 892
770 542
816 107
942 786
814 259
216 873
905 50
693 626
310 139
832 229
478 492
944 472
820 742
677 232
782 818
380 225
591 454
849 128
7 255
451 388
244 996
555 434
892 931
795 673
294 89
902 225
476 886
322 536
190 933
473 277
136 286
831 497
936 508
51 902
369 975
974 66
646 250
750 44
942 817
318 821
560 692
90 548
807 975
53 924
835 44
457 425
902 475
726 90
580 937
980 184
569 457
883 56
375 957
961 625
862 620
637 403
792 660
669 39
182 502
414 152
105 825
332 759
851 491
935 315
564 203
219 168
959 989
792 205
433 821
192 716
835 462
54 280
513 697
456 843
80 166
727 721
116 537
772 993
535 165
839 801
779 682
159 687
227 593
889 653
407 101
978 222
838 61
184 210
696 367
739 36
193 759
969 60
157 155
459 859
456 516
913 85
447 992
724 458
960 429
904 671
384 66
954 640
14 668
593 57
98 100
477 62
122 226
260 294
150 942
966 327
150 729
525 448
3 840
948 557
695 234
131 185
644 320
569 94
433 833
553 15
259 518
56 899
279 267
248 774
616 496
817 68
881 328
948 370
334 625
213 604
514 92
807 199
775 942
572 334
684 76
714 840
884 314
133 460
768 243
707 446
686 126
194 598
28 316
565 632
279 375
106 232
436 108
634 325
635 912
793 6
693 93
64 152
615 769
597 103
687 810
604 281
298 479
648 799
551 446
797 25
889 739
393 415
522 801
401 633
53 594
901 357
415 215
761 853
706 897
685 150
612 430
475 630
546 880
499 820
920 988
716 724
688 664
508 462
527 151
117 745
829 207
537 848
831 680
123 569
487 456
623 478
937 374
150 695
977 683
954 952
404 732
551 444
430 230
89 860
328 202
861 644
928 50
692 651
503 199
999 932
794 104
808 437
750 51
311 791
966 920
743 894
708 332
664 267
233 14
881 471
910 877
460 436
952 199
862 886
404 522
384 911
660 249
173 975
799 834
812 110
990 570
906 733
243 305
97 24
597 618
847 435
349 38
474 768
255 917
677 843
341 439
491 729
75 240
353 377
989 74
955 992
105 791
622 693
584 361
437 65
870 119
183 768
377 304
82 361
64 524
402 672
487 838
679 632
516 633
98 784
839 844
123 413
406 532
739 566
407 517
172 544
373 832
287 160
991 30
330 605
221 442
233 276
673 80
401 53
986 293
737 809
548 267
575 38
83 195
7 314
25 667
679 906
334 905
126 28
869 135
27 500
938 541
283 980
368 386
915 274
835 341
94 551
19 984
231 366
672 998
820 136
922 992
64 804
759 119
490 438
343 993
292 198
824 715
552 808
24 169
50 214
151 8
285 353
532 999
601 403
2 765
321 587
31 431
893 303
409 904
109 30
939 806
77 61
949 654
352 589
861 788
521 780
491 987
526 14
528 481
103 125
752 665
622 51
96 798
597 591
576 286
156 746
117 336
998 323
429 14
943 895
17 884
639 589
670 981
511 111
956 475
112 496
574 114
212 15
797 905
909 143
17 471
501 901
101 984
839 894
722 464
526 603
167 773
287 325
175 989
50 633
250 161
101 453
696 685
810 185
872 521
77 768
989 205
795 370
458 64
305 190
937 187
794 660
683 637
858 230
715 802
537 243
953 710
151 515
175 425
786 307
945 231
687 352
667 127
662 740
968 114
338 394
965 798
124 527
91 208
211 273
449 729
885 842
944 425
837 925
685 502
714 835
644 965
838 584
653 573
235 202
508 670
371 34
211 759
820 431
621 500
826 126
686 890
261 600
316 817
400 808
415 55
458 822
824 949
8 325
324 251
97 334
474 536
489 178
810 61
731 374
748 274
509 58
375 513
46 993
758 222
871 964
879 970
96 271
430 899
654 156
248 759
200 37
441 937
183 519
256 186
738 524
89 963
294 71
997 829
464 765
582 914
835 590
344 48
393 646
245 767
350 696
569 956
723 622
224 754
797 545
822 37
945 328
576 331
815 446
900 653
540 394
832 486
388 302
927 568
181 598
633 112
848 940
530 824
598 789
900 775
50 781
583 56
254 26
223 571
258 30
647 582
452 90
170 563
779 929
870 869
373 988
535 699
472 937
596 399
517 780
752 237
298 943
961 110
428 984
651 233
645 478
112 943
282 360
381 958
456 105
173 507
577 813
726 173
223 922
457 181
303 546
163 811
829 901
600 238
747 615
420 496
210 260
424 702
790 136
277 321
481 201
927 106
966 9
241 196
485 791
49 594
872 692
294 812
746 254
668 688
878 670
31 385
854 827
779 181
104 251
591 273
349 292
150 311
864 53
354 942
806 127
680 81
734 277
242 257
633 534
959 185
522 983
265 750
686 125
318 902
129 763
591 348
94 717
162 699
887 551
332 623
315 19
218 777
431 771
23 758
281 308
528 925
596 821
287 764
740 646
731 899
591 942
478 231
831 83
415 403
939 630
678 151
626 517
744 708
760 143
124 134
440 948
686 773
768 961
240 245
447 455
567 365
837 234
183 72
746 814
129 459
110 585
125 306
202 299
747 305
319 116
335 348
165 99
274 849
323 716
258 55
805 969
299 415
41 486
586 446
272 285
513 188
818 400
440 891
70 248
955 247
544 389
839 445
287 779
51 138
812 650
838 438
731 195
714 392
576 691
139 565
192 939
857 343
953 397
674 393
920 909
894 831
52 248
469 957
621 372
582 507
131 764
768 734
375 326
619 587
54 475
348 37
930 56
417 663
946 472
119 820
430 661
166 639
804 884
934 165
678 977
288 534
533 193
923 275
763 661
682 164
846 403
981 27
886 60
417 213
853 627
847 537
219 101
872 949
772 120
534 569
715 374
654 358
731 541
420 821
346 309
1 435
105 343
629 138
643 721
312 196
600 462
522 136
849 427
76 240
647 450
385 88
913 277
437 444
573 877
439 587
676 699
107 316
450 651
750 271
709 137
269 42
284 659
176 542
368 724
645 2
206 738
531 619
190 676
198 67
64 190
958 536
178 65
749 313
127 161
875 833
158 738
278 130
858 594
28 133
901 783
387 904
326 836
701 816
771 259
676 188
326 962
464 316
433 798
835 922
108 85
847 719
261 124
923 509
868 562
550 758
166 580
12 474
345 76
356 41
572 927
837 422
221 240
593 270
854 537
388 579
706 92
495 317
256 688
370 457
558 913
159 754
690 388
530 366
639 986
814 263
859 976
815 367
605 822
845 636
384 4
276 599
866 320
274 828
450 253
605 468
63 980
800 957
107 108
554 161
217 341
493 308
296 487
250 673
375 726
320 531
537 41
86 555
759 643
24 577
332 409
57 322
726 597
966 505
990 166
322 123
776 519
368 908
658 914
693 706
15 440
720 971
599 23
641 865
443 899
335 209
263 117
860 478
653 703
743 28
420 542
780 184
938 232
303 498
907 919
359 244
401 806
31 417
96 159
98 813
570 639
211 408
221 81
786 476
903 513
708 351
477 785
476 352
108 391
976 701
444 564
586 367
453 848
402 412
927 278
45 20
762 176
363 349
331 979
214 80
959 593
552 769
663 967
286 503
82 481
671 848
312 268
347 597
255 654
937 438
407 641
960 838
742 602
217 856
301 741
422 940
847 236
918 95
210 570
735 76
736 694
85 50
275 331
685 748
322 656
709 543
712 967
357 623
591 674
438 789
231 821
603 28
571 841
559 684
555 86
346 917
776 217
318 821
241 891
934 486
250 737
773 767
946 552
533 855
312 66
214 548
83 220
986 135
500 318
8 631
297 758
124 91
881 812
789 853
319 886
273 729
866 562
184 774
756 338
130 489
519 952
859 4
854 303
777 308
767 450
379 872
422 35
433 362
992 361
345 617
262 781
894 234
85 53
932 702
50 768
488 488
970 653
691 729
427 568
251 637
911 687
510 321
354 752
134 717
232 878
543 523
508 75
790 103
842 54
365 383
690 421
207 172
809 590
698 880
323 517
437 78
470 124
950 249
286 774
453 138
338 226
807 917
990 948
743 258
864 453
998 132
47 203
162 633
630 906
231 588
147 356
240 710
155 996
233 902
137 392
8 364
718 389
317 374
288 99
382 427
82 115
235 508
758 338
64 698
615 673
948 631
805 569
833 67
198 450
777 668
222 975
240 287
891 865
323 450
381 652
364 297
809 525
845 557
814 484
301 426
391 240
692 86
610 339
452 604
11 935
749 837
595 547
976 649
591 597
315 648
303 270
858 662
753 311
357 116
317 658
898 546
41 928
503 161
558 94
22 692
923 119
259 383
401 735
352 674
384 122
449 872
414 522
242 491
734 939
319 827
437 558
341 662
691 158
596 683
921 429
480 339
333 617
891 13
611 820
340 357
329 343
70 211
352 207
217 779
298 374
646 270
539 424
733 531
624 754
757 996
786 47
877 501
711 465
321 851
739 766
175 327
331 956
317 848
927 997
981 909
220 609
96 280
314 708
600 225
223 219
90 15
780 75
830 364
129 435
257 976
719 450
433 969
537 272
426 680
290 832
624 379
792 307
28 367
283 309
399 773
810 120
498 370
578 418
842 265
884 877
814 109
365 868
452 225
646 233
148 88
433 291
835 90
357 471
190 857
68 796
260 305
760 550
139 458
632 474
947 450
621 68
760 125
668 752
197 400
227 846
224 63
593 669
493 370
803 207
329 793
243 666
630 308
57 469
616 65
873 757
955 35
954 257
575 629
33 400
572 940
361 852
753 429
433 762
986 422
438 228
78 595
478 892
6 808
905 300
808 664
154 851
832 562
54 310
24 822
606 36
584 53
464 918
602 86
312 261
82 485
70 442
177 325
283 761
885 891
791 163
727 109
681 340
257 714
61 412
741 201
342 962
116 269
555 453
583 623
816 756
533 436
856 121
215 569
105 225
59 443
242 101
432 491
38 419
295 456
921 618
544 926
907 98
892 979
720 166
84 874
37 330
40 514
955 75
993 550
292 982
780 796
984 138
277 545
303 478
752 34
173 872
636 801
746 614
362 631
984 259
35 866
2 338
932 406
943 216
94 277
237 124
383 397
748 167
863 220
38 779
952 182
22 710
338 690
461 891
830 532
191 782
946 198
647 512
88 6
382 920
994 137
372 586
900 943
205 782
112 912
677 177
249 167
725 238
894 769
973 760
105 491
813 748
398 836
714 281
284 629
344 417
432 678
259 758
517 717
666 693
492 191
897 752
246 339
831 251
632 916
402 578
711 699
62 679
586 589
428 667
4 909
108 158
74 81
634 419
937 472
706 534
79 461
303 914
945 304
630 935
148 370
476 503
732 121
864 54
293 376
187 878
314 145
174 662
62 751
243 217
222 910
794 503
117 900
356 881
843 803
913 230
399 598
601 248
152 887
91 642
477 786
284 427
13 90
471 37
921 609
210 857
579 276
300 135
498 523
347 411
415 505
78 868
917 749
990 897
401 518
910 351
133 747
985 521
866 236
902 165
489 259
272 280
644 659
896 235
752 827
120 314
159 648
413 917
992 717
431 222
408 885
753 86
598 769
263 1000
279 604
798 834
885 280
920 563
388 946
943 147
970 263
984 506
134 415
235 765
628 304
103 885
78 925
47 843
141 949
418 335
190 414
273 30
405 636
396 967
177 558
96 314
794 422
346 100
656 851
644 823
385 660
517 600
772 94
335 542
418 78
440 244
850 677
790 275
314 784
641 712
560 610
174 946
443 447
441 429
171 377
774 849
27 675
72 40
190 261
327 940
296 673
210 751
428 253
815 481
344 557
165 792
322 974
36 123
433 39
988 358
975 567
318 597
286 700
487 639
985 686
134 708
51 97
1000 257
540 781
940 197
253 448
113 195
167 873
763 145
458 608
760 98
124 934
901 302
717 485
858 761
929 898
573 307
972 100
199 12
354 583
863 427
769 691
487 147
445 40
846 825
743 639
97 925
729 818
772 162
483 104
749 277
248 723
112 408
545 20
556 382
929 991
949 25
851 575
811 50
334 596
405 581
641 647
117 338
923 403
787 763
260 486
38 613
734 498
506 223
869 490
451 542
345 45
384 971
23 427
300 788
83 748
310 733
31 592
665 47
361 71
387 589
396 559
968 768
491 354
613 796
409 695
449 633
829 48
392 551
55 526
534 531
407 472
500 929
72 848
128 163
795 150
205 170
999 403
240 578
714 529
972 507
841 86
858 82
616 20
530 831
123 860
566 269
620 776
805 691
255 600
705 950
938 452
738 724
901 201
425 615
490 668
494 45
523 136
300 745
285 994
807 502
83 417
474 305
224 483
340 131
219 657
28 252
990 734
580 858
413 879
286 952
821 93
393 383
681 245
762 617
436 19
82 70
5 776
265 298
105 64
397 449
876 546
169 826
601 251
833 31
986 488
852 85
254 192
976 485
408 665
672 37
778 233
661 121
423 856
197 782
465 117
476 396
389 772
815 607
298 114
855 615
912 906
720 692
720 842
301 991
742 275
86 104
830 943
872 150
327 267
533 480
96 255
311 293
642 800
810 870
327 988
91 200
583 208
214 108
117 832
148 395
411 587
161 845
622 213
301 130
432 643
879 154
423 437
981 305
412 849
916 333
438 957
996 667
558 129
399 509
257 426
728 853
788 239
31 143
547 574
646 221
466 810
238 288
267 599
186 697
888 955
575 624
114 640
971 894
634 696
146 119
340 781
209 216
62 759
889 709
485 489
130 957
260 191
964 91
521 27
527 235
341 977
936 384
518 455
293 917
216 230
545 112
688 762
117 326
947 659
839 261
323 933
798 107
414 624
144 368
603 360
991 707
552 123
12 677
343 691
811 841
279 66
472 493
765 60
390 600
734 946
482 911
882 444
375 367
790 298
589 744
557 40
706 927
945 885
814 818
519 821
749 189
220 75
88 70
855 116
261 525
341 638
697 871
156 553
494 176
669 277
343 377
540 129
793 852
388 718
970 835
736 58
857 963
308 155
230 24
317 9
411 49
23 832
328 597
955 286
346 641
867 157
662 416
98 343
579 396
553 152
591 816
657 328
189 745
964 888
170 343
371 63
601 525
938 301
696 460
133 837
344 325
983 307
781 739
963 653
736 248
771 890
978 790
770 934
175 312
817 465
325 291
546 850
55 634
958 874
599 965
108 238
740 594
357 996
353 394
342 555
782 871
379 672
996 769
919 83
49 379
120 926
520 131
828 967
513 635
96 381
977 30
315 474
786 787
485 223
279 235
545 922
521 442
224 156
184 858
925 497
89 943
362 732
825 337
248 672
286 273
831 423
459 854
426 592
209 657
503 411
389 879
912 18
117 484
580 990
317 277
558 319
783 583
951 138
744 280
68 957
558 836
936 943
351 635
520 984
867 154
435 455
559 348
97 595
687 907
555 362
63 680
768 321
994 160
253 569
194 400
144 999
575 57
83 663
627 606
223 161
307 658
613 686
434 817
960 756
896 69
272 928
203 876
116 502
190 658
839 364
128 9
548 241
387 334
213 81
718 823
593 261
902 492
515 128
999 658
460 510
904 281
129 153
194 459
35 173
681 440
130 851
970 362
861 969
689 557
327 81
884 711
800 289
81 310
469 29
799 650
682 586
30 280
615 151
178 642
284 587
224 870
188 172
257 785
427 842
313 252
61 47
797 595
806 633
587 63
1 758
755 447
625 788
558 997
263 631
451 952
718 965
260 875
213 557
16 916
961 257
605 424
320 548
703 290
73 191
573 149
544 651
995 191
284 770
978 385
846 262
263 791
292 986
66 587
332 193
973 20
526 287
702 719
686 952
382 896
759 234
129 260
740 844
572 460
923 755
500 72
73 368
444 549
902 842
627 882
499 825
646 83
503 889
620 149
289 105
144 963
281 925
194 751
344 780
455 367
798 22
449 105
248 223
477 434
935 149
333 930
505 512
247 136
95 549
205 106
882 781
792 376
757 554
950 370
230 960
976 583
159 844
467 748
409 212
950 647
380 830
756 29
959 978
124 14
924 507
670 665
690 232
962 237
457 680
887 18
496 146
243 392
472 264
625 777
111 967
161 7
133 872
878 657
133 460
164 96
963 421
795 830
592 236
746 10
666 464
248 536
40 643
523 242
603 414
88 175
76 537
689 388
525 672
810 222
64 670
765 738
926 677
8 571
828 556
295 930
551 155
815 443
961 874
370 929
180 990
572 479
993 253
685 262
638 866
377 838
957 127
471 150
380 577
920 235
329 354
162 620
77 801
711 302
172 925
1000 197
652 137
188 57
934 208
901 880
614 43
897 164
725 179
538 831
12 978
561 635
76 993
251 747
109 991
38 915
684 195
789 364
525 731
659 122
968 28
300 909
982 904
139 392
913 924
816 488
496 451
882 276
666 365
348 810
905 348
698 72
601 693
684 436
964 383
536 880
312 544
3 35
406 772
879 417
990 937
625 146
26 428
181 372
57 873
266 723
587 191
433 380
84 810
387 47
760 247
588 275
304 631
252 360
933 860
479 652
130 765
571 23
626 125
150 964
379 674
112 262
914 919
603 239
260 536
921 468
574 399
828 558
258 596
258 757
386 737
607 452
862 968
331 312
224 782
648 250
913 3
762 784
736 170
981 573
1 488
180 163
443 193
741 497
960 805
683 429
871 409
515 734
879 940
270 772
891 793
896 690
61 95
487 446
117 936
490 397
275 880
385 343
686 902
54 261
68 532
472 804
210 132
955 887
82 448
943 602
84 594
475 394
738 719
29 697
667 968
699 519
247 822
583 152
669 951
881 644
502 18
457 877
359 982
176 881
445 585
20 472
829 998
731 691
376 603
591 133
695 421
480 173
108 841
249 508
142 600
74 67
836 610
927 829
801 412
792 68
284 288
816 265
558 178
45 899
587 178
205 486
707 975
147 274
228 775
589 454
58 542
241 528
824 373
23 342
640 597
162 688
864 905
142 483
710 226
433 716
621 212
683 757
971 327
72 912
330 601
518 445
924 826
646 540
743 385
633 695
121 656
772 109
260 138
603 960
16 82
313 534
349 134
924 425
287 408
77 24
873 637
75 18
160 228
909 197
711 408
137 314
763 56
420 70
986 780
24 86
536 440
124 996
814 707
769 264
182 552
999 662
81 552
270 677
313 191
721 697
714 513
918 199
359 715
318 673
735 272
689 841
590 120
869 58
608 276
808 659
821 436
625 890
842 42
390 760
12 977
683 874
664 821
369 668
829 79
128 601
684 54
582 854
4 369
807 224
25 475
803 635
259 157
177 727
16 370
419 401
914 361
597 100
228 114
52 118
959 290
348 962
221 586
515 482
574 405
621 656
30 933
272 160
924 932
975 898
108 77
434 362
109 686
457 993
681 614
739 722
885 950
731 720
67 536
131 531
953 187
747 567
6 86
272 750
681 336
939 288
963 979
491 684
938 145
630 258
103 446
705 102
524 108
412 304
575 427
669 609
783 485
941 118
480 22
755 844
73 957
882 268
449 220
296 492
167 165
129 988
50 53
25 816
339 26
785 497
422 173
678 215
374 398
531 43
851 219
994 618
793 173
227 231
715 437
256 319
409 414
99 896
83 462
640 444
618 377
380 788
109 385
67 95
936 110
306 638
159 426
754 697
507 274
778 307
247 693
245 267
774 755
64 928
401 582
953 209
807 315
167 408
896 227
261 525
304 360
508 993
982 207
19 502
340 302
718 413
484 957
857 555
821 190
471 822
5 259
684 39
543 704
130 845
275 326
874 727
300 871
803 385
469 717
735 825
556 918
850 687
333 39
55 128
777 91
445 238
5 752
996 943
547 728
525 31
830 294
463 619
514 216
278 668
476 429
543 179
270 215
814 152
830 890
374 496
701 644
571 288
584 280
157 885
793 857
330 908
408 790
618 284
213 435
426 921
883 610
577 684
263 771
606 116
742 895
843 919
258 327
726 32
505 771
433 84
846 419
650 609
417 926
147 18
435 454
853 597
316 61
203 491
951 127
764 506
29 999
195 388
912 648
631 430
830 804
540 254
488 922
676 74
366 937
222 957
454 37
539 560
738 585
397 4
673 547
258 824
328 720
337 384
979 527
639 690
389 217
395 827
298 347
339 712
480 794
763 579
597 388
400 424
733 410
447 845
112 479
157 903
46 426
67 254
545 27
711 434
656 238
227 281
410 854
987 585
290 708
557 970
751 130
938 737
455 892
801 770
63 819
638 52
691 702
120 950
111 25
578 667
156 906
738 288
469 515
719 625
167 58
152 43
690 825
400 643
128 291
320 281
890 354
937 66
793 731
855 975
703 490
820 194
4 694
210 874
993 776
598 493
837 330
55 381
229 872
337 460
402 58
284 46
187 810
605 887
767 756
594 514
670 884
125 808
403 495
34 3
944 524
148 666
858 930
376 70
85 856
550 1
257 379
302 605
451 458
451 266
534 674
354 53
434 760
17 946
532 132
297 669
38 341
727 941
461 127
986 111
868 849
694 66
486 331
688 332
15 659
893 251
952 965
334 198
651 959
871 474
760 764
848 605
88 847
792 17
86 459
797 779
943 556
699 588
708 145
307 923
710 655
693 987
473 878
785 970
838 349
481 379
659 705
679 831
344 623
365 316
927 883
521 961
699 833
753 568
291 76
313 720
576 420
380 119
780 69
719 119
947 63
963 271
305 318
487 453
150 893
113 475
68 577
493 134
987 581
502 149
22 230
371 261
145 160
757 437
848 579
228 320
584 931
59 181
197 537
233 415
606 900
698 602
857 474
292 518
643 232
692 649
792 811
770 237
151 526
474 252
542 594
825 147
638 449
671 265
426 915
1 77
556 746
310 719
834 274
431 725
24 917
764 51
539 192
556 252
349 597
484 99
179 345
632 228
673 493
254 265
298 266
872 682
594 769
885 10
945 783
672 774
881 101
840 902
487 180
945 660
611 608
485 497
284 358
607 123
123 304
756 75
713 129
74 480
645 776
57 441
37 380
387 934
300 135
912 373
896 139
926 866
991 142
103 682
321 529
163 811
473 455
442 569
76 688
588 941
783 473
521 55
296 633
873 937
808 161
658 74
505 148
464 353
276 246
203 399
238 503
52 552
205 721
663 967
814 912
271 45
761 575
97 982
552 135
729 448
6 936
232 440
731 212
726 767
811 6
886 378
900 347
275 314
617 215
312 847
273 375
651 817
298 665
656 88
782 440
926 800
507 641
983 654
20 450
325 483
587 121
36 580
760 772
899 914
734 991
86 957
660 108
51 109
398 451
645 842
376 913
381 978
331 378
141 839
608 119
318 737
902 660
456 251
745 870
236 954
413 602
862 231
412 515
109 925
755 379
185 69
948 230
51 590
407 868
964 241
966 531
16 64
890 752
34 728
88 333
216 102
28 112
567 601
795 239
345 709
728 878
604 467
569 70
101 146
807 442
703 49
740 373
351 837
508 954
744 833
382 242
728 670
661 145
162 26
237 263
845 165
625 690
830 274
133 506
963 547
449 236
451 172
884 925
610 62
559 581
904 174
671 507
694 187
701 787
335 622
927 387
378 432
117 147
606 267
49 126
471 764
247 733
335 937
481 633
679 877
239 142
899 648
435 463
694 76
620 887
930 353
116 973
133 121
915 891
234 864
118 228
947 914
517 367
152 123
721 688
860 49
824 667
244 52
663 123
955 964
95 817
927 805
710 189
805 89
1 896
955 465
332 187
820 710
942 13
281 875
647 809
5 2
903 958
407 183
494 678
131 796
824 402
367 335
35 722
492 825
943 782
916 952
210 938
554 821
181 882
542 406
925 269
938 644
519 78
159 705
569 427
198 663
760 130
54 223
518 681
506 379
139 805
610 721
932 196
681 909
430 431
84 153
806 158
120 24
292 814
772 463
737 147
662 60
978 669
767 236
205 371
825 637
805 172
14 439
23 684
49 717
71 878
774 248
840 633
727 153
662 483
47 684
966 413
553 767
525 747
152 630
412 546
705 755
781 24
317 108
691 326
727 608
261 283
469 417
153 350
349 843
759 206
874 102
15 783
235 828
760 92
373 631
542 652
212 195
489 799
26 246
632 62
652 636
822 166
133 587
333 971
516 780
258 528
72 561
921 410
659 100
738 421
654 896
811 15
327 260
237 66
147 128
83 636
955 459
130 931
381 339
706 156
989 893
998 615
628 507
280 644
404 546
162 935
626 664
40 804
645 720
138 11
30 491
357 224
48 162
199 366
483 435
775 315
954 345
306 260
354 890
653 303
380 309
441 791
671 240
29 194
366 871
491 959
556 881
998 628
338 248
397 978
432 443
336 281
627 579
522 290
347 4
371 953
423 738
734 30
90 55
5 332
893 702
339 200
839 174
495 547
579 295
620 181
506 202
872 24
817 441
545 222
678 426
920 620
319 364
933 845
130 335
829 534
134 768
701 875
651 335
550 384
457 314
633 206
460 863
292 797
690 582
182 688
42 495
360 32
698 551
52 182
995 313
649 926
227 990
817 961
828 976
473 263
875 510
302 735
923 426
294 211
527 526
812 174
101 691
643 387
383 925
64 418
491 771
271 488
421 657
949 857
261 204
701 429
41 741
622 987
614 699
430 712
580 251
535 996
826 578
721 513
599 415
417 879
763 45
254 270
937 224
753 655
772 346
974 168
108 186
807 353
878 22
216 414
753 807
347 228
561 165
495 629
786 392
103 712
591 395
445 849
391 836
962 857
719 899
359 578
863 541
979 396
706 365
553 368
699 77
467 64
503 591
704 595
945 406
736 852
480 163
42 293
401 795
262 181
70 350
33 503
247 923
427 114
684 10
291 38
740 984
519 836
499 775
38 937
289 935
567 840
861 436
543 770
735 693
40 982
430 202
497 482
361 592
237 61
909 333
712 193
401 434
54 314
421 401
960 715
291 637
961 579
172 123
751 889
741 112
28 847
512 701
102 816
347 563
852 551
143 608
162 434
626 871
974 719
829 416
784 324
87 28
98 942
809 476
160 537
690 582
13 505
955 266
480 148
302 493
372 454
323 601
531 200
290 224
660 27
342 549
999 238
234 264
869 696
730 427
176 814
185 676
399 834
908 233
203 331
286 597
390 603
467 693
131 933
892 730
846 932
843 287
778 695
497 419
153 110
27 798
506 765
347 129
896 328
120 825
144 45
230 995
875 704
586 113
869 833
483 856
476 70
629 128
675 406
602 693
235 551
856 798
68 544
467 747
262 166
50 59
920 221
1 23
718 578
111 467
45 733
747 343
222 729
969 575
672 354
806 589
497 842
967 457
227 323
192 419
655 305
899 381
299 413
282 46
96 737
740 828
413 26
815 126
120 435
52 361
830 982
204 784
127 127
609 906
256 390
733 454
893 192
789 150
597 890
240 148
3 222
496 14
504 333
836 499
867 716
935 259
255 288
790 607
911 787
262 156
692 444
395 598
484 717
787 482
565 544
467 745
146 145
195 907
843 557
518 941
415 733
816 752
493 624
374 66
77 88
436 449
470 188
702 151
272 260
607 963
688 699
840 406
110 416
551 415
541 943
838 957
941 375
824 364
162 336
105 233
461 589
575 271
725 57
299 246
594 517
829 920
682 736
107 889
831 707
789 203
406 10
337 853
372 473
960 344
904 258
797 339
559 958
276 418
488 750
742 278
334 835
374 980
347 235
787 994
774 515
639 876
807 726
748 78
343 498
526 215
44 890
631 174
487 790
740 430
852 913
156 319
240 245
927 624
900 480
31 227
161 619
615 255
522 149
24 120
832 663
310 376
695 906
311 818
629 276
884 369
950 887
889 877
358 306
369 316
270 863
106 292
179 925
148 76
117 156
474 204
854 371
104 181
829 279
288 748
682 974
173 631
396 725
851 917
973 748
771 898
730 106
265 871
943 603
645 330
494 992
841 705
504 958
425 911
404 753
510 610
739 192
441 537
715 642
304 392
812 193
858 713
702 809
276 666
200 344
891 552
368 342
218 41
333 364
484 445
44 923
168 321
884 253
797 862
489 500
348 443
288 961
182 744
106 23
115 997
948 261
145 217
677 317
715 248
491 334
36 829
78 628
805 636
509 492
343 224
990 1000
8 169
699 415
735 980
426 699
631 577
398 55
835 255
953 120
838 282
274 596
577 854
693 322
297 111
522 141
443 852
65 238
95 403
226 367
651 294
245 93
75 165
784 752
38 720
149 910
926 46
169 884
833 24
506 756
745 183
235 354
814 428
696 479
507 569
78 762
735 927
501 801
218 990
194 705
832 963
774 150
67 750
868 351
308 879
112 748
292 441
337 58
634 904
196 789
379 554
301 974
733 414
411 518
693 714
435 56
613 481
884 7
99 253
322 221
501 416
218 533
379 331
619 862
769 578
605 554
122 57
251 29
634 433
813 866
602 693
234 543
21 661
86 835
158 849
813 200
22 881
904 263
976 336
929 602
902 435
673 475
955 671
496 915
88 321
993 215
564 677
956 641
293 532
599 314
425 43
625 561
553 819
819 471
506 666
791 451
688 696
470 237
752 60
308 428
652 852
670 302
253 879
148 201
761 25
891 462
403 320
669 437
349 597
622 146
771 673
615 245
563 81
731 93
311 379
861 293
873 1000
778 965
557 799
377 99
184 673
123 463
795 633
103 617
677 972
648 169
171 646
345 157
723 368
984 886
79 213
962 732
168 611
84 422
667 896
496 697
678 916
170 309
495 44
444 512
918 251
448 696
378 147
528 633
775 725
562 204
342 854
164 524
89 289
584 658
959 289
489 880
158 982
845 591
148 424
685 482
312 503
847 355
911 719
730 337
703 994
235 555
778 389
629 18
843 771
397 828
261 97
481 351
104 266
258 777
987 373
823 174
753 631
91 930
415 928
497 550
441 617
217 956
567 979
450 641
480 608
746 494
973 674
606 828
234 969
812 178
649 136
298 141
5 329
502 107
504 581
877 70
407 799
822 768
451 702
108 369
428 101
216 737
832 261
44 657
561 903
295 723
561 853
227 315
980 863
486 998
996 855
527 877
861 258
641 765
202 344
584 973
473 610
506 377
2 22
300 886
24 354
713 296
234 655
350 441
812 356
609 716
787 699
29 765
572 659
520 292
60 371
263 270
774 604
424 242
496 929
681 980
337 657
615 991
357 828
340 215
646 390
834 154
317 562
521 669
345 926
244 187
807 942
910 391
299 663
344 843
288 329
534 884
854 424
615 736
488 895
570 906
550 871
48 981
46 581
121 463
171 450
203 700
5 250
892 829
150 213
835 434
332 387
589 62
262 3
797 508
777 103
903 263
90 395
216 484
215 867
784 487
170 348
816 631
585 773
520 815
737 158
928 687
716 449
511 108
763 955
738 57
375 682
949 881
982 91
907 696
959 186
436 560
558 696
614 836
144 764
41 464
724 875
948 551
321 94
391 51
631 540
162 438
109 201
3 783
667 411
175 910
390 196
742 235
877 473
121 495
205 999
910 725
691 575
274 113
360 305
633 439
61 868
762 315
271 681
266 600
668 132
640 668
667 758
675 948
73 584
218 768
877 485
768 521
891 999
817 803
671 234
125 982
134 432
726 449
946 702
933 834
800 207
72 189
937 507
582 181
505 344
439 776
234 533
547 9
651 50
432 931
877 159
357 214
24 667
712 938
529 388
813 274
293 827
30 36
987 15
215 588
441 226
445 337
748 235
248 625
88 673
747 748
441 903
126 774
608 815
573 528
919 776
785 498
127 509
731 511
650 346
589 121
516 506
194 801
808 8
392 635
480 651
88 427
321 27
403 575
126 172
919 298
670 876
644 403
466 128
28 79
631 614
413 655
188 653
885 988
111 357
69 353
45 344
521 897
328 673
712 122
204 942
698 168
722 248
768 403
443 165
367 498
36 42
351 391
792 480
583 583
905 99
536 327
262 592
52 19
598 661
922 51
969 29
390 412
525 914
929 156
115 452
954 641
894 836
139 409
872 983
947 955
898 218
212 937
703 38
34 871
603 213
684 799
121 414
609 744
961 581
64 752
44 567
191 46
598 390
58 668
643 481
540 942
57 408
493 722
668 393
87 463
317 252
319 988
144 435
418 631
807 541
808 98
272 382
617 795
635 454
161 169
17 427
986 437
851 549
497 513
338 502
935 358
346 333
776 248
264 144
182 61
829 489
280 485
531 843
891 595
708 740
450 690
580 851
613 474
412 525
639 896
502 546
51 540
304 313
648 615
248 106
429 705
808 563
750 10
980 91
407 260
815 613
782 490
621 164
112 565
766 770
596 341
169 54
15 202
260 867
866 507
121 432
833 749
450 685
571 650
994 205
56 446
854 49
473 150
168 970
869 274
283 774
143 360
150 686
196 926
196 970
282 432
434 811
84 515
34 218
882 773
378 322
400 289
774 94
622 609
472 89
940 104
117 823
355 841
914 338
496 139
293 801
828 661
118 472
106 868
39 496
106 708
929 130
47 680
748 12
135 55
688 230
648 335
644 659
212 536
226 879
769 873
847 118
475 626
26 978
393 639
685 847
539 599
436 958
609 377
958 483
832 986
286 115
863 357
865 7
653 529
836 703
413 680
754 50
529 843
38 189
265 696
899 70
77 113
608 819
384 64
733 585
833 532
220 655
134 320
873 405
297 917
764 681
437 454
37 633
851 742
580 265
708 478
655 717
988 548
286 140
487 439
420 937
284 933
697 281
254 225
997 527
277 883
869 141
4 328
164 960
343 538
628 332
580 96
956 804
407 1000
213 584
932 306
330 791
830 672
542 565
604 600
304 319
43 288
740 959
312 3
3 643
756 50
548 853
353 427
92 5
956 631
802 744
680 694
808 347
916 114
548 141
722 652
97 281
542 627
557 666
336 367
815 393
539 177
844 545
326 517
150 250
902 613
702 284
294 948
987 144
176 338
93 268
899 741
201 774
479 957
14 285
731 227
761 444
467 942
240 164
844 798
600 791
931 45
79 630
355 87
110 23
472 86
671 79
152 792
309 419
506 423
695 158
199 34
83 339
353 995
16 208
882 725
911 162
670 436
152 936
437 400
319 368
954 932
486 970
316 218
836 29
3 848
769 890
850 14
4 280
485 928
999 463
145 378
355 329
682 337
861 330
393 614
139 732
10 777
209 930
972 908
954 623
269 427
482 289
542 98
142 575
771 321
168 140
997 941
479 255
251 711
909 195
274 937
802 256
424 374
458 775
869 981
384 486
789 90
997 3
241 970
712 215
687 521
249 357
127 311
566 948
278 28
917 380
443 95
888 193
79 693
24 343
577 322
369 280
282 563
940 154
978 702
863 321
924 411
875 707
703 790
498 216
854 510
575 855
631 868
303 510
964 610
287 323
778 348
631 470
823 418
48 12
120 990
917 464
728 280
394 99
221 256
283 120
696 814
848 936
371 719
835 404
10 99
963 721
106 776
362 211
259 385
214 590
385 837
459 15
768 910
163 205
39 803
215 581
561 497
408 372
973 168
201 230
688 155
845 747
530 157
606 804
919 397
502 660
980 487
264 485
17 839
904 587
685 554
19 58
566 947
199 915
948 690
508 326
138 234
486 708
509 405
278 289
120 706
665 182
988 517
911 858
376 608
501 459
995 848
606 897
745 156
341 679
249 51
556 97
645 263
473 827
795 608
607 567
736 485
788 999
590 734
711 299
938 649
973 524
67 505
368 719
975 80
50 707
165 644
753 50
74 655
863 795
703 690
425 783
326 665
732 391
313 247
642 895
246 642
791 744
841 162
723 301
202 85
114 358
666 12
245 136
736 255
816 121
226 297
995 783
270 475
618 594
369 309
58 401
183 32
879 818
541 617
622 877
862 372
537 254
339 18
71 276
213 789
438 535
148 832
768 279
765 270
222 717
632 592
749 786
150 25
724 404
689 601
120 920
478 686
921 925
894 268
93 587
736 4
940 782
463 897
910 783
913 545
414 687
918 486
781 216
745 863
276 443
186 417
912 533
231 512
88 4
521 263
12 273
873 604
127 922
957 475
160 374
898 661
768 847
223 582
724 288
488 178
185 514
480 45
463 223
127 182
791 236
619 388
559 227
545 195
109 540
618 775
220 913
547 265
26 692
927 77
327 921
590 178
600 790
499 651
709 353
925 205
874 11
457 308
707 679
384 824
261 478
724 389
554 366
648 1
119 586
367 510
357 40
688 191
368 142
746 310
866 335
229 222
971 746
174 191
319 901
354 51
113 797
545 569
441 266
783 207
751 546
146 157
58 222
950 708
869 867
895 311
251 688
606 851
115 478
385 828
971 663
247 561
488 562
558 723
456 551
631 422
228 180
130 645
811 287
958 127
612 841
943 309
576 918
688 655
208 548
689 8
989 603
524 48
351 55
554 597
694 868
156 497
545 635
611 440
509 126
358 858
692 216
178 62
341 954
359 728
404 65
283 66
529 559
178 860
637 598
738 248
636 624
292 309
862 752
130 636
819 540
131 101
780 378
196 236
268 558
397 569
370 542
128 10
965 786
241 14
212 22
76 826
943 111
149 732
115 435
378 276
525 783
498 226
996 559
340 664
97 284
396 674
68 967
342 358
725 284
560 560
784 911
969 279
263 239
624 719
884 427
855 376
813 251
910 328
677 974
834 785
67 657
938 516
37 400
384 226
808 558
61 800
230 617
412 953
959 388
381 571
513 491
303 294
865 975
596 233
107 397
917 30
346 694
391 695
813 54
586 668
702 219
396 489
780 585
799 749
349 605
313 447
927 454
124 143
362 779
815 411
409 401
726 838
464 122
221 752
1000 947
146 385
965 556
193 143
520 304
443 459
19 75
941 467
179 737
31 181
380 144
1 723
528 627
958 791
820 340
656 89
816 999
260 36
516 78
845 56
615 522
589 969
382 135
307 446
78 648
212 14
42 34
151 701
177 471
4 261
37 819
9 326
78 791
732 37
19 359
392 141
844 250
737 428
514 290
437 64
35 872
302 428
970 383
798 864
411 34
580 785
162 285
9 234
216 733
737 439
443 935
833 993
544 927
883 437
8 630
186 926
943 991
54 994
126 693
629 859
693 452
755 37
395 121
217 727
190 219
863 548
575 910
306 75
539 742
253 986
521 918
127 142
713 248
446 252
202 616
725 536
48 291
163 196
478 431
648 957
77 391
748 846
564 935
850 836
58 339
712 151
830 558
642 167
315 459
488 555
555 378
951 398
484 81
202 62
714 664
907 530
399 405
9 488
506 506
143 42
630 55
529 975
674 178
228 847
373 163
377 699
347 120
535 791
737 231
525 936
757 32
622 662
897 230
221 521
832 397
168 9
765 82
190 258
11 149
716 709
899 349
876 175
402 736
327 844
496 308
415 701
536 473
265 517
625 404
178 979
116 643
783 66
805 916
214 728
387 509
992 745
824 48
194 140
290 745
749 165
39 600
645 318
925 531
841 902
771 323
217 211
422 176
443 391
607 132
640 725
173 185
720 180
548 31
29 74
314 218
935 944
73 57
194 98
809 885
298 854
779 18
502 685
38 864
631 564
559 6
731 994
198 586
385 711
651 752
832 43
501 414
725 746
173 51
554 377
854 665
783 95
799 842
235 955
611 308
70 157
455 250
905 928
11 727
375 926
603 528
489 661
415 885
84 942
96 451
943 761
756 52
882 27
237 305
853 90
559 675
678 402
894 519
255 15
807 761
318 27
321 753
428 718
453 93
678 207
208 816
239 822
587 816
290 292
907 78
79 644
139 811
315 616
911 32
161 638
152 990
607 745
794 887
974 590
333 686
289 258
237 805
87 3
137 32
133 330
183 13
443 447
415 82
433 391
813 373
271 466
163 556
115 932
858 602
485 224
745 272
924 395
969 290
626 939
589 493
454 541
660 200
880 844
554 500
195 819
852 369
169 818
704 997
197 184
358 140
873 759
938 903
857 266
173 13
759 548
95 258
367 765
536 86
180 912
189 311
511 214
131 709
23 787
35 253
125 855
606 381
405 938
162 157
252 242
346 136
195 166
617 183
959 857
605 736
522 77
210 826
289 125
532 661
68 141
206 978
623 294
364 636
44 454
274 608
897 567
178 452
619 251
567 507
995 473
357 891
765 456
263 753
921 435
793 765
240 945
613 934
226 225
346 981
179 560
406 61
93 770
759 707
589 134
220 57
603 910
689 406
220 553
391 849
474 681
841 450
971 582
83 333
665 54
392 562
745 248
17 644
922 299
495 892
643 558
394 678
47 828
761 712
655 411
953 699
4 894
146 960
42 561
212 22
640 911
186 233
96 318
938 24
207 361
34 259
292 941
562 843
76 407
889 645
420 721
477 272
610 283
420 69
295 522
75 533
925 96
382 398
512 137
713 823
144 301
266 724
219 440
759 706
972 302
522 864
373 702
320 154
585 605
887 553
766 525
419 324
313 459
711 616
874 339
460 300
497 708
3 496
388 573
761 648
104 92
50 580
600 573
741 990
276 120
553 380
713 637
367 134
983 110
300 81
886 19
972 949
609 184
983 306
520 586
79 709
217 740
368 394
244 210
701 203
834 73
794 16
241 680
711 947
979 384
448 652
645 897
986 408
916 243
781 23
281 562
20 64
10 698
547 7
363 590
841 220
485 462
700 413
79 39
297 200
49 50
74 172
16 5
562 974
175 108
378 888
987 474
766 188
932 298
903 301
520 641
916 106
763 937
402 689
119 257
654 113
969 709
357 743
916 869
196 396
895 259
127 351
373 527
274 937
592 307
366 841
543 237
644 788
897 150
607 537
712 911
864 50
317 312
762 837
861 243
820 945
319 133
864 618
132 425
103 305
765 479
580 12
878 305
380 124
863 175
429 684
248 99
780 446
329 371
946 752
462 98
675 846
25 698
576 516
570 811
486 921
366 606
446 313
49 29
414 292
133 566
692 139
357 650
206 973
90 282
638 156
671 868
405 961
498 727
710 844
443 564
756 735
743 791
116 343
898 517
127 576
342 184
680 680
509 944
966 290
140 335
935 383
571 853
110 217
503 415
51 290
427 657
194 869
212 808
131 920
359 299
486 182
237 898
561 173
195 869
89 158
729 556
937 663
710 809
815 731
548 215
322 127
765 158
20 484
731 645
4 412
173 966
80 976
447 78
229 998
146 468
512 574
903 379
843 384
379 614
235 560
595 57
60 400
102 222
767 463
32 206
779 879
213 90
583 395
849 363
739 47
717 806
368 152
299 123
400 878
503 731
696 244
693 190
82 192
586 336
695 717
718 714
845 278
628 257
731 696
480 18
705 471
127 513
572 530
225 712
428 15
160 83
563 879
468 940
170 960
766 333
7 191
374 333
159 112
827 89
222 711
762 188
881 646
595 296
346 549
359 675
19 846
696 407
139 640
985 431
185 76
264 492
412 613
649 467
101 179
392 38
914 281
513 874
857 565
513 97
49 391
559 420
17 332
436 126
837 781
888 333
62 409
390 325
839 262
675 800
373 261
510 193
8 468
177 352
293 328
919 296
279 447
541 798
600 121
664 881
588 616
710 156
972 700
160 40
571 565
956 550
126 1000
588 248
786 378
302 398
534 733
125 789
484 389
166 294
48 29
909 1000
955 405
754 657
12 90
799 565
102 362
240 330
843 936
525 707
850 551
687 730
751 105
588 542
748 910
118 518
773 185
154 27
259 329
943 10
649 753
166 738
977 748
425 494
965 191
661 292
620 665
234 881
732 401
128 733
372 581
902 401
775 690
275 47
738 968
202 309
413 231
510 449
704 503
923 363
607 462
37 722
289 460
269 86
425 984
956 518
925 637
400 319
842 389
377 578
210 558
19 189
460 432
936 438
228 83
219 637
656 954
246 397
938 25
760 321
890 954
241 813
192 397
939 453
766 850
29 239
557 688
302 204
906 961
48 201
842 998
57 863
109 279
248 214
242 224
424 595
631 155
529 386
861 454
684 521
286 554
929 198
143 516
318 987
762 751
639 197
214 43
626 790
685 652
978 509
447 678
850 364
929 140
549 823
5 878
148 880
249 673
307 272
236 816
565 97
111 699
583 322
276 308
911 705
502 304
736 584
555 732
914 652
31 796
990 162
390 501
391 418
225 630
345 604
883 262
799 201
279 16
90 697
326 725
627 397
859 88
614 293
259 930
423 561
345 942
534 857
965 239
490 490
356 80
388 412
25 220
977 170
975 288
305 355
297 365
473 54
763 457
268 588
788 214
465 64
897 974
627 818
653 591
144 107
781 241
950 680
758 128
692 468
608 390
360 438
239 917
932 111
56 799
115 149
858 834
578 838
614 560
463 973
95 380
476 184
913 999
532 202
644 478
516 669
779 198
99 868
446 753
571 465
181 619
21 275
853 225
437 264
527 45
370 372
715 604
478 930
271 798
720 876
412 455
771 410
947 390
506 246
750 822
874 92
433 436
479 86
268 365
960 687
319 397
77 545
863 980
419 393
993 752
894 392
295 342
872 173
734 212
673 457
972 900
731 425
65 526
991 809
369 667
720 757
21 31
413 923
979 193
950 84
314 695
18 168
967 400
335 979
171 133
737 154
152 363
216 568
611 124
400 775
112 955
985 112
482 550
400 236
72 168
485 837
156 387
36 166
752 360
226 217
479 187
855 474
585 275
707 807
66 885
770 739
810 18
817 769
459 483
494 662
665 555
484 137
445 162
972 18
123 529
994 153
99 611
11 217
355 478
456 108
552 839
653 883
370 795
763 903
957 87
788 326
310 531
160 848
741 917
98 878
957 608
25 448
866 92
838 182
41 956
239 756
89 140
710 53
131 939
319 484
505 108
26 764
669 671
677 199
969 746
500 191
105 877
979 816
401 803
125 125
643 295
75 874
710 591
427 148
153 812
271 468
804 243
480 987
245 429
909 117
938 836
25 787
895 844
666 736
901 270
702 588
71 361
125 981
193 991
735 213
301 258
977 365
348 47
589 453
161 204
17 807
370 299
522 166
981 483
590 513
419 822
145 506
78 251
975 908
597 210
222 598
154 440
909 73
272 760
58 250
537 369
121 102
219 862
245 112
791 1000
115 479
214 451
713 357
100 214
909 107
352 591
982 500
488 234
13 965
967 313
966 957
337 308
897 539
317 291
389 176
854 730
328 416
733 55
985 935
711 759
870 755
594 185
47 294
517 893
80 365
921 952
769 971
278 730
250 812
587 35
26 56
729 743
318 257
192 556
95 509
809 120
327 230
600 304
12 332
430 986
531 537
894 53
454 813
578 862
928 619
614 856
243 271
540 831
314 274
196 713
515 603
531 827
36 468
793 465
424 415
213 913
649 979
67 17
345 155
985 861
735 156
988 713
799 546
408 753
875 320
251 106
250 665
502 812
177 434
223 706
345 49
778 188
609 979
331 598
122 612
777 100
691 349
356 200
535 141
619 48
956 958
656 260
479 536
773 439
220 927
680 716
122 310
986 992
134 205
133 750
93 879
961 153
50 845
972 885
32 242
575 164
271 861
765 754
293 61
769 182
178 572
56 228
746 209
534 155
333 351
793 464
848 549
502 329
535 863
1 898
974 960
722 459
93 120
247 229
736 871
576 390
782 603
890 546
783 562
28 232
517 478
149 248
452 244
135 364
896 936
961 869
628 410
947 161
656 606
829 684
456 604
460 53
691 207
930 353
500 93
134 92
632 331
184 539
604 557
486 131
538 317
385 401
722 976
974 671
16 9
555 739
527 962
552 587
918 695
778 713
604 405
363 798
554 484
76 990
686 778
284 708
735 423
873 305
385 234
108 937
671 549
807 190
214 366
395 336
22 219
436 270
484 46
540 861
410 226
222 976
461 224
932 323
681 995
335 132
993 130
92 548
555 465
931 306
666 86
657 476
506 278
64 528
745 249
738 218
808 165
604 893
692 917
392 774
505 976
175 526
656 638
57 438
396 475
820 570
59 185
472 458
38 3
767 856
975 908
942 498
221 199
78 298
789 624
580 107
977 54
329 989
602 717
786 672
791 631
391 108
128 272
193 689
240 304
74 170
468 74
634 497
516 463
363 57
254 801
810 618
442 406
302 275
357 540
887 171
323 562
435 657
82 352
645 845
804 128
790 465
951 253
929 455
814 892
461 313
178 272
513 481
62 144
167 204
915 261
904 85
459 586
693 828
508 165
255 420
43 495
110 316
376 43
362 552
810 906
658 702
639 644
37 764
905 276
536 444
316 131
989 990
791 18
859 173
126 745
879 265
815 870
68 22
466 789
311 601
552 109
729 685
652 989
643 135
321 319
468 562
213 536
964 273
485 836
528 534
787 709
335 892
751 731
928 760
542 870
244 792
786 151
467 753
921 802
676 238
478 556
349 457
928 190
19 645
825 796
466 475
65 232
515 784
575 404
854 231
859 440
775 521
710 130
834 933
618 770
612 631
410 394
231 681
828 121
148 613
17 905
937 786
477 856
902 905
796 707
6 994
179 950
46 354
982 363
643 383
754 462
267 310
761 211
760 462
941 594
936 478
559 678
901 592
422 226
262 76
534 372
319 24
832 721
333 952
244 451
338 585
510 321
52 963
90 207
502 142
389 646
660 442
884 193
364 81
876 80
30 489
801 9
958 922
552 505
381 283
718 905
260 574
963 629
23 717
523 220
847 51
552 919
545 836
379 101
987 999
466 664
295 455
209 479
686 392
482 699
57 711
459 549
31 547
238 775
511 781
861 452
473 945
981 417
891 955
915 961
8 437
104 731
257 461
297 58
937 237
62 893
509 839
859 659
370 170
777 613
219 302
418 920
78 192
832 314
227 173
179 402
706 106
165 18
893 683
487 324
354 490
659 47
551 576
227 925
943 369
948 547
509 88
617 862
987 399
162 385
760 505
709 409
580 115
796 360
418 566
240 848
427 851
568 907
368 636
504 707
338 142
618 784
111 796
514 438
800 245
29 194
148 965
76 419
518 543
463 216
720 391
451 320
160 174
202 430
52 706
599 661
887 293
78 593
950 705
227 742
412 357
315 26
870 967
174 66
959 997
126 953
888 11
193 460
33 938
799 795
833 365
243 234
113 458
984 462
605 111
381 810
161 264
233 129
610 792
571 29
763 324
97 547
359 303
167 51
651 779
58 107
649 418
45 694
131 936
742 889
459 484
518 442
610 528
717 958
903 871
541 367
309 534
22 870
846 882
5 969
775 533
243 332
302 466
87 518
804 935
640 773
453 332
831 260
648 8
177 400
310 206
85 159
821 812
415 890
48 993
132 970
244 71
445 252
112 934
764 453
626 56
203 934
319 312
214 187
658 453
992 735
142 360
701 937
709 697
107 610
65 941
656 22
311 1
563 682
83 908
942 335
376 755
971 639
147 641
875 598
58 152
926 564
607 777
630 661
710 280
261 475
144 277
806 55
404 725
590 225
17 10
547 312
374 231
498 81
90 52
202 782
868 234
550 413
721 320
557 922
598 115
417 47
497 895
866 656
93 888
879 450
416 800
909 536
141 489
573 507
780 232
381 458
441 364
82 388
728 877
576 15
740 537
684 538
302 132
540 200
227 477
39 828
484 520
695 440
719 76
108 810
908 246
244 253
989 781
423 455
68 439
862 180
625 256
273 628
827 759
104 859
855 46
227 85
560 527
147 278
543 873
946 479
354 843
341 306
191 415
548 207
160 497
134 547
364 130
649 81
559 372
269 887
405 342
553 714
121 510
529 916
950 33
70 901
904 261
627 658
665 956
532 24
627 877
789 484
879 668
155 213
959 398
74 136
101 519
835 655
565 879
667 850
995 114
852 203
718 826
553 960
985 676
932 133
625 107
133 531
740 238
29 24
370 214
555 199
344 860
390 373
494 557
407 594
734 626
936 864
394 56
517 677
383 463
288 621
860 28
217 863
883 816
34 536
243 425
26 519
269 128
853 912
729 627
249 795
177 597
989 104
95 998
269 629
472 82
742 854
849 649
544 703
875 759
972 342
728 167
46 304
742 158
414 294
98 482
340 911
661 757
908 635
177 997
41 951
941 880
633 396
279 405
158 731
595 575
23 811
773 783
848 934
135 590
243 602
829 326
405 439
680 582
326 306
410 583
145 754
387 358
386 376
394 303
872 244
430 851
793 910
784 179
921 204
664 800
198 629
719 170
799 424
163 315
393 487
610 860
301 376
860 940
316 847
515 467
479 903
388 911
908 961
138 338
883 152
970 504
653 497
856 693
673 299
322 508
570 188
787 702
28 399
594 924
375 220
614 281
585 337
718 527
116 641
427 448
825 951
91 462
58 412
646 348
869 996
314 56
525 549
186 11
807 593
132 883
951 987
725 432
577 760
531 699
388 488
569 959
177 703
800 650
754 83
944 663
877 92
780 205
732 16
504 518
777 974
132 678
497 907
932 619
194 313
957 732
888 713
940 364
345 566
345 768
111 765
21 417
335 481
634 988
884 339
307 602
918 335
178 383
508 310
89 652
328 197
678 717
576 957
892 914
603 303
377 777
68 58
379 64
216 538
720 563
218 741
197 635
516 110
232 23
476 170
230 745
600 563
295 668
776 398
349 422
963 211
982 438
543 379
691 267
560 746
963 88
115 916
583 772
368 193
334 860
647 650
864 253
226 578
654 315
332 875
820 182
308 577
639 479
712 756
501 894
857 226
950 855
926 24
491 65
563 666
320 54
583 890
156 460
906 249
398 206
992 217
273 892
126 776
836 725
932 348
715 225
776 48
299 422
609 271
266 542
723 80
390 605
279 158
636 66
28 883
42 963
225 349
779 112
301 299
503 742
280 907
206 277
95 512
526 660
892 5
671 766
542 564
634 817
38 542
422 811
771 559
320 826
817 713
868 439
972 855
63 244
43 964
791 577
902 324
311 244
768 615
44 391
627 748
667 173
65 55
144 179
379 936
806 986
794 662
33 763
694 326
595 841
985 217
455 384
966 820
343 938
941 72
239 568
489 295
56 755
504 587
298 543
460 844
564 43
835 884
786 382
245 832
73 748
297 658
714 206
515 267
278 399
987 462
932 695
418 921
25 551
227 154
860 641
555 359
89 741
404 628
838 686
632 398
758 216
481 936
709 553
319 545
992 735
626 643
505 484
614 355
246 2
825 983
565 204
629 506
586 687
401 231
841 252
95 100
676 23
352 532
804 22
478 86
599 276
552 197
30 249
226 619
407 776
914 955
591 863
378 125
834 293
598 588
29 229
372 915
869 182
330 629
20 322
41 137
745 232
59 236
930 687
809 222
239 139
574 763
934 210
455 627
64 568
140 787
430 310
428 363
871 252
856 233
595 857
367 826
387 84
163 409
390 439
337 814
483 714
412 124
738 109
806 336
195 883
643 134
159 866
201 939
684 78
979 281
354 729
343 903
9 618
68 26
370 161
266 947
857 273
956 368
783 927
240 592
157 712
162 382
331 68
881 190
817 483
16 261
947 167
915 148
840 422
636 517
227 762
297 465
994 703
806 303
433 614
338 391
407 51
411 673
123 928
788 897
466 174
202 985
987 815
312 384
562 143
591 942
815 16
815 724
129 251
789 489
631 156
725 839
634 962
511 636
939 248
366 462
317 977
433 712
54 252
545 663
698 442
698 617
484 715
662 369
404 826
127 328
214 485
893 826
152 689
725 13
506 916
333 306
110 795
486 313
679 904
120 939
302 40
234 995
504 219
228 572
93 372
383 814
26 392
507 441
104 112
413 48
958 7
227 567
232 282
89 305
948 863
607 421
441 544
610 537
813 776
570 914
152 488
293 418
969 447
674 316
481 193
256 652
158 72
20 560
364 288
255 422
287 14
600 830
548 956
138 2
369 145
559 551
446 193
679 427
25 348
166 261
544 579
537 318
667 959
652 919
925 898
684 419
896 486
437 957
19 997
195 506
414 287
170 266
905 965
45 955
853 436
758 91
291 618
650 575
984 380
216 254
60 76
102 814
963 553
986 835
538 824
170 300
979 459
185 660
901 995
97 768
73 882
174 921
138 928
620 550
212 264
6 494
32 985
94 106
177 460
345 218
648 874
228 660
923 793
734 852
644 84
751 19
996 602
282 202
210 790
577 490
472 640
609 218
828 787
69 872
272 523
150 182
932 323
146 706
498 196
947 42
643 254
861 326
976 928
82 720
693 209
250 407
14 24
153 299
661 924
12 653
719 21
828 855
750 847
172 862
852 621
232 35
670 446
20 245
563 981
683 111
133 562
35 406
440 772
555 767
789 801
583 216
27 345
289 934
11 418
301 736
817 987
372 838
765 326
507 879
171 329
150 449
962 452
239 860
537 7
571 265
383 746
561 741
284 799
94 348
198 864
438 332
155 810
345 382
654 729
86 815
489 394
948 521
214 922
485 587
960 393
803 9
951 17
981 79
645 548
136 724
370 267
591 976
852 128
252 424
794 376
443 207
596 465
499 479
423 165
505 659
957 611
266 905
341 639
843 396
66 788
194 862
718 616
155 759
169 594
471 602
702 911
611 276
304 290
866 224
633 277
975 799
493 745
669 6
792 653
976 856
709 627
210 75
494 834
359 368
868 997
948 598
317 665
687 893
874 257
768 534
764 800
27 246
169 407
850 205
327 325
979 81
960 189
771 219
945 636
932 897
746 435
958 727
552 204
69 30
69 446
687 494
937 496
2 831
319 737
348 685
143 32
617 439
91 393
675 600
314 716
846 588
64 721
704 413
128 20
761 396
662 180
220 486
443 986
689 639
682 225
423 356
741 639
938 12
750 294
282 429
483 749
866 234
155 510
591 72
820 841
794 968
893 936
980 227
105 955
866 9
831 450
625 802
45 22
365 511
826 449
275 794
584 713
938 452
440 240
94 451
371 31
663 805
739 183
819 421
621 160
257 398
661 378
94 29
32 518
231 771
515 518
726 170
734 172
922 977
925 587
468 334
306 813
158 377
882 840
5 910
515 547
595 522
594 856
726 403
157 226
340 873
833 185
717 238
893 678
688 185
344 452
221 429
462 218
575 600
312 961
257 865
152 253
100 488
716 18
504 719
349 882
384 225
145 444
22 840
671 557
787 105
237 181
23 915
901 944
92 371
123 527
266 526
133 610
357 997
545 334
135 327
323 379
494 837
713 482
975 914
663 871
612 855
731 564
541 948
841 915
23 930
947 86
282 735
314 548
667 925
897 37
874 765
876 91
879 611
954 514
680 908
48 525
386 982
107 732
157 485
435 477
675 19
355 617
191 44
676 571
886 671
144 683
441 596
317 49
785 197
461 540
369 843
657 114
731 495
395 475
545 643
976 301
997 240
752 123
629 839
38 417
490 892
618 653
151 199
602 845
281 555
55 616
379 947
171 695
873 722
228 5
236 275
93 181
695 934
183 42
713 393
313 617
655 257
99 174
722 956
519 730
618 127
181 322
955 909
424 689
588 164
722 983
144 637
456 914
987 608
890 665
829 208
142 771
346 255
963 76
646 261
421 735
704 668
966 515
270 466
223 440
921 745
937 785
352 870
354 558
147 818
912 196
896 2
298 8
848 711
469 431
872 976
677 937
260 886
536 118
803 265
683 872
752 328
833 157
572 886
968 688
778 187
255 884
342 965
990 695
982 484
637 119
15 947
305 785
684 440
193 181
121 33
891 270
585 290
953 924
948 711
403 629
392 343
711 541
629 430
111 569
480 696
745 965
371 770
728 435
874 873
342 600
155 875
510 778
66 960
552 393
539 12
387 638
229 239
999 244
581 714
492 142
887 693
497 266
794 831
900 975
300 488
525 814
220 551
189 317
975 697
317 780
759 921
74 684
384 786
378 667
223 147
833 365
260 500
738 935
80 165
619 754
971 137
785 815
386 258
241 64
264 73
295 121
445 490
206 45
819 509
262 499
480 346
4 841
528 921
424 72
585 90
466 642
748 314
249 238
922 388
527 272
823 982
377 728
812 587
34 501
133 546
748 756
926 500
409 786
856 107
641 434
589 380
883 632
425 208
774 89
63 466
622 463
35 944
562 321
663 665
738 627
750 473
860 814
978 847
25 13
186 525
381 839
928 215
545 703
139 674
288 848
817 704
468 85
53 418
791 99
416 689
427 398
850 599
592 680
445 334
693 648
756 162
463 879
422 743
92 779
525 443
183 87
983 958
156 465
87 814
725 456
342 461
754 983
936 786
483 993
702 936
657 439
651 598
477 231
306 834
636 395
767 189
548 702
705 404
553 24
388 185
175 632
791 580
708 514
7 377
464 611
85 318
965 726
191 563
170 696
406 734
746 770
740 475
700 144
131 821
274 293
771 955
594 367
248 994
326 300
991 536
743 301
876 84
686 422
592 173
915 178
368 561
983 304
816 584
891 492
447 289
667 894
772 94
891 118
763 291
226 70
82 283
478 818
954 111
68 507
727 190
272 910
785 412
103 565
756 243
491 303
358 18
790 826
766 569
882 558
32 441
721 611
89 177
566 22
471 362
733 615
581 910
25 186
829 404
450 30
83 779
308 681
550 856
847 568
122 663
797 339
888 528
257 925
114 657
634 557
271 106
73 752
179 707
928 635
464 42
929 987
82 964
993 118
470 728
144 950
689 525
649 681
317 563
258 316
388 355
358 300
608 965
590 344
392 741
570 990
574 95
969 294
12 304
781 644
106 659
656 54
494 256
425 655
942 851
566 753
681 891
889 906
272 496
394 684
263 212
867 692
886 440
688 83
141 907
353 664
128 908
545 855
705 995
165 781
613 388
581 672
541 349
818 103
110 814
941 354
367 412
101 569
531 10
70 610
704 71
320 887
164 910
314 740
128 47
728 839
752 981
230 771
44 267
556 174
762 677
386 234
61 357
468 120
841 178
16 982
363 935
937 109
116 98
74 575
642 598
44 325
774 354
586 34
767 469
394 871
217 900
746 628
433 653
437 565
913 366
362 577
124 178
976 415
729 34
165 93
522 70
682 63
616 18
647 241
578 265
964 726
961 910
646 124
251 316
767 470
314 355
585 258
711 670
644 773
991 588
502 16
974 422
921 307
403 158
563 52
30 78
323 729
783 539
401 4
664 968
409 343
856 138
506 66
88 587
929 315
230 167
789 967
185 933
370 85
605 529
977 834
537 63
327 445
299 908
269 627
844 828
400 823
657 813
884 42
347 653
955 144
551 29
114 488
651 761
553 822
99 863
924 9
498 409
511 36
771 545
487 780
144 37
687 782
633 810
589 450
677 943
330 230
603 250
716 479
935 543
244 13
54 114
631 367
895 293
96 831
543 939
368 757
4 299
315 237
577 43
908 156
63 470
640 360
976 748
513 21
628 633
73 483
862 687
513 534
928 224
420 778
400 704
103 199
799 238
594 72
420 724
912 351
47 718
536 13
492 484
983 120
771 637
992 995
312 730
4 231
805 967
720 165
332 666
214 228
649 425
943 388
545 302
651 577
309 194
798 568
490 512
840 107
400 477
456 535
600 329
815 941
787 412
630 25
380 941
441 10
483 682
811 672
264 664
384 103
871 34
168 865
743 361
853 901
938 38
131 313
420 35
807 705
385 515
618 611
855 888
617 879
742 548
534 498
687 120
171 634
22 118
174 822
749 169
863 35
759 387
274 73
827 797
867 873
222 33
139 665
148 355
592 326
70 28
511 428
847 867
961 272
321 606
103 587
406 40
916 707
688 706
916 840
576 619
373 433
787 982
792 314
616 452
636 40
861 791
167 946
306 960
820 918
736 579
536 781
770 53
807 503
529 177
46 16
353 301
534 814
375 228
237 611
320 905
580 554
96 362
64 722
21 28
611 941
704 999
603 560
695 385
557 486
5 562
400 238
483 275
15 183
657 250
705 99
41 890
605 548
377 788
144 964
271 437
606 657
151 936
458 530
30 653
685 91
683 448
585 850
438 378
318 863
13 140
546 689
815 721
492 207
135 804
754 994
782 124
17 137
181 624
686 832
62 959
131 679
386 22
942 464
617 69
781 41
806 585
364 943
841 493
577 5
240 109
571 139
51 225
275 54
208 363
110 632
955 842
164 150
293 274
841 3
436 180
832 284
897 233
947 133
732 342
656 901
666 366
14 781
317 993
99 363
373 153
345 951
786 631
522 101
182 445
666 267
955 598
769 285
60 983
492 851
257 179
935 728
286 614
494 588
610 360
298 33
323 353
524 122
751 75
239 992
299 833
52 740
928 288
237 555
959 679
402 800
245 985
815 215
766 256
794 172
947 98
927 512
180 249
820 133
968 273
119 310
195 638
317 126
601 611
741 52
619 282
539 42
534 808
967 609
867 310
67 746
137 96
33 83
411 85
112 773
243 515
559 272
255 558
19 270
239 885
797 222
162 529
156 575
929 694
700 334
769 76
102 811
631 391
732 551
284 61
896 169
352 156
462 801
939 3
416 783
952 541
850 552
389 507
301 565
661 579
223 355
532 748
743 873
744 422
902 484
992 324
515 893
919 457
373 423
128 737
912 348
862 363
294 917
818 372
446 544
547 937
177 406
768 692
162 537
860 839
516 492
880 861
317 498
154 311
344 557
792 831
980 314
988 648
361 208
805 339
72 748
766 22
937 191
385 664
475 440
650 77
654 83
713 747
822 734
501 356
257 766
472 138
80 331
447 49
903 481
48 148
790 823
679 404
52 592
947 108
596 899
270 241
865 235
738 104
117 353
862 919
710 812
899 699
304 383
30 941
242 914
100 327
843 812
999 596
474 166
168 782
87 925
706 656
66 341
125 210
14 289
678 519
818 581
308 289
283 315
428 739
138 338
860 656
813 403
373 422
565 960
302 191
620 666
900 882
191 145
40 917
650 230
388 602
898 77
210 373
710 625
658 305
759 222
105 402
467 935
92 280
189 120
938 54
368 90
68 992
273 899
349 247
92 676
323 618
30 284
929 259
220 509
445 480
328 853
636 543
113 725
988 492
343 316
385 52
713 149
243 862
843 814
267 55
268 573
481 500
779 312
447 903
709 84
140 64
751 601
992 155
754 663
241 696
35 190
797 865
943 999
243 131
307 706
702 246
214 659
159 140
254 961
448 873
407 344
59 787
465 10
425 654
334 455
993 866
208 421
220 86
197 145
338 22
488 122
103 8
330 677
203 713
505 287
267 16
133 386
820 815
719 485
878 568
725 617
944 410
661 125
695 436
995 374
695 962
34 988
346 626
372 56
133 190
17 747
884 574
54 703
431 98
841 902
405 536
149 981
572 163
180 482
139 452
831 678
447 366
829 266
684 343
561 549
200 83
712 769
550 869
61 742
455 943
19 424
922 17
919 930
249 927
178 215
520 308
549 62
635 882
383 541
76 662
545 809
377 726
198 223
990 540
669 746
302 732
437 664
400 288
603 742
194 778
714 527
805 193
34 20
543 587
697 670
653 109
236 925
856 614
757 22
497 958
201 870
380 12
738 324
929 372
144 584
894 748
384 396
935 72
178 529
705 528
445 611
713 88
459 399
256 844
500 82
770 909
1000 46
125 983
269 284
652 302
539 56
754 837
733 411
461 174
608 538
429 660
1 932
454 894
310 78
542 367
250 913
667 698
540 443
898 596
627 408
500 580
791 91
937 235
401 906
351 120
485 573
948 498
454 103
933 391
803 616
814 711
815 506
684 9
398 194
230 271
110 804
628 563
543 823
562 545
539 622
711 177
995 639
820 110
117 969
460 930
7 232
617 604
879 894
173 278
471 582
745 468
256 133
306 644
258 733
75 915
179 72
377 392
696 96
26 86
761 243
558 296
118 273
105 529
540 644
367 501
837 612
601 273
642 26
963 595
331 259
359 40
371 147
960 716
252 191
84 630
747 300
775 31
969 960
924 30
784 640
816 470
206 943
974 260
373 841
955 207
461 801
138 85
932 437
908 447
193 616
716 116
622 635
706 611
608 500
404 402
609 375
861 153
50 608
511 557
244 354
267 812
705 884
254 280
980 919
975 993
603 453
936 321
17 309
913 810
636 71
325 704
775 803
837 175
520 963
847 109
45 188
616 397
353 798
609 825
408 789
162 251
757 470
222 891
152 974
804 406
924 733
684 510
568 151
681 624
141 793
206 51
975 243
328 691
272 329
89 207
121 851
888 826
747 720
699 892
636 20
948 420
948 422
762 275
777 418
176 45
72 137
551 939
505 970
66 685
211 289
752 668
317 569
608 302
663 248
979 524
731 875
852 920
259 739
507 368
383 354
402 359
519 157
610 333
954 751
339 312
891 101
496 759
394 718
167 863
739 370
89 438
464 64
43 384
968 561
519 17
776 764
788 691
444 737
2 868
991 937
769 577
720 453
736 128
57 219
618 883
559 274
639 180
41 960
129 795
43 977
432 244
778 760
753 7
96 498
541 668
554 124
228 896
138 980
742 879
89 702
199 395
518 241
521 400
635 806
808 782
792 954
171 781
262 957
231 186
130 868
346 869
206 912
268 206
932 290
748 147
443 383
167 914
153 24
225 423
862 758
464 703
435 463
961 544
439 714
724 159
215 297
100 290
294 826
101 944
747 272
753 421
45 505
736 497
657 398
847 993
665 841
737 435
857 276
164 245
334 531
853 484
508 31
290 671
470 302
233 890
879 640
989 438
772 516
909 503
39 988
677 495
628 226
563 815
315 571
311 225
768 253
779 501
889 603
50 697
245 123
807 253
75 792
159 765
566 714
366 360
728 148
9 242
89 819
791 231
454 41
361 365
749 774
492 869
774 415
281 585
898 748
542 540
565 555
355 326
388 879
651 883
804 816
27 880
938 127
787 630
767 476
424 294
780 544
70 946
926 997
447 142
978 360
186 636
560 50
957 828
565 535
177 454
26 272
900 259
905 762
52 833
227 167
800 475
259 895
275 469
611 157
193 4
630 413
882 365
583 538
9 867
458 284
248 521
270 901
587 958
259 104
275 432
741 882
85 965
597 817
646 75
48 403
528 154
738 557
854 372
283 725
319 108
936 459
105 553
920 973
204 896
314 719
224 555
744 387
656 46
696 798
235 401
332 695
418 184
628 382
517 853
595 731
17 151
289 152
683 972
364 948
616 300
244 944
694 905
33 729
430 864
439 881
41 789
131 70
61 13
303 133
401 167
144 996
454 2
77 812
722 534
630 908
365 236
677 179
830 282
537 492
256 335
101 200
300 558
949 947
732 849
856 212
922 821
590 39
432 753
390 582
197 788
696 179
860 430
596 519
103 661
502 805
850 264
534 342
379 933
592 507
101 159
367 797
297 306
123 468
751 870
667 714
568 372
347 428
10 996
556 956
2 354
92 515
809 913
124 64
363 311
272 2
6 823
371 542
352 917
324 116
142 804
294 514
123 416
195 770
459 133
118 98
402 1000
320 223
343 456
307 726
720 430
312 593
275 660
494 920
241 148
986 688
681 481
187 64
869 803
839 489
943 49
943 92
462 464
985 991
393 579
758 358
288 447
443 843
163 559
978 465
311 162
221 228
595 946
756 188
868 315
827 238
686 626
614 855
620 308
469 489
531 925
513 429
289 292
358 695
168 705
172 27
1 325
991 256
621 226
60 239
989 319
913 255
694 345
120 282
977 949
507 446
67 365
351 558
873 936
352 401
919 800
277 483
436 971
916 455
344 913
907 309
781 205
555 148
384 841
808 45
665 159
685 6
318 323
364 217
865 768
871 466
967 46
390 397
935 232
610 827
308 254
260 467
629 806
745 232
215 722
530 726
832 346
82 310
951 722
690 499
621 891
710 614
830 322
409 950
737 890
735 402
853 299
637 93
621 397
731 114
310 13
724 62
118 808
878 632
22 509
810 406
13 615
71 870
141 596
892 347
251 282
100 275
749 270
525 259
633 766
825 793
288 310
756 235
873 242
158 325
811 888
158 322
950 993
789 717
501 945
959 379
655 782
506 177
1 406
144 451
240 83
649 646
261 102
681 295
148 291
225 959
355 702
505 606
988 890
148 675
844 76
448 852
842 976
713 682
716 351
136 769
134 520
460 97
686 275
880 121
755 670
569 868
373 798
983 540
910 414
687 654
621 347
910 944
234 73
655 582
124 645
412 996
104 654
627 370
338 182
745 259
2 95
957 73
966 235
154 664
864 346
424 320
469 967
810 538
734 611
133 648
622 684
248 289
726 329
384 813
764 404
618 965
920 23
713 781
146 282
77 467
694 838
856 504
84 753
492 206
469 317
37 721
248 201
298 860
931 79
575 356
744 400
204 893
16 682
630 696
542 649
228 307
625 892
173 644
316 657
1000 332
330 931
441 171
714 421
140 913
731 850
474 334
968 96
530 466
208 811
881 710
803 324
146 306
329 838
911 158
859 941
126 614
498 672
222 440
63 370
630 455
395 829
28 701
561 881
768 588
961 34
914 809
670 767
275 606
706 334
905 648
674 920
797 923
603 125
696 292
582 622
992 864
628 418
778 734
214 991
388 893
815 865
861 586
649 861
534 990
31 471
835 407
548 16
129 356
73 644
211 44
140 332
948 757
163 337
198 6
654 667
164 452
69 343
425 871
422 133
567 692
589 121
139 694
887 167
307 268
876 299
938 341
167 393
181 556
819 47
220 695
320 841
574 33
511 539
925 325
866 801
273 13
919 685
546 750
164 880
778 855
904 269
53 187
474 162
839 917
920 671
195 478
784 83
578 236
225 274
499 988
793 528
29 537
989 489
268 870
252 968
381 91
252 186
535 609
17 727
222 860
541 522
637 647
113 241
383 352
48 95
342 937
63 805
97 982
619 824
369 947
153 536
406 726
856 441
548 169
80 514
557 525
308 833
648 113
785 867
795 778
360 808
256 237
38 850
965 555
271 556
641 505
50 254
70 697
982 139
977 623
132 121
184 310
807 484
603 624
717 252
732 170
57 587
99 481
949 515
748 406
883 189
51 299
199 575
815 849
575 558
304 940
641 172
671 700
574 275
612 943
119 843
955 779
960 114
169 121
166 941
548 138
72 195
832 304
24 947
519 678
531 47
525 675
705 794
803 321
519 774
635 135
400 868
648 603
771 124
34 910
132 506
995 425
938 116
916 745
300 248
662 277
51 839
693 72
140 755
544 163
96 459
38 596
461 306
936 385
916 710
257 750
191 70
268 278
721 909
929 309
204 604
91 769
731 493
256 136
546 185
58 122
844 575
761 139
471 257
504 970
176 534
347 665
639 97
284 856
607 282
7 200
470 763
823 816
979 701
616 244
28 423
156 103
124 1000
782 180
575 752
643 843
777 949
796 900
415 655
859 614
351 974
930 989
80 974
802 984
766 764
670 257
133 210
33 274
34 968
628 957
77 385
52 556
188 41
845 671
374 646
202 813
574 680
283 613
119 525
955 148
543 471
13 999
379 38
947 833
654 935
950 53
197 306
424 463
236 69
205 983
584 603
414 188
348 284
646 221
301 61
927 295
522 633
768 202
26 730
540 595
413 462
315 158
203 20
622 168
898 396
994 507
805 510
956 434
438 470
355 160
77 43
789 979
413 430
384 278
52 804
869 55
761 527
826 945
147 2
334 74
627 417
636 182
536 340
288 456
567 199
331 345
44 905
648 732
832 797
184 978
575 978
210 519
694 28
97 941
440 946
749 791
598 60
520 403
40 218
37 857
586 431
857 673
377 542
80 584
671 304
195 854
482 414
194 366
966 261
539 747
596 233
227 335
815 177
728 937
66 447
615 404
384 402
458 53
220 268
968 133
11 366
732 930
69 362
230 511
624 346
737 929
850 395
294 496
239 389
180 74
724 325
343 536
459 7
242 592
493 940
290 17
926 839
29 709
292 419
819 740
925 720
544 142
398 120
660 815
880 281
332 736
668 825
90 402
969 912
315 168
568 500
174 849
423 674
485 583
333 56
28 490
355 644
171 911
71 815
141 167
931 21
491 906
862 414
64 770
510 173
735 624
950 258
27 717
699 717
780 769
332 362
298 490
867 139
766 902
710 335
937 466
902 594
699 952
97 913
212 909
885 94
537 711
981 360
810 323
832 820
469 813
156 131
261 396
907 863
702 993
716 205
621 876
150 785
532 665
605 484
913 683
828 302
77 192
313 638
258 665
440 942
70 31
727 488
11 166
805 609
961 355
469 482
181 4
972 894
106 796
144 257
467 800
904 412
490 461
374 413
750 760
892 135
400 266
286 327
206 651
79 155
186 328
960 260
279 74
555 440
315 486
818 723
869 11
498 711
37 200
23 853
871 363
750 373
279 212
807 387
540 12
236 676
228 639
834 728
798 880
630 460
314 314
159 333
901 286
602 13
91 96
538 787
894 96
671 1
850 444
661 338
562 164
64 88
597 977
201 445
848 453
174 763
520 763
670 716
852 77
67 20
888 820
234 103
335 75
362 929
590 646
257 293
523 714
283 363
490 94
455 633
652 883
323 136
358 892
549 32
198 215
264 678
16 623
153 24
364 935
77 479
225 302
374 828
897 585
990 665
606 329
984 481
282 73
110 77
520 38
604 312
203 409
533 679
224 961
614 271
986 161
330 624
119 160
903 245
343 551
753 842
552 257
101 235
88 775
68 955
714 441
158 830
420 436
715 203
115 183
794 64
498 570
960 722
302 887
669 121
702 772
377 222
504 56
409 233
501 242
204 216
756 808
769 14
805 882
661 547
482 749
616 140
451 445
736 405
896 39
397 88
841 266
214 605
658 544
906 483
248 161
535 302
594 765
551 194
906 198
544 644
529 372
160 811
618 5
32 805
73 226
250 652
911 719
30 287
254 35
887 326
492 224
347 147
639 261
623 415
987 822
241 940
870 672
98 297
303 432
603 53
301 762
708 17
943 987
151 1000
795 121
276 705
50 352
571 345
831 133
510 910
431 243
456 612
333 801
508 191
805 921
537 718
493 650
728 858
639 109
869 143
616 477
538 30
494 94
480 267
359 631
415 864
351 936
240 732
636 316
473 974
696 843
900 551
352 342
276 506
293 263
835 973
747 940
97 542
41 210
873 179
781 924
489 403
589 373
103 935
51 269
789 815
676 739
713 705
896 866
250 793
797 926
511 924
500 214
119 799
808 849
600 616
676 876
182 593
537 663
446 82
19 502
30 305
771 308
645 786
20 976
983 286
363 904
825 607
703 558
996 455
123 168
116 630
427 824
562 466
903 912
468 408
781 494
216 588
336 792
243 417
660 299
590 765
802 117
196 241
235 388
120 130
507 272
209 621
309 666
761 502
237 895
667 201
753 108
437 849
200 152
912 275
77 880
518 570
903 34
611 100
701 726
382 111
541 665
223 614
862 475
203 266
880 62
834 599
862 606
577 10
911 24
897 126
212 479
796 305
82 84
582 53
355 517
450 829
257 87
385 600
121 568
676 688
857 986
46 784
510 405
661 549
948 782
743 527
614 18
994 903
427 456
297 307
869 860
275 686
405 92
940 204
29 932
508 814
3 819
476 562
965 243
834 113
835 476
272 82
625 257
639 673
606 164
898 458
398 586
613 207
463 765
257 590
471 194
322 326
226 152
114 188
985 780
821 816
932 182
170 503
360 218
90 881
292 725
705 472
581 714
174 302
713 316
883 573
136 861
142 636
836 844
155 266
978 194
566 107
386 340
858 623
92 469
167 603
998 193
286 777
80 204
878 576
305 947
866 194
956 417
879 30
369 919
37 792
214 220
617 941
643 20
703 602
77 39
42 902
34 881
88 789
160 240
167 786
956 589
353 189
57 411
589 882
84 188
371 634
134 20
756 410
394 92
768 345
510 438
87 598
59 74
46 475
185 45
85 181
335 171
269 288
141 95
403 313
910 202
558 986
255 856
330 464
929 676
508 103
572 337
540 439
291 360
902 42
514 318
465 382
963 782
390 469
85 769
135 453
345 508
570 852
804 686
807 691
438 778
438 249
696 913
666 433
346 131
227 386
725 58
152 510
527 655
945 117
210 584
5 990
490 630
515 3
456 128
408 757
561 775
804 14
294 821
851 935
201 26
518 7
214 646
439 419
261 691
193 228
988 206
933 238
34 761
130 764
864 110
267 203
735 238
580 218
155 818
216 96
221 728
679 776
877 881
74 47
74 148
700 919
89 613
835 433
29 65
83 518
372 605
339 971
226 715
412 390
538 592
480 606
314 76
125 513
110 753
484 906
154 468
357 230
894 890
652 832
384 786
449 648
59 24
206 177
479 627
95 989
804 879
760 540
463 185
797 366
157 159
967 183
142 258
1000 551
417 475
834 561
820 77
823 718
985 920
800 617
1000 25
479 48
340 278
1000 997
190 216
983 474
85 716
165 642
234 261
399 988
248 411
744 698
167 680
744 538
711 80
42 759
311 987
493 607
100 726
724 515
430 222
897 519
301 936
220 998
710 148
634 973
424 170
297 276
505 103
186 95
994 540
176 22
93 302
310 858
821 798
585 429
622 665
238 172
59 323
612 916
407 792
943 525
122 516
334 693
518 884
771 567
965 869
315 427
427 93
296 109
701 577
130 347
326 449
575 80
36 764
551 888
102 324
320 135
616 903
518 300
105 148
924 402
958 456
828 419
989 385
689 687
304 469
802 987
149 29
657 765
497 216
367 418
231 689
261 976
100 393
789 822
142 217
292 613
246 464
782 873
661 701
275 779
972 507
447 541
218 565
523 369
239 889
346 715
789 881
325 639
871 311
786 203
631 119
559 765
757 170
57 475
281 601
916 510
216 668
129 124
402 100
446 804
985 575
235 500
586 537
499 964
483 328
449 192
147 7
354 742
116 201
811 736
597 313
470 573
7 213
894 540
670 265
78 625
465 589
869 465
727 805
640 212
499 610
28 76
493 921
32 592
733 154
979 332
577 591
525 821
669 142
675 473
877 973
970 509
34 736
680 205
96 92
682 789
84 616
821 751
338 931
194 325
988 36
403 294
594 931
533 625
973 512
10 789
650 998
772 238
798 575
401 728
175 157
577 385
531 336
665 278
136 772
989 694
766 49
668 607
265 999
822 184
934 923
434 668
680 165
241 324
289 673
634 661
16 567
862 474
864 955
705 739
308 15
411 339
392 237
119 650
12 242
788 736
988 257
445 82
674 179
832 696
724 46
450 329
568 453
399 964
706 524
72 871
678 847
803 87
963 529
276 242
106 346
533 657
643 268
785 649
906 372
931 763
212 532
371 755
279 185
852 715
278 50
660 367
402 424
472 52
144 8
507 69
205 545
521 233
867 128
435 551
42 102
930 38
509 638
647 189
548 660
332 532
697 333
860 514
306 494
708 719
103 91
241 282
740 806
913 908
459 216
659 1
848 545
316 396
49 857
438 284
528 598
286 874
868 220
693 832
882 501
419 514
540 814
536 918
779 885
695 309
975 547
725 270
792 921
471 637
170 173
487 500
436 580
564 55
756 279
885 360
81 76
887 932
975 692
398 595
143 844
41 965
157 582
826 405
496 930
984 723
512 538
538 776
620 816
674 359
717 568
796 182
905 183
675 206
253 914
602 510
626 751
8 777
214 313
857 811
887 299
514 528
874 711
829 345
241 456
452 25
436 303
833 70
245 102
870 510
112 576
205 792
515 729
290 318
435 583
760 909
608 526
912 689
974 409
518 207
644 338
988 970
291 678
571 198
476 524
811 887
896 210
833 177
432 511
648 26
671 212
71 444
273 703
66 590
995 979
261 390
330 706
237 549
244 159
512 487
492 521
343 54
152 321
616 88
762 611
602 892
966 820
473 990
819 998
444 10
541 449
918 461
334 146
497 947
411 464
525 88
921 760
714 970
673 350
337 258
167 665
322 592
954 317
153 727
514 910
838 20
268 7
256 378
584 40
11 837
163 448
34 8
454 509
401 3
315 613
177 397
355 641
90 323
480 870
208 481
313 802
738 767
786 127
778 650
184 922
380 498
151 52
358 799
554 711
38 68
726 619
987 642
279 877
7 306
903 985
584 184
522 879
170 866
774 253
168 318
828 624
153 57
146 89
988 752
907 392
506 582
761 67
45 960
129 509
38 37
494 116
950 200
890 786
42 103
15 601
449 149
482 856
286 327
244 753
987 920
65 548
191 951
312 177
578 93
962 74
325 7
977 947
700 946
416 466
941 220
976 191
720 445
959 887
916 933
353 471
934 829
336 630
692 775
728 557
593 662
311 544
18 536
601 183
635 670
213 764
471 773
201 837
757 655
507 303
685 873
443 492
115 684
53 646
342 189
946 947
535 982
399 169
475 155
160 321
791 949
626 969
389 616
609 302
677 541
35 639
640 648
336 671
126 584
711 167
154 684
928 860
266 977
616 170
934 5
348 937
914 662
786 449
438 279
984 129
874 910
920 786
811 527
860 517
190 499
393 881
968 789
149 410
535 763
948 865
232 878
533 206
580 877
883 791
17 728
958 72
921 625
197 331
459 87
649 911
358 826
288 454
723 709
417 187
834 751
918 644
211 176
853 867
793 484
392 153
342 95
755 348
876 131
93 256
293 283
924 58
796 876
439 537
906 41
680 688
228 279
487 232
598 894
409 246
13 42
556 375
681 49
219 782
198 655
967 649
248 267
92 694
108 284
316 716
790 572
550 589
75 794
781 927
900 857
739 710
375 995
274 233
37 416
894 200
813 992
403 944
432 247
675 696
190 887
962 924
299 474
109 974
539 636
229 19
202 362
659 366
105 684
36 716
983 536
596 658
601 764
905 422
260 123
671 139
600 320
735 899
252 607
585 522
517 995
454 896
849 413
614 293
195 825
231 331
264 75
49 129
843 110
287 1000
882 749
904 515
260 497
460 270
680 505
117 947
106 104
853 448
399 183
564 341
640 413
682 927
833 553
532 417
82 192
554 241
176 415
593 11
45 704
858 112
884 468
1000 190
426 869
302 928
931 567
553 653
737 935
67 294
974 404
351 376
518 737
348 818
895 813
281 75
483 293
818 456
159 721
611 377
92 944
456 311
378 32
240 543
614 882
279 758
226 864
300 269
22 94
45 881
863 228
697 602
661 811
628 101
519 393
41 5
634 39
332 439
910 813
174 369
642 181
882 46
383 475
944 865
712 804
252 998
72 405
986 451
582 451
676 320
685 940
716 667
879 892
805 879
506 105
947 73
902 757
844 854
145 534
179 841
686 860
669 513
338 157
960 656
880 507
62 979
202 820
572 306
835 110
126 460
933 32
631 404
117 851
908 415
617 216
632 751
832 706
991 854
52 263
214 67
501 688
954 226
650 548
745 912
564 863
441 382
433 475
585 451
632 540
16 908
254 495
230 159
612 441
115 311
39 931
335 892
856 960
428 545
746 966
547 489
956 428
958 196
971 601
1 378
144 157
121 699
606 843
544 803
188 577
335 133
888 614
406 572
109 97
764 652
40 901
49 322
931 150
48 387
528 648
626 603
316 301
27 152
83 815
521 145
668 109
243 67
833 47
38 13
454 75
202 341
804 836
52 652
95 487
962 767
468 448
869 786
62 625
981 199
539 197
88 715
847 528
832 902
856 206
401 967
285 73
42 893
543 192
216 203
80 102
766 252
470 81
62 45
769 986
988 462
931 904
51 226
761 662
190 395
728 623
965 875
927 129
292 294
753 268
59 984
134 33
205 560
710 428
126 735
614 863
95 276
686 205
406 391
298 161
224 111
740 768
150 23
919 107
83 757
502 394
96 367
890 271
641 919
779 266
231 258
715 747
759 216
342 643
638 27
997 754
487 202
599 978
508 898
669 729
434 161
304 295
621 25
629 627
174 419
767 412
302 600
177 304
718 269
813 256
973 910
888 396
346 264
777 849
797 972
51 307
41 398
953 841
621 618
421 357
961 452
815 114
625 552
207 5
445 409
872 416
14 790
156 339
804 583
237 371
47 413
781 736
593 106
693 311
956 696
322 766
6 592
692 595
545 11
95 425
782 148
69 761
765 588
163 542
957 15
252 800
363 378
46 615
380 837
416 522
46 558
631 160
257 79
78 973
242 623
33 455
745 666
701 13
401 239
688 450
567 823
760 688
599 189
695 335
409 839
238 318
359 378
249 226
787 615
618 954
87 968
230 262
589 249
212 908
301 58
90 82
180 124
86 481
788 696
277 874
360 117
896 974
794 693
35 87
741 636
337 650
195 345
315 684
235 662
935 779
140 919
502 692
243 202
885 498
284 121
18 837
516 766
285 768
628 194
677 754
287 374
661 90
858 72
718 153
364 797
361 384
325 828
129 534
95 301
781 203
158 229
64 266
79 535
677 710
506 902
835 206
949 379
481 230
934 765
997 37
832 169
339 204
83 707
22 859
690 294
133 867
89 180
825 354
625 858
217 422
155 8
26 766
342 430
459 386
131 109
886 62
422 928
113 408
436 483
658 243
205 37
62 866
556 134
488 770
827 533
915 665
582 631
167 581
939 46
968 190
818 990
606 555
385 152
743 260
387 146
43 444
204 537
907 938
104 14
62 560
684 945
775 404
15 177
293 971
991 318
837 314
548 650
451 310
848 856
32 826
556 785
806 939
908 285
923 324
824 960
940 836
494 641
806 217
698 54
629 331
323 798
560 118
814 657
200 248
117 1000
107 108
77 368
270 774
604 580
23 877
611 854
346 163
547 288
703 656
158 403
256 360
546 813
311 38
692 618
866 269
923 142
