1000 2515917
10000
952 291
884 174
533 238
19 233
755 665
844 557
246 834
383 893
406 874
182 33
212 648
847 264
137 545
50 48
821 555
795 405
440 578
588 411
512 20
761 97
578 544
251 931
262 896
289 517
405 663
781 746
847 997
149 36
713 112
53 717
412 415
845 659
349 514
574 828
806 849
449 871
682 814
165 745
749 312
317 620
253 521
730 970
602 179
263 177
585 948
523 861
529 52
204 899
300 193
649 570
291 763
665 370
816 72
785 362
553 844
790 17
618 247
214 736
295 864
512 568
64 307
686 539
767 458
693 242
820 12
385 647
612 922
707 521
744 129
87 64
736 515
713 758
346 563
577 506
172 144
975 318
802 931
780 110
768 160
876 279
321 521
545 949
688 441
887 800
704 580
767 880
652 474
746 903
74 662
579 705
759 445
697 304
704 644
55 281
796 548
955 202
462 152
109 427
739 485
130 819
77 576
357 551
940 887
869 905
486 320
826 715
313 546
507 935
313 210
937 888
82 597
940 329
722 423
75 500
200 558
428 464
760 656
665 71
493 601
621 357
572 177
116 201
48 368
188 925
928 938
190 700
516 120
363 467
656 512
4 919
776 69
866 768
174 6
424 148
696 939
988 392
157 795
998 341
95 289
540 317
76 652
756 785
287 780
143 88
820 890
1000 540
884 301
759 882
262 543
83 165
556 941
467 203
591 531
53 992
515 429
560 79
225 936
876 579
131 68
716 82
545 365
189 69
111 615
598 392
234 670
659 176
255 82
701 919
691 581
41 915
607 240
709 717
947 917
903 662
6 237
419 269
798 896
275 141
516 477
549 996
762 4
297 428
150 7
155 476
930 412
293 164
862 865
145 182
906 166
573 934
657 585
26 390
767 223
747 979
896 740
133 335
155 401
442 114
872 172
876 827
76 976
511 792
518 49
481 943
623 350
613 357
122 833
196 605
343 725
286 568
223 294
195 894
689 690
264 306
483 167
255 390
699 646
77 284
283 477
401 464
118 242
329 589
214 911
333 530
151 926
91 998
412 994
525 679
583 874
877 214
123 751
246 300
415 273
196 750
802 206
209 481
325 339
884 152
530 702
942 574
898 115
308 160
813 533
710 776
935 267
266 761
19 773
58 36
300 842
738 882
245 250
736 19
231 316
603 251
1000 372
648 599
629 453
969 54
676 906
462 336
51 848
28 740
737 583
701 217
970 447
40 343
242 772
546 178
459 929
344 920
367 747
553 666
334 778
999 439
152 373
501 836
987 776
146 29
763 688
255 699
248 976
319 3
138 356
994 100
296 593
40 550
877 852
330 957
191 616
499 556
432 845
758 715
906 968
51 815
972 461
18 42
384 25
959 936
525 600
532 685
918 661
199 504
834 784
179 232
837 868
45 252
360 836
527 671
930 504
250 756
508 592
130 814
186 35
222 509
809 593
27 487
49 796
576 827
852 848
202 165
598 539
338 193
41 227
503 838
731 131
580 61
499 958
690 554
727 683
98 656
94 249
627 797
162 321
154 752
225 544
169 398
534 39
771 527
573 516
743 502
92 227
779 508
779 760
330 109
818 391
248 920
620 864
749 465
908 355
523 395
119 328
470 630
162 206
696 660
568 332
261 196
134 204
215 889
472 540
643 672
525 628
363 914
890 803
690 71
28 951
726 908
70 832
485 667
301 570
811 484
20 118
304 78
519 450
328 529
107 922
283 163
838 454
643 95
269 957
151 274
792 690
452 105
367 899
777 16
925 273
486 382
384 81
874 706
931 61
564 126
349 373
909 249
85 732
791 80
344 165
813 263
709 663
412 312
364 283
591 733
958 646
729 59
787 802
65 759
702 686
79 39
361 710
43 838
205 679
847 166
986 327
599 381
838 255
317 700
224 6
460 886
339 479
521 827
858 679
931 105
825 425
221 736
649 74
80 158
954 471
319 495
515 71
62 198
696 335
362 509
528 120
92 400
692 483
569 252
872 133
304 568
753 496
903 518
897 435
537 521
585 207
359 342
791 618
302 986
793 953
242 702
488 30
177 952
56 68
365 529
933 823
634 483
882 647
972 630
83 367
856 349
255 814
833 488
112 806
361 834
88 972
743 784
312 215
898 963
328 438
313 703
655 596
745 213
494 524
893 895
561 803
319 409
967 277
827 378
206 533
977 854
698 371
813 623
20 910
889 815
128 408
736 252
793 10
577 981
875 996
134 597
460 517
870 64
947 185
655 221
34 556
420 111
309 904
126 265
621 140
181 922
337 163
268 774
707 545
650 907
214 623
882 569
101 909
913 14
978 578
461 26
63 29
500 156
66 440
67 859
135 32
604 570
751 505
935 71
585 110
117 836
787 73
554 416
623 548
46 226
317 107
237 130
145 364
725 198
792 232
195 402
290 465
689 436
107 310
137 203
529 146
46 527
91 806
686 662
349 991
646 106
623 524
962 67
892 534
58 433
863 62
119 326
723 677
94 355
188 170
768 536
769 842
590 904
9 535
991 986
28 926
986 597
849 157
600 338
491 441
652 851
485 528
880 369
206 655
468 149
401 231
512 371
72 461
435 365
693 930
14 735
276 258
227 81
725 929
195 108
526 210
834 325
400 601
44 36
473 687
134 794
898 615
154 226
754 875
944 672
355 93
917 833
238 595
972 356
969 469
620 613
42 52
867 329
148 2
297 222
168 820
180 727
153 484
614 482
587 826
849 127
966 315
589 52
20 284
59 589
779 824
198 92
34 893
496 192
469 436
939 594
702 227
11 604
645 479
761 905
525 508
511 136
411 76
757 929
859 267
816 655
836 512
522 7
843 863
822 892
666 979
733 739
646 190
718 663
248 898
941 345
539 401
423 848
637 478
208 182
290 848
829 937
852 387
88 526
739 353
195 635
649 763
900 239
319 91
634 710
103 912
301 210
589 739
653 988
302 766
214 945
831 350
197 88
103 578
82 264
510 114
931 792
536 499
32 659
477 345
497 442
932 501
411 529
601 326
870 568
582 824
819 57
107 302
635 248
681 100
813 635
679 460
963 666
78 625
284 545
799 216
942 961
285 112
812 607
141 24
645 610
754 170
508 85
576 782
623 622
407 597
227 44
236 337
800 257
739 14
847 684
856 751
613 237
173 993
344 819
968 311
402 396
887 153
184 452
395 321
133 832
571 736
507 502
842 332
760 829
473 374
709 943
556 527
4 805
161 490
342 462
45 409
830 654
761 672
997 437
935 200
692 474
148 689
80 19
354 274
344 828
850 770
474 228
175 335
563 442
877 363
726 566
519 211
44 623
921 211
301 898
424 907
288 667
769 570
542 246
960 964
445 476
832 624
817 875
509 30
976 670
889 310
235 745
811 749
821 932
571 779
497 759
810 236
756 293
342 929
861 143
223 187
495 614
42 214
559 994
899 929
374 48
618 396
847 142
466 646
778 535
883 582
812 113
209 424
35 274
571 875
315 477
30 91
60 80
182 148
365 336
465 739
841 476
485 789
432 774
542 68
973 64
203 356
506 238
403 615
14 789
225 162
181 363
671 654
450 85
694 666
904 324
673 496
464 404
659 949
244 666
699 395
346 320
494 647
530 447
367 206
368 191
910 339
599 288
335 420
845 118
364 756
235 863
174 738
391 683
442 973
777 634
734 560
471 483
414 437
986 156
300 347
1 83
770 540
275 630
907 673
106 180
555 519
828 571
46 313
688 308
473 483
176 459
362 738
924 403
684 108
223 75
837 275
912 368
594 346
764 915
978 272
98 645
156 37
256 509
653 391
209 997
657 183
873 292
767 771
890 171
266 916
206 375
845 61
397 606
307 845
106 634
596 432
412 988
748 938
313 469
184 811
797 700
520 813
53 785
257 576
695 91
520 834
286 683
738 539
326 925
827 715
987 759
200 236
236 237
346 476
74 397
815 895
591 608
146 402
558 355
842 239
297 96
550 451
797 943
188 544
263 742
883 600
298 767
837 578
787 781
374 207
469 666
48 370
786 628
949 566
99 854
358 735
305 36
545 151
652 831
713 805
58 100
129 990
794 510
713 870
768 602
290 235
74 538
906 674
86 215
370 370
699 596
114 370
389 280
601 910
645 526
214 908
638 863
518 536
152 235
135 33
932 655
651 916
606 579
870 418
435 816
750 221
752 82
407 153
298 137
335 700
339 209
292 542
320 890
179 947
29 846
36 986
692 76
968 303
215 922
80 742
788 738
137 622
29 531
86 152
65 722
459 935
68 974
590 689
369 846
383 748
966 709
516 689
97 920
648 268
400 816
888 842
272 144
287 641
280 845
825 443
442 839
254 724
220 666
227 284
677 612
922 309
712 17
233 886
578 704
224 526
15 48
61 994
903 428
414 646
170 796
188 165
419 357
375 402
577 346
555 782
277 965
963 296
821 505
459 169
643 290
69 138
117 792
708 358
704 524
159 301
166 525
929 893
31 76
257 192
869 994
48 129
312 442
149 691
787 927
636 533
982 987
277 89
42 639
488 411
243 33
539 872
142 867
754 627
915 198
587 496
245 608
61 330
956 191
140 781
6 743
74 975
672 27
878 880
14 280
974 680
41 660
894 507
127 863
734 559
251 755
440 109
505 367
685 147
293 98
985 647
201 139
28 483
324 584
678 773
478 98
905 704
14 646
465 495
425 556
950 586
898 3
799 755
664 756
942 723
685 89
409 138
945 367
734 145
73 343
92 131
729 118
817 979
207 601
48 430
901 10
357 565
305 675
817 67
36 25
78 368
458 477
868 182
147 63
343 531
53 984
21 849
918 253
328 467
678 733
397 970
772 809
754 925
232 856
22 746
346 113
47 443
985 406
812 240
749 938
973 549
352 967
12 328
275 894
783 383
801 616
809 618
727 75
349 65
776 204
465 847
937 246
750 198
891 60
760 929
531 39
408 567
504 549
228 641
863 566
229 52
400 301
716 824
313 986
200 528
924 797
447 517
819 243
609 904
811 164
753 454
699 450
295 348
783 865
844 693
247 124
683 831
192 977
942 317
513 314
846 330
776 980
161 957
880 73
78 149
829 496
522 714
232 877
958 826
425 120
671 743
262 332
979 179
197 476
200 632
579 352
969 596
244 775
175 804
89 9
849 919
802 320
704 671
607 217
840 491
473 216
250 655
141 518
614 643
545 120
179 810
953 508
775 937
447 561
169 148
953 922
556 79
832 35
330 17
782 765
704 744
619 765
200 989
87 801
559 79
558 647
729 391
545 845
395 786
864 492
949 758
477 517
396 639
428 76
309 93
452 637
100 250
289 168
839 23
658 738
959 264
347 913
479 723
389 87
310 853
103 94
673 311
142 101
484 772
364 744
977 496
409 830
710 938
723 534
925 783
224 85
432 733
378 157
658 960
224 817
972 878
275 956
704 341
287 14
904 511
364 787
655 337
774 467
756 18
101 155
316 948
494 607
729 390
18 783
456 939
20 105
444 685
398 936
995 286
305 315
812 856
894 67
203 995
357 607
514 740
963 591
787 85
524 323
708 923
704 496
349 191
700 853
652 855
884 242
234 941
467 47
594 983
37 875
697 905
254 13
588 102
53 810
229 437
958 346
971 249
344 715
985 868
587 422
86 946
105 458
446 888
698 733
304 626
43 204
253 484
359 797
556 615
238 955
758 534
743 340
571 489
934 800
566 733
938 140
307 599
70 529
925 496
765 881
399 277
646 318
377 667
203 262
952 521
115 227
3 849
477 277
61 251
580 211
912 346
293 283
794 684
897 991
555 663
734 933
605 23
191 536
98 418
77 89
966 75
812 883
739 154
786 741
206 171
25 327
173 886
587 770
964 860
44 796
963 140
628 374
171 664
219 172
854 229
242 366
262 663
566 784
73 105
67 331
120 250
998 784
987 971
896 453
967 41
748 612
348 250
48 136
705 789
353 263
828 709
596 828
943 935
48 676
748 486
235 745
869 83
175 923
991 793
927 215
21 655
354 2
645 210
433 165
572 202
442 125
968 245
549 271
264 617
624 486
401 697
988 79
225 812
332 672
156 924
965 705
623 617
537 637
584 189
693 219
220 83
313 884
291 649
441 795
982 917
924 338
160 328
15 10
162 385
643 852
793 778
782 309
443 823
344 687
687 673
711 993
122 829
545 986
585 354
171 510
542 64
410 38
192 370
303 665
461 167
626 493
759 704
687 711
170 312
319 563
399 215
998 622
27 159
412 1
845 163
761 784
931 549
987 900
280 768
788 562
966 719
304 68
761 47
18 542
123 805
25 857
302 856
877 278
687 407
588 98
708 258
208 329
194 494
296 852
955 559
321 462
428 611
313 154
739 241
705 678
84 711
805 352
272 174
698 108
636 933
969 587
584 838
166 318
812 843
383 542
388 928
403 462
454 703
425 834
966 794
306 666
119 282
147 334
385 165
762 101
916 369
535 171
606 950
721 322
8 660
132 91
454 93
147 217
459 896
199 872
319 529
393 799
364 893
491 27
138 650
410 576
857 592
463 236
963 942
63 76
698 773
345 640
504 173
711 368
642 520
215 518
537 27
877 299
852 214
180 197
109 674
391 970
926 341
956 679
685 444
776 105
964 65
446 779
537 190
808 336
17 25
224 45
47 166
119 137
108 887
90 609
139 913
162 348
977 247
294 655
636 510
970 568
54 845
951 11
887 108
645 249
569 39
661 432
383 356
534 565
383 646
281 586
716 971
581 115
988 544
189 220
143 335
252 234
370 379
844 262
545 538
155 84
631 908
119 350
941 737
108 29
477 845
1000 278
845 676
637 836
515 918
440 114
135 563
928 501
702 621
332 604
588 986
168 713
693 257
58 777
521 727
55 964
423 800
912 202
656 261
816 880
146 215
154 431
447 578
340 254
238 153
498 528
668 150
245 514
566 499
865 802
729 913
954 304
963 81
660 30
756 684
869 555
125 381
113 676
134 703
838 761
82 830
760 979
353 231
400 324
495 493
889 661
186 506
771 336
269 199
570 499
215 977
565 837
364 742
89 882
606 348
421 2
677 593
781 773
53 483
905 674
669 133
636 784
814 266
290 206
818 303
187 63
843 464
309 460
74 16
234 750
561 917
439 780
197 754
744 181
480 803
192 586
228 131
361 675
796 413
725 521
458 652
749 882
360 295
438 412
453 400
737 372
673 819
88 378
554 184
427 732
977 830
129 145
919 764
179 946
476 452
787 183
288 886
971 412
267 227
418 963
813 845
534 312
15 532
146 882
474 998
733 800
233 96
511 148
698 930
979 259
880 144
818 599
863 733
408 645
760 941
20 962
483 457
866 799
194 678
102 699
889 619
475 774
317 33
324 961
616 549
377 734
180 581
280 238
816 647
526 778
827 502
563 118
356 463
123 550
205 813
273 945
592 666
51 461
335 234
585 961
235 532
764 918
272 783
28 977
374 897
275 597
745 345
235 338
923 891
276 19
919 557
100 693
815 781
913 895
966 985
963 394
352 936
651 515
932 847
323 793
10 250
17 597
668 290
583 449
258 16
997 215
685 825
620 122
798 995
100 740
872 663
764 353
247 192
675 541
331 553
982 816
123 674
587 4
121 681
825 28
100 42
404 753
382 878
597 491
543 693
187 540
573 248
261 792
327 638
164 449
555 120
531 732
973 584
770 972
510 400
240 737
380 250
330 403
825 799
266 396
924 382
398 751
939 360
952 82
735 93
317 811
555 827
77 290
900 13
651 655
75 200
826 670
889 837
27 721
772 929
101 468
146 199
508 880
648 87
306 57
996 763
823 611
496 240
914 109
305 311
720 486
631 635
719 1
781 114
279 602
749 521
695 678
271 872
528 48
528 288
592 996
928 328
704 133
383 70
807 422
890 219
611 986
689 604
529 113
738 626
551 867
7 25
734 269
655 732
67 686
790 824
339 639
77 635
607 845
571 133
149 73
726 835
233 578
534 74
862 81
686 536
648 500
213 132
41 699
908 808
347 93
369 212
644 740
16 616
628 607
853 391
769 291
875 259
434 271
853 855
990 136
464 513
860 626
468 627
587 220
381 85
734 130
785 427
866 547
3 635
293 913
938 447
267 810
932 299
593 526
733 681
886 494
261 882
28 637
231 475
715 885
849 101
544 906
710 636
10 24
793 645
631 169
45 183
786 887
651 171
45 400
777 159
364 331
49 832
23 557
908 898
520 554
405 52
937 305
24 34
835 552
171 519
690 267
800 237
604 699
444 760
799 735
451 875
592 857
485 543
550 165
918 749
470 706
521 395
541 370
537 499
122 445
974 775
325 588
292 9
48 654
195 677
668 803
539 44
318 328
876 697
570 711
97 914
123 207
184 777
300 421
93 87
517 62
293 352
798 945
184 438
132 11
162 352
969 819
197 221
885 65
571 752
878 838
164 876
23 73
110 853
453 793
239 738
271 44
341 970
962 865
855 499
113 373
472 441
401 591
297 644
97 6
936 506
156 990
771 593
836 63
897 966
348 547
976 866
334 902
662 363
121 96
354 704
79 985
653 568
399 559
83 63
394 119
972 564
605 343
713 936
738 952
739 222
703 546
596 623
2 173
822 963
31 466
901 759
461 214
697 881
188 714
607 37
269 687
410 880
175 110
178 293
775 641
825 468
757 322
131 862
489 387
72 329
551 492
533 129
628 282
405 647
780 279
420 702
302 527
244 422
819 130
275 88
807 921
927 321
856 334
686 999
802 186
301 853
716 946
840 78
453 122
674 129
348 427
263 63
746 397
826 229
15 735
420 357
676 310
555 382
746 868
898 449
337 196
205 999
982 30
824 18
498 485
855 973
167 126
306 937
836 966
432 635
319 447
472 304
12 418
46 707
995 13
626 608
784 652
990 179
646 614
724 448
790 612
295 486
917 694
612 824
400 791
113 589
820 210
566 645
703 295
829 683
8 725
994 772
125 830
191 233
856 980
70 52
892 942
590 534
394 268
328 20
263 292
380 266
885 532
266 668
219 529
522 473
895 902
936 309
74 18
292 300
292 543
900 148
627 979
492 369
485 433
905 937
636 867
206 541
107 856
591 334
956 268
280 338
893 290
245 797
87 381
632 41
951 855
750 606
181 987
809 468
232 463
809 426
683 10
470 255
33 956
212 168
4 819
925 119
642 703
66 305
182 323
367 857
124 690
153 839
751 317
726 259
274 474
401 138
230 303
36 212
289 965
736 773
414 361
767 892
270 887
856 696
874 957
967 856
840 239
446 953
928 456
603 424
819 423
576 582
945 887
36 864
570 930
97 702
137 636
761 492
866 639
532 659
491 745
521 359
155 20
685 293
835 130
88 759
651 628
693 951
283 698
521 442
54 505
641 234
170 479
313 941
511 709
987 451
790 550
29 215
107 208
762 324
665 694
966 831
404 462
114 211
559 831
398 877
71 888
761 439
969 46
54 292
476 961
195 843
247 838
412 806
891 847
521 233
578 466
333 506
618 818
422 30
901 504
521 355
66 78
380 28
209 774
135 42
896 820
259 164
785 92
998 834
211 556
639 595
952 829
309 643
268 386
565 722
222 987
5 900
331 389
415 717
456 107
818 763
141 195
158 178
975 251
300 1000
327 445
688 564
927 959
717 229
24 628
281 194
689 417
650 215
845 675
71 982
282 430
45 872
757 865
979 626
102 727
415 266
326 702
533 82
127 473
86 11
761 398
279 581
515 375
841 541
963 750
647 151
861 140
851 962
966 11
603 693
734 186
792 478
696 317
334 929
848 134
762 615
289 524
505 48
786 882
808 868
544 747
468 954
319 240
954 3
131 186
60 912
692 538
421 930
611 588
524 3
758 401
518 173
533 146
238 217
227 354
730 162
692 449
123 752
932 776
789 526
95 133
874 952
79 698
748 515
371 222
308 983
870 826
58 344
466 444
304 278
814 154
799 27
442 372
494 182
478 177
265 535
55 327
574 434
696 796
45 194
339 460
243 353
311 237
687 402
797 321
709 428
2 108
256 228
133 474
646 535
770 524
75 877
539 934
93 237
935 438
650 140
114 568
114 173
244 680
226 34
172 820
311 103
152 72
661 258
897 439
274 74
750 730
533 228
818 332
319 356
177 391
312 967
257 812
840 901
616 21
795 255
287 141
270 629
885 890
971 250
711 612
612 694
761 801
465 646
929 651
924 527
560 89
493 831
785 182
402 951
40 982
523 102
390 533
165 830
225 982
999 699
268 518
910 581
560 822
342 746
962 738
704 256
656 211
756 896
475 425
845 135
708 601
568 222
890 493
859 606
111 274
836 725
356 91
992 507
638 940
524 718
105 332
135 972
699 256
36 872
795 40
1000 891
724 666
924 541
145 648
40 288
412 720
723 514
526 10
836 218
171 938
954 2
561 486
512 159
954 244
876 10
507 136
47 348
698 51
591 274
416 637
752 782
283 471
897 790
581 288
753 358
599 549
165 890
21 740
357 988
397 26
504 518
665 152
367 873
242 202
145 953
838 643
583 30
263 550
94 14
27 581
262 612
712 302
137 263
610 389
598 431
110 549
828 666
878 92
626 729
46 11
978 653
97 930
619 670
963 51
443 241
952 393
65 256
193 201
359 388
124 667
60 950
411 127
666 361
866 78
502 331
438 348
405 244
655 43
253 312
780 580
392 768
77 548
889 602
758 284
954 196
817 864
871 941
142 140
328 748
337 628
400 552
137 169
885 722
37 153
686 47
745 309
290 742
335 728
136 77
514 337
955 942
522 301
50 470
452 506
794 896
869 888
441 496
260 160
718 146
776 1
687 889
100 441
785 598
411 674
227 114
117 33
202 685
864 399
731 117
152 479
122 466
845 852
923 34
393 455
815 390
986 487
503 105
582 221
157 117
386 266
89 732
625 128
789 835
570 563
386 686
820 764
319 219
409 808
151 850
595 573
218 523
927 211
378 482
569 279
654 702
609 174
353 786
990 862
823 928
614 312
475 851
313 736
350 303
932 99
28 785
459 903
24 690
610 468
530 154
852 509
472 521
855 216
613 765
641 525
662 547
557 121
545 102
501 386
680 633
886 513
393 273
563 408
721 63
620 994
813 46
791 404
678 760
321 812
707 849
577 139
286 419
685 794
248 71
577 801
232 248
328 656
509 719
561 678
719 442
93 222
680 788
730 456
998 248
726 967
846 800
391 263
404 712
539 533
737 599
863 269
236 335
964 989
454 720
117 588
337 19
7 788
428 264
68 572
617 922
925 607
446 674
888 6
31 721
413 622
464 870
59 418
733 19
673 802
625 888
244 552
544 819
278 893
435 799
612 742
216 10
119 210
650 475
861 537
33 904
864 72
62 813
893 19
214 188
395 330
411 562
790 27
730 238
645 68
839 934
775 67
893 331
836 273
850 418
535 996
245 91
802 868
650 755
184 826
685 249
539 979
458 333
89 378
800 298
633 115
155 898
350 165
607 29
464 73
421 717
74 152
576 287
30 889
32 950
23 139
493 320
558 794
300 880
942 173
457 974
924 714
819 737
388 885
485 513
749 880
855 674
488 947
108 44
114 847
945 595
238 415
791 595
147 574
592 285
96 700
735 855
612 222
100 682
117 560
57 617
51 651
516 203
902 909
930 268
404 450
31 117
800 463
779 149
789 227
79 39
849 365
223 312
820 563
396 409
824 373
266 560
934 756
83 214
586 752
693 737
7 354
423 654
789 732
429 972
174 512
356 877
629 271
1 131
622 853
535 440
972 515
75 1000
417 268
422 70
171 841
4 600
941 713
57 940
113 535
838 82
527 499
977 776
313 3
589 330
233 469
88 469
237 439
178 355
728 361
300 249
681 741
710 652
804 681
524 247
309 813
484 832
237 958
8 252
594 826
744 290
748 474
388 808
340 392
601 667
177 446
870 867
320 690
814 224
750 563
357 518
608 349
25 331
931 582
664 904
988 960
393 186
179 138
991 156
882 658
809 478
198 876
948 464
719 720
946 198
466 883
191 856
792 316
471 459
61 816
503 819
112 779
642 166
468 667
683 191
604 577
896 336
288 556
153 808
444 635
638 39
404 623
387 549
244 925
439 991
203 287
369 814
336 485
812 890
985 78
846 808
686 898
712 395
881 724
987 80
680 831
891 941
948 420
877 441
620 699
522 813
158 551
672 367
317 490
903 146
902 659
525 840
202 330
549 765
631 870
317 100
561 794
568 28
866 49
826 621
304 16
456 990
570 148
309 902
537 15
432 596
393 991
711 48
450 601
673 217
944 97
196 182
814 758
843 21
533 361
208 657
629 325
482 552
979 255
529 882
87 666
947 586
957 964
696 70
120 4
903 541
682 791
82 986
727 297
462 393
14 319
743 839
627 442
97 337
821 555
887 636
319 388
573 277
817 764
487 741
349 343
579 687
696 211
301 207
974 335
246 656
476 336
461 831
168 654
446 90
874 555
762 274
264 913
805 90
867 802
899 771
14 548
848 810
16 382
83 501
858 726
800 722
882 509
836 168
291 665
149 719
482 533
400 403
8 86
483 793
696 898
427 479
854 167
777 741
462 568
820 406
694 263
274 487
385 219
726 180
711 75
290 297
473 669
964 832
82 186
369 98
609 864
867 875
617 552
373 379
722 272
26 877
118 71
677 844
834 620
335 114
509 834
223 845
444 82
87 492
193 836
200 221
880 154
852 276
751 861
526 623
739 727
105 197
935 778
235 337
66 518
34 522
158 606
258 878
17 336
869 526
795 848
855 525
89 767
269 853
782 282
879 97
167 790
744 375
193 151
226 636
133 86
101 940
463 617
91 211
280 136
971 933
824 299
495 501
345 996
995 781
556 147
824 742
436 215
790 127
197 498
975 863
886 953
869 848
533 712
282 742
249 168
532 579
91 637
407 176
276 515
296 892
756 816
936 297
816 472
593 115
933 808
526 633
723 298
389 962
753 91
720 774
992 974
444 898
203 249
377 327
506 879
544 336
323 366
572 915
824 553
273 334
626 997
640 332
4 800
415 325
292 7
993 822
150 519
352 641
806 713
977 931
506 664
562 212
574 620
394 763
768 940
875 379
506 853
844 125
665 896
23 275
808 516
466 97
472 376
536 831
287 536
320 121
444 358
505 788
443 437
49 388
938 348
136 204
127 762
930 827
77 571
98 861
82 248
117 594
60 48
707 107
859 849
557 934
961 536
471 912
70 627
891 495
593 238
391 461
253 993
72 622
454 882
501 440
593 964
648 220
422 928
795 629
428 377
560 285
395 604
366 507
279 840
558 634
564 266
540 731
313 119
845 686
930 427
304 151
169 335
438 985
982 778
38 210
784 811
322 277
447 412
181 503
514 865
15 921
409 564
219 295
626 992
570 590
131 277
963 169
395 272
296 99
962 680
168 974
852 158
125 608
709 643
835 23
360 724
926 482
449 290
627 95
973 251
64 410
850 291
722 590
793 32
62 922
555 55
586 611
650 497
223 134
861 867
966 129
44 654
454 254
564 640
484 487
121 702
183 462
586 319
18 688
741 318
842 141
661 972
464 645
859 712
647 881
136 180
798 891
566 473
129 263
264 880
990 795
710 865
864 795
428 796
891 288
162 799
384 488
422 71
260 137
460 669
17 909
508 107
333 96
599 901
999 843
351 427
360 277
499 881
966 729
415 412
177 158
539 647
383 306
966 50
293 7
272 911
647 147
305 253
391 728
369 169
304 749
977 699
260 14
3 42
683 535
410 720
759 700
876 215
307 913
14 295
549 144
44 282
595 381
579 497
372 530
450 629
748 231
202 319
135 7
95 347
465 179
782 77
839 3
103 35
682 290
333 879
519 470
40 226
467 184
274 343
63 195
992 413
520 956
684 951
543 418
946 905
747 878
859 28
952 733
289 269
237 447
696 844
367 851
83 986
211 742
240 498
345 258
677 258
845 481
999 453
700 137
913 44
841 971
909 299
411 721
81 570
840 427
939 225
83 761
251 702
768 37
208 923
616 701
662 348
307 792
663 831
279 21
766 961
129 558
980 776
571 671
431 592
172 118
618 109
137 356
243 348
250 156
533 262
530 669
210 126
4 958
180 288
444 436
260 274
301 98
378 318
605 104
820 707
285 727
658 72
98 941
840 624
461 429
536 994
630 807
259 74
498 87
204 540
237 205
621 622
150 358
37 377
642 519
781 667
4 768
630 955
502 780
498 137
927 783
803 628
131 980
871 653
985 55
284 33
138 610
989 176
114 115
250 2
710 871
762 280
94 794
969 453
874 498
668 885
767 941
879 823
954 938
301 847
250 692
7 218
824 107
639 272
24 32
854 234
900 421
863 888
484 327
988 631
347 997
645 736
48 85
914 384
994 700
50 330
468 970
798 441
591 765
721 197
597 654
492 146
840 418
471 582
136 472
419 772
558 970
240 584
642 204
415 490
380 731
435 152
591 237
441 903
146 824
80 258
672 133
888 664
513 227
877 122
678 103
226 430
338 209
974 91
887 704
409 22
341 961
833 758
945 611
124 60
308 626
579 943
125 124
698 112
603 578
787 162
570 547
168 888
314 328
757 466
856 196
149 421
629 374
982 686
163 1
235 336
448 351
585 471
535 906
176 548
508 347
899 745
351 758
345 181
223 257
548 795
455 341
543 96
529 185
267 824
707 742
557 291
124 139
879 778
172 589
150 163
97 497
126 503
734 513
502 329
112 578
986 125
201 241
762 367
843 394
153 244
181 707
724 853
647 152
448 633
936 713
488 589
913 717
185 345
414 984
976 373
160 261
770 564
840 688
621 364
346 484
875 371
218 378
213 335
769 337
678 334
743 377
920 771
475 797
875 987
313 240
245 168
688 748
737 29
218 565
393 360
913 230
404 814
46 779
705 289
841 290
546 528
772 719
859 219
771 108
541 460
337 854
154 31
830 72
40 213
862 240
985 395
600 719
969 932
316 518
171 618
630 469
658 411
356 896
244 894
306 101
829 153
352 742
801 134
384 364
167 560
308 376
281 982
542 620
515 876
297 585
707 960
764 737
719 72
417 849
60 539
802 816
364 798
173 683
384 730
102 204
485 139
998 394
964 936
710 93
666 459
264 693
241 524
282 659
13 690
588 956
147 776
703 270
543 32
664 75
383 132
952 382
493 924
289 4
539 377
50 593
942 611
728 626
710 786
977 547
914 555
541 490
367 930
602 485
828 538
454 1
310 976
908 862
219 680
11 126
820 805
173 928
365 974
135 302
273 531
112 729
270 956
449 458
953 320
658 439
719 118
709 209
787 211
335 268
437 947
122 407
264 314
142 322
940 115
783 660
894 37
518 853
540 945
569 751
899 984
835 430
253 703
965 527
532 136
490 608
523 80
954 541
917 634
799 517
871 896
153 217
173 223
473 693
470 194
904 3
257 666
171 138
268 156
120 175
701 504
25 981
772 409
824 438
301 948
761 506
976 720
12 311
288 615
817 160
390 200
225 897
799 265
517 898
342 585
813 546
69 93
245 451
608 100
894 210
2 681
242 564
930 365
260 408
972 179
290 991
655 479
541 906
342 354
940 261
507 643
672 409
191 950
835 941
838 461
982 540
888 128
608 187
47 587
628 941
114 75
661 522
168 725
656 721
303 926
897 467
740 852
923 487
951 486
39 542
875 720
937 493
701 525
999 97
789 834
981 54
276 141
300 997
963 185
940 666
380 565
368 992
919 884
897 992
25 967
473 769
374 998
684 296
476 950
53 475
562 786
591 149
170 651
835 11
769 1000
621 899
539 660
616 7
961 387
873 907
93 132
139 889
139 537
956 298
150 280
990 916
893 15
215 385
11 933
113 502
945 98
32 804
851 278
981 191
993 703
358 703
326 714
106 846
724 935
13 636
110 645
840 260
205 966
326 534
481 520
800 427
703 999
352 86
343 865
888 447
202 998
126 37
302 134
876 271
420 772
988 363
992 893
72 327
632 980
826 312
432 323
210 237
152 33
88 769
442 713
194 703
917 523
499 707
7 491
693 791
172 284
431 267
64 598
96 185
889 953
381 121
521 200
396 479
411 380
144 538
417 192
170 454
224 229
433 543
245 194
743 48
197 777
214 861
895 982
308 813
627 627
311 200
299 584
687 793
547 923
688 723
425 916
807 287
243 84
232 360
326 707
819 582
476 117
684 179
893 616
2 372
526 973
593 617
239 468
33 779
803 824
78 141
923 950
249 705
275 793
706 985
287 307
170 887
668 113
326 887
559 291
911 611
425 853
14 500
157 347
879 184
873 649
401 876
128 236
998 92
707 99
236 58
280 813
820 298
553 286
641 880
857 334
503 148
20 914
612 152
921 254
66 473
419 252
438 699
440 246
537 957
974 745
834 84
207 159
722 814
667 170
230 386
295 950
581 262
652 343
407 635
649 5
553 996
132 988
227 472
379 710
700 404
561 121
587 244
456 621
449 542
750 502
354 159
632 905
330 725
830 646
60 560
736 596
856 634
226 407
483 820
729 681
872 64
307 815
754 848
359 59
482 887
207 635
258 991
253 735
327 978
434 849
252 298
268 788
542 426
852 447
432 23
870 571
733 861
591 491
524 388
646 247
267 915
428 159
367 325
186 142
871 225
629 570
857 891
512 23
315 944
571 216
639 981
425 932
959 84
563 622
239 194
737 760
210 772
357 710
977 740
263 74
968 224
855 817
766 186
245 850
923 197
409 216
870 250
782 301
909 161
678 512
57 515
162 175
191 598
892 687
719 103
75 136
326 46
797 893
356 509
128 738
502 323
712 527
346 379
366 190
767 226
125 959
757 302
598 18
824 674
621 255
189 518
474 454
742 236
587 671
759 403
630 381
366 277
506 233
807 240
575 930
682 162
804 322
800 601
790 467
58 283
367 389
615 35
897 208
54 412
823 296
377 189
571 996
1000 625
229 24
462 954
797 79
728 600
473 949
640 662
671 74
635 485
809 880
550 875
657 86
177 948
572 744
905 576
989 633
627 695
446 693
571 525
263 564
432 81
560 828
476 938
993 284
657 856
669 793
705 789
3 783
586 196
458 359
61 754
297 782
632 968
548 465
49 839
937 62
460 329
119 859
56 51
806 600
627 126
744 764
353 801
694 452
914 928
138 725
492 657
865 855
8 39
937 635
72 269
234 435
415 863
676 104
355 322
446 886
524 787
251 16
194 233
749 58
433 744
507 512
48 884
119 686
201 191
239 129
948 813
318 795
903 49
717 260
850 586
152 230
563 534
903 889
404 52
15 17
475 833
157 547
255 107
740 792
787 364
45 45
928 751
879 672
616 122
597 758
429 498
423 566
850 10
962 372
569 76
542 267
189 371
78 961
278 873
16 277
364 215
833 418
746 801
167 958
137 255
742 119
688 761
544 253
330 687
523 905
461 883
30 684
426 384
272 861
862 673
990 535
120 695
782 165
565 428
329 440
714 902
226 582
77 988
196 721
924 207
243 237
391 615
117 772
631 404
266 68
740 384
290 967
589 505
504 943
100 995
171 231
530 873
424 674
524 555
500 871
324 884
930 221
752 681
975 289
148 480
532 746
48 349
715 360
771 768
321 231
338 705
998 309
77 560
818 398
72 946
201 250
360 93
427 353
745 122
31 380
314 395
862 846
796 680
736 817
283 473
152 349
796 658
77 334
754 337
185 760
747 97
419 161
372 867
839 42
322 653
471 672
161 12
613 957
337 620
912 166
784 474
561 122
9 772
353 652
135 460
601 446
553 593
855 69
856 845
208 819
162 722
763 93
906 740
407 998
339 523
225 646
451 951
244 298
401 559
514 422
919 928
349 470
468 977
220 225
835 253
627 131
957 292
378 893
224 867
981 177
958 771
865 513
39 623
616 460
960 608
403 12
947 90
452 398
904 180
792 463
173 545
735 329
807 803
771 482
72 379
727 326
859 877
652 624
667 760
298 466
834 98
931 342
519 524
596 499
669 247
113 163
228 709
935 675
845 58
874 71
224 438
454 734
447 542
135 353
445 261
351 897
663 884
244 495
863 494
468 754
456 477
872 564
705 108
980 361
395 747
2 799
678 945
912 630
631 36
542 241
936 368
124 93
776 530
454 119
759 15
671 324
74 256
427 531
722 863
975 697
186 808
606 613
980 576
180 812
120 11
456 611
430 933
662 89
283 674
421 690
468 76
785 438
660 22
152 85
540 961
611 937
748 60
751 648
698 397
393 918
528 129
209 932
405 455
611 945
51 143
735 945
966 581
744 327
913 347
823 879
21 356
951 16
960 880
907 648
806 64
231 553
250 634
168 696
794 380
726 627
936 70
293 664
908 431
370 873
783 405
705 709
878 561
989 824
511 172
637 989
970 466
276 860
631 454
672 82
878 624
203 24
156 934
437 540
817 138
683 317
952 28
263 882
342 722
585 494
443 231
12 12
342 400
412 342
712 683
174 633
214 164
934 43
810 984
617 887
793 243
623 466
236 542
611 28
873 532
562 254
351 213
318 192
882 288
637 855
154 258
495 468
878 942
107 281
487 767
880 730
43 248
425 232
252 737
830 638
114 130
231 706
585 382
287 102
788 782
209 142
249 603
249 493
518 625
491 463
138 902
105 162
601 740
60 113
812 752
295 310
153 682
767 142
832 211
643 306
71 43
190 966
525 243
897 49
552 172
455 423
327 890
289 32
600 334
679 306
319 854
614 732
551 622
916 839
277 345
338 901
481 893
411 491
452 522
667 640
570 226
96 349
289 849
858 289
803 628
6 602
115 338
359 741
731 178
636 239
695 526
93 786
799 490
286 535
918 771
937 347
320 898
287 171
143 949
940 36
990 62
737 614
494 118
984 388
288 570
626 50
104 984
955 956
190 600
190 851
240 536
907 221
57 147
498 205
591 406
503 311
755 521
4 370
261 900
578 83
184 852
992 116
769 799
728 823
319 842
358 995
998 601
841 389
955 111
853 673
365 515
864 6
364 120
608 8
387 475
457 571
612 622
982 144
710 508
829 558
638 171
347 679
680 869
239 4
257 512
711 617
562 166
653 535
151 590
423 936
526 971
478 434
176 4
278 843
805 450
626 368
521 732
571 985
727 95
183 362
246 215
211 413
580 1000
270 870
915 320
318 158
225 957
36 144
934 618
712 698
982 236
218 643
992 399
232 844
521 698
433 323
695 685
411 361
855 528
439 19
618 827
577 470
1 931
285 519
32 380
186 172
104 562
6 925
420 774
468 472
718 278
832 17
974 184
182 74
868 147
281 141
794 769
955 665
644 72
516 886
229 148
253 489
99 974
136 830
535 324
661 986
246 235
584 280
426 327
585 381
637 911
197 599
984 558
244 318
747 910
544 31
272 894
654 940
252 146
308 962
933 575
246 375
932 126
890 687
471 147
751 358
430 44
849 400
44 723
532 242
719 738
637 213
260 271
588 877
809 815
931 659
399 327
466 958
160 636
503 874
106 28
943 317
572 246
114 520
285 234
78 187
338 7
147 557
8 579
168 627
434 8
220 116
357 340
152 5
193 155
55 925
590 762
877 119
153 750
241 119
160 231
117 406
500 953
57 836
864 773
103 407
349 259
651 773
597 945
813 178
153 638
70 28
963 224
628 620
637 968
856 591
83 948
629 336
619 11
881 310
859 688
752 943
793 575
737 877
381 833
625 530
806 739
708 709
180 533
637 395
785 355
788 346
982 980
936 268
881 70
961 813
190 816
509 690
661 195
129 281
51 516
814 379
575 235
636 518
11 136
35 429
259 349
242 241
894 59
221 531
849 706
167 180
785 960
205 863
159 488
436 837
919 332
842 568
195 956
206 382
13 313
77 678
23 781
682 118
397 914
865 832
315 532
919 336
759 157
111 12
260 979
83 197
703 513
280 580
719 775
191 691
109 985
694 633
699 675
71 216
465 227
849 795
605 797
465 649
148 435
281 141
14 5
195 42
928 438
202 533
594 319
107 470
959 30
372 772
423 800
153 477
380 481
333 493
629 439
408 186
168 230
431 204
274 289
700 310
555 81
920 869
243 188
290 585
277 135
796 360
111 828
46 165
240 91
776 680
106 873
488 438
103 344
444 524
256 782
32 619
901 531
369 554
889 200
668 771
137 585
42 991
725 131
400 523
456 205
802 153
521 498
822 382
49 103
971 105
418 570
707 943
547 755
708 157
515 630
605 924
934 436
926 328
135 676
65 952
229 618
509 592
498 997
923 16
294 256
598 828
408 138
220 62
102 257
768 240
580 33
121 913
370 981
208 967
717 117
203 83
522 782
99 348
578 9
992 896
679 125
829 666
286 464
180 744
284 469
728 442
961 748
400 532
103 882
677 740
260 865
251 620
765 213
317 297
562 39
745 937
443 176
338 510
360 156
759 47
289 623
913 968
686 18
9 626
612 20
307 837
997 994
403 129
265 9
539 388
792 32
223 203
435 840
371 530
474 619
85 158
499 506
895 401
812 309
803 996
791 575
697 909
452 967
298 491
697 159
416 472
894 481
351 358
249 955
435 535
369 966
927 455
52 841
92 230
258 659
489 914
235 475
455 395
239 9
731 14
324 244
764 509
757 217
626 645
455 298
126 441
992 153
993 862
873 434
398 868
96 738
563 926
408 488
979 921
249 279
574 742
56 245
946 231
227 755
999 261
198 478
617 757
57 636
736 784
464 928
423 745
843 102
626 705
57 605
48 219
38 116
227 8
941 493
263 377
180 434
598 677
289 695
986 161
241 220
682 507
402 600
232 155
857 754
271 706
660 500
566 103
963 617
213 463
26 997
672 816
307 382
337 112
145 773
7 74
108 213
773 620
683 363
717 80
684 861
726 905
678 406
214 204
23 1000
493 146
455 863
216 994
429 155
207 926
964 993
566 805
807 364
668 883
38 411
985 493
585 287
353 855
255 249
338 564
858 106
404 774
408 171
242 390
616 853
702 223
772 328
199 587
300 331
851 816
310 263
5 832
423 76
477 940
65 497
751 612
296 957
689 625
596 174
166 734
953 927
349 880
866 141
956 313
926 591
679 404
965 770
861 351
218 914
196 142
189 45
851 377
406 243
106 416
52 537
210 544
279 602
559 219
184 214
18 826
543 570
362 790
22 166
89 733
182 321
640 11
931 206
996 54
619 528
452 601
478 349
527 158
950 634
454 306
266 428
773 166
863 577
540 147
326 776
87 216
667 831
654 78
832 75
896 403
750 581
506 226
417 166
923 341
223 829
276 855
704 514
77 520
566 62
445 800
656 199
72 294
980 510
451 753
932 453
761 705
518 229
736 236
604 759
718 545
160 459
320 66
889 862
608 136
403 768
5 140
844 470
706 935
40 185
315 243
74 310
480 919
220 96
196 286
459 385
340 898
248 271
562 898
724 136
456 257
331 211
635 358
852 544
177 34
198 100
685 680
544 713
628 823
499 781
465 940
404 746
578 938
595 75
214 703
309 677
654 243
705 344
279 180
294 17
580 993
645 44
381 639
53 133
252 345
989 29
957 112
905 943
961 811
757 564
398 753
828 74
694 598
93 396
5 303
134 320
130 889
945 114
423 388
492 738
144 40
535 631
33 480
502 904
411 499
532 567
922 969
247 814
167 723
239 127
545 910
556 66
313 830
469 719
222 195
464 489
664 508
143 876
903 809
938 913
430 374
560 685
153 138
791 956
86 191
108 700
597 885
211 312
940 933
474 353
468 696
56 962
132 325
405 385
663 431
292 98
145 288
180 506
968 320
275 957
693 649
546 749
55 146
730 35
647 223
235 746
494 865
539 985
794 656
74 675
428 922
240 308
689 323
915 20
732 492
158 992
423 42
293 62
205 21
4 219
526 330
17 277
612 130
708 512
311 961
228 198
540 550
917 516
679 86
458 302
299 261
475 300
563 564
324 355
80 242
980 621
250 16
69 178
663 914
360 444
799 510
244 23
751 674
178 190
965 61
108 951
847 943
910 905
161 135
832 90
930 320
806 942
658 51
320 344
505 457
32 606
968 371
661 639
335 977
258 299
154 996
493 568
174 673
552 598
437 703
209 704
108 639
641 826
538 495
540 218
664 186
933 663
180 994
777 473
246 835
978 629
945 644
734 20
836 693
330 893
808 134
723 107
436 691
304 982
624 199
907 973
829 300
597 468
826 883
928 333
44 908
728 492
273 629
709 17
565 216
594 39
482 705
453 953
902 850
38 391
108 897
78 514
154 819
801 193
874 519
228 617
493 109
877 405
455 812
802 689
310 535
865 681
741 442
547 262
290 443
991 929
294 751
380 779
411 259
188 185
934 961
86 501
619 776
294 152
730 963
297 546
527 238
684 318
738 930
477 817
388 851
970 844
300 779
597 328
96 528
758 90
621 676
44 529
566 196
44 305
781 509
734 413
821 380
343 99
11 69
517 765
492 608
364 80
81 353
758 970
770 925
243 598
611 233
40 878
489 363
867 184
409 23
691 176
430 901
212 271
66 109
771 76
235 373
713 343
299 553
689 878
910 318
1000 72
762 933
660 948
3 372
589 580
736 99
558 944
236 397
210 421
314 335
861 11
66 833
254 477
254 886
774 119
152 113
106 419
489 123
800 390
556 721
670 59
796 294
104 671
730 293
444 729
119 661
686 375
155 317
130 400
234 471
627 713
864 939
348 206
229 327
792 399
979 845
591 10
445 244
679 763
751 448
97 283
781 179
412 924
906 622
888 302
838 988
401 855
379 567
680 209
179 72
745 614
309 914
55 932
581 751
927 459
672 430
826 115
237 561
401 626
725 797
294 282
538 824
448 713
585 866
307 96
34 435
572 189
794 932
967 867
650 580
429 830
513 629
107 642
9 350
518 425
76 541
521 819
666 470
778 944
779 306
18 31
781 606
571 462
303 938
831 267
671 797
232 57
505 813
327 761
928 620
946 869
83 614
557 750
733 560
188 479
673 190
829 5
979 48
195 308
412 84
934 925
446 911
69 579
239 721
213 821
983 606
765 369
328 627
685 750
559 258
533 502
354 851
343 567
217 570
878 761
904 434
47 372
726 821
269 761
140 295
503 498
419 813
773 57
128 412
500 357
705 5
948 988
353 218
847 133
30 552
401 989
305 424
529 454
185 890
849 344
302 487
92 14
887 799
379 436
563 984
28 988
822 273
529 451
59 883
287 461
830 709
525 873
83 388
864 747
768 815
122 234
839 809
697 592
222 675
355 716
851 225
820 901
351 49
555 984
619 363
494 675
857 844
317 689
732 432
714 141
376 844
161 278
942 31
510 528
770 270
606 933
231 724
798 579
295 854
214 542
39 39
42 582
645 15
378 131
50 950
955 78
685 88
313 996
832 874
451 521
163 216
911 839
848 560
970 626
338 561
987 352
292 534
72 410
245 287
256 181
306 747
216 986
253 357
582 87
137 806
701 61
272 223
707 664
159 932
404 622
905 697
790 865
527 972
130 864
616 949
94 524
287 940
877 249
524 393
72 200
47 568
140 46
498 15
462 693
223 588
44 528
648 958
917 848
594 647
974 51
641 107
861 330
277 846
664 701
978 140
176 453
927 447
700 716
740 799
807 68
263 665
882 808
754 614
512 752
356 236
561 399
236 207
399 28
360 599
501 382
601 309
735 646
89 203
25 649
52 56
690 809
747 795
150 593
748 686
643 648
882 947
652 510
334 461
685 143
638 353
561 626
5 533
867 459
392 940
210 344
709 195
437 319
984 461
448 146
100 260
93 593
792 991
140 111
636 252
40 734
616 698
629 501
597 693
857 55
98 703
763 229
356 154
277 791
157 805
669 436
263 128
973 320
518 851
667 481
489 838
755 241
185 416
260 559
329 849
413 687
669 354
53 768
774 140
622 581
291 459
449 360
242 411
867 642
797 329
360 329
525 125
295 189
215 888
297 748
833 117
75 846
31 24
97 403
605 761
427 855
868 235
13 288
387 1000
726 442
366 721
538 359
660 865
911 211
282 863
797 656
458 487
753 282
371 530
485 846
751 952
951 726
701 980
332 645
785 42
501 212
12 24
329 673
135 768
776 490
930 242
615 279
784 883
734 804
706 117
963 246
61 898
517 681
278 933
31 251
208 770
357 143
830 51
333 974
826 459
653 755
382 164
256 393
664 672
886 906
12 630
13 931
230 60
840 704
951 510
265 483
615 310
759 18
448 965
583 124
61 177
588 520
903 243
635 649
168 16
417 231
108 709
965 524
245 709
395 963
679 451
628 136
278 554
616 330
1000 278
750 894
984 746
258 303
498 383
43 255
747 873
779 456
375 499
480 322
692 216
203 165
898 460
434 438
91 270
418 8
395 453
174 938
164 60
520 267
608 305
236 196
824 147
396 727
440 459
824 756
622 131
667 238
787 469
689 133
122 626
657 871
177 295
893 306
162 291
639 309
542 311
157 442
611 757
78 146
407 203
581 197
906 640
76 389
677 646
18 725
907 252
304 170
204 568
556 614
455 195
532 514
611 821
222 837
835 448
603 841
65 422
437 908
58 703
426 340
597 439
420 122
239 171
799 202
219 368
917 166
834 952
734 34
785 800
409 51
823 186
774 240
701 89
229 153
321 534
236 885
645 177
456 935
236 378
164 407
430 289
209 507
969 808
926 558
800 552
529 146
918 373
110 569
131 911
552 315
22 131
361 63
204 713
980 79
130 433
734 742
33 692
795 24
417 206
575 484
563 404
504 931
576 854
289 244
118 892
956 751
376 620
976 740
953 706
569 789
911 801
296 298
253 951
36 336
119 675
593 804
337 879
821 696
332 844
317 160
122 33
918 565
640 643
827 784
798 701
353 57
45 809
678 6
745 266
958 291
555 278
606 734
647 391
684 427
1000 565
465 141
760 155
313 27
502 915
438 162
805 486
621 787
351 484
112 721
13 753
713 411
196 936
831 421
195 646
574 284
905 62
528 448
741 510
312 381
899 551
710 719
762 337
167 732
145 516
866 893
464 800
291 242
73 659
366 513
473 418
201 977
998 757
196 640
724 978
422 434
789 70
94 171
809 258
313 463
971 846
978 55
575 120
121 44
282 880
664 493
429 37
455 567
534 478
635 175
683 602
769 675
651 985
114 52
776 76
65 464
996 538
305 583
521 348
528 616
226 316
862 393
162 784
909 551
713 556
767 732
785 11
370 323
739 73
671 912
312 794
138 507
644 821
207 425
435 247
320 135
72 493
342 161
144 140
481 444
95 871
864 785
154 153
110 40
518 389
370 744
187 701
446 987
599 97
846 850
642 433
494 189
47 435
5 99
150 628
271 54
302 700
109 909
591 246
476 664
42 138
783 987
805 779
613 348
211 572
435 915
460 152
761 657
442 88
971 84
421 704
874 868
637 595
382 873
83 670
673 790
263 311
996 949
204 794
667 338
115 987
701 295
98 383
38 680
117 159
501 397
592 937
565 851
786 2
870 969
151 731
654 581
442 748
498 878
79 638
311 303
54 695
490 176
149 346
970 256
824 141
172 928
386 386
985 232
503 301
372 944
246 383
69 572
989 523
407 592
309 291
780 943
250 152
547 536
843 653
807 550
330 557
362 600
247 942
341 434
788 592
528 946
448 378
33 680
644 439
630 364
822 640
513 365
679 383
894 854
583 510
243 553
685 936
704 576
292 773
835 16
997 805
204 273
538 424
201 170
347 938
414 315
285 436
589 135
617 76
867 114
234 259
531 127
756 311
112 669
117 771
347 534
861 665
720 96
405 256
951 33
96 400
130 552
194 113
176 583
486 463
866 696
8 318
450 459
356 125
621 136
379 981
554 160
554 821
604 11
315 824
711 693
461 91
293 66
138 435
970 976
502 907
410 829
595 395
543 981
792 300
511 818
255 62
747 588
157 883
446 395
563 222
197 504
147 378
554 460
32 766
597 551
948 502
414 462
277 763
196 721
936 120
714 328
199 715
822 601
218 42
253 583
442 184
130 465
390 154
369 612
692 749
846 518
804 381
208 967
933 246
15 730
136 237
222 521
811 577
244 944
736 16
111 526
465 451
799 333
759 826
312 391
123 423
935 89
81 95
787 292
460 715
632 548
157 858
39 799
738 646
772 684
863 848
893 337
164 764
501 928
674 755
354 989
509 62
463 689
501 342
176 16
437 943
873 946
622 304
930 349
799 749
225 640
949 270
710 37
443 638
268 387
164 121
959 59
992 715
695 513
106 57
822 212
466 185
90 611
262 519
285 8
809 686
712 143
530 842
895 123
127 424
692 447
290 944
505 478
413 45
795 856
73 944
237 378
794 734
957 803
772 193
391 123
281 382
821 525
25 576
9 561
409 601
250 919
617 449
154 951
33 17
346 681
238 624
16 250
429 98
146 134
960 391
29 370
812 175
930 371
431 420
144 582
243 928
722 544
669 961
849 713
895 250
877 593
479 318
531 515
296 661
947 421
901 214
974 329
604 857
336 659
872 395
907 947
802 660
890 368
776 748
981 423
257 855
149 36
898 475
960 209
219 670
802 970
478 595
176 868
922 625
560 647
586 357
606 618
882 490
130 316
559 651
929 460
205 67
257 131
395 754
38 162
428 826
583 793
241 567
70 534
69 319
417 921
85 951
443 255
202 698
736 544
823 672
700 602
349 201
758 550
83 298
93 560
577 429
410 219
230 650
815 144
264 101
118 512
531 52
13 631
421 584
624 440
30 698
943 295
107 618
374 403
423 663
1000 565
837 882
43 514
721 322
546 7
838 392
320 785
477 135
564 170
664 286
928 498
700 241
914 620
860 489
595 406
573 735
156 563
267 641
704 168
190 898
692 648
523 51
662 835
503 468
233 740
797 387
60 28
856 139
340 108
18 45
481 606
449 120
853 81
616 794
833 244
186 647
256 96
40 495
889 300
632 778
133 172
398 856
450 408
582 871
430 232
515 286
181 648
86 137
50 471
786 446
687 502
890 650
797 400
712 902
928 36
423 676
865 647
917 675
799 352
891 303
285 336
75 136
978 110
317 339
826 606
658 144
646 37
75 409
866 788
724 690
726 323
364 494
574 269
514 914
949 521
947 487
982 418
943 317
231 235
972 208
264 275
959 294
586 775
379 354
779 267
339 575
10 744
737 207
430 455
986 780
866 560
188 641
23 247
833 183
976 249
86 937
927 773
816 967
37 686
125 816
399 99
926 296
649 692
772 830
152 551
79 960
864 649
384 246
87 463
238 832
677 749
842 12
462 716
883 135
519 638
446 124
74 799
899 861
83 152
285 751
327 904
671 856
802 753
944 849
478 724
145 262
270 158
444 315
991 894
816 484
745 825
476 674
172 993
716 21
158 853
285 400
498 681
38 120
145 901
753 517
181 400
89 53
557 223
149 829
435 915
945 876
996 472
695 140
114 955
324 896
888 818
830 114
1000 608
430 493
767 234
412 193
291 130
163 466
366 783
714 526
986 335
335 534
548 68
710 72
235 495
131 683
916 615
766 819
873 714
152 578
734 248
188 111
823 724
389 471
67 925
787 346
205 268
61 263
932 689
363 273
282 435
494 414
619 285
899 291
894 456
280 869
702 925
847 821
848 817
713 788
638 820
757 88
821 119
670 36
963 231
529 112
851 562
768 929
931 285
762 333
631 239
148 325
106 896
128 207
533 43
392 279
343 363
51 560
417 209
205 237
656 633
966 807
88 78
769 510
577 92
886 165
362 845
959 303
197 3
914 378
22 176
406 982
493 75
59 174
665 270
562 870
614 447
144 714
614 238
91 63
679 964
429 469
317 531
349 169
526 982
727 575
523 742
370 141
775 919
96 236
140 646
536 187
998 369
679 622
128 1
146 542
341 807
330 590
967 433
649 449
374 763
999 72
817 554
180 674
252 48
497 897
241 144
84 19
698 994
87 704
26 875
11 975
948 39
695 559
708 825
348 256
12 150
918 460
583 23
915 112
97 156
136 1000
462 811
901 933
648 560
608 860
409 618
727 140
977 81
993 182
139 97
430 210
792 821
427 141
462 78
47 542
996 62
978 178
222 324
904 737
163 50
141 319
530 453
609 509
851 370
156 384
31 93
456 587
663 403
975 734
329 782
256 969
156 147
906 199
937 293
911 889
93 559
348 829
399 85
584 192
44 864
630 764
101 505
443 771
674 6
365 68
23 994
829 870
112 287
344 443
115 576
100 305
657 512
652 910
869 450
811 41
139 924
767 507
492 531
972 824
601 623
2 121
384 993
844 511
552 78
982 631
452 662
698 178
735 124
788 673
85 220
359 490
375 803
868 770
18 806
194 255
100 315
115 769
587 495
546 852
793 743
208 107
180 892
187 868
396 84
542 128
176 587
190 881
457 82
8 351
155 618
735 734
454 192
116 349
835 887
972 757
471 273
173 744
134 747
711 286
157 683
647 8
579 333
619 708
589 592
505 26
967 366
973 667
359 884
480 960
140 364
633 608
733 518
142 587
174 983
200 682
798 790
624 679
501 346
207 729
479 776
398 792
831 217
368 215
945 903
742 172
115 665
484 147
596 940
938 740
802 447
56 557
836 669
681 185
630 337
643 29
303 565
352 502
68 976
247 616
490 945
730 3
820 656
712 533
673 613
176 43
798 970
421 799
736 621
631 63
89 724
633 779
733 341
694 228
14 63
895 104
852 740
2 137
290 700
375 29
244 982
473 374
461 922
405 821
309 602
459 155
496 116
134 428
692 220
123 751
742 946
16 68
452 956
825 686
124 868
373 537
476 808
468 274
866 946
421 96
417 235
315 850
594 781
386 702
316 679
206 274
713 362
841 9
339 861
224 187
973 553
425 707
806 520
503 85
448 258
625 147
655 362
474 912
590 96
111 914
123 148
27 342
988 531
295 164
394 650
355 129
206 961
550 553
598 149
793 133
619 515
359 963
619 444
307 859
38 446
432 166
949 374
989 87
394 388
341 471
455 629
730 460
802 887
462 477
529 76
746 999
896 304
412 406
628 202
24 172
223 859
923 801
839 828
727 394
699 243
123 299
951 740
456 579
350 691
986 400
13 249
131 938
237 879
301 23
405 433
966 383
521 189
980 435
468 390
11 946
723 772
495 490
363 493
940 480
306 330
304 245
880 342
314 368
689 606
381 884
38 771
304 544
681 306
807 573
768 266
4 654
950 708
673 402
327 811
663 977
82 685
577 725
265 106
436 332
204 62
132 267
670 170
442 953
273 296
251 501
893 961
183 625
948 261
210 536
88 643
30 332
919 427
145 768
576 730
280 884
68 12
246 782
950 76
445 370
780 159
898 222
378 476
666 587
863 848
464 983
384 476
991 590
991 60
680 581
190 815
499 196
818 622
696 329
763 141
287 740
731 736
853 404
799 494
79 975
815 833
580 532
358 611
328 609
299 659
939 48
637 683
813 930
631 211
174 394
303 188
635 661
13 114
407 654
309 988
669 301
736 998
2 519
140 970
419 314
433 735
378 705
557 423
185 113
534 332
352 774
954 968
108 125
239 209
858 75
997 980
938 277
504 51
67 923
253 454
699 552
258 508
663 295
321 189
539 121
939 816
998 426
627 336
800 949
966 284
260 528
46 469
485 204
404 75
875 708
163 831
254 783
676 807
414 39
761 903
145 656
429 595
664 686
512 638
306 422
578 535
383 70
714 734
872 353
46 464
44 222
214 790
642 782
928 918
713 684
261 355
14 639
442 94
924 634
477 197
253 67
86 759
109 80
696 696
639 342
47 964
950 292
728 351
174 274
129 169
778 753
263 307
710 411
854 447
761 68
35 253
958 172
439 372
232 344
381 222
183 14
713 820
547 645
806 363
165 153
147 378
962 971
841 252
310 509
631 493
134 978
913 40
443 813
587 646
663 733
310 338
392 1000
915 87
718 890
84 462
453 324
886 337
462 511
315 457
677 3
364 790
856 782
761 281
239 762
156 819
5 577
37 165
1 50
708 982
423 507
180 252
552 222
451 419
552 455
119 146
553 250
843 51
70 676
526 582
895 376
659 863
178 832
865 83
759 416
206 388
75 401
377 107
651 491
819 437
577 289
870 949
560 473
367 929
872 775
983 341
30 192
328 916
902 474
585 866
813 479
904 636
783 218
299 148
106 462
414 68
168 944
308 454
298 954
57 758
621 437
763 425
72 941
616 993
648 890
404 195
482 765
425 860
686 168
28 615
426 404
758 156
401 135
639 651
146 999
336 415
668 601
675 160
873 881
809 374
569 677
437 643
597 343
172 299
917 202
320 989
627 987
581 503
922 218
851 890
622 124
293 14
984 636
104 854
234 93
485 915
41 323
96 938
918 284
765 620
519 501
533 51
425 171
744 192
202 376
497 948
822 48
610 623
51 834
269 153
257 609
699 542
807 276
498 673
936 550
456 996
954 427
423 192
369 217
157 807
131 98
548 920
924 677
82 291
585 337
493 32
506 477
555 39
92 518
227 884
184 152
170 442
931 94
733 270
326 852
550 511
913 486
602 377
978 796
777 386
492 673
104 602
858 746
93 420
108 900
387 235
658 566
493 236
50 993
90 1000
820 717
721 160
245 393
441 182
201 768
882 226
709 861
986 955
11 213
471 766
308 653
30 171
604 385
908 846
131 542
968 832
707 97
561 612
125 802
309 618
951 50
493 735
548 531
931 881
643 431
253 53
703 555
900 767
597 957
894 848
961 947
946 485
953 110
883 175
743 814
303 248
635 468
99 75
14 770
586 496
536 882
82 526
979 414
188 506
515 953
976 451
850 832
956 745
618 204
669 455
592 93
340 154
495 64
408 247
168 954
778 559
480 636
464 739
654 575
234 341
391 732
122 285
647 223
893 904
737 642
782 319
334 172
15 868
782 13
189 681
524 160
614 901
193 180
628 482
367 33
487 970
366 175
929 536
208 473
552 610
476 380
541 214
597 45
106 245
386 591
97 516
332 679
771 515
215 270
810 630
269 864
45 503
995 782
979 688
240 587
531 583
381 955
407 129
167 251
409 229
637 954
425 137
569 458
528 666
585 204
319 775
46 718
192 630
858 150
831 359
199 653
759 992
711 291
985 499
380 584
995 28
539 817
834 595
53 67
707 539
662 261
628 161
337 942
592 159
315 892
980 324
900 33
741 237
889 950
23 873
918 579
259 454
32 583
167 614
585 593
3 520
512 701
793 332
189 251
777 304
593 646
632 348
987 223
495 953
480 441
277 959
251 779
132 835
285 265
450 636
112 176
466 837
597 862
292 958
277 788
759 14
757 180
875 531
190 928
31 412
65 159
773 834
905 130
878 157
335 915
293 890
531 234
273 620
255 603
575 432
554 130
628 789
60 544
897 308
665 279
378 97
420 221
805 762
229 564
589 779
886 652
913 716
583 702
443 40
868 187
519 339
757 637
3 913
314 488
43 191
856 834
295 310
866 13
709 911
34 829
944 989
99 703
145 5
595 990
873 327
448 889
839 993
542 133
395 556
114 182
263 630
857 431
876 347
257 269
910 732
887 965
491 79
519 327
15 893
857 811
430 891
14 371
406 830
63 101
303 560
136 510
919 679
675 887
616 211
858 936
852 345
442 48
876 369
742 356
832 673
615 716
938 732
818 998
752 416
596 60
498 907
710 93
360 490
568 508
121 945
680 396
974 805
538 194
900 366
602 544
557 99
836 206
939 618
938 836
838 403
165 741
866 248
694 869
631 326
246 322
470 631
948 940
100 946
900 87
362 610
512 411
59 295
143 48
852 824
992 351
423 262
133 758
952 1
181 31
679 129
396 715
336 876
571 462
463 620
977 377
130 51
902 424
381 937
47 565
592 68
21 154
950 854
364 741
588 145
805 427
747 762
883 791
906 161
287 661
835 188
948 349
871 628
981 903
41 587
741 369
977 910
62 617
346 735
11 752
106 378
467 16
101 598
856 494
305 736
496 677
913 220
875 942
306 813
841 914
197 220
236 233
801 171
232 526
792 40
802 569
781 509
708 474
949 973
958 733
901 273
36 820
791 583
191 145
373 197
209 739
739 123
346 753
963 846
666 191
323 725
910 42
195 761
302 885
673 952
947 963
123 558
404 330
152 127
220 37
530 942
149 729
988 653
818 65
438 663
598 532
71 713
815 664
1000 245
845 395
739 512
952 979
977 979
424 883
661 268
667 241
907 429
878 91
589 759
331 292
379 664
371 971
812 273
610 79
459 8
568 42
447 307
154 962
312 931
776 413
678 206
916 837
332 27
898 885
53 480
196 690
805 206
636 172
541 312
597 904
876 422
532 930
502 931
17 584
755 11
433 398
110 500
47 44
87 630
152 646
254 993
494 766
185 598
121 800
161 719
252 549
429 612
733 49
678 954
553 485
72 474
135 896
203 143
972 107
834 391
907 562
225 104
53 56
225 852
70 695
694 981
667 933
919 834
996 518
280 196
931 483
323 106
57 926
944 373
588 722
102 743
85 750
746 693
778 643
428 960
564 988
231 975
190 296
754 546
700 367
277 399
32 32
306 178
382 837
451 288
333 163
430 86
932 662
911 103
906 925
877 32
910 802
671 946
306 733
13 61
242 849
680 565
110 985
999 705
211 284
690 910
866 123
740 454
160 376
923 594
549 304
969 627
685 515
17 61
652 28
893 680
533 140
208 943
94 176
674 982
870 433
336 720
971 680
843 938
205 213
307 774
996 112
830 417
959 533
36 917
649 706
325 957
27 147
799 575
205 287
314 101
523 728
338 983
750 840
977 572
927 595
888 68
394 868
233 281
754 668
513 237
833 115
298 682
239 568
264 854
569 776
595 930
244 740
237 296
93 730
374 908
76 94
956 863
649 520
490 645
26 833
648 631
890 991
610 895
170 250
878 789
462 807
939 85
411 820
548 904
298 661
264 502
349 223
238 729
43 943
267 561
234 732
372 413
313 286
777 604
956 240
832 548
105 535
290 550
691 599
735 232
256 497
998 773
627 155
43 921
585 144
147 885
403 839
401 847
171 138
941 290
522 927
460 502
863 276
725 105
245 43
652 13
901 162
894 115
594 93
140 227
940 335
482 961
358 462
253 948
157 427
170 29
550 577
908 115
767 476
275 664
642 487
574 184
493 482
554 971
815 318
878 265
459 861
856 486
396 650
434 67
824 884
37 775
831 570
688 936
784 927
931 324
669 708
829 544
286 813
285 653
352 332
737 121
221 613
585 281
243 348
959 485
726 655
176 374
448 743
254 194
107 926
265 707
524 48
561 628
560 177
970 931
807 167
915 683
163 371
927 980
866 929
631 62
438 864
18 674
281 261
737 203
730 234
136 979
190 86
296 451
599 5
80 520
876 234
750 530
405 392
688 722
751 814
290 222
95 901
715 918
278 944
496 746
855 78
381 307
296 91
483 899
225 441
394 188
373 558
831 164
442 712
813 696
351 566
659 245
783 212
672 960
581 152
573 453
168 284
253 980
761 455
275 772
86 289
552 324
373 307
554 457
385 229
7 321
418 468
512 437
230 394
561 136
518 795
61 649
379 494
595 597
40 879
926 308
374 918
293 184
51 353
210 783
668 969
651 295
103 151
114 140
381 386
741 665
516 215
838 891
368 215
50 992
498 336
119 389
143 22
242 53
563 765
845 195
376 323
24 262
401 755
896 940
574 864
841 70
724 890
765 809
523 558
732 60
748 901
840 25
198 21
24 518
781 889
860 129
288 593
779 235
175 802
351 895
127 238
542 882
33 480
447 571
112 232
515 894
381 409
347 644
819 597
944 650
170 6
862 264
980 895
55 576
876 279
7 435
644 490
964 403
776 897
672 153
726 615
26 675
570 829
353 358
247 446
227 980
798 967
736 956
756 660
880 596
475 40
251 559
83 274
178 900
817 857
429 667
681 690
992 314
348 152
882 456
995 639
407 220
227 520
204 379
767 531
528 801
684 590
963 411
707 922
269 985
877 481
123 570
664 320
450 377
326 582
125 222
43 141
627 98
420 459
821 400
928 198
309 807
848 368
429 632
915 896
906 149
518 343
796 449
134 312
64 22
867 98
170 54
301 211
983 303
377 522
342 544
697 701
711 47
687 721
16 118
790 586
7 24
89 814
936 502
674 54
735 418
24 758
571 801
26 572
284 209
538 561
994 213
476 887
351 643
478 892
250 325
510 708
757 789
905 510
269 256
673 90
927 438
492 668
208 689
633 4
984 693
521 307
723 30
494 730
868 322
971 867
873 796
315 524
903 420
826 483
433 995
519 208
334 543
458 299
123 398
153 950
300 923
454 789
182 210
187 125
103 948
419 738
417 956
592 507
918 966
616 457
161 405
995 172
884 959
547 698
414 223
236 265
79 800
809 823
1000 251
516 383
3 53
225 610
780 769
903 551
632 762
164 75
903 799
651 490
246 177
611 181
633 448
798 917
72 568
387 504
634 754
239 210
713 341
501 509
71 362
346 206
718 102
586 72
260 408
584 592
191 675
335 673
755 169
71 443
330 872
901 585
771 822
71 270
372 861
766 501
500 56
463 10
627 394
376 200
264 215
784 26
220 541
573 572
450 88
539 955
504 420
633 791
325 298
762 388
698 801
209 743
311 813
396 35
330 951
797 680
110 97
12 962
94 236
801 608
728 212
523 231
423 256
87 758
796 960
666 356
464 28
261 918
224 995
288 756
10 779
513 749
825 39
913 133
992 308
682 235
133 550
143 86
127 691
664 505
86 422
843 440
397 299
97 490
387 141
246 693
402 571
695 316
828 27
349 395
679 962
965 642
807 738
815 952
776 190
929 74
7 181
487 395
206 197
913 906
681 902
28 307
653 981
769 739
551 817
568 585
189 196
293 271
196 557
662 206
160 182
874 507
345 196
831 918
150 851
6 695
62 276
559 130
114 126
965 61
251 243
406 423
833 424
742 347
800 310
509 908
718 502
428 466
186 555
393 772
972 93
541 224
349 582
718 984
517 236
916 941
699 578
994 636
681 694
491 691
619 408
390 197
625 470
14 453
870 711
993 702
6 42
492 524
259 385
17 485
961 394
399 370
363 80
150 774
159 568
203 322
643 143
25 588
902 923
941 635
699 35
108 579
814 130
545 105
675 738
326 403
246 207
636 614
822 800
991 864
304 24
144 430
410 151
759 515
175 169
82 340
259 784
359 792
840 178
797 581
367 17
423 3
866 974
49 503
450 873
186 422
176 814
310 93
746 42
464 412
963 258
768 700
819 204
409 412
803 318
687 818
606 888
303 517
232 539
941 802
311 808
150 590
418 580
92 776
700 783
210 958
339 324
15 855
269 531
18 245
768 752
811 370
323 431
799 777
659 193
678 526
236 432
839 899
250 411
907 475
679 538
199 470
261 444
990 764
764 721
724 270
18 817
468 156
939 791
779 262
387 235
975 454
38 978
99 587
548 81
926 279
861 159
659 476
234 971
463 30
545 655
731 223
270 192
885 910
658 390
102 689
213 306
284 495
619 323
559 985
484 890
675 40
829 617
666 863
808 135
985 402
478 388
492 243
972 233
93 195
207 168
738 314
347 791
43 567
585 681
332 370
710 222
23 884
928 296
774 304
705 398
990 640
715 105
946 888
361 255
911 683
618 412
615 795
794 380
798 255
259 524
296 553
649 434
941 421
842 366
943 733
751 835
683 819
217 288
430 128
5 731
859 582
852 634
788 333
753 15
151 756
543 617
78 529
219 426
149 350
795 323
228 795
792 978
851 996
403 628
950 550
778 142
259 480
825 855
621 143
567 864
308 901
551 973
973 406
700 547
179 811
848 161
75 442
407 926
350 1000
311 348
444 719
251 791
698 999
592 911
712 190
468 247
43 904
552 634
677 163
7 293
37 157
947 18
478 529
315 84
129 925
566 897
126 587
57 328
677 490
574 304
640 843
961 375
8 149
968 482
730 945
452 471
740 870
874 366
534 520
906 182
248 586
498 138
792 885
981 872
401 491
753 37
283 18
953 285
170 997
820 289
481 152
589 300
608 243
70 194
912 338
368 824
555 614
235 171
274 527
174 520
640 931
226 635
518 511
728 11
379 842
402 748
817 725
752 419
92 727
550 685
640 152
697 748
996 539
734 892
489 451
701 111
3 309
616 735
626 904
523 862
756 992
548 101
578 33
686 861
634 579
8 962
881 263
653 844
447 812
11 826
944 218
275 140
629 565
648 47
545 811
785 237
454 690
989 254
95 282
200 840
961 515
254 130
194 302
78 362
471 410
760 727
167 985
620 3
577 393
13 387
779 92
205 663
135 937
473 299
77 284
413 207
606 676
527 561
58 613
51 904
183 381
677 304
994 139
381 120
102 663
948 6
97 246
80 56
749 700
29 657
906 153
566 355
721 447
552 836
742 884
448 164
468 250
821 672
388 459
49 997
511 122
589 394
830 349
36 841
347 261
104 297
517 688
202 357
900 650
438 17
852 439
84 172
630 166
244 805
766 316
361 206
639 552
907 63
286 518
635 112
19 145
948 207
304 438
444 268
732 653
602 584
895 357
336 83
714 440
263 72
640 788
316 295
594 118
183 184
421 802
198 223
47 175
700 932
52 515
889 658
57 175
937 627
211 940
515 406
356 142
120 656
965 617
15 30
836 24
69 977
441 477
439 96
890 39
636 237
556 581
149 417
658 457
379 465
607 348
488 483
902 222
679 749
69 798
571 684
58 740
970 595
180 693
364 562
441 782
265 652
62 625
779 303
326 482
183 966
153 763
859 548
683 152
514 913
308 587
646 429
236 108
630 497
699 147
452 232
582 846
12 74
738 592
315 698
274 166
438 395
814 46
282 174
570 814
395 73
427 585
946 594
255 984
202 599
509 448
762 988
956 180
215 326
169 192
936 900
960 173
817 386
656 505
608 228
785 978
286 624
788 121
209 320
233 630
358 896
550 604
886 26
123 710
543 217
454 319
972 63
144 360
770 46
431 427
895 122
992 6
639 817
82 872
265 161
373 687
479 800
565 281
64 439
535 234
8 958
144 595
646 537
65 171
988 28
476 594
728 571
454 664
427 948
940 208
636 142
579 296
455 48
770 471
313 232
334 135
729 443
226 816
987 56
863 103
747 535
597 674
538 920
531 496
203 54
988 125
676 788
865 73
581 922
912 347
951 576
983 983
890 479
645 437
158 250
323 63
428 660
369 947
866 506
425 10
745 554
952 505
502 163
866 380
576 372
354 182
711 632
959 92
853 343
10 479
415 919
598 79
636 166
931 282
918 469
410 733
666 549
984 579
259 776
896 59
969 563
360 946
754 294
393 591
211 106
792 75
474 708
661 190
789 277
469 86
440 607
935 849
912 468
413 716
474 48
67 325
236 349
498 873
903 707
843 211
573 479
549 884
35 644
817 251
731 759
828 797
155 139
1 935
1000 47
532 885
235 853
344 404
234 170
808 928
496 434
633 350
990 455
583 765
461 485
930 592
522 321
134 481
69 401
333 327
488 886
150 621
633 456
835 398
720 285
126 165
803 409
267 559
179 340
995 344
755 721
259 668
587 667
877 361
27 893
829 111
275 492
74 940
125 512
811 935
926 104
268 549
187 369
114 226
802 504
611 382
606 406
711 214
185 368
538 668
442 146
941 812
778 568
544 656
148 798
184 618
801 205
411 232
124 708
435 13
445 985
240 845
537 724
781 157
552 836
95 50
492 904
513 67
207 971
569 825
98 76
505 736
612 291
503 796
156 514
611 121
185 657
738 518
546 111
404 233
804 295
453 811
265 641
769 469
866 354
809 822
808 121
315 798
455 95
539 798
456 942
20 52
989 699
886 299
184 333
457 754
916 626
903 855
638 155
170 660
441 327
361 502
835 718
590 722
37 799
918 108
762 901
415 683
880 516
920 868
465 648
811 544
205 29
481 717
455 264
298 991
541 782
780 270
267 165
455 422
939 4
163 904
194 349
433 298
957 485
922 677
342 392
291 161
374 1
355 886
691 992
4 204
504 554
466 394
823 421
873 243
972 479
808 449
847 348
663 981
894 913
259 514
231 100
183 743
788 773
3 425
819 369
821 604
970 739
843 251
39 705
570 753
827 115
109 440
767 272
512 89
255 208
78 181
315 788
190 376
961 483
698 159
292 713
550 409
894 617
878 471
690 556
977 554
498 51
30 924
756 44
170 428
81 288
889 55
94 866
44 721
251 759
773 179
607 448
75 820
172 344
431 585
230 415
582 627
976 78
891 126
109 622
548 478
810 706
883 376
570 980
153 677
517 449
113 463
589 421
465 307
77 12
451 264
858 170
344 799
373 154
808 568
700 806
36 180
365 551
99 832
244 893
986 587
195 856
267 913
571 333
190 432
630 838
30 325
651 479
929 379
916 929
365 78
611 776
230 32
705 56
803 199
127 490
772 598
909 887
62 662
605 495
493 19
11 290
715 635
887 155
392 222
683 893
709 295
19 732
309 145
765 475
306 935
265 84
498 450
215 590
605 275
654 607
847 165
253 257
792 13
35 997
493 599
851 361
790 54
794 12
186 99
229 965
511 808
336 826
915 881
552 863
172 425
134 190
369 572
751 130
313 511
501 583
664 317
125 638
651 318
724 225
390 297
361 487
67 499
13 135
813 863
735 392
208 692
50 822
250 822
681 536
582 564
645 855
101 445
997 439
94 80
114 107
55 902
42 29
538 311
699 100
557 274
855 535
826 618
634 314
472 176
286 220
852 977
1 521
994 269
106 822
949 336
439 280
211 619
938 909
193 26
927 597
255 872
257 621
635 314
87 332
426 926
104 911
544 556
681 443
402 581
358 992
139 556
724 687
119 496
109 925
867 453
348 822
48 604
181 621
287 747
755 479
624 742
499 74
430 567
465 552
776 938
609 309
361 466
150 89
598 348
348 356
223 935
331 425
211 677
323 225
4 709
908 396
771 81
259 772
551 304
167 522
554 785
975 357
71 102
986 787
296 752
179 994
991 207
20 520
968 956
643 964
289 919
168 66
177 264
376 215
385 599
119 592
111 17
360 868
120 20
337 11
828 946
527 948
566 533
581 956
291 829
852 162
145 916
207 39
444 713
590 422
960 106
125 230
14 727
981 510
22 908
556 508
377 325
877 67
345 897
754 930
247 738
89 362
538 221
202 846
87 124
573 585
536 584
215 492
199 366
630 140
332 670
427 831
628 637
384 717
33 869
405 81
308 803
34 218
27 57
850 177
70 967
449 998
910 181
791 833
618 608
615 106
201 132
31 23
626 774
839 933
851 854
580 715
174 498
562 782
926 406
15 572
637 344
947 866
68 636
977 491
663 431
259 444
407 169
90 718
598 664
685 203
116 973
237 343
44 27
746 616
906 18
515 327
578 717
289 410
909 96
313 997
125 94
353 275
866 10
599 293
946 464
585 315
347 21
694 491
993 796
652 697
95 566
872 381
542 953
255 533
496 786
366 567
852 259
429 726
645 757
38 553
236 52
352 945
954 369
406 900
105 962
406 416
701 444
725 178
556 91
851 851
627 320
757 433
129 759
488 906
808 126
124 119
213 636
817 7
232 951
818 184
61 674
855 880
727 619
928 273
811 557
626 876
672 623
684 264
814 506
553 116
574 372
435 901
1000 533
57 662
17 213
122 755
414 594
61 569
408 146
518 880
478 705
507 380
434 151
490 653
428 754
77 897
557 533
134 443
568 88
339 921
476 363
528 415
688 454
888 348
813 84
945 615
59 907
46 734
250 373
9 777
349 105
657 522
354 212
11 379
807 741
376 124
341 613
991 693
917 296
164 151
466 667
713 200
789 420
888 327
45 476
794 510
946 980
319 941
646 354
410 128
701 918
125 737
636 405
208 78
170 634
953 882
551 927
798 473
366 863
296 697
888 372
855 363
839 71
157 954
661 446
988 842
176 583
721 581
618 23
325 76
545 966
359 666
923 89
224 125
518 111
316 676
431 198
626 429
967 637
765 593
969 690
993 16
868 252
366 641
306 117
410 205
298 153
334 635
581 573
180 786
77 781
553 263
444 70
301 633
240 492
867 94
74 387
187 126
709 328
236 364
770 620
37 787
40 303
794 837
42 190
431 455
569 403
817 846
200 115
791 357
115 811
388 584
336 552
930 771
97 379
585 214
851 700
788 280
179 110
990 27
257 37
857 457
972 244
231 844
924 149
109 966
803 542
440 204
789 322
733 380
162 454
818 178
434 838
555 783
196 350
636 341
753 584
133 546
327 284
862 54
174 729
616 946
767 188
959 257
923 384
931 600
674 211
855 580
351 600
159 872
186 74
903 781
256 90
653 142
483 487
911 745
70 526
545 343
370 766
617 219
662 281
834 796
969 236
645 835
780 808
473 574
674 640
49 555
111 515
874 482
675 35
839 453
692 893
639 70
133 973
142 737
52 933
123 761
354 819
828 576
435 35
375 114
498 444
527 226
292 163
234 368
439 827
350 929
57 867
477 161
480 591
302 919
747 96
99 358
215 452
988 529
120 153
168 777
599 463
917 371
412 594
655 3
949 2
937 76
806 79
731 86
489 63
800 727
535 712
511 109
925 442
391 772
186 765
706 549
139 720
968 978
102 82
515 629
541 512
516 773
257 235
575 542
516 704
682 250
787 298
944 956
227 255
23 351
233 610
841 861
633 375
85 655
912 736
546 494
788 865
15 254
344 463
141 616
147 407
860 724
319 504
106 601
808 273
412 927
890 284
735 154
902 887
683 268
70 972
341 749
839 85
17 472
685 480
381 293
978 571
134 913
203 992
467 457
604 32
885 71
144 274
22 598
955 54
379 248
227 682
544 674
241 11
40 112
812 301
26 445
26 190
337 922
947 807
582 839
754 795
945 459
772 514
856 229
854 964
943 669
174 262
643 1
116 594
468 897
757 258
807 743
389 996
281 258
617 528
743 362
728 916
50 222
132 550
819 829
533 245
944 61
226 33
517 112
866 774
126 274
411 744
528 850
61 410
729 145
645 286
979 614
701 645
415 522
744 799
836 287
758 548
109 142
768 714
649 221
200 465
664 569
992 809
2 911
275 250
266 538
690 351
564 756
467 547
406 905
245 485
499 626
260 368
413 106
820 399
351 884
411 646
154 155
300 965
905 874
916 499
374 433
478 955
14 258
68 851
48 865
236 737
486 527
710 170
842 69
326 213
614 853
793 602
248 426
32 760
352 407
62 784
571 149
373 808
295 83
550 115
791 210
32 341
341 195
935 833
797 974
204 585
798 157
846 721
3 562
503 624
936 235
128 993
674 639
248 490
942 796
201 781
775 843
979 918
154 193
953 395
20 433
113 31
970 644
671 959
764 184
938 884
672 776
726 281
833 891
751 913
176 286
599 357
237 317
877 844
40 758
917 717
644 136
956 910
615 171
822 661
850 919
694 791
762 69
201 555
561 43
383 734
464 743
186 620
172 151
269 169
962 757
382 477
205 660
412 778
227 170
803 681
310 826
901 887
821 37
246 51
667 321
202 713
521 696
243 157
943 581
445 326
834 249
776 413
756 955
91 680
94 213
227 91
545 514
408 408
742 303
994 206
529 250
371 549
120 732
723 438
293 718
420 311
985 205
797 51
162 61
173 806
729 613
183 436
906 984
539 307
548 245
837 119
957 952
64 432
444 250
322 481
556 333
398 645
647 465
626 662
30 552
624 655
12 252
243 797
177 82
47 825
155 295
873 996
938 213
440 193
433 85
532 275
166 328
8 958
403 339
289 928
193 889
489 235
119 851
717 642
342 220
410 594
488 232
101 855
766 4
341 898
1 635
180 244
175 145
973 666
316 305
356 384
51 518
25 78
930 194
441 404
47 551
334 940
683 969
396 156
261 547
467 848
987 18
123 525
830 690
499 14
103 575
765 29
922 734
626 839
900 720
343 919
255 986
994 333
578 706
341 783
188 683
398 145
342 541
970 214
845 627
330 929
886 210
791 723
579 523
374 405
395 613
279 829
448 379
83 696
747 347
429 209
953 640
831 64
93 722
943 50
438 140
674 479
379 771
525 961
603 718
613 625
92 51
239 45
860 94
322 756
891 677
872 630
410 1000
706 577
799 645
597 897
229 346
618 805
426 111
232 521
667 487
116 821
666 998
312 283
816 732
874 691
584 874
158 879
657 741
330 91
240 552
873 942
541 218
279 540
731 832
850 368
932 384
546 353
858 280
66 407
35 470
327 658
954 592
544 394
443 845
531 522
802 454
177 974
572 402
336 654
991 92
804 994
428 291
178 695
758 99
154 176
518 112
452 411
715 947
780 604
560 100
934 214
930 817
450 403
528 784
556 364
470 702
733 278
457 848
365 188
264 330
90 114
929 996
657 675
984 433
648 693
784 994
198 329
795 239
295 788
325 442
488 694
52 149
328 414
851 142
723 546
416 697
137 415
898 645
367 265
110 87
124 538
539 323
660 826
184 52
917 720
387 888
388 542
185 750
445 526
72 142
605 104
506 253
188 279
826 606
988 717
312 635
406 497
567 190
82 833
914 492
739 940
19 525
163 760
913 374
480 477
790 718
106 443
296 396
631 218
230 990
698 908
782 808
443 75
111 63
560 455
769 937
954 107
171 399
114 932
758 342
206 44
46 994
377 99
486 320
388 645
706 892
859 6
471 437
700 821
892 543
785 643
579 402
794 507
761 762
10 188
702 732
705 490
887 755
280 856
501 532
49 866
787 791
997 817
391 199
813 334
142 420
774 299
345 7
972 255
930 333
313 927
23 56
372 315
131 326
832 347
537 298
609 102
119 212
276 556
536 47
572 75
337 737
305 336
285 21
427 746
250 766
214 627
724 699
510 993
547 711
389 372
601 663
175 642
109 650
843 593
141 604
764 827
176 379
922 570
622 105
431 998
770 857
974 991
598 297
671 967
81 880
945 702
276 153
544 218
654 553
728 105
87 315
982 776
19 8
27 309
387 167
82 233
888 261
17 554
17 882
666 324
806 188
376 756
403 18
101 201
8 323
317 973
648 598
384 135
362 941
676 614
297 700
503 30
376 968
791 340
175 363
214 162
756 322
240 58
289 935
502 656
911 396
139 402
877 414
63 133
519 592
712 163
429 856
592 301
486 76
210 205
106 640
370 85
62 174
384 905
570 694
628 829
34 374
744 19
345 638
194 21
838 92
233 884
752 505
541 303
969 900
711 93
998 419
435 656
429 823
779 327
474 495
757 578
807 903
572 51
268 55
881 89
904 401
988 632
310 988
869 815
624 601
108 922
836 60
902 501
337 800
93 931
159 979
706 963
951 540
728 653
712 711
239 55
807 679
367 701
768 801
547 626
794 488
132 508
876 470
144 621
403 939
75 600
100 383
898 342
729 28
39 905
540 109
66 526
485 438
93 771
643 532
552 17
83 386
609 463
37 495
124 387
321 759
3 444
380 949
947 635
165 785
219 59
863 859
746 525
224 516
196 440
255 362
316 50
681 748
531 916
957 406
427 725
318 260
594 1
47 524
326 906
892 684
983 977
834 360
875 346
397 974
141 383
211 982
539 661
316 678
646 420
577 171
398 800
641 455
161 57
797 451
751 543
639 616
173 9
100 676
518 420
61 643
787 625
363 365
506 750
315 496
460 847
535 43
450 926
249 943
623 345
477 632
811 160
939 174
249 792
742 28
173 230
494 894
202 145
581 128
40 228
59 756
46 564
28 179
348 36
621 842
565 910
397 964
811 733
172 371
715 348
214 158
105 574
645 896
542 23
20 303
313 952
480 556
995 716
187 154
126 596
411 696
320 67
691 939
26 18
801 399
624 646
473 963
960 962
112 772
751 560
6 754
159 57
780 621
859 455
878 757
942 581
382 794
916 462
196 67
386 428
95 341
551 960
341 505
919 872
730 146
534 41
754 596
225 218
262 436
272 634
625 157
95 457
924 788
46 810
513 901
448 973
906 45
711 684
422 925
508 699
408 246
999 785
189 174
414 53
827 133
324 368
304 341
225 325
68 374
957 412
978 593
849 482
468 573
302 215
139 289
436 750
158 144
889 356
994 194
500 337
474 69
898 307
968 430
973 335
913 693
683 209
771 686
279 373
479 907
268 433
384 95
873 720
28 837
917 266
493 599
957 274
915 117
41 742
309 234
105 811
14 153
742 352
615 899
213 366
274 64
578 190
657 20
430 543
590 570
432 747
353 854
639 16
680 584
203 881
512 418
208 281
516 346
547 479
747 111
912 678
775 568
681 665
545 479
772 124
922 344
714 171
184 603
996 223
734 134
487 304
576 343
813 437
580 897
983 194
649 881
911 54
690 196
783 720
835 155
802 516
208 319
572 492
962 332
1 629
343 830
335 296
972 472
828 41
475 700
280 663
306 30
805 439
798 536
886 133
74 875
558 405
490 210
391 838
596 906
626 615
927 861
682 669
417 7
494 993
989 211
576 506
55 817
146 775
784 485
424 211
285 77
807 637
738 81
656 725
787 501
248 793
977 559
408 914
780 485
826 845
903 514
727 637
998 607
914 547
972 837
354 458
187 852
362 732
982 596
425 297
67 101
428 677
293 989
761 423
201 141
962 357
615 768
213 896
757 21
315 136
260 759
408 296
891 692
255 780
841 432
953 576
461 202
591 85
883 566
324 238
969 326
626 110
270 412
622 215
319 750
191 140
425 223
501 331
333 613
623 400
769 404
798 329
825 363
222 27
342 412
963 5
594 928
79 578
220 81
244 222
507 24
536 155
351 1000
186 67
154 695
889 235
428 469
707 668
829 85
924 103
42 630
362 116
235 59
109 421
681 992
687 438
79 585
126 446
929 854
370 137
991 346
409 270
473 25
521 855
47 900
70 463
686 32
185 483
455 905
184 921
586 354
103 667
126 211
343 415
452 961
988 849
664 309
380 224
791 116
568 645
980 736
968 948
668 7
777 384
104 174
335 725
99 193
412 45
173 361
219 726
47 183
527 742
500 646
869 102
525 855
959 681
614 222
891 650
881 142
239 214
814 496
453 383
202 910
126 589
354 252
796 291
173 75
387 37
986 175
713 320
597 182
413 537
919 718
679 283
741 599
34 606
378 961
809 193
108 744
922 963
972 452
457 899
685 457
649 943
628 552
652 902
483 206
593 639
284 836
240 174
151 663
598 995
858 431
3 607
576 617
8 612
917 754
373 111
814 581
899 640
490 117
104 823
969 623
415 684
41 966
63 832
785 85
939 62
656 675
858 761
460 992
937 44
69 791
694 306
936 392
318 955
640 115
712 1
114 654
227 848
392 202
746 342
456 318
561 893
541 162
142 177
289 783
482 857
65 53
515 312
238 865
1 919
719 234
653 139
669 182
765 685
581 398
40 500
872 384
565 358
240 185
505 253
640 394
942 243
615 434
481 738
765 487
358 587
714 479
371 760
903 335
167 887
543 827
722 923
740 387
155 383
