1000 2501945
10000
395 199
392 165
183 837
766 554
56 931
795 773
77 703
387 820
268 415
363 149
422 75
170 480
559 814
708 164
80 618
141 225
56 205
344 620
158 435
967 281
255 441
768 5
374 392
379 459
243 655
478 883
204 263
429 553
897 10
493 369
979 53
343 645
850 905
341 518
685 713
870 58
43 89
898 443
971 508
809 345
65 547
891 911
643 208
1000 209
1000 973
151 898
179 508
314 793
320 235
596 746
258 224
115 907
849 932
959 301
311 687
10 554
812 869
808 571
476 708
428 673
20 630
301 738
147 896
232 461
10 372
318 87
859 401
897 474
152 532
272 580
793 178
665 861
443 670
512 301
342 662
451 266
589 313
724 176
368 934
243 663
272 29
543 553
749 964
282 943
761 983
560 934
653 551
792 558
108 177
257 884
315 793
257 323
251 656
177 733
786 171
433 302
690 935
748 246
207 555
390 327
417 373
259 660
743 184
773 127
594 179
537 165
861 859
423 583
934 874
23 860
978 707
940 449
649 397
584 736
325 101
147 616
660 942
635 497
606 554
28 466
903 596
764 980
536 395
560 518
535 205
236 771
653 962
775 287
375 956
764 170
257 606
164 497
317 364
169 979
694 76
219 720
467 863
759 713
415 217
748 222
563 793
793 326
390 336
341 569
718 236
778 642
412 814
749 217
81 970
123 12
626 686
421 94
277 102
440 300
663 482
378 42
267 302
988 167
112 242
412 661
724 59
341 997
805 98
753 672
688 540
668 401
619 76
517 233
288 968
834 380
877 979
504 968
944 547
269 83
505 387
282 799
498 449
403 980
691 966
927 24
178 142
506 635
935 145
3 939
231 760
81 495
245 727
181 346
115 196
191 19
835 93
863 232
799 217
49 516
175 740
607 739
770 473
982 878
831 577
237 536
354 518
787 817
502 650
967 180
3 77
375 909
652 561
122 970
102 818
630 617
294 977
633 297
153 297
937 815
345 401
752 631
133 5
846 232
416 595
896 946
384 936
897 130
350 747
506 665
643 766
512 900
268 866
764 604
53 740
757 878
323 806
881 412
209 858
584 584
703 929
185 930
399 808
843 497
507 344
988 248
912 176
841 742
607 385
840 611
591 767
901 429
53 375
725 245
313 492
606 568
135 616
690 239
881 320
132 918
450 647
582 403
849 482
482 482
681 246
880 227
771 984
908 491
590 120
22 25
439 868
979 200
589 338
386 551
114 415
935 568
567 395
371 786
700 30
747 84
551 611
22 30
262 178
459 149
419 361
22 384
120 217
535 246
947 506
675 202
454 90
986 3
664 692
440 161
451 691
176 788
144 30
536 226
479 864
847 767
659 962
740 135
435 275
601 11
297 140
334 446
34 459
262 504
842 782
235 708
771 528
148 748
396 799
729 560
482 928
463 637
539 304
397 864
685 848
14 371
106 266
405 186
120 703
650 505
565 410
829 275
2 9
982 216
976 659
736 318
648 442
225 108
478 306
21 842
943 671
681 55
909 368
940 948
553 227
749 361
701 350
57 823
92 718
137 557
587 605
191 685
802 723
989 365
739 201
407 154
257 515
543 146
670 937
360 891
211 126
853 108
948 331
567 684
780 959
49 296
30 268
439 641
999 834
346 382
548 115
85 313
499 266
575 38
333 211
460 482
26 50
824 204
308 328
657 157
961 293
939 12
761 700
947 799
198 720
566 706
174 284
319 67
177 829
658 556
149 709
273 643
956 957
643 282
433 300
473 479
959 298
34 419
906 652
211 431
27 23
708 177
305 842
104 353
94 323
749 385
433 746
540 790
233 596
141 19
271 631
790 970
165 814
442 858
837 420
446 143
157 531
939 929
709 420
536 98
192 296
941 96
581 665
452 33
173 388
411 461
918 262
580 629
458 921
645 128
54 126
142 770
283 553
251 656
816 966
189 795
782 505
41 464
900 346
563 999
264 840
341 811
627 655
670 502
716 637
607 629
473 193
312 613
824 900
559 38
409 626
815 156
657 744
735 434
621 462
324 968
604 858
859 865
854 528
455 176
186 722
366 220
966 127
833 146
881 261
350 243
997 642
942 481
3 213
214 196
894 296
760 42
910 806
203 483
808 26
815 837
149 467
204 109
267 697
422 158
969 669
152 636
893 124
982 6
834 90
9 206
96 866
665 776
855 702
935 481
556 445
178 258
979 186
276 675
242 6
549 923
999 162
191 398
10 920
953 279
688 333
886 757
342 657
390 880
267 201
418 901
722 64
255 267
151 385
977 744
555 548
632 293
548 394
711 672
398 333
691 454
587 905
848 452
319 794
30 775
350 227
100 234
38 624
858 485
103 612
47 758
522 49
822 411
409 371
60 749
924 240
16 423
456 224
787 101
977 7
838 74
369 323
301 671
837 108
907 226
551 984
330 821
411 425
129 106
80 877
212 633
117 71
537 208
772 231
461 959
263 795
155 200
223 565
738 262
992 682
319 373
311 606
680 376
136 66
11 303
613 53
938 690
580 123
880 590
662 162
747 260
364 481
504 700
362 422
184 52
791 71
262 300
980 992
612 866
612 426
691 630
602 374
322 64
489 507
502 915
791 167
411 913
49 401
232 199
118 435
474 968
655 294
478 153
714 946
239 559
527 129
237 638
462 596
530 871
312 779
790 614
602 139
800 596
486 700
254 201
594 18
266 363
346 720
28 930
58 283
200 718
129 861
336 377
104 456
960 535
462 694
20 66
642 619
880 156
602 529
284 489
626 110
638 998
156 867
728 432
135 782
292 707
530 218
810 75
139 963
356 564
604 753
145 789
252 798
139 402
803 517
456 7
629 119
294 926
480 358
46 576
868 102
714 926
195 339
414 880
440 555
184 270
241 338
487 594
972 972
27 480
502 204
954 814
441 166
522 646
352 208
757 680
909 660
425 378
813 792
539 285
752 602
124 961
779 938
131 432
294 211
479 721
485 40
674 643
960 142
931 135
777 895
863 464
948 855
26 894
967 997
875 445
181 100
5 70
455 164
490 356
821 911
67 65
772 116
239 377
270 464
993 904
971 202
810 93
855 262
785 473
792 526
506 186
336 197
621 233
451 278
916 38
862 367
370 414
999 854
543 721
574 69
48 98
521 244
978 737
173 780
183 590
117 678
111 956
65 130
630 391
755 960
166 768
637 592
482 37
777 706
337 863
231 648
651 517
938 985
768 275
917 367
637 520
692 95
278 241
342 959
783 991
472 628
764 452
185 235
443 482
97 317
942 381
186 247
10 970
981 657
881 974
238 247
928 272
410 698
683 18
847 449
273 989
259 945
50 624
102 99
716 464
452 856
413 430
942 957
141 976
886 707
715 800
149 143
708 511
770 114
522 462
215 395
896 191
38 226
440 985
615 838
106 693
423 345
776 998
937 121
363 415
793 886
910 777
240 971
185 495
50 302
697 966
110 776
55 110
683 118
579 935
625 632
607 146
593 843
312 695
512 498
125 344
343 259
223 840
698 169
741 314
110 976
745 341
704 238
694 713
105 519
12 257
730 74
279 187
78 762
285 794
820 677
144 440
5 987
520 912
335 494
90 199
326 516
219 927
409 878
351 524
220 32
511 575
163 876
559 941
198 795
537 235
534 469
426 828
364 633
644 986
786 700
317 387
300 554
996 112
28 680
635 646
314 588
86 772
34 869
134 734
947 769
959 311
919 878
471 204
777 561
430 181
221 763
738 433
721 278
177 601
778 798
552 702
487 765
996 651
38 273
38 688
476 314
373 741
883 565
43 249
140 25
665 510
408 679
537 660
72 297
32 376
635 947
762 588
53 402
418 444
999 383
628 767
395 641
136 698
470 523
977 471
718 751
696 905
741 3
142 630
878 125
543 978
746 346
130 553
536 21
316 943
127 989
467 790
612 632
163 33
596 315
686 225
437 772
543 704
562 74
105 933
305 563
646 173
235 248
531 469
940 697
390 597
315 269
573 187
452 568
41 289
803 433
270 533
242 883
247 373
623 446
292 105
617 131
86 513
398 944
298 951
202 198
767 421
570 228
100 505
127 903
744 618
299 620
935 448
415 389
779 945
947 329
616 840
206 857
388 46
223 93
888 449
99 869
429 223
723 723
373 697
451 755
966 778
847 488
501 218
300 865
979 405
20 172
758 244
236 563
231 231
232 360
3 233
956 337
252 165
387 671
577 914
127 870
188 24
864 845
9 2
194 48
954 493
850 325
958 769
969 180
120 451
385 930
278 1000
437 229
139 451
971 28
575 705
127 154
449 18
120 596
822 299
332 772
318 747
601 197
432 293
512 716
210 375
291 305
185 994
141 150
503 763
506 35
79 958
961 258
763 673
403 985
4 721
901 899
608 147
652 460
78 471
268 163
754 259
114 732
144 600
539 172
938 19
458 511
755 26
239 10
81 718
550 227
790 465
671 431
696 523
930 829
489 634
885 667
165 641
596 158
766 455
877 250
622 665
306 322
86 822
163 347
833 449
766 414
357 316
277 201
899 732
933 734
918 894
521 206
64 906
271 954
401 201
678 545
861 187
348 687
705 853
116 895
28 680
717 505
910 104
634 890
595 171
222 235
832 888
332 85
310 778
296 605
622 846
265 950
522 561
793 436
712 944
828 488
204 200
679 737
966 942
493 511
595 902
668 331
899 230
457 930
526 619
296 655
146 650
986 678
133 132
255 620
369 512
292 165
326 411
848 218
272 520
31 140
839 709
510 444
26 159
911 154
665 433
444 711
496 155
25 453
808 652
917 778
656 457
539 824
426 267
969 767
355 777
132 61
360 260
92 40
708 430
120 48
384 384
993 190
675 870
27 101
361 634
246 220
1 432
264 184
73 361
815 61
185 184
755 300
706 692
147 6
955 267
645 695
144 341
991 913
598 629
37 865
267 967
910 726
17 584
999 817
829 767
217 152
158 651
560 445
83 11
769 312
110 638
945 598
325 843
95 768
962 637
619 959
318 456
31 114
997 446
753 196
489 688
933 450
954 361
558 863
745 140
650 226
627 842
732 682
528 682
863 345
64 76
650 860
150 382
982 305
637 686
726 434
468 885
41 397
145 153
355 629
295 588
835 759
826 228
23 983
543 336
619 874
202 639
620 501
990 170
607 952
939 33
757 675
955 172
371 982
89 429
312 151
867 409
845 42
247 311
33 638
351 332
74 995
226 739
117 109
964 363
439 929
834 206
407 625
855 127
202 487
967 170
964 632
647 162
243 66
176 246
154 312
124 208
279 624
829 212
793 608
370 219
834 663
344 810
252 701
447 386
697 842
772 964
227 886
491 251
756 231
732 292
97 194
636 318
676 925
897 577
285 273
500 465
291 801
474 616
56 141
265 194
690 938
425 809
531 753
968 291
115 261
165 811
182 803
732 323
286 233
345 122
349 603
448 671
859 702
463 676
483 534
532 230
516 72
533 386
70 350
649 343
601 694
752 470
16 9
731 558
680 108
522 321
705 763
447 883
569 358
258 975
240 332
115 834
74 842
913 390
208 436
692 538
905 161
966 638
58 575
23 761
916 522
951 519
944 388
725 189
869 285
345 437
950 165
657 877
556 570
243 681
473 174
954 885
483 479
533 715
924 556
763 945
560 848
483 235
263 506
86 223
342 657
605 631
113 451
238 760
56 516
476 215
262 442
566 370
955 17
155 137
970 1
83 945
476 754
37 55
806 174
430 181
798 346
250 635
65 952
472 671
159 145
594 754
225 466
626 554
201 336
368 946
261 832
310 897
683 553
742 968
774 897
618 699
8 982
947 10
926 404
904 195
578 674
935 797
334 475
329 301
889 828
243 647
545 349
92 644
780 704
981 449
237 103
481 153
281 702
357 26
575 223
893 235
852 881
44 995
160 23
682 577
872 587
312 444
708 478
224 667
808 555
929 960
670 74
911 474
643 262
171 66
480 748
426 536
362 936
184 598
658 24
600 659
351 279
970 373
102 769
303 975
141 964
330 943
318 74
198 137
765 737
477 699
950 586
71 104
562 876
711 243
258 158
265 608
468 132
244 591
279 640
527 479
363 336
344 893
619 608
949 391
71 954
18 37
169 922
553 289
919 904
621 911
752 173
192 878
618 918
62 555
326 157
877 532
31 113
243 420
999 273
673 218
298 589
684 588
422 238
427 735
19 18
356 124
9 833
771 6
361 48
325 91
513 901
331 570
732 197
954 716
936 548
475 487
72 326
333 553
216 429
381 962
514 665
785 77
697 775
82 443
683 810
635 351
962 190
40 764
912 375
910 538
752 166
36 374
477 934
866 883
575 924
291 299
810 22
529 486
310 229
778 868
279 881
462 355
841 293
237 836
360 872
480 439
846 376
76 231
171 347
576 558
163 660
909 887
213 614
716 548
897 601
607 219
234 524
948 276
488 602
123 859
836 563
360 906
205 930
773 295
315 2
115 925
82 501
183 800
731 634
117 259
241 494
393 851
65 834
356 461
651 412
689 748
926 114
330 698
116 383
330 333
965 624
19 462
127 120
935 501
719 336
561 960
407 332
439 778
313 463
608 461
371 748
982 502
202 198
604 497
950 174
981 716
720 130
400 505
689 340
635 90
508 903
794 609
856 948
883 960
989 698
509 230
833 55
488 727
1 793
547 85
986 827
978 778
292 839
432 250
114 825
911 615
814 277
772 95
69 698
279 586
872 734
652 635
76 956
139 495
182 199
89 680
69 956
758 746
707 306
885 460
527 213
823 117
510 884
773 79
796 443
796 247
144 941
947 324
22 838
960 624
138 860
197 573
540 732
336 502
534 626
346 996
500 176
806 91
684 174
561 966
391 935
204 432
358 252
389 917
178 527
680 280
299 542
854 836
418 863
145 356
646 960
383 495
951 803
295 276
311 485
908 407
709 285
506 247
645 939
211 116
704 412
216 189
87 233
843 227
343 429
296 882
393 139
454 876
486 888
568 868
321 872
502 969
541 662
484 728
207 83
654 897
19 242
225 940
2 322
546 739
312 432
60 849
71 714
256 967
85 57
444 836
469 184
371 926
603 274
114 124
272 763
532 610
110 322
482 528
66 749
224 384
871 826
424 881
717 855
408 774
995 547
75 162
179 343
7 588
521 249
142 432
13 587
452 788
806 53
661 288
899 577
931 428
304 147
773 922
812 72
906 3
548 770
679 400
850 204
606 279
781 557
79 474
529 786
890 120
588 275
19 425
338 450
154 242
720 629
297 109
39 122
696 234
877 955
255 758
321 120
816 632
147 978
535 53
380 860
311 61
958 468
124 967
737 643
756 486
177 76
500 275
605 489
961 323
930 95
830 971
146 573
600 194
534 479
716 996
130 239
257 471
963 299
987 759
468 467
643 859
977 275
427 638
678 220
837 654
924 145
237 108
873 583
959 746
138 165
684 657
614 906
110 649
590 272
285 23
354 15
673 111
962 693
237 917
82 490
832 489
853 137
622 804
652 786
938 619
797 171
922 895
929 650
977 481
435 402
506 724
70 851
541 522
186 119
76 284
202 647
199 692
473 931
631 810
469 91
676 630
677 124
154 67
574 993
977 813
569 624
508 648
772 847
477 178
593 797
201 806
188 178
7 135
927 564
959 870
48 880
264 27
334 949
504 834
242 316
444 641
805 285
212 56
588 116
351 512
988 626
634 778
416 589
140 747
755 631
524 84
196 185
44 538
408 839
769 107
501 379
701 810
887 456
498 892
548 796
395 743
976 292
52 868
627 10
802 621
813 781
737 1000
566 846
556 796
816 410
314 889
777 330
251 832
612 97
812 720
60 101
761 375
676 281
39 583
84 455
386 327
649 393
248 645
210 681
332 167
438 244
181 478
724 319
21 863
11 412
811 487
657 859
816 699
347 18
812 587
89 128
993 427
556 177
716 32
279 595
771 555
107 838
728 295
708 885
177 92
331 91
873 497
509 689
700 436
974 695
720 583
923 521
755 631
568 716
972 673
750 814
160 553
9 657
846 937
914 622
516 69
419 531
938 627
512 393
57 770
954 674
356 414
339 660
177 532
530 317
614 589
131 325
466 368
732 893
510 906
951 197
96 412
76 82
493 205
11 735
870 891
255 512
297 177
72 796
65 570
674 728
206 464
651 132
503 190
71 137
19 456
10 30
874 322
99 791
185 97
768 970
920 557
480 23
229 997
91 353
498 610
761 222
902 956
438 273
669 174
762 260
976 821
745 712
626 49
50 661
107 439
196 234
244 667
230 81
322 338
329 73
317 484
937 367
299 234
72 785
868 334
764 473
669 870
377 810
768 683
847 390
535 893
523 681
884 546
699 617
310 698
355 60
48 48
594 161
339 592
419 631
732 747
459 41
179 419
439 521
439 463
127 214
743 932
405 94
163 61
909 744
305 251
226 177
215 20
546 146
813 856
204 938
405 53
259 280
804 923
190 690
466 980
649 103
86 775
665 155
427 749
937 439
333 274
480 936
475 239
142 306
416 974
843 613
650 881
256 103
933 235
407 710
615 78
849 41
530 946
684 276
850 984
670 100
761 300
615 107
146 87
184 384
987 608
102 56
368 938
586 671
375 801
282 972
187 111
844 487
267 954
765 811
7 771
278 585
967 194
143 267
892 244
57 431
797 837
885 174
299 911
891 231
28 826
784 316
762 389
681 524
198 327
976 172
476 509
137 453
463 21
759 355
857 228
474 227
749 66
773 165
178 442
31 397
893 332
362 853
475 101
116 258
754 523
414 483
233 353
473 570
599 941
338 756
937 740
577 52
316 379
563 181
30 261
293 541
102 122
814 32
282 137
923 282
965 63
417 272
272 605
397 111
788 902
94 844
259 929
622 192
140 874
974 707
871 557
243 364
104 479
371 309
485 809
176 879
844 587
501 271
714 220
268 167
303 328
411 863
598 601
886 739
788 817
882 312
416 992
291 355
919 346
238 875
481 696
529 260
445 980
944 713
16 303
843 265
796 543
597 757
471 653
812 483
104 723
642 762
263 455
592 747
122 451
852 353
859 996
584 83
300 923
174 944
384 528
958 707
666 581
901 243
796 874
986 53
574 446
709 33
920 334
122 541
933 918
907 331
428 731
766 492
689 420
202 533
201 142
532 677
108 671
519 557
114 73
292 885
727 135
763 174
533 734
607 326
317 628
199 397
968 134
652 799
6 135
24 817
416 827
285 272
907 116
399 50
325 748
690 318
476 795
253 207
542 887
19 553
730 92
165 625
339 285
473 680
545 455
616 429
368 515
148 802
310 256
102 156
740 962
472 452
321 760
459 282
519 987
823 490
813 385
766 19
817 289
537 645
71 957
803 930
307 366
580 271
543 723
779 60
419 935
638 373
916 36
681 469
243 887
793 669
239 574
564 230
468 121
240 64
686 897
695 504
467 942
757 35
753 669
421 28
531 365
981 518
995 644
459 918
414 411
491 92
512 477
35 688
508 728
417 153
28 459
326 183
887 67
507 997
41 750
135 844
515 184
226 601
55 912
647 401
958 141
673 829
397 284
446 462
164 357
392 308
822 202
654 799
16 947
538 597
474 557
575 410
788 347
76 514
453 323
44 866
786 388
308 737
827 880
303 98
512 304
460 54
415 358
747 127
894 366
822 423
297 992
458 219
723 126
166 909
958 938
885 471
912 36
788 893
201 276
216 139
941 516
357 176
433 530
107 340
834 599
213 13
454 689
689 298
45 205
861 176
274 187
609 510
387 407
671 898
444 712
650 824
958 479
393 309
45 946
789 856
770 596
420 362
655 242
748 260
230 373
913 916
253 971
152 930
670 830
207 922
755 314
808 521
829 897
916 844
373 965
371 389
599 480
791 247
94 740
610 18
196 855
829 793
990 686
271 607
593 475
566 2
708 203
773 531
992 377
531 212
908 307
337 925
154 79
576 832
478 559
130 266
858 928
758 10
580 1000
886 481
443 766
743 489
594 743
908 744
473 887
683 42
176 591
81 483
667 79
225 268
852 985
22 963
806 122
894 618
44 324
710 157
873 709
750 138
762 699
434 241
892 712
783 47
215 851
950 225
603 205
77 181
953 600
482 901
682 863
238 617
354 186
107 986
993 611
6 593
221 908
102 127
853 724
278 143
424 74
767 938
63 517
757 326
982 772
94 178
483 802
494 840
983 39
428 73
423 796
759 315
166 76
31 673
450 802
754 571
51 873
457 677
170 913
156 565
162 755
241 695
133 270
924 228
376 226
277 672
590 420
232 576
916 526
903 509
719 296
627 54
720 213
396 290
1000 605
257 638
698 39
897 379
474 570
104 453
380 601
906 313
769 721
870 280
54 884
45 764
82 656
720 596
465 958
746 62
192 863
488 686
755 712
464 660
442 830
28 662
202 386
843 734
161 577
909 631
409 581
625 819
910 655
189 788
862 967
990 147
629 778
960 229
46 855
736 327
181 108
732 875
936 273
700 969
834 166
111 213
910 697
941 852
291 425
239 332
23 773
283 166
564 983
777 776
230 560
722 785
554 372
268 358
498 891
60 136
664 470
138 713
629 95
116 685
396 962
239 733
316 867
392 126
392 366
662 26
450 373
562 464
631 238
770 416
441 361
236 844
739 866
725 374
790 270
341 844
214 648
23 77
463 673
981 400
179 189
274 142
210 388
822 204
966 21
614 546
54 944
283 339
593 787
462 460
311 747
76 237
953 891
682 260
882 533
700 317
19 553
206 217
547 275
101 479
257 35
103 851
195 656
793 906
506 596
430 82
582 478
562 371
633 855
2 839
218 494
802 118
272 517
623 96
802 409
351 839
430 553
98 270
510 263
769 667
259 237
640 553
282 24
5 712
903 551
889 192
896 537
313 609
766 200
290 421
235 794
142 760
829 128
793 252
255 832
940 518
357 239
475 694
222 342
625 136
699 258
232 739
942 229
532 171
663 239
554 212
11 586
671 488
814 558
611 146
618 576
830 988
722 939
787 724
349 174
991 166
739 882
601 40
522 636
925 522
900 657
16 729
250 852
324 502
597 731
506 815
272 932
785 101
157 81
303 430
177 301
312 340
293 213
919 452
587 750
7 843
177 258
213 326
74 639
523 659
174 594
617 618
146 324
672 358
798 446
225 847
930 79
194 350
726 114
980 162
779 662
708 602
61 336
182 909
664 526
965 930
877 665
595 27
825 577
784 685
807 613
460 115
847 718
999 632
148 559
214 497
281 240
401 548
152 187
648 732
680 686
428 806
538 76
446 343
766 68
641 996
193 735
598 814
62 398
961 385
496 219
879 916
533 234
406 911
263 824
353 625
225 209
697 120
395 361
432 257
261 77
493 444
429 802
883 417
117 271
257 87
995 255
914 933
393 519
447 754
258 70
10 143
795 558
785 200
831 715
211 161
454 532
307 832
181 137
117 160
630 473
548 150
57 31
956 375
202 397
719 30
362 361
129 680
779 422
448 718
249 821
834 799
327 125
44 35
672 968
365 567
189 561
468 865
696 114
501 398
255 353
128 722
773 217
491 111
152 749
735 989
57 296
216 877
579 19
729 908
6 240
687 747
214 679
518 183
239 907
220 21
592 288
637 341
475 972
671 385
690 158
129 947
707 961
690 581
140 129
637 51
890 971
649 610
315 420
249 492
215 900
726 985
365 426
773 38
91 736
704 848
323 461
503 69
860 479
698 307
929 524
632 285
390 902
966 401
101 334
403 608
464 323
873 291
650 533
571 768
781 583
223 1
839 71
638 612
232 48
428 251
353 816
385 558
832 351
319 639
232 452
534 215
927 571
50 120
384 261
541 742
58 246
610 482
994 826
308 787
742 827
697 346
769 876
397 573
884 287
215 189
942 115
911 204
448 336
999 563
652 211
482 758
394 766
341 360
685 938
258 164
773 563
43 531
95 363
393 870
264 331
600 529
389 944
884 938
483 778
776 961
158 243
88 395
457 350
280 521
945 253
828 970
233 178
545 465
804 179
437 57
688 968
996 785
97 854
606 869
644 707
869 40
421 200
870 162
519 47
799 277
309 246
266 708
210 776
223 951
908 620
436 246
51 898
891 309
759 919
610 417
9 451
924 203
69 510
232 133
733 46
500 642
483 8
994 339
631 227
680 629
6 770
776 940
270 922
341 147
706 267
671 208
423 75
780 423
847 981
515 965
392 7
686 993
743 706
276 700
504 178
364 174
372 938
172 603
344 64
842 231
13 170
400 946
85 818
986 383
81 947
694 660
514 387
949 149
939 416
745 832
293 85
585 708
312 946
807 145
856 704
861 950
310 858
829 846
297 670
920 676
115 9
879 140
741 132
960 617
723 537
822 717
499 387
212 283
522 620
983 209
471 355
721 762
63 629
985 103
779 758
104 253
999 240
771 698
261 784
738 266
346 847
278 988
758 624
632 254
85 744
188 641
319 166
983 554
88 222
514 872
881 985
525 800
54 463
563 270
873 912
600 864
927 487
730 566
533 640
985 913
279 877
495 235
439 101
897 865
215 458
989 253
828 551
573 607
633 889
396 170
813 217
142 832
589 639
527 683
385 883
637 425
193 581
966 837
61 784
106 201
118 751
415 208
39 623
946 177
89 305
611 7
362 453
13 45
856 745
526 161
681 558
651 375
893 285
778 784
580 480
123 641
349 520
777 623
29 640
86 177
643 649
517 355
173 517
674 399
319 637
448 277
706 711
951 61
6 87
126 791
246 791
701 26
621 179
132 799
79 816
330 930
402 544
323 648
678 281
550 64
966 402
350 47
162 936
593 97
523 352
297 421
472 594
352 403
820 982
867 128
749 568
664 703
672 882
199 354
557 555
591 801
983 897
62 303
585 453
601 136
30 274
79 68
424 303
551 445
768 582
535 172
214 466
501 868
952 235
843 317
744 924
484 644
324 200
572 521
902 35
470 248
622 871
388 120
301 589
318 804
500 160
753 313
669 167
351 281
40 870
659 591
199 600
970 236
397 212
174 588
19 291
965 590
916 319
642 759
816 59
324 417
79 91
368 671
791 486
14 516
86 30
242 916
824 844
787 994
706 257
385 936
283 753
430 862
713 119
129 317
493 819
655 578
858 409
503 6
865 268
164 45
751 140
819 703
186 849
790 89
236 341
696 897
11 831
870 759
313 213
584 456
291 29
874 530
779 304
458 817
388 474
395 861
831 679
198 111
16 402
87 84
101 384
674 461
311 120
442 815
46 897
245 195
839 260
835 427
981 922
32 206
220 149
213 105
550 783
553 526
791 350
701 568
240 978
42 442
575 324
623 93
432 152
285 787
839 668
590 140
315 906
864 927
695 221
571 697
578 734
598 480
505 386
81 783
36 164
605 206
450 115
802 446
725 226
266 731
170 993
921 150
828 505
511 528
324 982
84 337
282 421
65 219
955 584
680 683
351 240
420 89
703 567
522 486
374 573
433 966
997 283
274 691
273 199
976 575
147 180
53 362
620 758
907 909
14 606
772 262
978 582
545 502
666 556
68 686
767 772
14 433
645 776
972 604
907 290
445 684
735 86
958 784
620 219
310 522
759 603
95 698
907 989
376 873
249 207
276 267
538 632
594 498
871 746
821 94
58 99
288 86
245 732
957 350
791 711
807 572
49 807
532 644
862 697
985 7
529 761
672 766
982 538
787 178
979 190
779 414
996 412
104 418
741 134
111 943
583 174
130 931
773 925
844 298
408 516
813 491
768 972
809 223
51 310
559 470
931 797
71 677
548 130
965 85
829 348
529 391
854 962
394 104
164 621
432 543
212 77
29 10
266 398
336 739
239 172
927 275
86 94
374 379
593 354
442 442
321 820
377 339
540 513
888 22
257 657
760 893
336 136
558 533
960 721
100 147
701 990
703 331
525 520
968 977
787 970
645 689
928 687
432 574
456 983
119 966
253 895
92 125
697 509
44 423
343 410
888 169
99 806
209 497
668 274
551 57
533 230
114 730
473 228
367 97
342 568
291 53
550 230
403 806
895 305
7 719
173 367
11 13
705 307
941 171
695 499
456 299
227 147
874 511
38 265
501 333
336 316
519 450
907 644
588 742
747 845
508 678
301 42
659 933
942 351
772 13
72 664
806 532
593 97
759 198
675 199
824 299
32 350
586 872
601 627
591 973
74 382
908 966
708 685
188 184
732 337
843 612
992 437
193 466
371 475
749 994
924 743
310 134
735 277
46 531
678 346
842 582
254 473
982 335
93 833
90 83
5 249
761 265
1000 419
62 296
457 163
35 988
778 143
666 871
731 754
698 285
398 149
803 127
335 189
627 597
459 16
822 858
359 495
788 306
97 966
493 209
16 305
246 355
909 799
982 877
310 566
163 364
304 459
661 53
725 555
413 625
604 782
691 3
767 986
850 586
145 608
249 54
692 313
344 106
922 423
509 723
261 654
906 70
104 140
603 980
130 430
936 717
11 907
445 437
734 523
530 232
588 151
887 995
394 85
524 691
81 899
242 610
551 555
718 970
859 976
96 798
960 602
313 131
432 820
568 116
947 516
940 545
328 5
367 987
426 659
899 19
44 755
42 358
835 23
483 799
634 244
250 961
699 412
912 350
653 82
643 28
99 161
329 903
737 743
197 279
997 578
578 437
756 746
327 599
292 506
544 931
725 472
258 794
990 395
617 549
549 710
515 462
453 436
606 620
821 958
561 17
692 412
920 830
249 223
248 702
542 587
550 196
926 461
577 971
216 127
546 322
109 411
517 165
194 730
462 901
720 706
391 428
120 308
17 151
321 566
26 271
983 292
982 920
313 230
583 435
675 565
362 415
310 174
130 32
16 740
270 768
582 998
548 845
23 37
892 371
203 916
471 548
530 336
886 11
52 660
412 56
799 292
790 210
604 208
598 948
883 108
258 307
481 263
572 501
532 874
942 487
59 638
325 545
435 651
159 613
607 69
37 304
194 568
330 141
30 187
725 977
367 158
143 886
563 710
740 997
62 695
135 146
321 588
595 943
782 880
525 612
605 281
393 131
394 443
836 951
403 806
6 227
571 938
209 373
27 152
667 667
423 870
651 350
359 418
614 500
288 979
677 353
479 211
302 526
413 156
476 685
484 854
184 820
100 267
197 869
94 334
929 468
716 127
484 933
803 954
927 989
999 659
295 617
33 269
684 854
926 130
101 442
553 192
672 377
263 319
356 487
90 644
34 781
327 599
563 102
748 32
597 598
587 626
276 872
128 546
329 731
609 192
563 78
803 219
254 239
959 410
1 626
707 909
42 465
437 217
926 344
14 811
580 207
335 846
688 102
56 325
195 589
125 441
913 97
710 316
550 571
349 520
889 528
241 643
412 897
162 499
127 477
938 344
744 597
485 757
702 879
171 173
160 946
157 772
53 511
207 299
984 703
410 585
934 377
916 905
739 421
141 73
9 376
849 228
268 373
770 275
896 511
999 351
223 420
305 404
452 852
585 828
89 542
62 168
137 503
228 989
187 883
293 274
288 899
76 48
391 764
759 87
946 831
67 289
944 81
332 77
616 192
288 391
622 845
778 507
801 492
790 780
706 249
60 108
611 639
942 403
422 447
13 706
517 485
546 744
587 98
954 475
114 389
39 967
191 476
433 22
998 344
915 908
520 705
262 978
163 174
360 58
385 836
390 168
671 961
138 874
957 345
882 92
244 54
423 406
304 881
738 378
246 898
775 341
836 837
611 660
744 949
378 519
865 399
696 195
206 663
401 741
170 277
47 366
102 375
87 620
564 913
187 16
86 113
542 375
495 713
438 766
135 950
681 123
944 826
959 290
564 371
370 974
345 283
461 979
636 521
179 292
959 781
973 105
300 124
492 343
123 271
669 219
238 796
950 212
899 396
266 45
859 273
558 599
92 947
54 249
393 172
680 786
144 249
391 896
312 25
519 570
869 897
519 172
317 304
26 58
941 429
182 349
55 574
804 735
614 541
546 975
677 903
838 909
963 995
418 282
832 96
689 694
272 87
435 762
886 170
763 763
168 346
326 487
435 61
892 661
300 670
615 727
358 571
495 528
260 289
812 648
731 955
191 525
595 391
712 433
320 394
886 359
143 233
903 444
533 683
224 89
17 332
478 749
512 1000
678 509
472 993
141 934
159 404
765 377
379 463
423 840
773 737
153 987
363 196
880 139
869 526
841 183
18 627
461 360
897 140
76 18
985 386
549 569
419 179
427 764
193 948
589 255
551 434
563 729
373 183
30 826
567 872
869 632
571 149
380 707
586 296
736 246
900 752
582 158
195 269
465 461
340 578
383 634
271 728
60 833
1 461
723 971
314 970
143 440
221 72
57 535
577 601
690 493
57 252
291 362
532 542
5 174
663 836
834 495
856 446
757 158
30 833
183 311
302 423
259 740
564 564
146 301
122 17
109 403
827 762
224 383
845 469
50 881
814 288
466 232
622 103
432 379
497 935
843 576
36 93
549 95
898 67
655 129
551 237
937 6
924 706
499 790
851 573
710 75
188 708
374 89
728 349
754 498
660 442
27 943
797 840
561 829
339 294
768 88
924 936
688 424
513 830
505 887
374 899
78 982
723 791
511 753
619 444
522 826
73 86
51 898
857 156
886 336
828 537
552 697
184 698
781 540
877 624
961 942
580 147
360 230
339 80
354 173
237 20
203 946
893 999
438 474
708 468
169 109
790 252
518 256
893 282
56 194
55 987
552 179
229 504
554 49
780 617
425 230
695 556
616 640
227 744
944 163
585 627
953 189
825 321
368 79
46 338
604 393
393 805
448 533
222 960
658 54
895 856
66 638
938 392
506 544
722 142
109 988
735 186
94 103
43 627
580 697
639 534
327 312
418 649
112 918
289 751
500 373
335 613
990 660
212 309
261 582
683 987
362 118
649 719
561 899
651 280
398 496
373 506
328 587
389 294
857 750
462 731
385 828
68 713
664 232
912 220
465 720
267 482
634 21
244 274
871 499
786 240
779 863
454 339
720 63
383 839
513 239
824 314
679 284
771 774
412 925
747 188
479 290
219 546
542 860
916 357
7 535
409 152
886 48
913 699
353 612
4 652
312 970
968 496
232 575
118 807
275 873
508 873
194 772
425 463
46 973
218 197
532 221
291 54
780 963
513 193
455 68
973 956
120 306
298 953
665 515
187 705
219 264
4 703
330 795
248 646
264 822
779 361
426 168
376 813
87 823
807 999
498 581
570 954
435 346
572 725
973 26
16 334
700 51
688 576
469 274
215 559
115 858
926 63
967 382
421 748
374 274
670 196
15 189
252 945
530 40
86 475
595 466
199 180
708 137
212 437
299 937
632 231
470 259
688 383
474 540
233 248
289 921
981 870
798 824
209 924
419 398
467 963
244 243
961 665
737 6
141 797
551 870
337 461
744 345
619 881
235 227
1000 648
191 87
98 47
668 394
759 425
403 670
133 437
300 379
196 241
751 217
796 311
108 179
59 494
623 42
802 44
747 113
352 103
314 773
212 853
599 366
871 510
759 756
819 497
597 516
690 579
299 213
711 480
873 587
339 914
786 520
453 489
868 519
136 921
940 849
581 170
54 18
263 335
517 191
519 114
777 241
293 869
685 928
734 702
505 256
489 645
583 808
943 919
67 561
241 582
369 697
634 851
111 53
337 449
845 513
535 365
3 128
606 893
718 326
952 782
739 139
750 915
945 115
496 414
980 106
730 455
384 663
592 90
865 59
436 967
592 253
234 598
458 19
485 692
446 383
463 767
732 450
769 31
442 262
431 625
663 329
430 3
583 13
361 524
827 358
170 499
240 783
467 770
563 651
447 590
55 973
448 363
899 182
804 786
696 97
958 22
388 39
303 881
206 670
711 4
690 262
114 386
258 226
708 510
196 776
313 646
817 197
988 249
9 259
735 965
823 258
739 751
412 511
918 968
889 846
50 507
672 247
554 859
243 59
5 354
398 450
920 46
803 250
654 551
118 183
65 615
918 119
286 293
726 105
130 406
394 846
698 619
942 388
481 973
62 970
774 90
951 431
172 347
165 352
589 708
809 345
158 646
377 29
914 522
420 161
860 161
476 99
541 672
503 793
124 774
97 426
618 206
959 785
818 934
399 378
955 764
730 366
562 892
350 504
537 943
626 134
67 634
734 166
853 178
380 626
17 735
675 961
884 454
897 479
526 798
464 240
387 469
48 137
489 775
598 132
749 44
920 822
381 661
419 404
36 618
259 654
249 34
580 67
419 225
441 735
274 445
403 383
487 737
158 125
35 853
12 605
375 862
441 528
165 507
425 265
597 809
578 550
435 950
669 107
442 396
840 94
878 470
867 25
123 208
927 487
497 699
792 229
700 60
490 683
4 48
482 191
832 845
288 730
232 136
568 764
760 498
884 603
509 200
416 907
612 776
586 521
643 25
117 332
459 878
822 275
339 516
453 611
389 878
516 880
970 502
264 80
889 845
672 229
593 836
468 363
920 994
103 383
112 225
190 679
541 734
170 604
776 380
977 261
58 239
734 486
19 264
294 717
244 910
893 844
912 318
221 214
568 337
199 877
124 813
970 317
14 420
986 629
314 969
500 900
916 204
807 411
928 495
691 408
339 904
61 965
436 582
637 135
147 656
828 21
159 206
239 150
989 294
274 56
290 542
363 671
110 427
780 841
540 406
268 239
819 789
967 382
924 809
461 707
289 357
575 948
907 617
647 948
738 710
959 495
890 387
5 994
981 27
83 892
662 830
654 286
835 626
267 245
322 376
23 977
355 180
38 112
105 231
14 405
78 841
580 86
317 224
768 969
880 330
896 130
360 281
202 695
133 674
672 138
644 562
573 604
775 566
908 826
405 576
652 933
697 134
55 403
920 351
699 722
207 308
199 774
500 839
309 21
616 292
494 700
848 718
342 677
164 832
13 869
657 243
991 326
988 381
684 913
843 174
898 157
251 488
528 679
748 58
181 273
296 253
629 208
189 344
509 210
999 944
764 886
484 414
488 756
897 766
258 669
375 280
295 947
519 581
755 992
73 190
997 489
997 119
203 398
361 104
251 207
885 760
353 853
865 181
667 753
929 464
330 783
201 382
434 168
121 218
960 1
515 448
48 374
85 280
26 418
732 771
577 795
185 181
599 718
938 785
346 501
899 614
870 943
44 810
263 962
603 579
281 584
429 977
738 303
465 887
669 397
886 637
423 971
602 799
679 600
365 928
502 381
689 108
109 738
292 577
900 331
823 191
448 344
317 229
323 217
837 761
977 532
22 507
108 820
427 296
382 146
766 393
416 12
350 635
504 878
800 439
9 644
953 649
85 863
22 589
118 12
516 681
12 750
69 538
130 111
823 643
591 639
542 895
49 970
810 405
723 690
24 728
979 500
432 850
199 525
816 351
201 335
477 357
588 216
296 808
734 431
286 824
663 763
240 405
781 510
201 606
241 783
554 8
665 469
576 750
429 296
211 827
823 765
122 671
489 243
225 136
384 804
452 774
75 93
299 596
627 913
189 933
148 845
15 289
151 467
362 984
303 418
122 804
684 952
179 839
624 787
47 646
552 204
243 299
693 738
312 103
836 880
636 366
217 403
637 138
76 610
245 976
230 954
274 451
980 800
359 199
441 656
138 517
426 902
642 314
143 362
540 574
447 307
375 385
779 252
20 273
670 950
83 378
539 744
970 182
711 539
125 588
425 642
263 989
825 887
889 959
505 651
31 832
626 270
593 966
425 226
274 289
309 511
353 991
708 266
477 778
66 402
987 84
64 378
823 686
887 399
466 915
639 225
340 793
359 372
417 310
387 738
409 577
216 364
161 687
307 592
479 703
230 581
178 396
880 562
378 732
988 573
595 207
251 477
271 561
756 236
154 343
683 741
931 688
819 23
560 186
270 210
178 405
399 652
183 707
551 156
483 741
364 897
725 22
614 703
206 874
365 576
957 684
889 896
121 864
883 378
700 425
645 576
218 124
337 528
802 561
885 564
183 150
382 938
372 805
130 253
79 577
204 796
628 467
481 868
371 975
155 109
6 430
224 90
616 924
439 364
111 365
30 526
839 154
596 484
961 196
449 334
852 51
710 586
175 541
457 289
781 972
554 132
622 789
319 325
923 659
429 360
167 933
852 939
154 213
959 385
225 488
879 161
693 363
927 116
517 431
998 616
704 63
568 253
36 785
575 315
415 8
41 315
383 66
984 951
371 295
160 107
18 854
707 607
754 920
415 752
735 412
505 58
842 645
155 236
52 180
474 354
295 994
250 829
420 629
666 538
822 982
610 4
211 141
434 302
823 110
542 410
660 83
862 714
593 358
111 717
485 547
517 666
796 956
225 804
538 512
77 103
766 97
316 390
446 454
56 271
997 323
515 604
564 949
467 966
895 913
856 722
729 504
176 389
659 618
192 155
776 269
265 537
36 195
451 258
856 831
923 628
413 184
795 716
786 980
694 949
894 795
919 971
225 943
927 924
652 127
727 980
162 769
791 439
48 776
567 209
771 674
32 709
433 570
353 542
62 894
669 189
189 856
453 695
514 134
585 785
789 300
784 775
96 162
737 992
641 821
898 785
70 883
85 242
823 411
505 121
976 39
848 532
590 8
588 654
256 698
225 836
174 18
609 280
135 55
231 156
495 920
602 138
244 338
398 971
972 35
363 142
419 253
41 91
878 381
856 620
652 621
664 769
326 290
385 602
470 155
146 671
506 761
265 894
645 812
898 664
134 237
121 348
493 844
258 68
597 713
625 80
423 689
356 989
720 166
57 219
806 737
446 348
557 443
106 662
364 54
330 305
125 748
452 382
459 158
364 8
877 451
250 131
4 401
893 315
225 399
938 409
887 461
157 317
736 804
160 369
355 520
247 14
322 426
565 444
333 932
726 586
587 483
125 985
608 440
912 412
5 322
73 673
453 159
838 964
572 975
265 803
600 39
185 484
807 578
916 284
1 628
860 75
215 307
572 618
697 900
24 246
988 976
501 935
389 286
205 702
885 295
98 630
199 597
669 671
396 3
118 572
534 84
290 175
220 826
344 99
250 911
306 321
528 784
468 604
526 994
677 498
281 514
880 210
28 627
618 336
622 524
465 532
924 605
824 428
933 104
347 408
399 649
433 402
292 194
538 914
675 746
830 364
811 601
183 353
728 495
177 649
156 24
230 582
764 45
491 83
80 849
631 417
374 89
362 334
776 564
299 471
864 838
961 62
61 113
887 421
416 405
144 601
480 964
444 942
220 792
412 288
383 937
668 760
792 74
421 32
15 779
368 489
97 520
232 167
780 133
828 521
172 261
52 439
284 279
523 766
239 386
666 718
31 980
309 67
259 415
789 82
674 725
198 609
121 745
408 222
52 944
588 769
545 229
450 412
203 988
288 419
306 741
294 868
761 141
691 803
984 72
725 860
546 671
464 5
722 8
339 290
518 838
573 951
843 740
464 572
905 928
318 368
264 306
739 155
604 448
985 329
269 126
972 995
802 507
214 448
893 846
887 427
506 681
657 215
886 648
410 726
916 410
649 181
466 789
492 420
145 970
72 227
172 944
326 897
802 517
805 23
693 575
998 878
96 486
955 481
549 104
710 123
100 693
414 823
598 513
772 202
479 710
34 145
546 687
269 591
614 1000
606 97
244 907
299 454
649 445
396 552
790 967
45 11
194 449
261 939
648 983
440 134
743 761
882 717
873 529
247 800
100 142
632 196
194 43
853 556
619 133
441 787
482 53
695 132
213 384
165 548
6 734
656 682
180 247
797 143
895 969
341 576
297 82
412 571
29 621
405 453
959 405
429 347
816 529
296 872
491 872
388 405
949 829
642 746
714 732
357 909
761 977
878 779
307 2
360 286
773 935
25 507
166 961
396 475
730 27
83 304
852 983
14 341
737 29
672 301
185 855
983 695
330 452
197 519
108 197
60 523
832 140
329 209
464 313
544 234
455 66
611 819
187 734
602 881
657 138
819 942
799 942
397 462
437 737
545 11
571 382
103 951
978 425
419 731
888 665
229 310
283 384
270 381
167 647
330 366
418 78
912 492
64 418
426 780
483 234
728 956
721 280
477 990
917 707
590 240
326 207
90 871
49 637
259 42
666 168
40 970
85 62
25 998
838 88
865 745
724 780
964 62
831 179
219 875
425 804
205 428
560 227
596 696
802 560
477 299
362 794
101 616
264 388
902 509
813 609
207 895
278 319
493 794
442 216
406 383
63 836
183 69
325 514
101 783
57 291
980 887
208 77
355 186
700 449
338 823
915 323
676 47
148 93
383 119
367 195
83 834
704 245
1000 496
443 494
849 975
257 692
759 299
67 440
131 844
479 515
773 931
507 872
781 679
672 848
97 981
123 299
406 726
444 783
41 240
514 496
34 88
847 286
888 249
609 885
255 529
784 704
649 180
186 122
543 962
427 623
836 432
737 766
935 140
374 858
882 859
580 740
630 442
817 64
260 380
960 625
736 778
910 360
444 185
119 63
739 968
316 70
977 684
427 63
261 204
313 505
788 811
379 944
539 440
575 300
877 356
122 722
711 164
795 727
204 247
501 35
511 248
828 88
534 655
650 170
499 873
816 892
134 413
343 474
797 288
887 339
350 406
110 402
702 497
355 219
3 170
482 249
40 60
977 355
740 865
57 591
444 330
595 230
494 934
572 932
928 644
461 471
718 228
338 834
583 228
803 28
410 157
799 771
366 313
18 553
558 480
759 328
513 911
520 853
940 303
811 849
576 142
814 151
529 420
555 158
611 281
63 270
72 876
894 733
826 448
712 765
896 613
141 26
585 510
106 138
479 470
985 83
753 374
6 812
649 178
736 915
882 596
563 453
585 35
786 120
236 148
807 193
687 445
915 896
617 527
404 103
804 247
56 143
761 684
216 158
79 422
31 309
839 238
964 959
931 40
757 440
259 744
425 85
360 87
125 472
102 969
572 189
724 312
268 836
499 715
683 510
168 16
34 7
684 246
816 445
124 639
946 570
337 140
270 56
837 53
93 925
725 817
945 368
623 956
678 144
196 535
343 590
724 883
433 909
681 90
835 802
580 38
285 340
267 710
100 969
790 986
422 734
508 213
113 538
502 497
633 260
766 750
767 774
880 427
654 211
172 194
520 832
122 780
544 208
298 749
573 876
716 339
911 584
354 527
48 270
486 523
104 82
848 76
884 31
235 86
806 888
938 261
98 815
128 89
128 198
382 709
347 697
896 126
123 636
2 58
68 451
974 574
168 633
795 613
619 778
217 303
868 265
455 616
799 115
959 747
143 713
608 5
798 951
827 969
733 636
294 475
4 409
746 472
355 35
155 612
328 682
803 338
795 627
694 367
387 191
853 107
617 555
977 701
545 612
403 281
249 17
631 894
234 792
849 827
296 210
295 243
134 626
462 370
638 566
358 963
351 40
465 822
673 908
982 150
206 321
344 871
585 78
112 121
622 667
766 413
881 488
540 547
877 588
2 946
575 443
197 555
670 447
118 163
277 689
615 16
333 450
352 305
976 51
480 846
239 813
428 158
661 783
628 159
986 306
398 782
673 836
403 554
357 897
458 217
603 180
976 129
505 477
82 261
57 876
555 13
779 183
220 803
33 517
413 948
10 613
46 487
135 818
341 556
186 298
183 36
202 404
181 934
264 786
460 839
405 813
620 843
997 631
188 436
961 671
684 285
134 954
8 663
701 676
287 254
832 535
968 43
984 94
736 65
357 807
176 16
434 973
668 121
675 462
722 387
48 936
447 624
394 256
333 694
728 395
611 639
339 631
817 468
538 947
313 43
437 134
779 583
696 652
572 417
594 604
253 312
133 836
955 150
594 342
449 319
344 434
11 713
751 334
220 993
356 318
29 817
814 988
208 962
392 90
698 689
435 705
129 671
662 697
814 941
492 384
24 680
660 548
221 95
868 577
544 89
261 609
866 47
576 25
481 909
783 585
343 132
718 706
264 619
934 589
135 770
267 627
361 192
902 152
139 985
417 93
856 844
462 660
139 457
128 266
579 292
898 854
257 393
656 198
314 281
924 107
601 857
773 526
862 615
381 837
74 483
992 571
350 369
863 496
958 521
582 363
60 814
544 216
54 450
998 176
25 482
50 73
650 640
74 760
749 200
63 830
513 108
110 556
95 38
630 227
145 879
582 971
926 330
408 648
839 984
27 837
625 231
111 526
279 118
582 815
665 591
298 531
979 623
890 843
701 74
69 941
313 933
117 504
763 14
126 259
889 682
854 807
360 233
683 131
199 184
787 157
403 240
215 263
553 41
660 144
585 625
87 286
749 230
563 502
533 939
82 240
565 207
978 904
351 844
924 990
955 821
647 884
364 387
147 849
12 422
594 427
532 807
474 479
400 488
386 288
354 84
223 973
791 757
227 749
900 64
757 318
866 64
290 724
306 196
204 910
82 245
244 372
286 290
38 700
756 518
325 80
474 140
926 316
454 477
122 494
424 545
425 940
268 97
204 276
297 813
379 257
748 152
34 64
185 780
799 473
912 842
364 34
104 726
815 131
564 732
634 922
90 975
518 167
95 55
366 616
65 119
454 676
752 287
766 888
702 964
742 27
182 217
372 253
847 185
952 327
286 291
796 306
638 188
595 673
682 187
670 302
818 538
467 530
774 714
37 115
465 646
90 530
132 725
890 93
711 733
150 77
772 718
885 362
276 237
916 598
443 776
521 545
587 825
49 321
103 946
289 779
54 738
979 154
525 285
102 294
417 543
994 256
404 808
965 343
53 115
579 253
978 944
308 711
577 842
779 805
663 659
116 554
933 796
835 498
602 610
641 611
422 309
141 219
146 119
179 697
776 174
378 824
774 695
240 31
958 678
471 497
664 77
646 829
585 62
422 930
19 772
624 412
532 507
809 695
808 610
905 732
948 831
473 449
212 466
512 461
211 426
308 901
695 986
575 636
994 940
653 940
53 501
907 503
50 947
220 333
781 543
51 866
457 176
225 391
449 365
390 606
681 830
225 901
131 990
340 917
121 427
4 616
571 996
795 53
186 287
891 951
619 157
397 330
598 291
778 604
510 946
825 767
883 364
141 453
392 638
725 438
812 584
322 622
798 373
581 776
806 456
513 79
862 365
998 622
638 25
967 564
381 813
573 776
794 647
787 982
289 610
865 404
979 604
33 679
335 851
170 380
259 103
128 305
168 249
754 114
87 200
644 941
307 944
521 529
525 735
599 6
545 724
690 140
942 730
73 594
30 752
195 1000
812 681
387 476
159 778
919 806
999 955
19 888
964 255
573 143
506 807
474 603
996 617
546 689
588 618
45 880
839 171
984 657
886 927
678 657
650 519
582 397
928 525
792 832
361 998
426 164
498 159
648 427
62 251
274 294
585 464
116 232
325 651
233 272
217 451
548 150
197 56
809 259
636 545
101 299
389 810
895 86
935 186
179 688
309 498
556 394
453 447
461 480
126 637
201 54
207 404
789 187
165 492
66 439
314 245
406 597
135 398
48 200
612 471
994 788
609 342
808 787
813 306
764 981
32 110
585 177
811 869
553 514
333 549
402 445
332 284
102 178
421 130
380 224
288 221
162 102
580 504
362 684
439 344
12 631
532 855
443 43
130 188
197 982
32 685
120 650
193 795
832 821
14 881
646 695
970 460
760 637
446 847
896 405
33 676
55 541
566 79
717 699
514 726
517 717
393 187
702 765
632 766
563 86
309 566
909 171
563 660
562 777
56 274
452 599
724 639
673 631
974 566
424 970
838 412
867 803
241 497
425 895
724 880
780 382
348 263
1000 956
141 549
202 640
365 148
736 692
540 546
721 166
412 698
64 982
586 276
166 775
271 933
924 50
894 35
67 47
821 420
437 579
956 9
591 226
143 340
54 977
25 354
574 742
621 840
510 525
641 106
1000 170
713 768
813 236
845 450
509 5
49 157
889 484
117 339
65 1
659 379
125 445
645 926
930 534
887 274
789 855
495 549
245 848
192 381
46 578
365 686
693 824
707 670
355 143
686 956
755 70
618 343
597 70
802 161
880 671
537 951
37 720
947 171
517 11
62 478
371 575
305 628
576 567
510 186
179 599
685 562
510 632
22 201
3 515
561 618
315 247
343 588
267 296
44 445
814 900
759 193
200 55
135 491
155 392
973 253
900 928
277 443
997 341
66 800
341 495
301 914
462 227
673 351
856 80
586 165
176 766
855 556
139 994
743 971
814 986
267 676
369 210
849 750
430 424
832 878
190 163
863 929
513 521
554 487
715 490
146 877
694 849
448 306
86 811
136 373
445 473
841 741
519 44
977 453
286 175
206 738
408 425
366 269
290 701
868 574
583 993
645 987
695 447
662 703
293 912
258 644
161 213
214 474
216 146
531 779
961 348
589 997
604 285
371 529
128 841
172 905
422 499
654 709
212 266
913 101
9 175
132 881
770 316
232 119
836 130
265 474
783 637
755 798
624 344
625 406
31 749
956 216
571 653
997 5
253 543
63 316
860 829
109 495
769 619
502 61
980 523
970 606
746 888
338 718
675 607
567 238
989 969
106 334
535 231
924 877
199 597
177 652
581 401
13 812
986 305
7 631
97 821
985 424
637 153
8 846
118 599
266 114
137 708
481 861
807 482
795 569
220 539
650 192
238 164
372 814
531 98
465 562
102 527
433 335
15 37
870 62
54 450
211 247
273 999
517 180
275 476
499 107
630 304
716 304
416 93
941 634
289 424
212 889
870 531
369 155
127 561
687 352
883 380
770 335
857 183
494 631
986 262
5 472
578 801
935 525
383 965
344 379
559 203
249 516
968 602
114 798
625 475
217 340
839 35
580 864
43 408
579 538
488 113
386 638
724 29
660 933
626 720
82 694
205 524
530 323
72 976
518 548
607 478
989 861
178 444
814 676
63 269
495 541
753 914
340 937
119 890
648 819
210 882
299 303
800 239
951 259
16 487
861 864
796 839
145 625
358 785
97 858
309 80
599 689
182 318
110 1
293 784
573 93
334 70
138 823
87 476
706 810
383 550
887 480
596 538
631 879
237 437
838 918
938 122
775 248
802 86
561 637
457 115
11 886
614 752
893 449
429 336
666 903
807 846
507 958
105 878
861 654
132 580
576 768
238 493
676 672
606 340
480 520
450 707
275 285
584 486
237 393
511 265
178 923
505 131
564 693
944 15
238 265
491 720
84 81
181 535
20 566
496 146
156 75
833 179
735 695
445 688
564 28
35 274
414 301
451 592
65 412
599 356
337 927
7 825
272 894
391 24
672 323
389 840
177 961
198 273
341 917
10 428
87 724
93 531
738 521
431 510
240 763
467 307
856 874
422 121
798 409
149 67
946 42
148 682
342 790
49 129
311 685
788 613
613 9
609 338
722 454
171 815
740 200
68 622
564 203
88 438
385 904
771 181
338 664
506 568
264 207
368 856
206 680
50 579
652 371
359 962
967 651
448 358
135 582
556 582
568 256
277 257
943 847
338 938
838 133
583 317
153 639
682 644
190 814
716 625
166 972
990 913
966 423
394 29
760 338
274 299
670 520
751 818
569 174
638 267
951 851
840 373
726 43
675 859
910 869
757 255
936 824
804 400
852 927
208 694
187 739
804 371
128 444
857 741
457 7
931 903
223 545
752 987
836 22
962 517
984 521
839 478
515 717
878 806
308 342
806 679
168 466
948 763
629 844
851 473
215 168
32 643
926 501
242 358
445 970
378 903
201 880
274 370
770 286
56 700
488 159
976 956
950 586
677 786
523 575
594 238
934 624
894 25
684 780
223 984
413 849
387 564
768 662
241 393
275 416
529 38
51 381
806 221
733 689
86 667
592 66
395 857
210 604
605 639
39 803
967 420
323 997
842 778
583 730
552 470
245 875
944 461
492 400
196 909
312 847
923 93
564 80
832 492
652 461
806 657
719 284
136 815
213 914
152 137
840 399
236 580
494 325
945 9
477 447
811 383
734 551
132 247
294 897
108 401
309 899
992 678
131 413
349 972
340 600
917 367
852 798
211 568
640 524
756 212
675 575
612 913
911 467
906 368
164 35
834 355
876 50
277 46
327 312
418 886
99 349
262 774
874 770
647 847
256 465
229 249
402 413
84 258
674 156
425 247
662 581
26 175
591 235
435 923
864 748
688 113
883 318
546 304
796 639
867 47
712 216
91 201
118 76
330 473
933 871
159 615
823 631
709 795
959 520
208 365
460 703
92 116
146 700
109 207
994 789
675 205
659 517
514 272
50 859
585 8
284 346
709 185
832 827
378 96
135 85
965 347
958 417
480 817
628 921
616 902
220 569
300 703
222 780
77 414
149 42
305 355
112 759
154 859
281 997
312 909
810 25
550 302
422 977
938 235
231 957
453 299
603 829
258 39
544 993
424 738
122 851
701 584
576 909
429 532
495 400
301 99
78 606
328 243
206 673
62 548
30 575
547 13
735 85
483 289
149 732
9 748
217 952
688 37
374 800
15 707
453 265
973 945
984 997
470 538
441 392
382 543
528 87
974 888
168 801
46 742
997 529
238 54
800 779
937 78
365 354
505 627
914 730
966 49
879 443
360 590
113 369
530 565
120 740
439 955
804 666
33 122
787 298
294 390
650 740
877 623
585 109
529 568
393 954
477 141
28 61
107 802
535 383
876 686
742 694
263 87
330 652
647 475
453 818
44 102
441 586
834 295
547 224
467 515
569 112
177 735
883 54
436 108
419 208
237 672
631 738
163 387
830 946
470 461
141 91
74 708
525 720
998 273
496 371
389 914
260 193
220 479
178 608
78 815
633 969
558 464
579 51
324 404
831 119
143 305
461 743
21 875
174 820
593 400
938 906
144 865
744 37
257 82
682 289
90 94
581 924
12 302
453 101
425 111
590 47
211 725
903 153
146 940
525 884
805 719
573 362
267 991
774 716
960 271
138 707
40 933
618 197
534 98
812 158
210 762
570 589
972 699
442 805
261 549
405 125
968 718
881 688
562 690
306 99
949 599
317 19
755 615
48 757
908 989
113 909
926 271
1 428
967 539
101 347
759 203
641 908
120 172
808 308
930 785
920 133
320 896
581 717
145 879
208 823
673 48
172 722
502 477
866 843
277 598
932 370
856 47
108 57
331 823
664 789
67 108
529 244
412 804
291 779
206 181
162 976
853 567
414 394
212 278
230 487
606 21
367 59
890 742
85 172
330 30
405 468
734 488
227 835
14 494
128 358
590 839
608 15
27 239
361 960
294 908
7 8
342 401
84 120
620 866
312 422
920 316
544 201
79 929
133 911
418 92
355 330
495 510
172 269
568 513
687 921
662 49
857 243
379 271
873 945
541 146
818 445
123 856
636 335
177 161
98 713
863 337
105 439
908 322
911 188
853 674
793 366
317 573
612 482
533 169
187 326
939 854
942 715
925 139
38 642
13 157
474 981
830 658
436 65
326 799
399 624
679 963
60 380
823 211
553 115
664 506
499 353
376 59
891 424
450 776
464 274
366 557
586 66
617 60
74 29
141 338
849 695
550 529
10 902
613 807
269 658
185 878
115 204
467 782
665 736
587 535
662 316
193 254
133 94
559 484
791 565
905 723
746 635
922 167
346 82
153 735
160 121
132 50
702 367
710 563
170 730
400 750
952 380
794 852
696 495
736 984
555 916
838 395
582 545
540 959
68 286
668 102
192 73
972 126
81 68
337 947
437 650
67 430
527 640
845 530
725 674
4 433
32 20
587 45
603 999
190 696
425 754
566 917
344 896
886 289
930 883
573 884
511 404
973 128
606 849
306 329
440 620
259 447
560 234
540 579
27 337
42 785
963 588
365 988
846 92
974 399
943 312
295 824
606 644
974 838
196 229
266 723
984 763
433 599
473 321
865 7
496 445
611 94
471 146
931 272
821 729
43 727
575 236
722 585
454 357
984 491
54 154
825 347
970 663
527 221
946 578
551 437
664 129
675 994
30 89
371 446
330 631
454 857
591 129
502 156
687 652
723 192
619 285
106 916
534 361
96 346
490 264
970 837
993 404
103 107
727 733
951 889
452 476
926 823
741 495
937 415
273 85
926 114
43 509
705 46
849 320
893 298
402 32
162 818
897 707
375 995
665 111
207 894
637 516
378 735
792 728
659 859
3 312
156 631
413 422
728 465
947 331
537 423
94 300
286 830
295 217
369 398
494 969
664 631
674 80
702 395
138 94
184 992
531 662
182 253
145 990
565 820
972 373
435 281
132 954
226 322
64 286
14 701
936 336
362 991
130 470
561 142
737 962
703 311
778 607
364 39
965 729
280 427
556 892
75 587
485 148
927 430
252 824
656 322
838 841
752 536
897 675
139 420
508 811
83 153
794 557
935 338
678 586
844 545
809 444
297 296
209 547
194 597
393 111
203 97
115 88
813 688
213 647
812 559
930 310
247 684
865 513
793 46
645 243
717 394
165 865
594 947
12 121
489 275
371 249
886 665
786 182
432 546
671 969
167 928
952 61
910 108
772 127
779 209
834 857
350 718
122 868
892 624
881 718
9 225
194 810
703 744
435 674
921 717
182 181
351 7
79 988
205 933
785 276
273 700
946 432
55 121
822 911
133 557
319 883
278 257
2 496
742 495
941 687
750 231
593 882
522 333
359 145
977 898
271 260
179 213
966 714
604 608
844 928
191 648
94 180
697 610
129 646
181 950
866 444
478 178
718 340
720 380
607 601
871 997
539 786
621 869
457 661
806 774
205 253
22 289
358 953
897 140
116 388
888 828
658 313
790 558
767 18
254 739
659 711
762 526
368 915
460 156
681 997
785 150
866 878
752 746
291 347
8 234
705 640
250 658
602 200
285 373
244 653
118 178
274 726
263 714
694 86
393 857
103 821
646 835
73 644
196 884
455 71
10 729
911 303
529 807
487 622
170 293
390 815
605 14
453 97
188 56
938 760
282 993
89 567
671 520
216 268
529 635
455 184
924 167
642 614
876 63
324 316
408 994
284 768
367 574
881 861
715 202
491 965
129 759
752 695
151 956
102 659
676 107
779 44
602 467
268 629
270 737
719 495
335 621
422 181
834 610
777 173
315 725
714 723
776 909
244 311
619 929
63 593
61 568
823 782
602 416
19 552
540 581
296 595
515 169
644 375
391 970
222 345
462 700
441 633
176 734
218 866
424 567
528 839
832 787
890 704
972 688
979 496
628 81
176 364
141 531
485 575
121 560
788 18
121 905
690 79
234 780
195 819
548 989
509 391
623 387
653 345
935 587
781 628
444 278
555 455
921 218
319 689
266 738
124 5
623 208
731 320
683 909
800 140
298 794
677 283
440 211
352 655
358 644
917 93
216 698
336 866
90 938
465 375
925 556
905 737
651 755
798 799
720 885
827 373
175 718
34 351
72 86
944 936
695 883
964 342
731 96
241 984
641 790
757 738
810 327
587 520
753 750
36 780
961 948
47 222
895 950
724 64
565 811
300 399
998 98
386 582
610 796
409 467
567 581
789 143
19 51
416 85
12 754
712 720
848 590
338 644
796 623
818 630
442 419
1 43
541 260
709 773
73 620
921 693
794 434
212 395
845 576
828 576
828 850
878 497
337 455
140 19
528 666
250 49
916 436
148 442
46 692
626 598
196 724
234 878
465 183
722 485
332 734
492 200
923 670
597 586
5 307
946 919
315 785
254 829
761 94
108 719
420 898
678 169
163 613
847 6
968 185
754 463
779 673
374 898
433 288
119 605
735 35
701 943
22 503
745 749
744 28
653 952
12 332
362 538
813 34
963 774
214 293
800 25
616 650
368 607
486 618
315 885
675 350
136 777
580 319
763 589
383 449
367 998
677 701
788 614
718 441
985 886
303 17
874 779
689 186
423 375
547 680
150 980
17 880
544 17
182 344
11 820
262 495
627 590
302 873
466 267
725 420
143 556
473 363
295 751
103 109
56 824
749 591
57 630
308 753
170 739
618 506
217 896
213 849
256 850
638 262
340 272
228 569
550 253
211 273
213 2
468 468
569 823
178 644
1000 202
290 723
192 980
411 773
76 145
707 420
749 958
38 749
71 221
339 158
976 172
595 46
229 706
74 427
81 36
994 553
402 425
791 975
580 957
7 108
571 906
119 93
226 513
445 430
321 906
678 134
958 935
832 503
589 337
15 833
806 129
823 828
415 237
366 978
583 803
185 419
715 485
634 555
787 572
656 37
232 174
701 585
633 967
799 79
113 546
983 666
53 754
230 878
735 890
484 682
444 722
136 897
923 359
400 173
324 118
280 25
481 476
547 541
709 657
674 699
901 446
974 442
668 909
769 981
509 185
256 341
84 648
897 692
568 584
959 261
266 729
617 530
922 518
521 98
514 269
437 418
64 574
585 552
823 772
941 576
624 121
404 432
580 681
580 760
522 310
996 76
529 823
362 264
450 92
930 924
215 400
533 727
599 470
798 901
72 438
645 145
92 669
901 192
139 465
111 480
945 221
454 477
627 393
531 975
568 116
690 724
278 333
227 798
757 851
335 964
74 386
233 546
384 742
640 816
324 929
177 774
512 329
578 713
393 956
550 367
437 221
39 915
974 10
68 114
32 768
494 713
559 20
174 840
288 980
778 275
108 273
227 190
321 647
470 889
436 612
878 188
866 474
783 267
944 286
770 113
644 829
616 733
694 206
494 880
881 757
711 254
822 400
831 637
587 968
543 227
929 202
358 364
926 255
744 411
440 558
870 593
418 297
507 14
805 549
430 588
205 958
992 25
28 936
281 662
52 281
64 465
190 3
915 504
443 504
375 226
219 315
179 376
741 131
999 393
108 284
200 411
839 986
179 167
865 469
293 996
556 983
402 416
904 830
486 78
805 557
790 610
275 282
230 485
1 489
805 141
316 191
138 15
954 826
435 702
558 579
909 576
974 424
812 247
743 862
960 543
523 979
335 312
273 40
398 236
562 546
411 422
875 697
484 574
536 258
229 761
222 502
290 485
737 206
425 26
718 423
262 22
456 22
193 535
445 739
126 161
541 967
94 647
318 347
177 755
664 945
237 671
587 691
751 366
295 986
742 275
92 951
534 526
776 811
814 569
658 557
783 648
896 270
332 403
62 800
322 8
127 578
623 217
303 812
630 822
868 57
454 345
725 374
888 640
963 116
739 449
380 577
578 721
232 989
13 60
136 194
64 546
749 8
382 105
296 760
426 400
413 360
328 702
130 728
595 247
863 746
264 87
430 835
962 913
471 609
833 892
421 226
216 484
376 849
658 996
390 787
359 725
19 758
983 546
936 671
167 436
979 159
12 796
103 520
593 462
393 715
708 134
728 457
555 100
426 898
750 660
311 492
885 997
766 197
294 196
191 664
401 814
315 572
628 794
621 495
498 457
872 531
494 791
886 350
606 120
609 51
247 502
501 358
694 551
20 249
240 744
946 230
775 529
841 984
426 677
906 528
281 175
838 656
150 802
459 48
67 3
752 692
484 378
228 395
570 573
88 42
422 281
555 999
149 203
896 878
578 979
378 610
868 285
218 886
7 306
739 637
816 193
257 617
783 565
458 944
394 872
838 960
1000 898
611 299
403 153
220 661
519 276
434 532
728 784
542 165
415 813
277 979
505 53
492 694
108 749
553 32
542 445
578 848
350 55
90 116
272 792
746 312
6 983
109 539
152 785
80 809
650 724
654 3
683 483
624 975
161 984
10 522
396 204
686 268
148 555
490 457
597 424
28 163
918 963
958 82
484 89
794 915
281 846
176 496
305 727
81 474
543 192
228 824
989 750
959 161
909 799
458 814
505 6
803 137
91 551
485 69
818 821
499 284
584 731
845 453
633 303
763 377
165 510
630 546
127 823
146 777
87 339
92 378
756 596
372 818
922 437
982 846
482 22
907 507
450 858
747 544
346 470
580 883
980 911
240 745
842 870
504 515
576 716
704 391
89 621
727 770
347 967
712 706
443 818
429 119
46 491
807 533
369 815
346 357
156 668
860 15
233 508
504 451
822 641
583 338
476 684
837 143
993 757
27 765
727 77
364 705
487 51
562 759
892 857
325 186
651 183
633 311
187 688
277 982
293 734
741 584
161 461
825 142
818 531
52 24
639 629
889 657
664 748
151 47
306 349
256 915
442 613
395 875
567 164
89 830
293 7
306 838
127 715
412 258
886 962
670 821
766 893
82 774
959 503
631 224
171 315
637 892
836 594
824 401
450 537
519 484
612 566
792 526
514 451
433 918
757 149
98 787
826 473
533 710
71 271
407 892
464 640
512 66
768 222
491 276
102 669
757 543
336 648
797 776
493 234
236 464
762 975
101 857
953 59
206 379
314 537
882 34
898 801
592 353
31 714
845 953
172 712
885 553
742 181
760 596
612 338
566 293
414 350
555 619
151 167
382 943
510 566
586 810
371 935
254 819
322 591
811 627
591 71
896 221
47 139
575 837
250 745
255 262
554 835
95 614
369 247
796 159
460 349
217 329
687 561
275 987
335 628
324 699
737 736
546 92
178 128
48 301
575 368
143 644
994 878
455 856
685 842
926 812
904 801
590 798
16 272
475 919
840 315
64 327
127 671
72 483
509 232
532 331
864 276
400 684
740 160
414 107
463 425
497 755
700 189
451 572
561 470
718 546
61 845
998 868
701 92
229 772
132 12
101 851
892 390
616 428
318 821
823 332
926 806
815 737
362 982
581 129
68 710
536 595
546 681
276 305
601 936
913 458
627 574
842 419
832 691
843 114
404 109
905 938
215 180
317 647
872 828
266 244
487 671
908 704
577 168
284 700
689 424
931 268
61 877
888 87
297 15
605 946
201 869
383 974
178 9
320 749
877 230
617 306
179 450
382 908
543 812
704 382
530 245
317 263
521 138
956 894
808 230
172 102
217 879
206 693
307 603
944 262
999 180
740 8
650 265
660 862
600 764
337 848
133 138
817 258
816 209
441 696
750 558
742 754
429 765
768 710
457 67
891 178
135 89
152 292
622 355
284 395
131 253
127 886
805 448
205 616
554 22
718 807
199 731
850 646
705 616
536 344
563 86
692 497
853 70
355 649
223 472
260 73
123 199
876 703
27 379
270 734
934 566
9 170
691 365
876 178
144 250
834 455
160 111
908 39
923 720
494 796
586 495
269 289
766 229
270 992
546 71
9 708
159 574
301 886
282 72
463 920
204 125
460 199
351 593
228 821
715 391
803 300
598 946
995 794
122 316
312 75
10 469
555 89
676 651
462 16
30 454
753 868
91 858
709 525
462 685
985 63
821 170
939 976
72 102
553 491
124 746
753 394
967 149
607 180
313 70
165 800
303 743
605 630
980 905
577 221
900 252
216 438
688 789
782 559
954 936
923 535
553 731
157 851
513 887
420 5
994 323
26 206
681 796
962 102
319 287
791 822
74 448
823 586
397 981
957 656
532 454
596 592
477 483
369 643
691 569
84 496
633 519
285 563
807 607
233 549
314 553
100 876
876 624
492 221
121 313
78 200
965 511
356 600
595 16
184 744
680 662
42 482
879 509
129 528
566 824
541 34
997 482
659 453
256 3
272 481
363 398
50 429
100 984
513 488
441 187
667 903
473 712
155 338
326 344
131 928
970 691
759 599
935 888
491 916
315 341
553 980
876 251
184 838
833 4
151 891
220 896
304 155
146 786
221 24
416 101
747 116
739 159
688 103
291 345
886 395
831 482
695 461
471 664
969 900
661 568
904 78
634 2
338 183
381 955
851 559
953 946
544 504
280 808
945 918
699 787
731 533
74 700
930 967
270 702
84 763
929 136
553 686
267 839
23 279
115 436
383 966
885 139
897 904
747 675
15 146
291 52
673 111
722 29
724 664
483 587
621 863
86 126
290 500
29 308
529 999
968 717
21 692
236 504
906 519
807 957
48 297
868 146
20 602
233 35
635 645
178 131
594 642
771 199
4 752
874 89
113 523
267 44
370 69
691 495
529 399
110 369
438 218
447 194
848 592
905 123
657 148
605 514
604 564
999 903
506 133
428 536
125 600
523 106
36 545
664 652
544 358
113 124
94 721
842 223
437 80
374 51
558 719
268 413
923 491
550 974
305 722
486 727
375 890
703 94
80 860
571 270
792 214
284 88
760 289
25 143
123 366
213 124
831 274
848 808
170 450
321 420
89 985
989 766
612 425
808 781
406 431
238 554
700 654
336 61
621 8
28 160
683 855
927 759
79 362
483 524
639 615
66 442
337 434
517 90
972 708
567 948
913 920
370 859
215 45
754 494
93 70
970 738
8 200
543 705
790 680
838 919
167 55
22 972
839 908
888 731
59 435
939 430
407 648
664 195
317 189
525 763
783 809
299 342
583 357
905 211
405 646
177 542
554 152
681 907
936 361
376 620
581 98
263 579
45 797
680 647
346 741
921 46
352 850
427 838
361 29
153 460
839 309
30 857
649 965
710 374
953 835
789 737
127 378
725 340
635 362
81 996
944 888
81 145
454 391
811 505
288 727
112 81
279 129
828 439
510 512
559 827
681 51
789 620
359 652
373 671
314 693
940 241
272 212
648 938
485 318
508 134
668 57
57 698
522 526
643 899
65 871
942 564
954 777
489 368
432 126
409 390
299 749
386 490
502 655
387 626
877 150
37 591
491 145
899 865
478 251
457 673
242 190
584 546
237 628
169 464
269 468
164 79
948 123
952 328
609 826
822 371
248 435
92 286
934 136
460 871
287 854
346 958
692 455
724 563
608 542
20 516
788 104
585 929
702 693
783 58
571 17
367 712
475 626
163 761
537 922
211 541
248 970
598 65
141 647
760 957
780 214
194 26
816 652
690 939
59 621
709 557
889 844
106 506
996 424
571 200
341 595
958 839
689 885
890 854
229 297
325 561
790 404
479 523
857 397
571 345
564 723
584 866
923 188
774 538
402 411
241 916
127 925
74 92
305 542
341 968
772 295
735 921
350 675
665 81
898 755
948 115
7 760
457 384
238 446
462 781
900 363
743 721
340 852
643 894
910 487
498 613
952 194
51 707
144 472
788 275
598 142
702 249
344 379
678 390
206 530
634 785
328 72
363 189
884 119
332 347
13 529
84 881
367 309
10 715
450 585
144 365
177 524
553 215
84 259
482 970
545 381
765 314
288 600
846 717
127 702
662 243
949 690
778 366
542 648
162 806
284 841
816 691
810 850
15 98
124 487
625 676
996 175
246 957
858 666
259 147
653 929
451 831
406 39
757 588
853 231
639 766
431 300
206 275
127 534
163 814
476 295
738 436
970 438
497 714
234 528
981 633
126 992
14 99
721 273
988 213
644 468
132 226
261 908
646 150
89 888
603 612
129 545
725 575
341 448
286 295
927 974
652 552
146 515
266 49
847 861
395 984
910 380
822 127
46 652
464 148
869 568
731 427
763 99
405 84
430 684
569 750
642 962
632 687
744 819
638 215
798 651
915 162
123 762
509 474
416 640
945 444
632 635
405 141
377 750
332 58
933 852
608 411
273 597
707 916
119 167
114 636
541 577
458 130
642 138
901 476
547 330
30 424
85 232
901 222
92 816
905 758
821 620
660 282
704 241
149 343
261 442
786 478
724 891
479 689
491 807
39 750
772 995
901 515
120 3
637 525
508 730
107 608
884 996
162 583
347 969
888 924
176 647
349 340
616 380
91 257
884 508
51 966
322 662
943 435
821 393
564 785
233 870
841 64
851 260
66 780
167 425
850 371
483 654
432 947
214 94
553 651
790 954
121 439
826 857
602 891
439 142
468 432
471 246
244 615
328 243
920 908
584 8
228 878
517 627
689 3
815 190
972 738
622 235
118 224
288 768
197 642
198 660
754 453
703 296
607 20
969 488
839 688
459 145
827 556
585 803
622 940
252 868
607 879
866 42
244 480
122 378
658 529
257 688
321 565
303 750
112 178
427 500
299 132
581 817
506 617
2 214
974 876
210 115
615 136
821 750
232 81
813 766
593 95
932 730
774 13
517 354
765 429
779 167
175 899
879 720
579 128
973 404
646 518
539 843
416 746
159 77
46 322
452 929
116 55
927 159
589 414
475 354
857 679
978 387
482 966
152 95
263 925
15 715
239 251
114 426
350 399
324 423
623 297
335 737
290 941
407 106
328 939
688 806
452 532
581 57
509 761
237 214
788 634
521 414
722 659
886 139
649 394
70 260
754 711
66 102
716 327
316 74
67 746
438 159
354 775
73 723
675 21
779 315
529 80
944 364
883 107
576 613
509 227
768 445
265 746
732 520
927 441
604 393
247 393
91 911
589 337
230 592
175 509
459 633
602 577
441 250
776 916
79 459
537 329
582 989
845 887
783 437
614 864
63 144
878 482
656 251
865 657
623 705
739 847
833 60
660 887
478 241
457 167
427 731
374 961
677 613
924 228
395 749
360 137
507 193
649 95
48 424
793 896
246 481
199 885
396 379
815 726
815 328
920 195
80 288
850 395
509 853
360 534
379 546
363 462
504 228
125 486
128 537
333 176
438 944
741 439
829 502
809 681
313 382
317 262
666 864
136 328
181 607
342 66
453 10
14 964
777 4
489 41
26 465
151 779
180 62
741 289
866 750
339 506
467 301
874 876
18 591
648 356
92 975
437 724
845 762
313 238
259 869
103 102
615 538
44 713
21 638
393 659
790 969
828 558
737 498
286 388
619 226
828 345
399 73
799 702
903 901
328 219
863 290
695 264
86 851
465 123
376 589
527 559
275 855
442 416
247 501
500 688
183 722
183 338
321 248
670 884
721 325
874 339
273 256
262 54
795 454
177 447
411 326
751 360
44 974
666 955
689 422
559 704
943 409
468 765
894 391
658 915
240 850
515 455
384 530
753 3
476 635
295 822
735 347
260 360
492 622
312 504
385 831
299 181
781 866
646 838
215 148
379 466
859 818
964 714
440 29
888 666
58 127
232 734
437 238
313 740
552 145
582 430
156 567
622 401
33 912
695 364
998 450
920 278
559 157
947 84
424 573
11 493
275 454
68 543
579 847
311 220
398 359
938 604
326 276
346 26
177 943
298 173
128 628
602 326
164 778
888 938
392 842
932 726
801 682
680 583
246 164
500 632
864 63
332 333
61 89
615 61
684 470
240 610
417 108
558 421
652 573
650 583
425 319
102 639
912 697
899 747
688 431
680 950
204 736
592 294
932 222
698 130
1000 522
606 689
755 906
704 507
15 394
21 939
95 383
726 891
248 507
230 755
980 22
363 604
890 954
880 953
957 248
652 342
214 984
645 652
989 797
360 154
340 909
770 162
625 755
509 435
536 467
499 600
9 794
534 960
28 632
327 114
13 864
319 552
311 260
46 490
920 335
290 252
928 352
836 755
557 807
536 897
890 320
801 755
891 215
640 842
309 288
445 370
924 910
358 876
700 75
902 232
53 615
231 961
949 851
738 916
909 242
489 675
141 501
514 849
544 270
757 711
456 457
432 533
913 893
92 136
540 483
808 450
457 766
716 832
135 740
977 309
213 435
907 251
985 11
424 675
623 480
391 717
921 795
992 698
587 207
553 455
911 973
627 747
188 985
877 22
733 276
669 816
281 220
486 1000
152 699
990 199
916 690
560 932
922 597
297 920
39 982
95 876
683 217
1000 660
865 704
214 567
417 44
813 864
766 686
546 877
590 815
711 463
729 137
531 751
934 581
680 999
313 335
889 838
953 198
603 994
173 899
75 823
549 409
326 635
819 399
969 963
538 119
410 349
678 444
368 52
957 358
921 547
535 358
952 813
82 480
750 774
462 316
900 215
610 701
867 353
975 934
875 394
805 621
311 505
932 365
639 513
478 182
53 487
149 993
823 707
615 597
866 924
761 760
949 933
975 50
228 207
714 316
500 178
161 947
402 176
113 330
11 1
344 85
181 611
294 711
900 944
594 66
363 328
813 41
972 910
112 96
978 325
733 235
427 416
178 55
462 215
127 424
785 247
894 830
367 270
954 562
153 578
121 896
167 82
801 79
187 112
968 172
880 246
796 963
858 246
623 813
364 526
615 833
818 398
43 68
709 505
964 99
262 699
851 508
580 81
893 393
871 266
965 388
950 460
679 306
4 607
844 607
258 864
924 452
257 827
508 721
200 184
823 597
794 899
702 15
450 514
398 670
148 562
864 208
387 545
630 6
891 602
42 636
998 43
856 936
749 677
522 711
197 253
433 2
967 558
262 179
793 878
317 977
161 902
313 336
239 241
816 791
172 413
755 582
684 694
183 605
328 899
75 975
913 340
8 344
321 927
239 240
84 239
417 490
679 932
271 552
830 814
818 834
219 745
743 573
168 287
832 880
474 663
720 180
942 4
572 280
237 263
107 907
382 45
887 982
648 932
348 846
151 2
883 210
487 213
805 537
470 586
697 601
673 874
473 361
839 99
322 625
285 590
14 936
640 68
332 682
339 472
406 942
854 135
849 987
612 541
475 156
647 255
887 98
894 829
659 482
127 833
87 780
958 181
329 669
395 120
986 330
858 447
160 943
551 247
794 58
455 463
856 777
665 643
451 871
331 717
891 788
854 362
178 846
469 844
92 604
578 280
16 711
404 227
590 183
863 390
200 426
912 913
381 599
661 265
176 301
700 725
483 274
345 97
956 931
714 684
861 773
137 660
246 229
141 467
798 892
938 695
529 604
235 977
201 351
742 511
116 955
185 260
293 443
593 490
576 972
677 770
421 472
616 646
588 694
749 393
417 691
687 139
179 760
194 144
920 866
109 637
410 939
53 410
936 507
341 111
499 933
187 61
442 472
752 935
717 364
285 117
228 936
682 473
697 553
869 799
446 588
427 878
182 637
105 395
146 267
1000 904
226 178
580 326
322 618
850 215
311 210
746 121
387 399
439 998
447 990
870 825
581 190
686 678
771 197
441 12
327 457
797 552
5 790
777 453
694 335
456 501
605 477
358 614
426 909
676 247
101 5
169 894
852 204
456 368
87 15
425 310
441 900
144 452
881 787
287 554
405 12
479 282
34 117
362 648
764 136
753 412
170 200
562 346
888 465
684 707
923 19
79 411
402 946
471 262
546 933
265 825
402 396
867 726
841 317
434 48
529 240
16 47
730 849
357 305
175 20
731 783
279 404
732 234
880 780
6 616
812 838
786 465
818 282
267 241
777 370
872 122
210 843
457 965
302 298
790 439
724 765
671 342
256 123
682 40
530 593
49 226
107 236
116 292
737 297
288 159
107 675
658 513
518 740
464 451
23 2
233 723
524 246
446 901
405 297
45 427
483 426
996 813
140 634
162 588
318 214
692 845
366 139
773 214
942 612
508 800
128 487
515 638
204 28
128 125
709 198
676 87
807 160
362 162
961 552
817 736
677 636
740 98
873 862
394 600
395 632
859 203
501 898
931 978
87 809
345 897
269 818
85 530
613 62
386 873
104 512
127 792
61 97
733 549
673 730
601 13
942 257
787 938
418 359
11 772
150 637
448 79
940 249
423 181
984 836
372 16
391 375
702 464
363 767
616 30
153 133
780 18
942 879
829 682
338 660
865 807
876 305
71 414
66 27
197 824
70 329
232 658
66 814
988 794
597 195
603 309
685 475
587 907
836 880
34 420
82 313
315 434
947 739
401 657
730 734
296 885
988 627
696 640
787 821
246 724
500 33
468 297
352 306
209 84
961 87
863 864
498 91
453 472
621 901
862 381
89 441
957 104
208 331
976 917
456 350
858 711
663 118
832 21
602 551
658 23
465 480
506 687
514 437
154 751
912 716
24 354
841 862
402 91
865 447
454 507
147 38
519 23
721 763
791 611
143 138
580 477
44 279
185 68
2 688
105 926
997 816
895 856
192 998
229 308
77 361
169 489
303 1
403 703
128 699
64 727
598 992
764 141
189 402
341 95
429 966
691 558
977 257
745 735
676 371
846 841
510 767
198 180
950 733
366 174
205 635
368 52
262 351
301 352
918 177
326 301
194 684
189 953
727 666
783 83
299 974
708 177
406 387
776 802
230 431
203 95
989 454
948 709
293 788
985 692
11 790
584 156
818 793
491 972
151 200
311 953
16 602
451 70
463 655
917 725
648 370
30 260
707 696
945 659
204 959
289 828
377 309
443 547
591 252
227 971
60 443
115 680
309 555
161 475
882 802
258 489
770 844
362 568
437 417
443 677
975 179
604 543
166 235
822 518
824 41
479 72
445 897
816 406
906 929
553 906
176 183
89 504
987 720
601 85
462 38
947 925
10 693
519 548
75 175
866 213
809 44
130 496
480 765
142 395
468 413
633 30
557 45
499 241
849 930
857 410
152 567
198 465
863 266
37 3
853 595
711 946
72 737
863 217
583 638
821 948
451 508
40 453
137 654
48 424
426 8
380 791
984 43
938 169
605 577
470 296
633 458
117 53
816 934
834 26
974 510
39 256
311 911
293 298
488 660
270 668
514 320
247 964
381 97
877 898
61 331
19 368
258 969
413 424
572 467
295 886
996 933
450 276
720 634
318 197
573 115
244 62
335 327
691 989
737 529
815 109
452 78
465 237
775 983
391 257
246 782
547 124
219 777
987 418
155 451
218 182
695 662
286 590
407 281
410 625
686 162
85 788
375 554
279 568
756 845
808 128
783 813
559 207
799 943
645 441
711 22
502 804
286 400
973 106
221 58
435 213
535 588
618 837
353 616
644 196
26 397
449 146
548 139
971 788
131 85
756 737
118 913
502 640
613 825
947 883
732 400
161 914
964 265
27 637
663 939
742 537
250 954
73 858
674 801
604 99
672 894
366 48
553 49
500 312
441 103
113 63
611 681
583 734
142 725
374 995
298 417
817 555
626 139
703 66
716 414
327 745
824 513
612 872
566 306
266 334
900 399
981 289
958 259
587 296
749 782
14 49
742 369
826 466
698 138
764 588
462 718
105 500
176 681
219 419
999 139
289 771
776 238
992 205
291 621
418 192
782 800
931 745
124 213
410 194
39 523
698 473
574 546
304 388
174 709
827 702
10 972
539 419
432 1000
780 555
317 828
897 479
834 369
399 868
7 783
356 191
523 46
368 833
478 719
384 291
906 100
257 615
158 746
153 474
934 368
337 274
358 830
790 344
280 472
676 339
751 472
413 328
387 25
711 62
628 862
335 645
10 247
891 890
484 959
526 727
967 142
693 275
673 561
776 462
157 165
197 643
329 457
28 566
934 226
686 13
102 131
365 239
966 339
647 286
653 751
478 255
584 681
297 763
54 315
6 42
863 256
389 363
358 528
471 634
570 570
521 304
235 28
936 245
9 138
159 545
177 288
762 444
843 575
570 889
497 365
699 439
536 512
410 818
107 185
668 670
946 402
562 274
224 458
820 664
542 429
411 892
527 574
358 330
858 493
465 286
684 839
813 144
362 92
238 112
191 546
935 234
863 231
881 181
120 180
999 852
576 290
719 849
72 153
67 437
61 242
780 771
597 966
217 868
156 244
626 787
790 994
591 481
997 204
450 740
140 159
571 784
345 175
844 93
450 252
887 989
882 156
224 331
659 166
760 912
213 849
633 648
612 11
37 209
312 891
302 106
637 62
496 439
277 598
118 80
938 336
896 104
373 837
609 745
364 596
426 606
31 178
388 787
863 575
211 7
953 417
569 87
649 170
125 408
383 174
524 926
767 359
699 483
957 875
8 48
845 224
227 972
463 846
331 233
929 519
69 323
739 260
573 301
598 476
237 493
66 24
409 325
513 224
772 439
609 620
865 196
128 350
188 110
369 696
527 258
809 595
936 495
450 37
236 489
369 909
30 590
546 72
185 939
815 275
807 642
88 612
458 886
869 681
265 589
669 665
811 794
186 325
196 238
900 261
19 724
687 215
771 657
424 589
227 844
449 701
749 709
674 112
383 801
209 285
13 501
732 110
457 175
259 797
714 576
432 30
590 561
878 158
59 622
520 233
798 882
10 744
145 787
503 38
301 535
637 320
401 108
46 209
426 93
526 798
346 872
520 419
568 390
566 650
711 118
381 195
494 267
213 744
480 483
577 582
859 517
316 806
839 282
5 249
536 449
69 314
674 138
718 768
246 288
467 870
268 352
178 283
272 900
663 276
320 856
547 379
313 906
514 143
923 832
637 392
627 715
849 460
370 772
756 947
528 548
60 527
763 548
675 574
209 629
292 739
589 366
507 494
713 315
70 546
211 957
277 987
519 538
131 594
64 684
414 814
818 427
147 144
871 959
3 68
898 561
50 603
270 76
942 20
357 863
196 894
453 321
572 433
16 326
144 537
897 944
354 408
976 915
703 325
66 367
970 910
864 74
384 979
642 602
926 417
55 991
812 881
158 890
711 203
182 371
267 903
156 622
17 191
192 865
779 403
158 355
65 260
311 88
9 623
635 993
269 781
23 59
14 204
940 746
764 310
229 872
17 976
95 845
755 573
769 597
454 954
7 391
851 564
339 606
176 712
128 226
951 703
864 561
950 95
49 883
894 515
866 610
163 24
940 368
428 321
367 878
778 772
190 782
133 449
465 979
731 982
71 212
484 536
943 687
243 953
926 255
599 952
338 60
51 333
504 928
800 23
886 339
743 152
872 900
105 918
499 316
810 30
244 54
670 534
922 649
89 739
966 894
987 521
766 356
215 308
940 688
744 915
900 760
121 197
836 932
788 207
979 736
388 989
253 282
912 641
468 114
487 303
864 228
182 521
855 393
409 938
879 79
335 288
279 41
707 47
986 33
147 125
82 411
426 3
62 828
191 12
332 624
401 360
991 471
990 570
345 517
411 120
568 602
92 754
248 473
135 496
963 114
432 907
238 194
587 923
993 178
818 35
996 805
278 225
406 436
442 633
230 112
691 308
7 455
971 664
698 493
56 305
820 248
8 767
748 726
239 84
349 610
785 886
836 392
130 668
296 756
30 77
280 94
904 705
38 525
223 241
888 87
45 553
80 56
143 578
492 950
47 286
810 354
309 416
277 873
924 344
628 7
95 924
529 290
278 663
643 490
289 440
175 551
624 139
21 989
119 595
299 620
199 475
328 775
477 598
485 766
957 928
487 4
728 426
577 742
914 276
785 350
887 878
642 822
295 713
625 623
875 816
532 856
481 869
679 224
703 35
139 812
226 138
555 506
984 965
928 240
953 429
417 995
488 950
29 761
937 552
277 209
955 814
215 263
129 847
888 683
677 2
85 194
799 321
386 545
190 92
175 351
186 169
908 521
647 667
731 186
485 48
117 881
805 61
404 860
131 430
568 627
297 927
704 925
499 755
951 940
745 75
689 505
708 898
764 229
71 466
543 906
613 632
421 55
304 772
644 460
772 221
742 942
961 5
172 808
340 324
153 246
289 634
990 693
546 764
696 690
530 632
