1000 2562478
10000
90 919
872 730
155 388
256 454
1000 97
108 731
812 73
511 197
918 545
344 263
795 399
970 528
20 456
213 607
36 115
663 40
876 889
36 107
281 362
313 21
30 530
457 852
206 532
631 642
811 351
728 662
70 500
361 257
510 132
941 812
971 774
317 830
330 490
807 24
930 221
270 127
764 525
908 830
898 31
245 239
965 165
894 717
172 199
148 211
425 55
716 794
310 10
343 304
692 570
336 411
930 475
585 508
671 164
798 550
731 435
625 314
634 128
801 799
981 365
374 359
21 756
158 342
620 304
414 427
977 58
993 869
810 756
496 639
696 640
193 968
417 830
151 610
882 545
209 275
146 99
963 94
801 934
555 579
76 721
347 565
577 474
465 186
51 915
956 278
928 425
54 767
238 314
74 836
942 557
291 486
812 49
134 898
338 784
648 950
264 949
685 799
718 150
569 882
220 660
529 411
578 37
637 733
908 175
857 701
626 523
837 592
730 527
238 666
657 408
714 451
259 316
266 170
752 605
553 934
731 801
123 283
41 596
920 56
934 26
35 329
230 791
698 849
692 291
425 11
3 162
597 739
133 948
30 518
431 334
784 368
294 338
261 430
571 749
954 900
557 38
474 544
6 739
132 452
858 188
78 651
411 401
994 380
629 104
151 958
698 64
622 546
48 497
672 738
175 335
506 173
16 213
671 552
994 534
591 825
35 342
998 871
268 418
287 284
435 928
503 59
736 739
507 809
860 988
683 657
605 90
305 574
687 703
309 119
316 493
504 959
403 389
803 285
976 440
598 184
350 143
964 716
627 911
781 14
248 90
361 915
242 560
140 946
204 905
390 455
409 334
73 94
800 445
854 204
402 340
556 180
658 95
912 714
699 580
813 757
850 338
968 117
417 403
878 439
608 776
225 532
244 357
455 214
637 888
296 52
807 224
298 45
403 54
646 419
127 163
641 719
418 417
617 568
684 799
140 93
587 186
421 96
999 929
619 405
14 954
695 798
107 691
170 925
978 993
977 10
138 159
2 607
151 561
180 932
279 952
38 620
379 848
941 58
195 875
308 368
257 223
267 578
578 507
117 273
976 791
824 714
554 919
290 129
928 433
990 75
554 431
333 519
646 6
436 613
813 276
464 280
164 421
528 464
860 901
586 633
213 111
408 36
151 592
1000 748
295 785
35 526
435 590
863 94
231 771
595 599
909 173
156 40
939 680
236 744
1000 482
992 513
977 70
191 442
166 532
663 223
692 522
679 563
684 228
749 633
232 87
730 811
421 740
823 18
799 447
293 370
446 559
426 876
955 84
848 462
935 923
456 545
278 617
854 185
171 989
330 825
812 81
930 428
736 939
245 322
696 929
924 864
852 936
39 83
461 324
777 712
637 132
662 837
711 388
607 161
181 763
642 670
197 139
510 371
612 730
241 522
636 485
398 330
220 701
701 696
389 742
965 101
158 208
568 492
3 850
531 974
163 554
123 1000
314 21
444 137
662 193
275 225
774 710
884 630
297 473
153 255
456 354
136 57
987 964
516 486
845 932
971 487
964 738
721 203
708 827
194 454
601 871
220 645
253 671
602 860
86 241
140 17
723 836
318 59
409 805
857 719
63 149
416 80
951 140
622 349
962 613
50 213
405 985
674 262
326 945
236 369
457 381
690 341
198 287
625 169
260 935
366 543
566 283
575 946
782 493
563 170
920 195
541 942
142 324
655 469
429 125
838 434
638 85
627 245
894 998
159 503
472 925
818 394
477 123
252 907
212 1000
126 206
171 107
617 845
75 490
510 31
936 593
483 350
83 267
548 676
828 973
182 442
290 420
136 69
104 929
407 184
219 663
756 833
471 677
485 312
294 266
893 68
397 899
859 4
802 775
743 825
609 198
441 555
634 607
801 430
219 482
759 812
325 175
162 353
360 68
358 360
460 547
805 9
493 167
210 434
564 668
404 748
249 473
337 230
937 942
583 712
121 621
386 412
723 675
652 469
447 74
315 76
27 131
200 203
207 975
645 736
117 18
455 149
736 855
813 121
739 704
118 551
419 457
483 710
619 874
500 695
735 681
651 295
163 483
668 877
177 797
617 262
246 45
411 312
566 556
400 707
933 79
418 870
456 303
521 400
157 41
463 337
525 787
72 452
64 816
280 540
425 263
636 495
625 258
424 58
518 4
277 346
532 70
257 61
602 279
960 311
710 5
546 848
168 873
621 801
59 163
830 837
343 639
998 966
589 505
496 42
212 811
844 159
250 306
754 878
899 981
549 925
162 117
6 366
685 463
317 392
493 450
908 108
233 218
195 464
307 990
280 330
333 516
211 689
570 77
429 782
980 42
353 448
113 37
924 773
3 133
860 593
133 52
766 113
261 836
243 86
471 552
623 972
6 958
469 838
527 701
484 345
850 154
898 684
834 955
135 613
5 713
461 191
279 70
834 244
554 301
984 583
75 891
425 776
494 802
480 972
995 889
582 578
435 367
276 249
533 132
852 810
579 619
222 525
641 951
641 278
501 641
709 336
756 167
619 276
92 379
166 220
58 138
461 349
101 461
428 573
315 32
649 449
787 530
970 693
53 171
829 803
535 650
629 642
646 954
301 53
559 892
371 874
240 486
834 758
191 180
21 834
825 243
226 778
645 342
945 706
878 238
265 529
900 528
231 127
772 723
121 669
146 155
588 299
257 488
994 556
373 660
598 580
472 589
842 72
639 530
351 684
750 127
112 789
440 246
667 128
652 126
470 647
85 531
850 473
629 113
146 187
714 161
224 400
916 145
410 181
959 44
712 219
396 741
586 43
745 692
933 851
577 421
603 813
45 975
642 339
949 310
375 831
860 566
159 351
184 96
616 605
278 345
591 352
792 148
15 580
34 471
635 54
750 19
73 591
429 863
3 587
933 780
790 437
565 807
287 140
963 979
579 247
932 82
91 265
350 602
261 610
25 680
778 22
347 524
989 282
948 184
590 800
979 666
736 43
196 645
637 878
246 518
349 413
335 725
238 760
664 41
171 879
331 355
604 916
749 653
830 420
494 623
585 545
307 17
587 710
352 427
614 565
858 434
874 693
91 948
293 418
8 718
508 14
216 916
865 193
202 368
291 528
312 185
372 556
797 330
981 895
611 987
544 78
707 22
90 679
939 290
946 816
103 394
697 553
951 604
906 335
208 403
33 620
993 871
428 653
590 257
283 610
616 2
931 991
69 203
1 905
449 34
556 915
885 200
237 768
867 335
372 931
503 417
959 65
576 462
430 523
449 144
16 72
499 149
941 200
71 679
196 648
386 955
81 631
880 87
314 660
224 751
849 338
975 502
877 179
487 76
631 352
607 571
781 597
364 556
293 853
624 95
223 75
988 494
503 687
574 123
178 787
919 5
451 512
959 99
496 754
282 920
851 219
2 741
108 554
560 466
82 682
653 787
335 954
351 506
845 929
384 910
118 188
819 332
770 932
142 77
494 326
630 300
366 973
914 850
567 515
153 412
810 478
491 543
406 512
547 217
467 1
616 175
608 943
960 251
272 282
282 302
283 338
569 236
167 181
541 649
6 502
8 463
332 538
261 926
822 548
754 164
663 736
284 117
340 262
616 321
227 371
132 173
503 24
609 486
972 833
935 78
447 567
251 564
857 662
699 288
830 126
774 650
411 456
643 871
839 432
975 576
87 850
45 539
887 365
312 587
846 431
820 593
944 225
222 242
332 956
38 516
254 833
16 269
172 163
977 943
679 527
261 525
256 448
716 491
50 989
824 741
718 47
173 50
146 873
821 320
644 642
405 892
657 680
726 312
515 384
655 789
324 266
735 973
265 490
642 518
347 50
638 160
596 801
163 567
671 953
665 867
203 633
232 467
373 848
488 236
926 375
253 655
283 179
81 840
970 256
633 579
719 63
421 868
821 570
610 462
226 104
313 376
477 891
619 544
907 572
590 968
445 971
236 606
351 260
120 976
467 185
226 716
873 580
85 226
764 907
250 122
383 91
356 623
216 422
778 162
569 807
223 889
619 45
300 600
378 743
115 763
505 908
967 117
781 108
578 417
461 479
986 957
243 269
861 403
811 906
453 637
734 43
180 570
189 391
710 914
808 788
458 30
490 701
254 951
132 531
691 647
763 633
659 52
705 860
919 166
334 178
259 491
994 350
329 808
904 437
485 44
925 669
653 877
828 713
223 401
479 628
158 447
323 994
73 668
590 905
848 461
837 123
238 169
134 406
195 597
285 467
836 506
494 179
487 368
560 908
938 200
939 949
411 347
697 222
688 487
972 999
793 365
674 780
138 386
487 715
357 904
672 622
686 207
722 731
102 710
154 878
586 60
666 935
256 995
963 201
756 24
717 861
743 385
915 25
801 660
715 681
123 664
841 618
621 944
12 407
276 300
283 849
63 401
26 589
778 2
392 919
582 732
987 656
28 376
628 977
863 448
342 120
324 684
726 284
626 803
829 791
638 510
211 776
546 85
141 84
467 86
549 78
975 843
294 254
679 553
449 415
684 223
244 295
386 56
326 675
460 278
163 253
314 525
23 210
686 634
37 842
240 217
810 26
733 770
354 534
873 291
643 33
556 536
956 812
17 743
507 635
556 899
25 694
450 714
408 213
836 55
385 154
547 195
172 533
498 660
629 567
783 237
770 464
705 888
134 699
185 642
717 594
835 387
686 229
1000 863
777 67
927 699
542 169
601 824
81 717
103 609
621 34
593 387
191 711
366 623
35 956
640 615
231 776
58 645
825 825
540 718
112 243
223 407
357 986
428 513
385 757
959 514
6 614
694 570
531 186
733 244
883 58
607 596
405 961
938 408
494 993
716 730
575 289
204 480
967 762
747 94
368 296
876 63
346 744
621 662
159 635
453 32
423 45
428 478
48 214
211 27
51 790
574 405
304 95
78 593
833 580
665 462
438 736
299 738
138 786
998 219
303 37
698 789
127 566
973 708
570 692
427 138
785 625
806 171
394 502
665 635
717 105
172 829
583 595
895 312
402 282
146 260
879 421
672 855
396 401
616 584
975 600
763 111
185 149
816 553
234 761
477 460
193 44
835 16
306 692
205 400
131 85
211 862
997 55
189 575
834 327
329 742
925 705
410 734
36 800
955 619
511 600
534 267
836 583
972 516
248 111
417 285
17 807
309 40
929 698
270 32
923 48
460 865
95 835
432 918
229 753
551 422
272 812
442 551
935 810
427 907
958 382
226 194
899 181
526 480
94 347
97 36
232 758
234 146
835 845
405 816
680 247
361 866
479 583
563 235
92 659
379 55
252 910
942 926
535 530
54 194
439 998
906 248
996 279
807 509
503 940
859 681
800 669
177 458
605 809
366 479
589 492
18 163
641 618
258 823
553 363
955 291
971 626
191 521
343 371
168 60
483 861
156 42
933 129
892 774
528 219
834 72
588 627
873 874
593 55
711 937
717 70
339 651
991 177
161 542
723 672
514 489
447 156
637 741
319 112
440 123
30 929
52 583
416 458
262 832
570 982
897 86
465 833
933 921
376 747
272 800
77 790
123 374
647 159
252 834
963 88
472 499
670 588
430 157
737 731
511 86
853 458
225 229
390 157
576 896
954 868
762 456
527 185
147 140
448 985
348 720
290 565
999 523
874 265
492 752
696 820
886 975
743 982
220 876
360 1000
570 736
699 759
753 888
971 73
763 203
17 211
820 473
28 773
917 457
119 10
682 879
202 161
135 141
343 221
416 89
48 282
606 345
95 216
728 743
291 207
800 478
496 57
851 566
23 124
712 96
862 719
527 660
864 84
401 552
952 282
512 62
570 589
65 318
902 673
967 217
869 756
861 412
260 89
92 357
791 82
172 675
84 545
110 860
348 423
622 738
482 114
338 454
293 725
506 620
331 702
113 66
315 86
619 239
805 885
356 835
88 963
359 675
447 603
532 992
972 947
876 888
100 766
104 105
972 165
607 819
240 467
959 554
262 780
460 267
335 257
403 514
468 471
631 410
497 830
218 973
32 979
734 788
187 979
951 629
305 120
582 290
718 165
282 392
672 71
133 350
685 499
917 468
494 907
123 29
838 851
904 483
43 180
407 261
56 223
547 531
115 53
731 605
635 983
763 177
176 996
441 998
753 177
863 708
715 1000
535 668
729 163
48 413
333 357
813 342
692 463
100 605
498 249
661 666
408 689
657 221
818 540
209 686
445 82
163 747
629 52
884 77
755 756
316 38
484 484
36 9
685 992
200 882
83 729
747 59
601 479
748 866
441 371
509 262
692 60
187 534
529 367
838 685
250 313
812 948
957 916
482 942
223 462
319 782
836 529
146 93
376 238
900 737
787 156
865 638
968 998
787 826
984 609
589 398
59 967
724 435
92 684
331 171
58 580
421 741
414 205
33 454
870 121
263 929
977 329
559 919
645 140
878 475
770 185
226 37
613 211
302 444
735 335
778 630
404 592
453 170
79 365
692 981
8 666
907 111
955 363
19 216
669 919
690 151
78 210
790 210
882 409
48 268
709 533
734 800
249 840
519 817
788 292
719 809
882 612
994 481
759 800
282 931
611 359
847 414
549 125
301 263
350 56
932 94
885 774
104 413
884 645
426 762
214 55
464 140
572 996
222 551
427 282
732 547
746 526
267 44
930 99
24 963
167 976
847 498
915 751
750 580
350 17
279 788
270 343
540 438
829 895
950 914
47 920
372 474
362 292
187 380
681 464
779 793
597 130
160 146
341 519
503 51
863 352
386 489
711 173
191 898
300 480
869 500
226 225
185 204
291 14
636 210
187 653
521 78
767 76
865 909
453 864
533 899
696 167
711 420
792 597
203 762
582 623
386 378
620 714
595 890
727 382
304 140
78 235
503 597
647 894
188 35
76 106
162 942
926 368
367 841
724 816
35 11
782 933
567 856
732 517
635 139
646 925
773 174
339 373
802 340
880 620
80 953
187 428
419 882
263 279
263 137
767 631
189 940
796 524
462 744
50 585
61 622
934 539
965 311
461 448
363 649
39 189
480 785
720 847
7 636
574 153
247 380
612 391
733 735
217 221
502 111
62 763
711 715
553 230
912 409
440 886
581 937
551 369
921 564
120 335
234 17
468 995
752 497
226 160
434 151
438 158
355 805
84 725
692 256
818 388
998 203
8 242
658 131
887 496
558 161
30 176
449 318
277 44
830 586
906 10
601 763
270 366
398 436
529 519
988 375
502 203
497 218
215 478
923 586
642 110
712 805
400 2
882 305
48 769
7 850
568 613
697 74
872 695
548 855
186 436
465 152
914 587
100 598
518 200
738 977
40 236
50 286
815 566
496 477
437 214
615 866
224 777
50 39
667 264
985 390
661 362
829 892
761 977
63 380
336 367
626 231
745 487
846 169
239 644
305 317
823 717
971 174
112 94
923 220
500 810
486 577
702 263
709 760
20 69
441 55
76 711
634 680
970 6
54 268
461 219
65 411
537 67
717 897
177 140
655 774
823 737
223 500
725 635
929 313
56 84
635 21
546 565
43 633
301 821
294 255
472 228
154 601
800 867
245 838
71 213
748 343
738 998
707 652
688 514
979 305
245 616
530 353
197 533
191 235
941 884
71 725
61 87
771 546
283 696
947 123
301 552
462 97
596 976
43 529
812 432
776 933
413 496
335 566
177 700
453 770
175 162
165 118
363 972
349 161
693 723
548 27
698 199
806 104
526 1
613 868
478 626
144 519
409 84
618 293
974 208
805 152
262 117
295 316
892 102
772 694
534 702
982 158
376 874
837 484
905 784
741 146
270 234
739 916
948 556
828 373
309 48
708 785
471 469
923 103
836 938
904 91
529 687
783 584
598 841
943 228
668 378
821 523
878 700
456 912
425 275
792 474
913 64
97 417
956 327
380 31
207 948
771 246
952 514
807 273
744 489
568 164
949 214
612 112
296 308
304 725
852 750
706 610
629 196
850 980
38 528
357 975
709 325
842 794
665 487
647 268
510 730
447 265
615 775
534 476
112 150
203 442
538 493
649 597
35 614
112 487
21 125
504 173
165 209
791 900
211 301
519 265
133 566
246 466
921 188
203 403
490 162
510 664
221 848
939 226
624 998
687 401
58 611
155 242
367 13
410 625
76 634
709 987
924 394
82 852
859 835
270 585
160 164
614 370
890 688
888 134
51 785
261 191
122 518
759 161
829 965
955 900
261 795
866 986
348 364
382 386
330 397
443 270
643 350
339 299
629 105
660 285
254 878
682 89
829 692
27 919
792 820
657 407
386 84
269 215
289 986
470 342
983 299
304 72
22 581
656 924
814 196
405 292
702 880
451 898
706 937
640 425
809 534
755 413
287 985
988 82
289 522
77 418
558 724
245 835
610 758
780 195
159 414
247 618
237 911
385 570
453 99
375 232
819 106
805 644
655 735
663 173
553 18
610 240
696 907
528 124
604 369
73 664
529 795
818 778
859 821
622 226
214 202
310 297
442 951
919 851
565 334
944 312
292 522
111 967
85 585
732 545
921 351
388 748
48 716
782 950
708 975
780 380
870 59
679 288
341 154
514 781
552 182
891 791
546 320
92 583
728 397
977 499
839 302
256 756
777 644
624 588
464 916
499 656
473 312
904 253
356 236
21 447
501 627
505 992
402 286
861 358
715 459
884 988
765 624
994 434
710 794
242 163
263 350
256 480
874 628
556 58
230 935
734 659
929 15
13 579
982 627
737 756
719 300
553 375
297 837
159 786
405 964
639 780
115 852
151 285
541 579
585 267
628 502
433 553
710 845
915 228
641 530
453 476
350 401
567 425
694 528
653 66
540 137
395 17
191 469
210 866
50 436
849 84
453 427
279 490
954 176
812 590
274 33
633 495
585 378
407 524
487 773
565 574
23 311
295 322
113 954
330 998
598 31
748 617
398 314
837 816
813 838
198 956
231 537
990 668
291 369
902 512
55 953
904 531
916 872
502 294
179 536
463 394
735 555
432 469
626 331
634 905
346 897
427 513
459 313
132 824
328 862
716 59
279 220
216 113
885 54
959 999
193 660
892 96
552 598
611 337
130 653
77 463
319 3
329 173
775 184
97 779
369 120
846 959
789 443
360 45
659 904
396 128
854 662
509 498
507 161
508 250
794 941
76 727
18 118
400 14
960 802
138 640
325 362
635 1000
721 911
732 407
801 780
378 546
436 234
227 285
175 800
835 921
539 182
747 384
967 358
287 87
846 445
576 443
355 426
403 653
854 479
962 789
377 116
834 593
85 127
193 282
214 682
669 156
24 653
575 288
220 917
144 171
143 273
533 102
254 890
569 423
197 245
472 49
705 707
831 692
638 377
885 162
950 956
207 176
996 388
583 586
253 85
650 949
421 384
675 725
889 8
457 569
664 512
51 198
929 757
72 353
240 760
596 133
162 876
936 373
599 574
480 158
228 165
8 358
859 232
924 435
38 215
74 199
102 538
458 56
437 763
4 172
631 57
962 799
831 91
880 75
121 334
516 706
822 537
127 740
396 882
218 344
931 128
788 560
285 67
222 420
123 81
886 605
809 54
171 527
909 519
548 455
932 709
456 866
984 60
752 735
53 438
322 728
157 725
192 618
914 830
779 42
552 564
487 431
264 230
948 158
250 943
485 378
716 571
744 65
243 156
488 470
883 830
886 1
567 126
733 922
714 783
372 543
270 52
673 802
282 736
646 411
538 453
917 970
59 688
812 107
697 348
70 242
402 670
91 965
698 973
398 699
591 393
268 319
336 997
653 625
884 60
688 671
775 328
651 905
815 864
218 687
626 127
149 177
807 806
251 165
712 871
103 361
535 832
35 281
254 615
281 519
396 826
67 702
196 41
539 692
219 335
879 271
790 230
459 172
960 83
153 888
907 922
706 648
367 627
960 983
797 384
990 635
779 774
234 507
319 589
695 196
652 769
607 438
281 587
540 900
100 326
308 750
117 285
846 734
320 216
282 347
578 922
123 939
855 678
352 710
858 652
464 541
439 399
467 913
766 451
529 826
516 351
469 400
866 50
364 265
370 96
952 979
726 278
714 116
72 476
497 469
228 241
435 318
31 621
225 145
513 684
401 102
974 124
190 789
13 586
416 758
564 420
68 406
624 31
444 433
577 465
470 149
822 303
26 544
212 338
146 437
981 785
614 205
530 247
216 597
923 848
718 43
916 644
134 253
305 14
51 81
616 378
813 436
61 389
714 129
311 26
777 940
865 758
427 722
540 436
359 687
39 458
603 735
898 692
98 653
96 839
216 69
232 522
984 305
438 453
929 580
710 71
849 522
905 165
481 904
401 697
919 816
62 567
946 472
179 447
146 2
167 315
82 38
318 140
842 521
335 101
275 674
48 261
919 257
995 583
512 144
999 654
24 442
148 465
771 576
74 134
16 207
560 391
344 136
156 575
473 630
556 227
364 798
944 371
650 190
36 567
462 802
452 781
810 145
613 430
974 306
942 154
765 602
308 67
470 174
89 900
389 773
96 664
694 254
872 888
247 567
25 265
725 808
250 248
755 394
900 503
850 678
899 782
667 548
687 446
523 315
461 241
782 55
26 939
907 305
14 321
351 734
584 112
60 628
274 149
780 954
467 992
529 365
741 396
139 372
237 471
112 722
125 539
198 987
283 544
400 185
841 336
201 870
841 228
895 517
144 477
17 134
172 223
427 384
236 660
63 435
962 244
671 917
345 295
798 634
339 381
623 7
3 131
45 876
384 740
371 673
266 133
542 995
504 602
475 93
712 648
539 673
322 471
742 748
72 874
302 751
715 494
911 420
185 157
153 476
669 488
759 344
74 893
729 492
128 801
441 740
643 306
19 800
300 591
315 62
981 139
44 893
361 294
16 186
69 774
926 334
593 334
569 854
687 123
960 538
799 896
695 520
427 751
784 684
498 371
528 590
394 104
157 711
196 996
654 904
570 908
896 137
657 592
476 984
995 94
434 812
995 33
25 185
763 408
586 628
692 790
851 168
38 489
773 863
852 472
712 309
496 152
860 463
347 826
900 956
947 250
626 403
825 463
38 287
765 412
373 376
149 616
114 727
613 624
746 124
211 540
490 644
536 716
265 459
859 195
574 114
65 121
469 917
115 475
968 468
70 83
725 340
659 837
538 722
257 495
305 808
827 290
680 148
459 363
856 993
40 624
484 264
944 625
626 922
634 447
648 362
434 465
900 368
733 65
989 200
924 446
972 867
112 302
90 396
278 55
885 672
386 699
798 650
542 312
937 916
969 666
478 85
865 130
590 259
420 67
802 997
442 321
272 996
202 351
783 846
734 486
1 148
998 877
875 292
934 273
669 694
205 124
838 840
368 909
687 683
693 240
622 215
920 357
831 662
818 491
666 200
111 810
851 731
639 274
416 685
740 300
768 862
434 948
491 849
908 24
968 235
363 410
629 928
251 257
101 460
922 540
850 525
290 432
125 517
162 647
811 654
786 255
110 62
645 742
547 317
400 871
466 886
833 237
355 245
399 92
510 217
745 20
288 634
488 580
252 62
625 617
501 14
759 511
580 501
3 903
563 425
977 288
625 85
32 790
575 317
704 224
79 100
306 902
741 652
962 582
465 945
647 557
562 529
49 234
870 215
437 998
933 203
299 9
674 10
817 915
399 936
730 172
441 477
264 868
479 938
625 489
915 461
976 348
992 603
981 769
154 530
621 912
145 979
653 464
632 641
555 391
389 521
127 771
671 961
1 994
158 193
879 446
420 256
984 412
876 474
539 242
943 698
68 927
98 966
319 586
153 165
871 615
14 766
589 364
776 962
199 474
359 38
226 243
52 509
55 836
712 615
505 508
666 454
861 199
504 998
645 494
65 64
972 223
25 604
294 378
2 285
162 88
15 786
75 445
215 123
253 465
485 605
420 346
153 645
38 674
250 993
844 617
223 665
96 492
19 384
587 792
715 369
989 252
19 898
867 90
543 31
921 965
575 907
251 995
230 891
773 608
652 412
313 764
125 262
907 215
377 393
402 897
247 256
327 869
488 173
979 709
573 851
891 572
828 205
100 373
852 25
203 852
395 423
592 65
736 472
16 436
266 353
883 901
357 502
366 971
32 776
571 25
862 575
295 416
193 622
367 492
267 481
85 809
387 90
315 201
434 280
702 294
317 198
660 153
571 541
745 693
731 527
508 471
555 336
590 749
174 409
671 400
473 774
948 288
5 297
239 919
996 182
712 911
27 696
683 382
971 772
911 42
134 186
615 684
566 793
135 768
289 235
472 22
247 357
899 322
110 821
769 167
459 360
377 544
314 442
727 166
65 360
687 366
338 422
689 54
117 655
749 315
486 944
650 814
720 589
891 625
692 653
564 361
850 913
258 46
317 439
877 92
766 277
939 902
889 165
736 326
538 852
503 466
978 103
812 89
339 301
930 27
832 144
365 20
894 808
93 647
157 880
649 986
358 241
204 135
5 935
494 319
805 271
309 708
577 707
206 878
26 881
238 867
211 3
436 323
984 641
331 78
310 691
148 654
584 389
2 419
776 864
526 515
481 376
779 220
896 159
477 851
821 131
346 809
985 754
566 961
966 993
904 125
26 91
119 401
672 919
775 867
343 387
447 213
493 428
262 981
500 177
750 404
950 976
63 300
30 518
128 52
69 179
320 372
374 266
170 57
168 631
103 784
453 915
447 411
134 373
587 796
647 690
19 571
132 597
732 338
640 41
901 784
482 498
535 887
223 654
868 821
941 760
687 316
136 531
34 607
399 384
214 776
926 807
288 69
823 245
869 808
630 251
441 77
583 520
59 712
527 364
265 516
806 966
837 281
878 802
334 473
315 776
838 78
671 181
174 194
68 741
530 694
973 289
574 612
453 276
546 221
350 625
762 222
413 700
398 945
16 434
278 617
60 152
13 126
856 836
694 831
639 703
687 734
17 998
794 934
512 277
352 13
301 35
505 744
925 524
658 119
231 822
213 817
531 211
797 44
945 804
522 514
85 89
692 731
231 695
557 49
806 484
257 448
333 754
695 977
539 928
989 712
943 749
442 79
90 544
986 230
923 715
312 722
657 452
216 786
891 456
375 641
877 537
746 883
145 881
934 447
935 922
304 98
644 220
828 797
592 295
701 60
483 797
319 206
668 132
284 902
39 618
74 927
849 736
945 397
785 728
404 355
428 244
582 382
584 606
449 91
797 37
734 140
178 732
653 529
924 876
540 642
451 434
731 668
582 366
939 579
702 206
502 658
298 514
140 226
116 488
777 967
154 788
220 772
717 588
429 834
842 800
99 191
708 369
382 714
32 682
246 557
688 334
218 246
313 6
397 260
642 98
555 872
321 734
470 426
685 378
993 482
824 82
166 920
419 916
136 903
790 648
444 294
808 269
954 259
702 933
704 148
883 638
585 708
651 918
342 710
200 574
197 214
729 741
9 704
166 752
392 982
311 521
3 126
706 84
253 935
4 473
489 917
118 736
995 950
72 703
33 148
316 394
315 310
380 634
270 186
88 867
835 33
186 41
310 928
671 354
20 220
454 1
169 997
435 565
916 945
684 500
916 323
1 939
201 29
215 694
814 342
410 736
966 964
25 360
129 396
832 756
39 225
320 125
339 292
265 867
103 67
504 432
124 914
680 729
673 919
391 348
205 809
446 772
71 702
399 378
308 783
127 660
600 591
610 58
629 286
526 112
749 598
766 522
442 956
725 284
994 591
506 310
806 546
535 936
683 188
509 929
443 621
286 955
773 452
517 841
808 922
572 556
69 906
788 232
652 397
926 998
447 739
270 361
635 799
986 967
612 310
274 523
616 909
751 425
167 503
172 539
603 553
164 347
182 500
281 712
648 492
463 891
590 43
709 568
114 314
730 458
914 816
486 956
28 874
427 928
885 444
897 601
295 639
748 554
639 458
121 666
388 181
913 899
30 256
371 449
671 733
258 62
809 774
21 495
260 789
680 93
228 432
21 852
622 767
499 818
694 658
827 774
532 979
863 919
146 771
89 142
159 674
105 522
211 284
743 505
794 280
500 329
685 146
912 341
543 22
74 79
720 57
513 347
117 637
936 740
990 197
711 250
263 302
595 756
502 111
30 807
570 147
953 197
708 143
24 174
342 538
733 89
955 446
896 408
369 642
640 196
33 99
906 403
631 223
994 352
706 50
562 853
521 789
896 908
860 13
263 626
808 557
410 643
244 161
682 291
954 790
232 345
694 307
359 557
395 553
647 229
941 300
134 102
811 516
217 780
892 584
134 67
860 766
366 190
107 951
502 128
262 736
978 292
33 780
671 22
847 582
602 185
190 535
307 103
500 539
162 318
290 149
424 759
786 554
71 59
527 881
850 920
189 661
780 668
173 376
204 416
495 927
580 586
801 634
172 641
457 985
568 420
974 911
152 947
9 678
232 95
396 26
468 301
107 461
562 558
722 166
236 729
73 355
267 649
389 766
788 875
488 436
500 151
515 256
914 571
279 216
530 491
269 799
445 839
221 570
69 607
527 668
167 39
677 399
82 489
454 528
715 457
831 103
674 443
765 566
228 207
159 836
195 477
217 151
516 746
94 179
153 334
504 707
838 101
608 470
279 505
844 659
329 47
174 953
430 378
308 385
784 13
934 647
291 981
365 813
913 708
203 986
317 136
96 103
50 438
738 865
330 784
484 125
41 835
866 54
656 93
138 882
324 600
151 873
752 707
747 172
145 480
511 581
280 967
942 256
793 822
178 745
151 382
189 758
414 70
346 433
402 215
922 238
723 705
63 255
743 712
621 84
192 930
305 213
84 592
74 54
691 454
63 552
631 665
306 394
196 465
425 302
549 139
977 133
469 195
914 776
951 863
795 749
180 867
521 190
892 269
534 956
480 355
630 977
561 271
212 687
99 129
591 434
554 516
744 475
347 974
755 829
921 572
140 638
38 479
37 95
123 343
680 724
783 144
349 349
552 458
366 874
526 724
256 555
870 438
398 210
544 828
451 224
788 997
385 524
599 422
324 603
245 992
563 146
911 450
247 327
569 384
554 5
154 569
319 892
607 42
609 775
323 851
312 365
904 475
981 7
578 525
510 943
152 971
736 19
428 987
286 878
412 657
86 292
30 865
590 936
748 24
899 867
441 19
113 729
532 509
728 473
630 900
857 585
12 463
768 302
885 40
690 609
915 252
162 237
848 675
779 486
559 924
144 927
525 495
993 609
968 422
984 762
347 688
497 769
643 768
780 865
2 439
262 909
195 717
996 6
911 23
922 67
498 490
542 98
761 393
328 419
37 634
731 703
514 278
366 694
700 15
640 348
112 451
736 181
533 986
117 625
35 557
847 985
494 913
67 989
161 250
845 717
463 516
848 776
391 712
390 245
714 358
913 769
29 391
186 328
141 648
902 70
324 68
281 290
391 855
946 380
806 890
891 610
117 448
115 396
549 884
735 592
988 649
642 210
624 918
162 725
711 327
283 655
253 10
318 912
269 857
493 31
443 36
896 780
273 111
906 13
663 165
327 952
196 261
792 273
868 582
231 696
664 890
399 587
448 197
188 169
473 733
551 834
634 902
775 980
695 594
879 415
581 349
619 177
547 163
346 30
137 11
930 63
340 429
345 466
496 304
581 166
465 609
393 829
496 847
885 171
21 311
245 876
702 318
141 297
698 49
328 61
79 914
785 935
497 73
102 326
777 416
514 800
858 825
495 604
712 87
802 44
308 296
371 439
227 843
640 742
966 538
957 372
542 397
380 362
579 399
262 469
641 929
539 754
139 940
567 898
46 290
490 497
788 38
39 652
230 76
705 959
824 889
772 613
851 106
489 751
531 335
553 544
150 442
502 363
167 568
628 596
507 409
48 349
897 321
604 41
989 535
998 210
345 366
388 359
396 649
144 365
111 495
581 241
901 663
100 448
863 898
921 749
949 929
929 597
362 855
706 310
512 518
19 878
860 294
527 403
267 773
414 652
148 106
740 377
449 559
262 181
221 180
217 221
855 609
377 275
838 895
641 694
16 38
674 606
566 201
870 146
870 58
2 906
799 772
36 228
192 942
299 496
272 182
536 322
666 728
624 227
930 456
14 468
50 703
386 540
55 354
2 670
219 915
909 686
962 456
40 709
6 25
838 374
136 471
673 260
410 391
347 663
304 220
714 418
835 311
353 642
386 472
611 432
647 307
75 983
466 280
315 588
836 59
455 77
367 952
493 295
759 584
314 423
139 860
221 709
87 163
672 806
604 481
951 445
429 59
700 138
438 693
506 51
619 659
296 546
194 857
695 554
796 756
265 419
112 13
118 11
334 264
864 263
346 54
169 514
663 921
231 867
421 780
409 241
471 325
948 518
31 857
908 169
714 182
855 890
28 894
588 101
912 582
359 1
354 4
627 318
193 883
546 155
26 562
905 105
54 476
281 466
427 382
140 752
516 120
363 700
847 863
150 250
227 990
235 99
992 73
851 638
705 395
728 839
227 348
272 463
435 738
530 776
565 703
7 657
42 618
361 9
10 676
697 707
985 942
843 352
888 710
488 377
998 584
913 997
453 467
80 46
926 590
806 412
659 355
606 713
891 519
331 360
678 80
416 264
830 926
843 817
244 51
803 130
694 367
779 893
965 731
288 62
623 26
818 75
792 243
253 39
48 470
208 519
339 579
443 309
171 447
48 312
7 301
31 378
587 739
110 818
88 147
80 928
389 667
845 696
897 659
814 979
440 941
221 370
30 603
870 846
707 38
149 548
511 707
350 751
70 153
274 963
226 912
500 547
336 125
883 137
210 6
450 985
337 328
179 580
840 765
759 742
309 311
547 867
999 785
607 42
375 934
727 720
801 898
611 986
289 243
144 238
635 767
53 898
737 913
383 214
365 615
310 140
53 93
814 559
79 640
926 26
938 351
640 766
790 918
460 360
711 775
413 100
920 402
944 875
712 963
23 402
79 939
296 709
505 318
624 191
828 76
924 206
884 257
30 500
462 425
869 13
310 822
895 892
680 992
182 652
549 860
968 55
910 47
938 845
928 74
333 243
534 480
723 50
65 212
472 601
711 485
85 609
463 719
72 974
669 8
95 914
224 411
40 559
743 141
676 798
45 367
908 981
72 95
869 316
248 738
29 622
171 202
56 85
750 845
813 155
884 593
209 528
912 985
641 137
871 539
281 88
772 321
759 24
595 818
859 5
666 126
995 372
682 114
717 665
24 470
446 195
672 55
874 724
508 926
710 738
604 879
325 227
499 743
443 505
286 325
459 607
881 636
891 937
736 425
894 731
759 120
861 553
55 402
553 86
566 97
5 874
275 29
600 945
980 1000
298 5
125 983
572 947
985 968
256 699
127 993
557 486
722 65
752 379
283 711
516 198
242 644
649 685
768 457
961 833
962 357
718 111
206 633
480 764
361 821
672 698
112 503
92 833
410 556
528 283
578 321
685 868
860 174
498 579
279 696
182 141
302 395
863 619
855 240
635 653
456 843
875 162
434 95
663 408
66 408
106 689
741 544
192 723
772 272
532 95
819 1
725 247
991 156
860 70
242 931
430 598
158 128
396 762
229 663
866 455
937 555
659 48
419 670
413 344
138 37
844 30
924 408
168 344
855 286
6 182
295 402
413 838
753 79
167 249
424 342
966 56
999 57
412 596
580 525
973 133
413 146
824 724
492 112
471 709
333 546
371 870
905 227
876 588
315 269
114 582
809 188
69 442
262 221
539 28
358 254
110 969
476 236
127 874
816 459
246 617
761 960
782 764
536 339
185 615
680 647
53 300
578 991
879 792
127 333
383 36
84 125
756 962
342 951
407 826
253 690
577 266
920 485
707 845
17 136
168 394
975 717
477 912
411 813
844 816
880 269
187 533
421 554
886 480
783 776
278 146
410 267
310 285
986 689
233 204
312 139
295 996
301 915
636 185
681 684
552 353
67 353
65 902
227 797
968 200
957 970
15 265
574 569
438 944
333 788
417 73
962 609
179 397
632 269
79 371
155 817
886 403
283 646
158 802
785 828
518 21
964 148
693 102
416 587
989 667
267 382
601 49
676 162
362 346
97 44
154 443
922 289
180 581
293 88
758 600
22 928
425 494
198 127
309 826
408 245
561 956
731 315
899 137
557 136
583 850
141 97
994 433
655 299
922 974
841 434
994 682
597 950
876 86
607 415
440 306
88 339
606 373
263 436
600 970
605 769
866 474
516 978
339 584
354 46
871 402
476 130
769 764
65 667
464 652
490 864
81 884
538 962
243 227
728 839
687 375
929 379
975 616
834 674
222 717
589 191
109 602
90 844
833 541
756 695
6 437
528 601
614 914
591 112
829 131
98 741
796 37
454 648
766 793
242 853
909 238
684 565
593 553
882 381
520 816
956 490
968 962
513 401
165 833
958 858
793 620
551 654
958 682
926 398
386 877
417 220
210 519
626 912
352 929
951 856
162 825
889 986
956 16
448 378
30 273
595 186
920 52
943 708
772 390
73 575
174 392
346 295
648 87
446 546
619 486
100 968
259 103
372 222
542 667
595 353
969 436
292 496
717 436
431 790
226 829
39 781
235 659
782 887
349 742
847 699
735 994
54 436
111 796
916 44
683 796
1000 569
89 877
116 179
734 766
621 449
894 837
835 427
724 243
124 513
58 507
784 21
8 75
169 673
419 852
165 1000
788 489
833 228
540 592
77 58
125 768
854 991
1000 619
439 870
746 970
104 628
112 804
852 968
621 502
521 615
82 183
692 654
716 601
424 917
674 766
781 245
269 871
751 999
582 210
723 422
120 366
387 145
290 125
774 381
909 583
969 659
964 12
230 692
559 791
329 21
612 398
744 748
445 820
743 348
789 550
538 533
818 256
578 750
142 780
195 164
133 317
244 479
365 526
922 845
485 353
460 992
609 765
440 73
952 316
390 986
982 526
743 434
73 925
956 580
124 186
945 573
135 715
798 295
761 808
896 330
537 374
783 987
773 857
438 312
181 436
117 135
53 388
880 945
485 186
447 164
510 81
843 12
245 585
457 434
44 414
911 629
761 819
453 70
304 730
257 229
523 597
267 438
817 724
640 908
1 566
863 379
964 533
723 35
513 885
738 586
475 336
688 405
681 325
773 586
720 418
444 231
911 784
21 628
905 676
529 244
112 272
75 256
347 559
263 129
93 103
64 390
637 708
438 573
885 929
184 826
647 591
961 516
979 120
186 707
300 404
192 255
25 475
231 427
609 993
203 785
373 914
218 716
492 934
407 368
468 451
458 140
512 81
547 684
949 10
187 70
819 768
987 81
73 887
303 379
715 572
502 679
332 699
27 4
721 56
979 386
648 341
751 876
389 42
177 875
231 956
48 533
253 59
848 396
60 136
573 396
899 762
681 246
904 93
483 119
584 267
45 616
92 412
192 50
344 252
847 148
694 694
945 333
365 490
867 617
246 166
607 944
403 980
739 802
908 263
244 560
373 912
863 533
688 890
237 566
399 217
100 620
768 437
886 847
105 813
479 624
349 533
713 405
593 569
725 190
366 507
632 526
648 555
299 415
362 466
252 733
381 875
42 174
636 29
206 897
961 436
594 823
210 964
398 706
562 591
296 94
279 451
906 142
977 764
337 101
242 805
499 784
318 544
789 617
156 417
544 60
340 743
787 229
844 369
631 76
695 902
330 507
729 125
765 705
538 379
379 957
626 392
481 928
302 130
212 382
249 492
470 638
525 597
965 656
313 595
789 363
75 752
884 805
194 775
365 774
560 947
840 568
537 295
474 73
282 480
73 809
297 235
534 429
188 658
894 543
284 984
466 361
482 510
821 101
901 631
172 406
604 42
943 363
17 833
636 25
657 481
929 736
75 268
906 914
875 373
712 989
732 475
294 267
974 249
126 50
477 120
382 262
374 539
668 690
689 580
292 293
972 491
40 382
117 206
598 431
472 67
321 263
921 623
311 32
325 792
359 373
32 292
219 648
852 927
348 549
747 312
435 150
241 636
77 907
680 742
533 34
337 203
800 535
485 988
361 71
645 849
844 333
416 191
399 439
20 895
186 31
500 97
254 855
340 41
958 949
732 725
542 663
965 884
149 68
768 818
848 540
556 69
375 956
919 608
694 392
582 398
223 229
813 209
202 216
845 661
849 724
802 657
951 135
355 590
933 438
442 789
382 686
355 407
558 860
980 514
688 698
737 664
836 606
413 376
129 724
50 353
520 504
839 817
980 336
28 441
27 549
865 187
714 214
824 646
787 322
860 671
337 278
531 123
934 720
397 97
90 143
937 186
935 102
968 392
308 772
744 173
492 804
710 878
814 230
586 517
940 476
710 471
886 44
101 622
27 107
96 94
64 448
883 68
485 654
729 533
875 322
730 563
537 330
181 281
933 819
703 727
981 617
127 877
718 207
116 372
126 990
23 102
307 839
600 107
161 299
126 647
459 296
740 45
266 617
64 684
195 899
167 540
28 478
191 907
802 77
775 762
650 837
139 49
777 518
421 668
100 720
882 645
906 316
946 280
700 722
406 16
358 153
835 337
141 138
593 300
475 528
264 610
580 703
949 399
629 652
259 300
716 882
962 877
781 159
451 183
310 695
425 586
638 753
796 610
570 424
782 824
356 266
61 825
389 296
15 297
877 169
992 393
508 563
307 194
579 500
135 406
438 21
311 824
933 751
135 779
733 998
428 935
568 612
687 710
16 687
4 251
985 905
836 326
792 745
753 587
415 75
370 528
817 324
226 51
91 353
503 783
405 960
251 927
882 112
899 809
427 906
303 470
204 754
599 493
532 807
539 758
323 266
557 903
918 490
413 306
849 794
132 196
120 481
623 438
731 666
479 959
350 22
993 954
122 581
243 643
578 74
314 357
771 102
897 221
897 93
346 289
598 733
254 917
571 126
826 620
97 749
783 581
682 588
694 557
772 969
631 89
486 437
203 74
798 770
143 410
473 356
853 317
106 643
646 836
776 984
746 720
949 673
614 654
633 946
55 221
391 537
430 769
440 41
100 363
159 145
892 577
359 107
245 98
126 961
853 29
999 520
327 575
158 944
413 866
534 868
236 844
262 203
570 766
168 670
104 432
886 704
979 717
873 319
809 784
913 286
205 178
567 98
532 499
890 955
665 571
340 529
257 5
652 920
40 407
615 108
804 350
903 352
700 759
465 771
791 565
549 725
935 605
440 470
205 659
572 899
87 933
729 998
944 716
414 766
942 400
285 78
459 628
363 970
586 951
365 49
119 178
32 713
606 994
152 620
837 270
459 172
475 903
196 231
550 531
880 633
534 774
118 275
951 897
95 597
362 834
121 148
394 946
565 65
616 347
266 58
967 994
840 918
166 37
651 905
710 55
932 112
885 501
594 590
307 365
743 40
228 306
868 662
398 71
506 682
163 618
574 133
412 44
967 247
159 483
734 941
90 161
115 300
752 218
422 820
254 475
668 899
994 939
305 241
152 416
730 448
343 930
809 485
800 102
633 839
265 152
429 426
850 793
799 737
274 788
585 930
420 849
123 792
637 894
811 256
975 902
909 82
138 8
821 626
326 759
465 593
136 930
272 423
585 928
357 175
575 302
665 268
554 226
965 869
629 203
352 799
955 328
350 731
356 550
894 261
808 314
451 786
82 167
264 122
313 162
838 813
590 983
589 272
131 868
295 112
752 988
577 8
615 54
508 371
282 131
316 637
987 816
320 593
19 984
607 420
811 404
833 520
230 171
655 971
522 368
103 80
953 830
63 753
77 906
531 15
126 59
881 971
327 329
338 718
181 230
481 275
128 203
330 434
756 736
349 767
23 441
667 453
570 966
524 15
425 275
520 618
581 501
907 892
390 260
524 206
964 760
363 70
747 390
406 850
206 630
352 995
259 171
341 711
141 140
160 629
408 999
631 225
509 384
266 23
561 574
267 417
16 937
805 783
242 443
313 98
267 457
299 377
980 330
340 81
1000 731
637 823
869 109
606 813
436 269
34 203
389 575
195 806
677 178
264 360
631 854
216 237
114 977
747 419
436 873
954 533
430 38
775 982
344 995
673 717
499 585
828 873
304 584
914 777
372 478
483 442
213 452
625 412
630 603
699 293
779 261
870 943
80 95
562 499
490 372
508 913
258 913
216 268
818 801
405 571
29 749
179 727
840 349
227 171
12 951
163 166
183 720
615 38
747 308
721 267
890 265
628 898
133 100
227 884
546 24
662 184
427 371
758 319
822 294
410 308
345 369
773 780
143 249
250 172
708 758
250 877
858 531
516 263
258 713
150 553
86 439
88 410
208 549
718 851
842 50
285 290
333 962
82 522
195 576
869 730
789 964
7 747
509 65
806 488
421 754
658 176
863 683
611 103
564 902
883 580
366 105
731 721
17 656
121 759
446 927
192 872
62 264
236 814
849 974
923 859
727 766
484 396
927 901
582 470
151 130
464 229
190 664
374 720
414 713
703 511
947 877
280 176
139 591
692 858
478 621
951 258
440 235
918 967
887 524
269 608
94 287
409 956
928 388
947 257
375 444
422 229
292 665
874 929
890 46
333 757
289 760
39 300
394 836
505 232
9 500
73 937
641 306
741 681
294 417
517 528
448 539
60 659
996 322
931 805
321 72
852 971
169 185
289 839
322 585
716 919
637 631
43 596
174 86
83 997
49 21
306 214
636 261
578 684
495 777
506 145
900 904
309 480
234 530
511 858
979 285
308 255
366 921
573 440
334 408
744 355
706 574
458 280
861 319
337 850
237 561
215 561
67 299
859 861
745 293
389 186
588 972
515 267
750 596
463 972
884 690
153 540
727 638
906 915
673 938
729 631
60 513
640 710
558 176
164 97
317 135
545 99
25 300
476 962
634 874
983 550
822 752
151 289
221 698
305 283
136 430
321 530
645 930
376 763
815 636
118 666
175 325
804 778
802 971
508 572
951 983
903 217
12 544
245 976
318 75
946 295
448 926
780 535
627 409
398 687
834 436
936 238
748 732
404 314
359 365
937 149
651 561
786 483
977 889
722 10
625 498
681 77
77 141
58 626
928 279
878 571
556 937
650 390
988 951
590 952
197 900
438 64
389 494
14 582
232 948
918 613
87 488
724 445
75 237
229 732
735 47
546 646
872 454
414 613
282 433
733 412
859 332
855 177
929 703
432 204
368 800
829 916
270 703
581 46
642 843
498 452
463 636
578 15
978 663
21 820
80 409
335 745
153 609
855 576
281 384
599 98
47 61
252 464
279 83
463 210
490 745
284 486
48 479
865 769
344 534
574 49
369 692
316 100
573 168
78 140
206 235
900 123
946 836
994 524
530 136
931 689
772 342
63 882
136 978
856 676
894 672
372 959
116 39
12 614
245 631
166 592
48 421
174 421
268 231
185 152
99 884
777 494
908 524
224 129
62 537
89 535
262 116
929 915
807 780
818 979
969 981
176 298
290 212
662 648
630 501
956 134
35 311
932 649
502 341
573 678
149 221
407 439
618 39
116 278
49 974
218 841
525 362
319 88
320 941
100 476
14 605
213 882
801 387
379 820
927 469
325 961
426 262
592 222
635 723
416 995
727 289
186 522
422 260
91 706
134 683
343 513
631 806
78 69
966 205
11 975
779 816
176 218
567 222
300 499
696 192
929 831
835 1000
202 451
297 487
734 918
612 785
554 706
203 583
219 813
882 600
342 717
611 371
593 41
161 119
919 927
616 42
242 888
612 803
205 251
198 143
631 957
418 955
759 532
85 523
262 991
539 393
331 479
631 896
692 797
888 561
905 306
870 739
385 392
485 627
386 567
562 168
288 345
636 835
331 528
579 787
668 985
370 720
626 71
260 32
168 368
441 703
900 588
429 379
354 741
637 859
528 290
492 223
529 516
103 521
493 47
341 2
933 866
235 667
12 667
284 82
128 821
388 675
594 521
721 285
283 989
624 107
888 830
877 918
215 448
904 796
73 62
389 591
297 947
82 879
366 681
695 236
921 649
136 148
633 284
11 798
740 698
137 197
259 788
419 264
794 728
170 115
593 310
325 9
828 637
739 184
674 11
693 231
205 505
445 961
691 466
508 7
888 718
822 136
30 567
119 74
544 154
27 879
821 524
934 731
983 872
508 818
999 249
318 566
198 28
827 757
841 106
807 224
454 296
896 877
736 550
105 960
313 780
77 161
349 432
389 273
84 12
367 149
274 322
312 321
584 143
44 780
9 626
406 731
778 243
718 673
747 799
340 644
105 559
289 276
307 330
171 79
279 109
302 937
449 226
376 773
651 156
236 425
737 515
665 962
481 471
789 204
967 349
182 540
71 684
59 738
811 964
93 691
613 192
656 607
953 374
108 138
430 126
770 753
974 664
731 354
721 591
561 371
697 895
430 410
135 474
404 497
776 598
770 826
974 312
628 303
191 492
986 24
886 35
553 667
973 39
477 32
339 580
956 951
893 443
243 344
390 577
417 126
77 552
427 319
391 1000
710 928
944 338
499 382
479 906
122 519
983 600
216 792
929 356
139 4
542 858
592 421
555 688
400 6
766 97
303 600
43 334
29 892
461 171
534 527
723 351
997 896
980 378
217 921
913 847
906 72
776 768
136 50
398 705
74 743
499 717
883 240
687 496
77 527
877 888
228 278
486 582
659 780
610 473
852 986
672 228
349 687
102 577
436 262
563 632
514 538
166 515
991 299
551 659
411 897
709 871
8 65
128 21
331 135
87 548
815 468
641 671
220 933
310 801
463 685
162 361
498 572
760 715
975 406
716 185
178 663
819 372
441 936
180 570
169 487
545 413
824 903
476 706
399 138
508 943
79 788
875 791
262 748
880 332
564 984
80 533
246 631
162 270
763 40
241 630
717 150
307 399
974 655
422 939
370 104
812 484
641 682
815 290
393 126
932 334
615 503
751 207
321 705
594 586
102 338
288 211
887 712
723 302
782 329
392 891
597 501
227 347
938 51
35 84
485 135
520 966
321 636
308 470
672 516
659 908
479 837
976 922
442 295
695 830
758 607
912 333
600 797
571 59
878 554
575 401
465 68
672 518
955 345
80 766
853 716
944 806
994 742
336 201
34 25
16 840
623 796
615 822
351 439
351 962
660 12
408 775
499 689
434 513
40 231
677 1
387 775
824 737
6 391
122 156
722 124
87 821
269 647
839 385
800 513
896 249
328 984
719 38
54 796
647 209
551 821
739 171
708 835
786 203
94 713
136 904
146 278
135 127
502 21
562 853
897 992
513 144
121 905
617 594
945 274
980 236
847 913
81 800
253 48
654 845
652 616
356 449
706 243
424 477
788 753
348 702
529 50
918 877
913 186
88 612
661 645
231 66
127 418
568 392
216 315
265 714
428 156
174 670
805 75
205 98
493 357
349 953
240 972
573 36
92 446
628 18
613 280
527 949
840 453
482 209
648 351
205 86
73 487
259 472
787 445
721 410
55 940
869 39
267 622
640 549
19 231
503 967
713 919
374 880
351 487
951 197
408 579
577 792
291 348
514 980
839 111
833 369
505 376
430 990
841 619
127 991
312 249
326 326
337 394
21 335
785 613
782 620
360 795
617 386
729 318
910 405
896 798
750 360
248 790
693 749
551 642
778 198
540 200
495 37
946 931
104 435
90 747
980 497
207 867
880 854
595 686
673 667
226 624
334 607
930 659
959 475
597 711
418 334
686 407
99 684
73 51
546 177
604 646
642 744
780 416
149 697
146 793
992 115
994 948
538 224
554 603
842 190
416 251
178 344
514 540
949 106
635 844
741 935
714 907
250 978
325 457
926 470
976 832
793 487
890 923
837 270
752 510
918 388
420 467
690 803
865 917
786 163
157 290
181 534
698 937
975 36
710 353
56 832
118 972
279 99
427 269
724 608
647 852
697 5
480 419
81 576
258 827
55 361
132 868
410 593
200 381
430 888
764 985
43 100
838 899
132 698
660 629
539 23
483 487
267 695
387 827
669 469
349 653
817 346
52 846
301 750
227 959
495 799
46 801
267 368
731 16
966 694
875 127
19 152
244 847
815 270
738 514
343 138
195 772
709 375
312 571
939 874
450 345
637 275
971 847
588 865
905 89
420 577
793 937
838 348
728 425
39 87
589 876
925 283
940 381
619 930
791 63
14 466
875 312
492 85
293 108
837 380
709 554
853 505
884 449
319 613
780 851
541 24
42 443
524 601
82 776
987 964
964 359
10 268
229 547
65 384
552 845
796 58
938 358
993 104
80 72
190 114
74 883
926 619
693 807
674 730
995 379
463 513
235 14
198 998
157 996
519 608
867 512
270 230
507 685
178 267
816 739
204 663
207 850
605 657
114 966
593 29
148 634
655 686
644 414
298 158
884 596
563 202
371 105
955 119
771 658
959 512
973 941
333 443
402 802
935 796
906 398
135 674
236 825
341 483
144 464
352 837
417 930
370 240
758 270
66 896
619 209
299 671
455 319
457 245
861 531
687 864
315 170
644 785
263 220
948 498
653 737
236 350
357 838
251 984
680 291
643 567
338 637
485 219
17 732
105 984
599 135
426 478
111 673
498 335
306 810
473 132
77 662
596 761
863 27
619 990
272 707
693 204
735 45
55 728
114 447
930 752
48 321
23 959
24 646
513 424
839 139
547 393
554 425
531 456
958 122
593 937
27 892
874 609
8 29
378 299
357 727
940 545
554 378
840 252
314 222
190 309
74 692
289 714
816 248
986 74
518 271
704 988
298 645
973 582
51 641
969 667
636 790
934 952
89 210
716 465
27 375
89 253
708 708
167 465
881 643
996 31
751 880
270 433
632 396
582 296
999 929
733 944
371 627
901 646
98 852
346 305
75 928
625 609
216 505
822 16
725 146
423 622
485 62
186 927
704 449
265 832
698 961
612 270
989 855
269 112
735 816
775 121
413 801
10 70
658 197
432 318
573 785
795 80
824 4
309 448
909 907
171 26
88 984
303 70
86 815
504 347
89 509
473 381
702 730
191 76
535 494
75 687
959 10
616 228
977 432
232 851
998 910
79 518
857 483
888 237
803 439
637 525
818 856
258 857
126 678
700 6
594 865
430 143
847 885
899 889
454 661
31 324
112 229
223 935
462 402
955 191
829 700
755 461
594 218
822 887
395 136
761 927
783 879
973 792
149 838
539 720
874 23
969 666
439 427
314 468
814 796
197 539
97 90
758 477
978 558
761 917
965 260
450 579
329 93
112 396
916 625
330 668
475 19
229 688
327 322
35 194
189 174
182 590
635 10
189 823
175 406
503 317
702 414
795 902
839 145
959 590
34 59
865 409
835 849
810 319
216 59
949 793
897 76
882 177
378 839
919 253
628 893
609 635
996 491
395 825
871 664
772 636
600 454
877 702
60 452
92 450
739 194
965 280
23 333
246 567
988 310
957 968
684 177
355 389
591 187
234 185
390 442
334 854
272 339
970 407
241 971
350 156
924 246
19 735
12 890
807 220
547 825
91 954
285 801
990 482
773 3
444 263
266 24
974 659
499 531
607 955
625 749
271 598
1000 913
878 700
86 135
527 777
107 814
22 824
724 708
35 680
717 383
583 918
268 656
300 149
7 758
855 389
489 552
761 733
694 622
955 265
699 532
711 837
624 674
584 641
306 352
324 935
456 925
555 230
515 526
883 818
460 577
928 545
723 646
19 658
57 395
958 389
911 606
616 128
576 367
833 288
926 208
106 671
780 326
995 822
551 187
451 283
540 755
858 515
425 322
892 248
808 276
346 883
628 571
11 765
665 897
580 149
259 288
116 797
868 351
666 638
519 311
494 968
507 966
28 458
24 87
529 820
433 481
856 642
138 267
419 776
695 20
219 518
442 691
577 36
586 281
341 390
337 263
783 385
205 130
10 924
67 391
899 812
581 605
307 832
962 74
260 280
344 466
89 71
444 793
509 449
801 878
774 650
225 263
723 978
642 739
301 457
409 604
401 844
65 134
778 745
802 200
56 236
248 29
748 604
428 620
704 948
549 173
350 371
873 977
941 460
782 376
664 376
148 18
348 800
480 257
844 643
332 483
5 585
342 122
342 536
418 741
934 496
472 630
675 65
932 959
807 852
933 981
118 181
721 721
260 905
399 622
36 534
23 741
700 753
45 956
272 331
126 632
117 265
275 863
479 154
193 988
693 75
680 254
86 802
348 230
825 135
657 934
417 920
558 793
465 164
961 100
480 950
682 656
103 235
535 245
121 761
604 250
845 915
448 606
464 706
777 987
313 749
239 461
991 748
369 585
601 456
822 16
298 393
693 143
846 473
975 638
972 829
587 82
949 967
238 880
886 556
229 751
168 899
93 920
899 998
631 296
746 792
298 119
236 817
735 592
125 990
246 871
960 570
659 805
896 973
980 924
182 735
503 9
876 353
425 546
40 362
319 540
836 854
504 608
203 84
755 617
415 774
568 841
635 639
856 409
741 615
440 63
874 824
942 548
760 144
94 135
951 858
211 719
641 939
494 24
904 854
120 907
86 219
854 665
152 289
937 397
424 150
705 671
467 9
49 355
741 326
762 978
506 119
496 949
941 588
177 689
309 792
370 416
479 527
414 381
983 967
295 30
483 597
973 953
990 145
654 111
176 185
14 330
443 755
336 356
887 860
622 522
34 607
207 367
437 465
435 352
548 827
856 948
164 798
518 90
323 765
809 92
861 717
243 972
998 759
29 495
740 890
14 363
480 191
976 68
81 947
208 686
316 241
460 654
653 95
280 497
962 634
205 148
993 159
809 8
918 579
872 379
858 988
666 7
584 849
739 985
376 1000
633 34
146 845
278 622
987 87
204 738
404 997
330 953
114 753
338 479
224 953
302 487
543 957
277 25
837 605
977 371
364 885
700 487
781 729
623 727
358 269
743 558
572 302
7 329
421 223
894 839
763 665
78 985
637 665
591 591
320 209
516 39
258 418
453 326
263 173
313 826
691 942
75 186
716 545
877 940
386 935
222 777
431 213
32 175
717 887
219 167
375 34
948 131
942 178
338 394
738 464
648 983
491 914
253 726
706 299
366 876
384 420
978 175
929 561
874 516
105 837
677 41
934 650
987 934
299 561
355 594
664 509
112 863
767 954
766 327
918 25
182 29
70 59
6 229
245 975
632 202
294 953
605 694
566 408
665 891
143 415
236 378
749 886
479 540
988 1000
93 944
911 432
667 782
924 250
213 984
27 718
535 848
827 318
611 668
298 377
178 186
852 805
184 49
391 429
761 594
535 680
461 874
608 433
993 966
56 848
188 668
775 857
127 733
68 107
682 532
463 962
645 527
144 873
804 816
124 672
929 101
836 398
922 321
94 888
727 545
233 160
982 85
178 131
607 511
54 105
51 516
761 281
316 636
573 443
645 502
801 559
526 717
648 162
717 111
481 953
573 620
840 23
485 39
640 510
686 749
434 458
100 347
774 472
299 506
303 561
639 158
673 447
910 73
897 774
478 529
249 73
176 222
202 114
480 557
848 206
6 899
202 253
331 516
479 860
450 384
426 275
18 213
936 505
257 483
191 418
193 556
155 184
126 561
101 150
830 139
54 194
144 386
735 284
837 85
352 412
155 251
131 546
951 442
910 26
564 940
973 822
970 852
167 335
272 615
984 748
622 507
833 249
391 212
514 446
695 938
492 414
193 563
226 681
673 782
275 429
247 428
690 214
167 336
182 863
391 529
364 247
908 510
527 470
921 124
204 806
838 1000
68 725
115 709
109 787
525 133
942 655
420 757
639 183
481 205
209 131
760 59
367 518
893 126
931 638
775 618
298 867
659 384
377 676
208 346
739 816
5 67
763 584
405 528
974 631
272 252
628 923
614 980
280 386
157 434
1000 571
457 79
432 363
770 935
539 226
938 514
139 918
813 45
431 665
711 319
662 587
328 915
767 164
3 259
423 650
983 520
136 565
833 735
454 467
689 315
718 953
435 258
265 817
108 608
754 744
711 301
879 392
850 784
791 423
901 862
761 183
598 515
25 961
964 83
850 179
70 164
459 829
859 263
382 711
419 338
794 700
101 99
312 3
752 257
866 630
778 766
165 504
546 624
868 164
38 141
795 173
790 12
260 976
929 876
337 175
716 460
804 426
82 847
619 289
682 14
856 299
258 893
377 271
914 506
744 386
445 962
4 454
569 154
864 168
391 909
298 914
521 267
878 93
758 926
505 605
102 631
167 451
229 282
424 654
911 555
520 484
555 306
524 536
537 920
196 759
339 382
692 416
969 71
346 815
880 4
94 628
969 342
325 332
719 606
36 783
941 631
872 564
307 343
297 6
7 424
996 285
855 367
43 374
702 258
931 617
728 348
447 391
476 766
420 711
535 546
117 440
690 926
283 694
170 931
683 296
901 837
58 874
53 503
202 900
82 419
330 235
882 87
583 436
355 294
28 77
595 499
516 723
995 112
348 430
659 669
666 389
156 930
596 337
486 217
627 973
321 434
216 641
3 268
530 680
223 377
705 828
72 224
965 92
633 740
302 918
688 396
805 753
330 369
570 381
331 508
360 157
484 397
826 840
958 491
256 882
675 497
202 839
211 481
864 37
418 17
353 326
49 960
296 413
290 460
750 735
495 443
99 518
541 24
698 240
227 218
521 63
276 468
948 64
962 735
400 358
152 280
440 403
325 858
455 914
566 832
787 151
275 343
159 702
466 51
838 953
109 41
248 550
812 529
36 63
835 60
132 784
698 882
771 578
229 98
980 137
766 543
835 654
72 155
713 123
649 310
419 719
408 408
828 375
931 267
764 112
199 548
790 836
186 984
25 829
985 950
397 902
919 754
869 384
528 807
648 659
121 216
963 240
542 332
493 286
202 341
970 206
295 365
25 434
209 867
642 364
995 398
50 200
226 215
214 503
776 222
776 556
329 785
742 631
624 393
746 533
52 106
486 535
705 237
918 731
433 136
725 619
554 957
719 443
190 14
658 817
646 201
195 27
433 99
467 368
991 985
389 210
86 654
539 220
923 335
63 292
747 363
982 74
797 596
120 856
470 816
468 690
8 634
820 685
451 778
447 357
953 803
950 821
761 535
483 650
729 588
715 444
524 40
771 346
621 339
145 218
747 619
737 685
62 857
768 250
16 223
208 546
76 812
997 355
745 738
424 14
782 312
262 598
175 138
801 678
429 547
679 580
511 443
754 107
736 547
553 846
406 777
460 155
597 853
433 730
807 51
88 717
769 309
18 966
385 1
410 774
285 542
380 119
406 129
532 143
879 821
968 469
197 356
812 500
491 546
808 809
429 345
61 97
474 324
851 393
828 736
197 508
629 640
511 209
685 760
320 187
580 607
509 906
820 886
682 117
261 307
29 615
417 107
962 661
134 531
369 709
383 752
407 546
748 142
341 469
947 443
867 67
996 359
241 303
481 248
333 219
350 227
101 541
681 437
270 352
168 165
322 869
686 261
694 878
471 866
275 253
820 923
169 430
857 434
993 416
812 279
62 767
832 283
734 937
357 867
496 826
480 664
259 785
660 649
119 716
228 601
268 994
708 436
219 594
843 697
514 55
423 72
390 334
132 600
229 778
724 136
686 359
130 563
640 50
530 288
715 528
576 971
200 895
665 440
564 741
234 592
626 302
22 102
678 619
655 613
510 649
557 401
377 129
332 936
966 54
657 360
355 33
786 894
746 890
133 61
456 914
790 786
280 611
88 325
795 633
720 277
92 509
18 441
228 285
732 658
815 341
100 621
640 729
471 679
148 632
965 992
297 186
431 223
243 366
798 127
893 684
523 122
107 667
59 132
568 638
437 566
118 758
67 39
707 411
775 324
33 639
584 395
251 782
132 293
981 496
812 288
970 870
877 299
676 803
426 994
932 506
974 296
872 984
691 695
718 790
841 422
13 7
918 809
975 84
909 878
530 958
578 891
241 911
343 750
80 774
804 811
751 119
10 97
636 129
30 713
627 817
973 417
484 392
43 141
24 81
107 699
640 383
37 829
583 50
53 184
11 414
388 522
238 605
764 676
189 854
17 656
895 782
914 622
13 203
731 381
195 933
416 995
794 607
779 1000
258 343
92 847
905 808
905 168
162 14
703 446
301 199
819 371
665 106
876 755
607 404
371 546
179 486
196 966
672 50
848 98
929 457
645 710
321 873
48 706
426 535
546 631
764 906
724 372
757 674
201 765
444 269
552 773
107 243
345 764
304 350
485 710
870 981
937 106
953 137
905 398
899 311
144 392
994 844
535 199
410 714
458 626
62 126
628 163
829 846
151 90
615 381
588 930
745 579
899 439
373 979
524 4
281 187
813 709
717 691
871 921
629 306
325 726
320 9
800 125
305 140
458 694
684 77
913 720
750 302
37 77
774 173
881 962
970 706
85 92
177 227
837 166
567 446
795 263
633 672
724 747
990 320
37 517
309 28
246 225
43 524
533 340
971 796
60 992
422 78
972 143
51 105
133 162
714 191
30 863
683 793
783 382
147 819
771 694
709 924
74 900
601 240
215 673
58 694
930 443
667 851
665 514
84 274
442 766
87 920
485 998
931 291
222 772
652 389
212 316
116 755
59 280
484 329
745 78
624 161
37 958
882 262
148 508
617 721
82 287
738 489
473 943
258 640
63 188
809 874
977 799
644 291
400 769
343 573
65 356
596 925
76 906
133 571
335 456
792 410
208 535
563 965
623 942
41 659
95 296
514 562
424 90
339 21
839 433
235 477
415 639
420 368
145 977
207 810
356 671
416 727
869 252
851 694
360 682
672 427
433 913
524 235
207 386
521 965
20 937
629 162
86 527
146 306
941 435
335 269
18 235
806 664
361 715
502 683
773 681
15 51
750 834
480 972
122 407
725 622
936 20
60 457
608 985
475 457
283 126
221 326
688 720
732 95
226 861
341 480
794 82
862 545
13 847
869 954
908 971
317 185
907 406
311 758
61 689
382 741
765 66
605 563
869 305
259 921
787 856
311 799
942 301
988 885
623 435
845 729
375 817
3 600
725 191
71 846
993 547
497 624
766 258
526 830
620 643
556 275
260 68
15 473
786 156
612 72
89 274
998 247
652 812
866 52
257 962
590 208
662 729
215 489
310 86
732 76
914 588
22 692
959 46
534 106
726 138
593 789
533 519
150 622
926 365
453 499
939 397
369 753
683 346
410 531
925 353
143 926
596 734
937 147
8 916
270 21
493 181
126 347
142 54
602 317
207 598
81 204
854 713
284 929
740 977
722 434
604 429
459 91
296 619
657 348
157 716
375 833
729 875
812 482
869 593
170 865
189 191
445 320
835 111
418 692
614 357
403 962
225 348
700 250
18 376
923 296
464 117
56 218
997 774
377 377
636 778
883 729
313 14
754 865
490 605
275 537
530 540
925 132
423 500
204 171
21 292
377 760
235 175
573 943
389 582
599 255
513 864
180 549
610 615
892 845
787 673
140 133
169 352
834 874
336 523
217 484
909 839
482 919
744 998
616 640
414 691
647 180
563 958
576 847
560 803
16 126
969 125
48 814
204 118
532 265
704 478
772 227
760 896
24 894
119 162
489 618
588 41
218 180
664 589
112 249
760 933
338 803
655 324
450 105
877 223
506 957
247 270
44 806
300 474
707 398
579 731
40 325
551 95
458 841
480 764
704 224
81 515
985 80
343 3
234 892
168 306
393 170
877 870
196 4
745 621
636 431
296 943
311 162
17 289
730 962
91 396
703 362
585 497
209 904
869 411
938 463
826 338
862 978
885 775
991 609
14 159
538 748
850 732
668 225
12 48
593 685
956 322
409 360
804 962
475 411
724 363
32 842
206 95
254 552
214 727
161 76
619 964
583 991
771 341
337 135
681 371
55 551
604 536
688 900
674 66
587 729
247 203
137 151
310 679
49 839
12 141
798 501
611 77
711 350
313 842
325 80
252 103
201 335
368 640
862 626
994 611
886 254
179 825
948 306
142 944
559 358
363 733
142 503
841 673
821 97
295 843
944 181
106 633
592 737
118 731
92 123
55 729
625 485
78 928
558 998
137 427
789 65
936 109
941 858
220 576
529 759
535 666
816 458
175 167
655 627
96 879
498 557
837 803
322 303
808 827
971 506
559 776
636 776
794 387
9 115
278 763
245 361
523 498
636 165
489 130
377 655
441 853
757 20
92 479
349 654
414 201
598 19
98 760
99 517
343 90
460 635
954 141
801 928
221 158
805 411
165 37
531 523
987 614
2 497
105 664
725 52
689 558
618 838
694 653
537 394
182 193
652 976
279 297
810 941
364 964
635 881
588 283
459 908
591 927
863 966
56 819
285 604
345 446
622 757
193 587
73 574
433 780
563 114
483 590
80 634
809 619
457 902
458 243
860 72
48 537
996 534
630 977
804 4
270 407
22 815
963 434
741 904
888 898
527 376
950 460
114 155
637 768
356 993
975 701
417 658
271 376
5 306
461 927
101 536
251 65
587 855
323 39
339 10
605 871
953 738
869 368
712 667
312 357
701 969
815 333
529 674
830 548
336 968
896 544
941 593
403 939
475 328
476 374
170 828
461 697
320 350
137 844
61 116
858 677
638 953
73 822
282 464
241 138
904 471
80 305
759 9
121 897
958 380
586 82
570 435
482 552
997 864
504 554
411 633
497 319
999 391
369 360
443 973
512 808
749 730
391 444
374 317
926 803
341 743
614 241
702 849
591 575
323 706
166 731
632 36
819 158
568 309
184 283
8 218
767 676
778 23
160 396
462 496
399 143
746 952
117 434
185 992
491 83
43 718
881 236
875 885
699 386
153 294
761 305
576 972
945 165
553 615
963 833
403 994
399 385
92 696
643 8
644 700
596 80
297 305
685 768
461 520
255 434
104 542
113 308
428 888
341 533
141 434
155 828
758 958
590 374
624 225
245 146
895 231
225 587
328 52
947 137
57 72
688 498
271 741
171 201
208 190
978 665
647 873
635 301
225 311
549 78
142 431
31 206
849 122
102 513
686 493
310 491
311 414
391 820
560 688
19 645
140 989
520 937
941 995
285 844
383 619
785 726
299 618
918 958
984 675
48 765
744 320
140 50
52 415
388 97
550 145
815 832
276 162
736 951
256 870
683 71
434 573
719 240
193 434
865 366
319 149
225 605
858 297
52 269
709 465
745 466
704 110
935 259
673 1000
296 851
496 225
302 20
189 666
555 848
637 654
767 587
901 943
647 358
735 992
164 684
793 632
238 637
357 783
93 167
752 326
551 223
729 444
262 1000
565 822
106 376
531 47
654 811
898 70
686 84
367 44
785 789
218 230
149 186
200 829
838 944
482 407
884 207
538 975
658 648
467 977
130 617
289 126
572 257
749 390
779 389
146 923
374 901
521 772
249 371
518 783
855 771
557 121
905 701
862 398
260 730
591 709
161 698
896 760
45 83
189 347
57 44
934 80
311 37
70 758
200 214
517 993
909 549
709 247
729 492
309 463
321 34
978 600
177 291
942 864
534 661
394 543
874 720
580 787
6 332
588 933
173 309
515 197
921 458
345 5
3 600
795 697
292 810
740 824
880 350
200 892
640 248
383 259
825 227
236 687
669 904
974 362
196 203
499 422
573 734
812 898
241 750
178 825
342 628
868 729
339 170
115 641
154 812
704 288
549 539
878 640
202 225
549 315
519 223
957 918
613 912
81 274
86 339
123 227
761 191
322 115
818 207
90 849
491 669
193 5
905 942
714 559
883 145
183 711
898 341
182 566
209 877
815 854
35 578
592 731
636 348
724 109
681 230
496 30
90 632
731 809
569 84
487 930
943 689
64 543
142 24
436 58
16 237
333 646
372 143
336 645
701 427
652 13
816 153
844 158
611 663
114 994
927 953
269 242
67 512
181 884
403 794
278 689
731 193
827 535
793 346
621 429
979 413
411 868
302 973
508 709
560 548
858 206
337 698
81 604
733 599
185 623
666 922
293 816
238 214
490 513
660 861
65 185
320 224
909 299
515 76
172 8
1 580
42 334
831 162
506 691
140 295
374 766
503 965
221 244
764 393
182 543
173 960
345 942
740 498
136 663
778 159
529 98
334 805
73 2
655 152
406 86
884 775
472 932
657 575
161 201
911 2
768 472
854 48
705 668
20 467
474 925
802 144
676 980
202 180
17 132
224 218
727 843
71 792
887 29
574 183
58 742
229 65
302 747
97 390
561 300
92 917
748 945
795 183
628 718
134 260
407 241
463 139
301 161
904 665
588 615
97 112
523 364
600 311
802 750
694 551
116 972
477 269
785 150
845 18
778 1000
401 643
167 560
712 909
759 7
505 448
734 476
246 189
864 985
795 176
455 931
281 450
152 274
635 480
263 371
292 999
905 460
639 420
896 265
532 844
843 86
373 108
979 263
831 521
11 985
27 693
472 575
631 416
944 327
740 35
200 725
535 139
590 636
151 704
28 371
792 145
525 730
132 169
828 153
528 215
450 201
622 332
912 469
708 196
445 363
816 450
553 412
252 166
355 157
368 14
982 857
484 853
797 91
591 796
527 387
433 771
751 540
643 137
566 69
490 230
595 871
806 934
838 25
135 590
365 368
459 481
62 410
72 48
530 114
343 84
463 685
470 793
50 925
131 800
417 226
276 910
445 488
494 836
457 744
89 776
681 668
311 296
557 770
397 490
238 969
921 434
731 548
523 918
672 309
410 54
437 155
744 582
318 913
288 429
919 138
637 604
704 126
434 421
428 465
449 673
353 431
296 580
551 392
727 313
583 655
916 730
419 421
504 683
751 62
950 728
654 769
476 849
841 157
788 181
659 191
145 192
810 255
324 808
779 962
212 934
363 478
806 108
941 965
900 317
472 127
364 946
364 918
840 985
739 776
102 391
188 572
284 239
627 390
632 806
153 944
423 580
650 611
218 929
944 226
210 259
630 731
640 307
789 281
866 895
936 350
697 174
461 544
510 804
69 36
507 195
433 291
254 147
188 362
970 689
791 568
46 272
443 987
487 553
915 705
691 831
248 144
791 33
826 803
440 731
724 322
147 876
523 574
411 857
318 158
780 61
420 22
418 997
95 31
417 76
551 555
306 235
722 45
974 726
117 153
869 207
140 535
268 45
327 869
78 762
394 363
413 144
810 614
789 146
798 917
475 223
218 992
522 861
760 250
808 766
727 703
360 636
401 418
521 707
634 29
585 347
625 574
57 686
896 94
650 843
827 987
343 603
749 974
82 3
482 728
655 28
399 709
939 420
696 716
473 692
114 974
696 934
482 575
805 61
344 91
279 464
172 440
825 209
640 119
55 329
603 920
806 854
836 481
786 243
118 754
922 684
155 397
673 617
611 252
720 417
368 466
174 86
222 352
295 903
170 733
963 857
690 622
416 717
479 112
540 437
81 962
605 89
330 78
338 196
260 351
142 108
924 311
631 191
978 624
761 914
232 196
606 167
822 781
715 567
571 139
11 394
2 910
802 414
231 763
288 581
802 619
89 822
811 981
430 816
220 867
667 690
834 619
625 335
612 666
309 483
140 24
732 761
232 561
28 915
441 970
835 455
679 76
226 199
57 31
171 903
657 241
556 841
582 383
841 204
217 69
600 982
223 259
819 384
781 882
774 168
551 365
916 940
205 31
685 76
212 345
710 622
5 856
477 543
734 498
911 629
87 476
36 132
896 680
719 403
127 184
537 554
313 832
542 797
300 80
826 268
673 19
927 282
621 799
790 487
780 421
1 398
194 817
243 288
934 259
535 746
747 218
599 504
6 103
862 289
646 993
356 46
674 608
182 869
799 702
392 702
346 483
2 574
434 954
515 564
158 905
211 803
91 309
918 872
479 537
594 36
709 658
183 211
896 304
966 476
149 278
719 811
165 817
437 602
912 823
406 134
513 579
808 74
281 14
754 71
786 583
552 732
52 59
327 39
710 483
628 141
119 8
408 58
618 61
611 677
894 992
104 912
607 786
367 313
635 103
307 216
721 299
769 997
335 92
305 974
594 441
870 934
354 76
138 884
857 715
251 867
879 285
234 167
467 37
542 507
459 207
610 798
264 66
284 964
318 398
933 611
469 730
637 207
998 888
495 89
582 791
827 800
629 618
528 487
31 985
650 250
353 459
915 513
415 225
232 290
377 969
834 652
723 814
277 988
338 831
739 460
639 131
904 514
74 931
378 875
804 960
252 214
373 140
380 696
808 3
326 461
945 76
7 363
835 69
361 74
731 968
305 588
677 436
144 140
889 438
569 513
115 776
627 460
795 459
143 769
599 470
70 728
783 687
331 636
517 801
957 108
509 407
445 948
604 248
473 148
68 592
849 230
624 208
441 174
206 870
778 120
681 227
764 970
84 58
165 250
966 880
328 218
778 9
762 73
16 761
675 1000
826 229
418 612
252 307
381 440
651 93
130 200
484 785
860 983
280 407
403 482
72 998
720 983
843 541
818 922
768 567
644 790
790 774
463 107
911 23
880 384
457 272
997 977
566 679
381 100
828 312
346 90
181 485
323 176
507 50
409 595
991 754
603 499
490 526
44 801
981 782
122 181
158 378
952 174
651 587
298 304
805 9
698 545
569 1000
289 914
997 337
826 235
208 551
813 391
288 806
96 909
194 649
444 458
114 721
957 306
82 649
909 276
235 332
942 208
754 334
346 370
580 975
182 728
917 2
324 323
319 289
292 798
920 902
839 14
823 849
160 272
508 969
330 822
175 737
142 394
500 638
830 795
482 115
822 910
566 292
237 786
752 721
452 9
698 486
941 46
24 880
399 727
958 833
553 777
367 379
889 258
755 194
635 346
89 107
754 983
516 488
990 131
810 145
548 429
46 412
924 444
169 414
617 56
107 795
503 172
936 267
183 192
397 182
200 806
638 887
840 320
284 327
559 914
636 26
235 938
505 714
911 698
132 453
501 601
119 548
814 70
850 366
638 740
384 798
896 192
902 716
869 782
657 633
397 753
625 731
112 800
625 709
665 910
478 87
755 24
643 684
216 788
435 731
490 489
860 75
684 767
58 458
893 188
5 991
747 756
282 340
66 815
569 666
265 215
621 473
127 961
88 216
296 267
350 172
140 312
655 711
290 914
434 925
242 15
453 348
519 42
717 786
517 109
97 981
213 439
727 176
408 13
698 154
875 875
767 318
688 985
23 758
829 232
267 782
820 770
648 737
693 445
574 610
78 309
615 950
456 891
982 645
803 859
666 503
483 690
552 570
643 782
545 645
224 805
69 392
659 783
508 114
321 748
988 453
68 746
625 902
919 310
733 446
772 964
316 473
992 158
295 244
46 290
550 777
794 296
979 308
237 280
572 130
235 775
950 501
720 697
668 191
31 518
854 814
819 931
662 474
609 826
629 75
43 194
642 233
665 294
247 255
953 436
952 377
793 156
465 30
687 477
945 470
414 712
647 577
374 222
385 792
213 595
697 134
465 343
643 853
612 579
974 537
916 208
831 355
493 318
475 242
728 379
400 480
106 74
100 589
616 739
542 512
935 784
452 301
725 678
113 273
245 12
489 125
241 519
344 356
873 195
2 19
323 232
804 729
5 538
725 614
205 465
895 534
520 975
769 699
68 369
928 865
628 518
360 271
859 783
369 765
169 994
296 694
750 48
358 275
829 576
350 211
517 806
358 105
62 518
336 346
46 696
849 507
808 712
242 304
782 39
313 89
419 106
385 201
216 501
402 563
644 930
853 769
45 589
927 784
798 564
74 331
538 734
592 809
249 208
62 62
448 1
722 369
984 379
794 95
640 601
459 706
882 52
907 854
703 672
136 890
1 47
989 58
186 756
605 630
819 67
128 177
481 884
608 573
668 806
167 176
486 458
929 361
829 942
365 228
4 616
582 810
891 797
557 420
301 795
183 200
158 405
515 285
494 554
172 948
852 122
559 569
180 883
868 169
356 676
556 557
34 453
495 363
844 554
22 20
584 136
964 423
601 543
2 812
969 16
9 879
454 729
27 401
723 282
796 220
885 931
146 631
799 369
430 115
986 366
593 824
678 327
946 791
298 130
297 428
581 510
969 467
877 310
36 391
776 175
637 251
881 9
626 601
122 651
995 298
562 765
601 201
894 306
800 954
538 598
465 752
92 818
928 105
558 684
996 43
913 243
16 561
763 565
565 272
146 93
288 44
551 92
841 408
330 202
367 393
633 537
508 248
823 870
774 156
27 579
116 8
950 824
440 606
320 734
865 473
346 283
509 373
738 261
864 752
96 414
238 354
34 315
302 422
889 96
999 887
359 857
443 834
274 929
842 29
685 743
800 249
590 672
67 393
42 520
710 829
614 668
470 206
443 416
261 46
661 722
564 748
448 194
103 514
582 334
34 623
513 298
683 865
34 875
1000 446
234 861
828 600
239 618
217 375
741 218
935 293
687 891
393 284
671 78
532 742
699 465
322 560
898 467
259 342
372 12
971 88
52 80
78 545
316 893
429 406
459 166
264 937
831 768
349 758
268 712
300 250
564 680
294 121
27 44
970 115
446 299
847 439
442 411
525 595
64 766
960 248
980 818
367 234
22 447
955 807
54 926
628 120
946 89
73 240
940 822
766 31
680 945
82 227
485 555
780 156
662 442
847 236
97 929
969 207
895 564
648 320
220 152
253 959
57 670
278 26
128 866
908 165
431 235
257 603
730 967
999 326
995 616
307 90
308 596
67 468
105 648
974 400
380 763
473 636
427 604
345 82
622 842
779 314
502 707
850 613
633 538
12 663
624 836
942 585
34 364
825 38
23 800
824 788
156 276
372 166
212 931
888 964
803 325
607 503
966 524
946 520
840 467
530 16
916 79
561 551
127 122
408 755
214 291
98 207
169 317
789 210
698 245
688 623
52 156
912 642
735 190
212 275
565 482
866 410
577 682
59 211
941 25
418 855
71 518
566 809
801 229
191 693
301 215
58 249
312 285
89 256
7 62
6 798
714 407
50 873
629 916
370 623
271 675
798 781
41 354
875 827
482 915
456 880
33 614
484 147
785 744
677 480
17 967
785 439
442 981
522 521
448 48
237 875
388 551
795 561
245 568
870 422
632 182
129 843
226 204
818 299
11 995
295 60
940 482
866 20
951 994
392 501
92 8
307 918
919 503
376 25
547 897
446 41
202 286
430 245
51 389
361 611
937 141
900 987
943 977
942 607
412 79
106 762
791 199
651 317
179 241
511 845
334 997
990 110
685 705
33 995
173 958
599 639
819 428
510 454
930 896
425 18
122 264
180 503
867 860
699 254
528 774
119 468
365 423
982 32
370 986
318 840
469 904
344 775
800 2
998 129
855 974
107 649
145 743
198 598
948 270
968 351
164 970
879 563
393 270
885 462
467 648
813 141
495 890
65 658
120 603
996 891
691 84
479 456
742 423
806 716
861 928
155 638
930 403
84 899
816 796
364 205
578 127
388 251
103 703
381 769
107 129
514 136
975 303
69 90
248 642
331 845
945 542
258 516
376 703
382 837
470 492
229 691
616 631
238 44
320 416
613 805
297 566
852 334
597 979
294 34
101 888
423 641
342 231
256 186
90 221
848 30
412 18
496 545
593 193
391 789
843 814
67 383
679 483
798 207
985 582
116 68
566 360
786 64
204 335
703 196
259 875
245 199
748 956
280 266
32 624
220 913
98 527
963 381
315 93
780 399
699 776
465 268
152 858
127 735
247 542
150 497
285 908
245 619
381 225
789 353
927 828
897 518
897 51
499 179
914 499
439 527
588 286
640 10
865 939
456 206
668 539
89 745
949 488
860 49
671 2
430 556
741 140
739 181
481 708
322 558
138 625
917 342
271 113
255 70
14 996
87 786
198 763
466 911
453 74
386 660
574 588
581 995
762 843
98 525
526 395
558 812
750 969
107 470
408 191
529 611
589 465
379 408
396 402
111 341
223 187
930 480
44 270
694 866
538 388
118 227
291 851
670 694
143 881
750 562
901 480
416 834
213 853
659 399
483 990
355 425
911 592
72 511
468 281
20 937
443 91
734 541
783 438
198 874
1 59
611 267
805 414
422 355
197 351
496 134
200 377
617 715
446 742
289 205
666 602
968 678
487 419
16 924
347 5
691 663
345 851
740 592
773 676
752 109
543 321
336 247
15 155
101 830
493 526
963 560
907 998
334 618
811 135
773 242
886 632
124 542
299 129
535 579
998 3
114 289
638 198
365 236
883 797
258 712
4 747
983 277
859 138
89 949
809 499
256 869
450 314
192 829
187 715
58 281
938 12
876 774
39 929
285 931
689 629
907 224
871 134
654 486
7 411
604 925
358 926
820 334
537 96
192 847
110 674
893 362
632 573
432 226
59 118
346 904
675 538
441 69
997 174
830 950
710 481
30 101
547 149
481 551
728 49
307 370
84 860
787 434
963 990
807 435
68 910
756 776
222 68
631 261
81 464
871 30
915 991
299 892
808 701
743 816
992 789
228 216
253 297
785 970
669 691
186 481
201 780
240 491
684 384
439 547
366 618
155 210
304 521
983 743
434 477
313 493
659 30
892 613
283 320
537 535
75 733
979 101
523 415
138 366
534 392
372 471
978 745
970 994
958 51
261 414
630 193
51 189
699 779
347 86
362 754
170 857
524 338
734 744
223 440
254 869
397 973
432 755
36 68
18 36
596 250
406 834
775 229
752 15
598 216
997 801
347 91
283 142
714 22
738 627
761 577
106 865
776 622
51 130
700 207
143 493
127 375
962 359
833 384
930 806
885 685
105 555
668 942
132 673
149 303
619 851
476 602
356 606
3 281
546 901
135 324
335 56
350 217
814 676
914 281
975 831
823 939
808 370
838 175
516 666
748 784
427 945
635 409
573 208
953 242
540 423
397 829
428 623
681 270
4 643
669 714
932 743
261 634
226 663
154 7
126 432
356 525
475 814
733 220
383 208
959 336
307 855
582 373
739 679
195 245
388 152
266 933
672 771
699 860
122 411
897 625
939 962
94 453
30 762
625 953
118 506
811 546
584 842
789 833
827 829
630 186
925 504
587 637
819 8
677 439
694 918
307 892
623 556
808 925
250 266
296 813
213 788
603 504
625 832
545 297
402 975
331 160
557 839
330 861
737 891
36 70
863 83
587 517
925 549
579 128
837 299
457 693
721 566
75 271
333 752
89 251
783 360
695 273
598 155
8 235
1 510
220 611
135 324
990 912
480 382
302 430
972 460
228 764
231 630
549 652
86 84
478 544
844 434
206 273
788 577
616 485
328 707
537 171
461 991
224 840
518 638
373 27
678 775
420 35
701 81
413 545
490 694
399 526
355 933
209 652
689 100
794 935
850 625
631 620
527 644
302 72
333 623
994 853
303 106
415 931
529 358
214 26
852 810
121 813
199 519
553 361
765 307
247 73
377 997
223 925
447 991
411 212
999 337
111 818
896 659
707 348
60 958
581 560
881 209
729 966
5 124
560 323
300 298
653 400
57 255
704 990
763 852
547 803
402 688
416 926
21 411
711 239
454 143
321 701
438 756
616 953
149 634
31 450
689 286
835 397
575 220
255 335
807 730
16 257
906 771
468 14
290 293
919 970
774 951
978 540
783 232
927 188
299 969
629 28
627 652
418 440
538 88
680 489
193 514
387 767
412 957
771 446
177 222
357 348
248 168
851 558
183 966
52 968
647 554
855 666
801 618
953 558
144 822
629 399
989 671
826 594
883 841
503 606
896 914
81 181
899 361
205 217
61 920
937 809
139 630
552 852
570 639
241 228
129 346
549 547
621 424
38 843
869 943
155 686
438 126
623 459
219 853
591 726
877 491
306 532
927 772
328 396
77 266
39 498
794 254
46 712
623 254
406 713
508 41
760 681
608 447
624 540
515 601
656 112
748 643
268 557
732 840
376 750
699 875
760 651
176 408
728 674
937 545
137 370
238 737
163 111
665 940
632 486
920 387
509 724
959 281
945 686
293 604
586 981
221 287
268 57
178 155
752 138
373 330
759 10
334 826
772 204
80 189
478 997
38 777
876 407
780 902
651 365
252 448
20 371
265 911
143 530
624 306
814 827
90 386
413 230
514 15
936 848
366 82
278 33
121 237
755 441
941 431
951 273
60 3
838 638
288 461
53 932
906 311
146 844
550 492
396 613
350 386
520 728
649 127
29 129
385 213
289 845
375 962
468 288
36 437
402 504
825 197
844 583
615 574
396 673
620 283
359 241
675 856
617 753
820 652
109 592
762 462
765 42
233 549
700 647
704 634
931 131
539 906
184 155
339 582
514 10
640 721
444 619
186 625
481 858
38 588
688 659
186 244
613 53
51 805
758 665
256 338
154 919
322 556
28 164
130 587
732 317
987 364
158 729
388 317
483 547
330 618
799 380
317 968
860 545
235 649
908 347
898 377
82 595
147 516
909 29
845 486
172 467
701 339
900 104
756 347
700 135
257 186
340 951
309 92
344 35
870 706
348 638
802 402
633 549
379 361
177 359
412 524
689 496
631 579
743 727
185 332
182 429
913 239
892 581
209 366
750 280
436 817
605 230
8 362
296 207
789 628
418 601
379 443
970 752
894 48
431 723
125 94
509 72
297 124
56 143
807 325
759 310
808 227
415 632
38 79
994 971
273 128
456 581
908 381
824 180
35 526
740 477
289 901
799 457
445 263
548 776
981 519
8 606
919 206
29 673
561 398
446 422
428 690
695 18
551 120
742 836
886 335
471 848
359 272
406 57
546 607
7 83
808 585
633 308
445 652
140 645
692 955
444 478
707 369
376 768
894 334
567 577
448 353
866 349
199 95
680 150
225 935
418 832
898 486
546 516
623 949
681 631
442 665
70 294
533 586
841 180
332 648
128 82
515 413
425 70
522 784
58 773
540 932
265 153
863 943
270 38
788 312
925 220
618 324
463 694
246 427
184 23
648 560
602 944
740 499
930 244
39 945
561 604
128 894
36 478
642 776
280 218
693 842
596 33
821 173
872 285
295 292
371 536
488 384
600 294
714 599
803 645
186 687
966 574
923 882
606 507
72 398
313 687
830 264
770 970
801 221
800 478
287 59
528 641
915 288
588 153
51 614
918 177
285 531
560 906
984 995
940 198
300 864
988 729
408 570
465 6
679 286
622 17
734 603
581 192
540 468
904 415
634 45
668 782
458 362
564 181
396 695
351 121
382 488
503 619
367 668
978 974
79 916
885 155
717 140
930 733
288 417
99 604
13 339
564 590
272 568
202 661
207 478
444 124
43 153
831 949
447 250
205 581
86 734
772 593
366 253
238 770
365 926
586 83
250 84
305 524
706 304
450 371
361 581
304 415
247 25
64 991
560 166
547 239
751 147
472 881
