1000 2472624
10000
513 180
659 768
622 965
612 795
545 308
926 776
986 496
825 674
10 667
711 413
648 306
136 502
37 374
679 607
753 138
161 554
556 31
452 569
979 932
834 306
819 698
910 992
192 439
682 521
717 576
513 262
72 835
64 914
913 972
428 526
213 214
468 241
757 172
627 845
767 639
368 35
506 561
586 317
340 772
401 503
688 183
906 506
773 648
400 224
955 517
916 363
352 133
604 850
718 793
619 798
359 740
695 855
534 311
934 903
64 815
912 299
303 133
335 530
307 521
373 129
553 178
495 546
383 527
836 455
299 105
814 890
789 650
353 37
621 154
469 993
502 173
366 742
539 637
653 309
468 922
240 611
489 398
586 424
208 615
95 990
810 50
481 339
250 127
726 484
1 881
558 423
688 82
910 309
821 481
627 483
398 291
727 739
837 814
881 96
577 929
295 751
916 559
589 108
363 923
44 8
258 755
797 433
61 159
364 624
270 208
419 38
987 739
902 299
382 893
148 73
813 491
569 910
535 589
922 244
981 132
414 749
96 737
231 427
489 594
202 497
382 399
338 579
527 264
774 721
270 456
927 347
657 211
434 88
225 534
503 225
86 626
745 281
474 17
989 428
195 774
124 707
165 126
747 979
521 706
784 161
596 552
306 167
254 606
985 23
961 217
884 469
478 167
953 437
285 495
812 257
145 152
149 908
854 967
950 989
471 883
562 327
293 146
479 408
301 562
215 486
8 55
562 300
643 274
964 101
185 281
628 832
314 917
6 38
611 537
511 451
689 546
259 585
405 291
908 982
379 613
97 76
332 67
173 824
514 449
783 842
629 321
908 387
326 112
151 214
965 917
642 434
534 68
547 18
551 305
605 452
267 360
125 548
612 530
326 558
697 655
940 620
253 934
208 303
436 80
67 657
460 309
116 418
766 102
810 548
487 778
916 210
308 324
361 881
257 564
464 548
957 594
436 97
988 600
675 550
170 617
124 365
505 472
51 114
408 740
639 508
596 832
529 4
38 447
960 284
905 415
135 598
731 589
402 785
474 745
404 135
93 818
307 510
336 913
417 624
770 918
151 738
413 392
589 312
896 567
775 238
766 864
850 821
550 42
859 937
675 218
824 915
883 632
942 702
464 789
989 846
425 794
332 221
568 372
130 726
192 964
680 445
486 401
818 85
842 937
894 563
617 157
764 860
493 485
886 204
196 1
609 628
835 541
278 612
339 461
940 475
146 84
858 707
529 484
30 433
239 869
949 981
609 298
467 10
27 163
259 761
651 47
52 201
356 959
358 853
895 479
582 712
476 893
352 639
936 723
160 510
79 582
104 294
863 166
397 639
381 416
72 601
507 930
714 193
719 420
192 788
117 687
151 248
242 772
267 293
420 250
737 483
181 399
811 880
721 833
585 572
412 49
284 503
713 957
321 887
470 128
310 209
730 390
853 109
520 595
306 408
8 271
316 57
315 727
651 890
141 780
848 702
61 484
121 296
397 575
257 880
38 344
242 742
627 748
772 684
102 366
60 254
357 214
687 946
841 807
230 934
228 68
346 145
781 618
976 193
501 919
992 849
451 532
452 247
387 845
653 465
46 856
967 776
84 868
742 691
708 306
402 824
965 248
227 831
296 987
277 793
956 491
703 698
454 409
434 144
528 616
745 838
99 471
880 833
550 698
977 193
353 946
782 791
535 31
842 678
58 209
890 579
827 662
177 489
538 749
891 230
946 909
875 173
646 267
624 6
450 397
480 863
239 855
417 415
385 384
145 363
622 473
704 781
867 577
508 172
426 425
800 204
126 62
326 907
219 55
488 141
803 603
52 88
971 505
307 216
158 324
344 813
497 589
513 844
822 678
857 27
923 889
463 160
367 343
985 597
853 707
484 757
340 564
693 495
951 744
754 712
30 537
34 758
130 659
19 15
250 622
62 355
289 515
253 530
587 15
958 374
738 57
733 768
370 820
113 262
801 337
882 129
692 915
147 264
234 985
641 506
595 275
613 306
285 297
219 786
561 162
134 646
167 677
391 640
502 793
73 852
815 144
748 325
552 472
700 941
994 132
794 900
858 786
700 548
765 886
922 892
972 966
369 613
987 141
707 288
446 308
226 962
510 793
903 481
90 322
580 562
339 321
772 273
385 316
369 595
995 534
521 732
607 902
635 651
312 810
731 659
896 33
935 469
899 837
336 214
287 483
874 339
797 246
984 511
607 353
160 472
250 661
50 528
705 53
64 859
121 285
92 408
32 815
416 584
913 18
532 625
697 688
970 111
879 309
277 194
1 662
369 76
759 168
38 219
945 168
633 396
898 510
582 17
477 936
19 307
28 630
79 790
799 167
814 928
191 279
597 767
591 350
642 395
349 464
824 254
106 809
548 60
662 21
461 204
284 58
745 462
445 122
536 263
920 653
45 20
161 2
431 920
794 782
582 182
638 398
29 371
30 927
524 284
155 339
713 935
887 897
586 839
632 94
142 822
901 538
643 717
488 484
651 412
290 329
286 442
462 608
908 917
8 392
570 741
197 115
290 740
623 802
171 810
817 703
423 899
911 686
519 669
499 985
95 922
887 806
585 463
625 203
43 689
693 173
697 438
436 927
1 980
127 791
600 791
34 518
604 905
517 317
668 564
531 222
67 828
371 965
220 380
20 162
441 219
642 417
702 886
62 22
350 303
260 320
304 40
954 217
152 282
908 930
704 119
292 707
739 136
709 316
292 957
845 192
865 252
542 650
917 538
546 77
995 558
714 491
636 338
775 583
843 919
402 267
291 29
640 882
419 498
530 58
279 237
37 469
326 405
408 316
870 460
764 814
911 213
299 763
837 667
458 519
712 362
940 697
134 578
462 995
436 106
411 425
447 949
256 713
314 890
396 62
683 848
810 847
252 852
313 456
81 719
322 841
526 697
399 726
375 69
636 749
131 576
973 126
66 802
646 252
250 584
50 239
755 949
916 264
955 179
47 586
985 773
354 857
805 246
734 106
888 836
798 648
934 711
279 592
678 532
386 571
464 578
381 574
652 262
360 762
978 559
482 144
934 699
982 65
260 538
808 90
289 419
21 47
653 414
804 968
973 390
562 456
583 200
617 910
29 432
91 472
194 731
824 721
344 997
591 720
961 261
746 865
552 866
725 953
142 932
624 611
278 527
274 745
625 668
783 944
80 273
393 3
800 864
87 598
422 250
89 304
758 28
739 167
357 781
286 88
550 649
375 1000
319 962
379 533
270 397
646 612
305 995
212 950
792 928
545 990
469 448
995 236
229 500
386 631
567 462
880 471
829 454
868 246
669 764
185 244
892 844
350 903
504 16
58 801
12 600
329 35
804 839
850 248
832 487
762 30
138 572
289 306
986 623
284 612
590 442
271 919
857 856
738 581
197 784
51 877
644 899
449 361
1 254
958 703
435 999
323 172
495 435
496 990
796 200
30 672
34 49
400 23
398 658
119 948
147 564
204 510
974 958
954 430
975 999
533 211
685 495
115 47
307 300
382 254
475 52
65 570
71 381
185 665
462 634
230 86
543 907
39 374
620 74
72 754
911 343
667 923
835 466
178 39
667 894
240 868
618 122
640 159
140 541
83 288
903 206
68 220
950 422
607 844
427 748
292 185
834 276
46 774
389 356
910 110
120 522
268 690
358 841
811 15
90 823
328 132
790 817
781 747
39 714
432 835
256 115
585 176
391 265
609 532
858 145
432 850
909 140
764 832
854 776
6 268
781 257
215 1
355 990
468 645
891 687
588 456
956 669
506 143
580 96
844 667
407 590
168 976
239 116
519 18
908 293
839 484
900 612
25 726
237 654
690 280
636 837
979 274
55 733
658 128
362 332
32 239
51 741
688 890
693 28
670 147
334 544
72 119
214 476
832 649
585 642
958 733
515 736
321 254
556 251
988 686
708 187
585 564
646 590
510 725
876 215
680 91
653 568
293 286
95 100
899 789
132 156
299 803
447 151
513 322
825 184
578 644
739 15
751 275
373 594
744 415
783 137
210 995
239 690
301 537
31 755
462 418
388 504
297 131
765 13
93 26
79 299
941 245
927 917
391 581
334 449
539 637
520 248
972 323
149 75
44 762
877 902
66 269
7 143
974 771
836 220
646 915
757 813
259 901
239 258
204 527
403 295
85 382
672 571
8 500
951 339
376 185
186 495
774 845
550 140
955 910
84 575
264 849
113 796
896 216
256 68
4 418
775 634
239 632
341 6
357 835
772 267
370 713
106 147
265 279
932 116
955 359
329 592
552 678
553 455
705 849
713 460
919 157
85 89
610 549
438 389
891 621
485 657
114 174
535 292
942 159
497 201
531 478
521 131
633 818
589 451
172 166
475 362
553 281
718 197
978 260
767 243
288 171
715 98
486 11
926 359
988 729
391 974
792 393
513 97
206 95
879 324
591 31
328 613
18 776
522 163
643 242
22 658
727 907
767 35
896 179
172 760
492 548
298 452
978 416
712 601
857 284
129 176
394 298
243 145
161 970
411 597
18 237
208 110
125 610
553 533
657 725
172 114
358 355
740 212
154 326
152 714
271 837
682 881
540 481
903 958
32 329
925 725
701 626
757 237
316 823
139 174
279 615
852 45
766 205
290 887
60 323
279 522
5 431
274 226
893 727
568 531
33 137
139 128
495 251
936 474
905 129
846 108
38 16
324 124
760 355
372 232
763 664
929 732
247 714
180 643
807 490
119 193
808 970
922 526
34 333
365 840
773 335
398 963
302 446
374 410
944 252
496 887
146 580
15 584
149 129
849 790
549 676
324 31
297 58
408 741
306 485
617 110
905 432
402 781
498 267
283 617
236 446
246 215
834 287
440 238
19 209
323 843
195 368
732 363
249 914
205 45
674 522
865 643
617 951
935 498
905 908
250 615
716 361
304 948
888 324
798 176
810 712
764 672
423 890
219 783
822 541
793 447
854 835
999 965
553 663
354 971
573 89
621 913
337 609
883 898
613 107
328 626
904 232
941 303
376 847
136 640
9 733
705 509
99 309
665 80
703 736
990 733
920 523
342 920
129 939
767 687
868 108
469 374
645 15
381 841
341 623
906 184
554 12
460 823
398 818
559 800
704 291
792 721
392 600
972 637
231 51
648 179
523 651
884 198
723 226
705 643
178 99
621 261
502 909
769 10
503 314
142 196
83 700
23 301
720 731
493 65
792 876
940 806
847 129
201 680
577 464
262 1
821 132
409 934
954 121
292 732
425 793
758 304
455 643
864 276
447 543
526 592
344 141
436 971
620 284
295 4
640 615
860 449
781 233
614 878
637 657
435 610
238 30
267 464
596 260
675 242
292 896
237 711
156 111
155 253
222 841
755 386
938 841
661 514
758 89
439 107
428 851
106 767
478 449
138 727
518 960
236 342
403 858
94 421
95 360
435 463
50 583
417 793
855 728
244 885
460 6
7 30
241 815
293 378
320 486
102 387
1 546
310 656
747 698
325 52
290 642
13 437
604 681
220 986
997 3
619 736
988 650
436 478
354 926
430 142
151 222
316 851
828 340
457 680
741 686
623 380
120 939
923 837
857 54
205 83
39 107
50 223
624 769
337 634
845 317
394 276
384 787
986 5
126 683
328 983
874 23
654 319
258 769
32 371
361 618
813 664
539 149
32 287
621 725
249 810
695 872
865 35
549 260
458 809
426 877
48 680
219 754
714 938
13 521
985 357
88 587
666 272
155 483
674 367
80 170
102 146
656 998
96 402
512 614
770 861
169 81
43 44
169 72
729 806
303 478
589 543
427 838
377 230
294 103
714 651
52 631
459 906
276 380
931 517
481 201
192 256
729 986
168 924
539 114
444 303
483 742
85 180
963 680
401 573
903 20
406 957
349 470
387 825
456 656
240 958
832 540
748 547
898 438
357 883
389 468
330 932
901 260
391 681
886 282
860 23
505 743
151 960
711 746
485 719
999 629
323 610
681 494
919 19
209 459
496 122
784 766
665 674
466 881
430 661
449 870
300 276
735 612
284 71
286 213
894 759
829 325
438 781
974 322
147 528
724 466
825 999
149 715
58 602
738 178
700 51
381 408
824 918
266 228
224 601
438 219
949 447
829 841
221 935
963 626
972 267
738 475
790 372
443 604
28 658
429 54
946 271
73 985
645 80
442 515
611 825
356 819
40 552
521 934
143 304
201 362
41 643
520 597
979 162
842 462
342 640
305 95
862 511
152 802
319 869
130 257
843 418
162 932
929 882
637 727
282 92
841 699
11 773
653 477
897 630
889 676
301 673
275 435
634 366
343 734
661 436
383 30
104 878
816 973
439 905
200 705
605 305
828 616
186 127
297 753
687 811
697 511
629 835
725 180
524 124
772 947
451 505
688 371
245 164
623 167
312 664
924 847
368 825
201 795
541 454
469 615
786 445
751 109
117 25
790 193
856 863
429 752
737 3
742 649
126 281
782 106
864 67
740 26
342 753
890 755
322 813
553 104
114 647
368 940
52 332
829 941
585 598
791 933
240 27
789 773
929 712
13 940
414 267
322 176
151 231
769 817
689 550
964 28
402 279
647 594
944 943
232 37
772 857
467 707
386 172
459 37
599 245
143 540
440 518
441 361
782 87
287 847
67 285
320 445
992 392
941 492
925 161
12 143
758 39
221 876
665 859
502 560
940 182
698 722
557 223
163 574
762 500
940 380
493 61
379 466
753 666
776 357
901 707
475 673
826 809
268 206
559 949
478 73
901 949
987 111
630 272
133 846
802 713
833 22
421 415
208 625
244 152
800 328
959 646
749 530
910 538
387 352
416 787
927 42
767 64
103 699
330 54
173 940
336 190
246 761
606 110
944 170
944 51
36 605
588 916
93 652
5 356
308 242
183 978
322 160
115 54
320 870
799 546
251 464
991 324
46 427
777 763
147 270
834 988
288 399
879 436
230 65
272 240
163 850
669 244
493 618
967 237
113 110
137 874
26 967
856 77
43 138
304 816
359 521
502 573
489 939
592 315
392 772
229 584
256 638
772 434
423 664
540 268
971 716
683 21
573 155
666 457
40 600
938 23
473 76
640 619
904 796
478 341
107 198
66 692
988 232
78 774
101 454
680 22
745 546
814 734
429 468
655 503
435 181
143 360
241 603
938 63
676 123
208 566
121 330
5 211
281 301
292 857
446 453
105 569
346 327
464 367
333 668
651 540
378 268
266 606
431 729
617 633
152 4
494 573
570 505
542 727
192 595
659 370
954 40
745 584
272 238
798 223
253 421
844 261
98 751
831 998
345 446
311 22
933 88
536 510
113 407
393 790
78 191
793 799
891 699
887 55
18 112
560 807
17 102
998 550
286 151
775 982
517 959
845 9
491 791
729 405
345 632
955 42
300 189
918 149
877 749
217 138
439 683
799 52
950 290
761 840
154 810
515 688
858 441
191 107
806 530
458 886
353 198
149 97
709 904
367 768
545 746
956 879
10 307
868 8
807 701
700 118
954 829
832 415
538 8
733 3
632 817
711 706
422 9
323 554
156 669
163 2
865 544
15 607
100 890
447 17
846 79
801 335
122 174
310 536
514 321
501 603
849 217
409 59
648 848
576 645
681 450
86 527
510 745
824 487
363 973
620 319
794 806
344 388
414 185
62 936
132 258
632 713
558 88
69 200
517 426
348 660
5 895
762 232
28 624
879 185
943 999
171 797
540 239
271 832
886 854
66 510
179 478
71 653
434 56
130 365
730 77
460 704
686 586
693 518
762 461
817 793
271 214
368 82
134 834
408 494
581 486
195 444
1 401
823 433
291 668
843 125
598 979
576 281
741 109
126 238
606 659
999 977
685 901
885 942
488 734
256 574
875 472
305 754
604 670
219 356
963 520
425 481
62 400
579 449
620 5
477 67
417 890
812 575
899 847
594 714
116 130
743 711
194 673
551 931
707 756
909 102
148 900
162 91
611 203
713 643
440 457
176 365
675 280
765 574
184 48
157 318
320 618
82 266
846 761
957 223
555 988
260 398
825 229
132 387
149 199
149 841
47 909
292 177
585 210
855 249
426 667
88 559
19 161
305 663
552 82
267 2
192 641
457 650
177 684
609 947
431 574
321 861
752 325
282 870
28 980
323 872
181 823
14 736
159 755
92 65
553 572
182 388
601 362
11 239
408 924
255 733
371 732
445 274
109 762
543 788
286 340
76 183
333 394
278 456
579 592
487 253
295 534
818 127
593 156
821 417
30 698
864 373
639 71
272 169
707 13
245 531
92 390
212 564
283 338
792 822
428 327
468 350
108 918
131 636
861 832
160 272
140 581
599 969
190 110
760 386
435 191
45 546
125 896
553 608
140 23
355 381
250 626
371 173
787 605
480 613
949 693
656 659
18 473
78 869
839 675
440 831
565 255
507 519
113 727
604 952
793 253
164 396
978 53
876 414
509 359
54 230
770 908
19 461
752 62
172 587
164 868
369 380
742 700
430 746
604 633
244 669
477 2
504 329
919 802
34 440
564 17
831 173
206 304
428 612
950 26
658 557
35 891
859 362
870 81
588 778
939 337
138 353
398 285
151 606
960 834
760 247
981 358
302 834
654 72
127 197
54 506
573 385
1 129
554 999
105 939
841 360
168 667
39 730
394 766
295 858
275 5
657 248
216 415
741 370
405 640
937 800
666 558
100 233
680 858
408 641
237 465
46 191
464 573
390 686
15 226
482 113
56 847
94 730
687 630
766 697
835 174
748 661
468 624
821 213
146 344
74 120
530 163
665 616
541 107
811 362
311 992
636 80
559 416
470 715
303 332
363 516
991 178
408 560
735 225
599 334
4 534
791 547
455 560
381 988
893 994
128 24
577 380
638 860
421 812
482 739
891 583
276 725
54 43
228 840
425 84
343 856
726 472
396 29
578 987
464 270
779 363
304 366
9 584
165 952
890 792
180 468
391 470
476 671
69 169
723 917
717 98
611 767
198 640
451 749
122 153
991 679
81 4
23 957
213 657
236 775
899 543
770 838
213 38
566 281
373 763
980 852
946 869
208 601
615 327
240 494
705 793
113 351
699 404
237 832
914 981
258 694
748 890
590 540
210 391
189 934
401 238
376 181
235 595
362 35
545 905
312 554
364 770
192 402
761 774
16 282
461 261
530 684
578 531
414 466
921 152
393 882
669 294
307 620
902 971
699 522
608 576
491 265
140 314
958 403
750 963
67 252
477 938
987 904
265 97
732 507
792 69
769 314
960 534
825 291
836 20
322 587
27 403
649 153
486 266
448 295
19 22
355 384
872 75
312 328
749 684
801 401
590 941
457 368
145 674
932 147
755 479
447 683
484 761
381 243
725 109
108 11
910 785
816 26
693 365
722 676
894 785
363 506
485 612
432 95
849 269
987 402
570 326
909 652
210 253
633 72
585 16
605 459
261 198
348 833
805 471
1 88
465 334
380 396
629 249
486 381
995 459
596 16
301 178
263 148
654 744
586 386
686 599
460 331
752 835
73 956
641 563
296 631
810 373
121 154
689 96
85 256
970 687
284 899
412 515
389 390
208 22
48 565
608 719
184 189
870 326
118 153
81 690
490 226
694 99
639 7
238 222
997 584
129 89
401 845
670 465
60 935
381 203
278 658
762 164
516 362
168 176
48 512
101 119
241 399
210 379
985 701
124 956
536 917
324 525
618 623
374 565
811 600
546 950
895 535
606 726
767 545
330 949
179 568
951 732
291 536
294 125
740 951
928 518
716 690
601 866
389 913
968 886
182 496
743 286
693 459
509 43
662 579
733 572
672 190
367 683
615 966
220 213
362 360
194 410
133 100
884 149
346 219
994 845
264 240
629 319
48 459
245 746
304 344
73 910
892 387
269 769
730 367
893 122
179 728
744 1
662 957
412 142
705 424
279 812
345 82
258 932
7 831
357 733
571 624
668 609
14 96
467 111
212 678
929 977
524 692
318 820
23 461
641 57
447 327
481 492
620 253
528 588
169 961
263 561
55 320
178 607
207 443
46 857
727 331
715 997
687 674
513 282
115 947
728 736
715 944
104 613
71 265
779 83
843 172
404 972
998 330
277 51
97 393
463 794
593 841
278 217
432 967
657 269
450 932
858 862
146 211
751 386
904 615
464 606
985 47
155 879
588 388
532 987
640 142
474 839
725 304
984 121
232 923
945 150
933 742
695 466
137 253
436 610
984 609
494 151
509 258
35 342
487 971
385 580
735 346
303 971
2 991
886 21
180 955
195 956
81 96
430 501
465 901
106 757
308 998
121 959
375 892
543 516
619 583
698 219
743 970
116 144
804 457
83 27
695 994
69 249
529 645
920 520
861 32
50 344
981 723
702 464
717 455
673 9
355 532
250 85
375 229
880 508
939 136
57 99
458 353
269 611
581 414
748 82
833 54
414 279
665 716
151 914
527 694
794 343
73 456
112 723
836 594
19 52
483 548
826 795
591 122
664 770
240 636
858 25
42 168
420 668
647 391
791 930
72 911
797 61
133 415
640 954
745 684
988 312
53 402
911 741
656 74
464 861
300 382
194 353
846 395
55 675
337 72
423 48
137 374
828 112
43 175
512 64
30 750
6 198
554 549
762 97
43 993
477 121
896 706
519 229
37 295
310 469
310 176
409 681
852 622
745 382
283 284
741 508
317 598
4 378
516 238
815 828
969 969
647 483
347 726
429 381
253 180
123 695
510 964
904 52
923 966
362 955
456 95
955 550
47 186
262 563
858 31
167 621
414 615
808 257
760 256
302 22
504 938
973 615
662 693
753 548
455 386
120 815
201 268
270 452
575 395
718 749
83 109
948 700
325 468
412 912
474 195
465 399
291 279
656 529
900 238
466 449
659 273
870 606
327 19
174 278
201 33
530 607
423 335
567 314
733 434
423 159
229 568
607 138
28 884
612 988
742 847
700 738
729 298
84 939
417 36
616 765
962 737
488 218
4 544
586 190
219 184
7 189
185 826
548 485
77 16
981 254
791 7
570 662
578 168
683 912
8 146
345 643
565 619
241 254
554 120
683 813
389 898
998 861
347 449
882 73
798 894
771 851
694 472
953 768
997 382
592 759
85 101
455 114
798 733
798 256
81 223
630 549
911 69
572 955
523 786
485 540
122 292
822 800
648 8
118 422
691 72
694 395
193 809
661 572
356 361
223 611
664 940
414 485
740 943
155 212
119 609
957 552
44 649
471 209
268 349
796 219
2 156
699 393
644 908
183 160
670 320
812 931
8 536
334 124
478 33
119 68
214 267
243 69
909 77
43 418
713 188
59 564
844 838
585 71
258 197
773 825
479 546
371 929
502 191
58 743
655 96
157 602
889 975
686 653
228 82
127 61
508 48
507 965
340 514
759 24
605 421
42 225
168 984
322 394
711 580
831 720
492 125
132 656
947 52
510 157
385 116
424 569
573 375
731 134
441 273
97 472
354 358
187 971
782 865
661 447
825 96
498 650
333 523
12 189
468 580
780 346
318 678
907 907
723 367
936 203
79 148
384 321
532 875
104 278
494 970
230 720
831 447
172 703
478 689
36 279
74 151
198 498
168 724
516 758
441 778
637 111
685 169
445 90
65 222
299 112
298 893
115 720
341 291
7 507
34 854
793 131
60 854
258 488
272 652
762 982
862 972
951 552
494 750
50 653
218 246
435 511
311 79
79 851
718 226
398 18
624 52
519 561
517 12
19 861
993 149
144 277
593 830
144 426
849 460
930 815
526 301
247 842
921 950
816 670
790 870
521 529
752 780
828 864
366 860
690 329
762 411
19 726
869 606
851 865
288 202
392 576
749 925
6 657
56 333
937 100
251 541
226 164
306 237
236 440
823 578
384 455
270 908
482 17
767 577
61 18
609 459
214 436
985 862
896 655
419 337
212 10
585 739
353 252
203 483
13 586
398 945
950 305
569 417
7 38
865 49
882 255
447 188
933 196
292 601
116 907
145 844
681 72
736 327
172 514
406 58
711 473
778 977
998 777
467 952
970 540
30 775
638 608
526 96
549 252
772 566
158 674
953 205
213 230
850 663
241 276
696 546
646 398
926 63
32 628
74 688
850 901
597 23
433 737
62 823
551 817
436 141
876 687
176 492
862 384
407 359
8 971
799 388
530 203
478 789
356 432
83 625
607 781
757 205
188 217
700 76
88 517
377 229
448 478
817 740
190 818
567 194
593 25
253 488
430 882
737 601
608 26
912 635
954 749
520 386
771 619
96 769
762 129
186 240
580 301
145 909
166 852
678 110
439 382
986 781
695 682
706 718
985 979
517 545
840 159
941 745
57 548
361 799
163 303
101 204
447 390
334 422
534 259
698 612
337 33
394 723
747 995
506 58
324 613
794 97
999 301
156 657
745 149
345 372
550 236
775 192
924 26
188 234
729 47
194 126
444 419
104 755
516 948
220 58
302 110
49 38
482 421
912 456
61 985
787 4
988 381
121 332
902 950
333 541
563 290
20 455
996 210
936 304
747 163
327 531
74 825
582 161
816 463
96 304
945 910
482 425
893 175
25 14
607 401
427 950
283 730
531 484
329 378
578 616
774 487
740 602
423 24
964 85
317 109
412 834
792 888
240 432
113 567
543 320
881 838
127 291
912 812
791 148
120 227
771 37
613 304
425 717
854 6
330 637
809 207
784 907
188 588
378 509
173 172
877 631
330 516
674 439
788 861
350 399
272 182
725 384
432 194
927 632
633 100
842 536
106 915
32 320
374 202
896 357
272 687
311 890
751 725
806 134
47 730
174 568
634 868
656 2
807 69
291 886
722 569
94 993
751 212
525 652
99 25
608 864
577 442
509 576
307 811
426 197
39 254
8 314
841 161
857 570
106 609
373 858
792 960
627 119
567 187
204 534
963 740
419 701
936 756
582 383
393 349
999 706
816 258
736 892
26 32
15 890
138 721
51 345
838 583
56 842
185 355
300 719
249 224
466 499
397 924
368 668
758 782
923 44
470 40
33 43
817 480
688 134
664 908
835 308
497 113
665 177
548 116
48 738
284 330
37 196
19 950
340 133
892 54
771 98
963 364
459 429
286 486
132 93
164 728
195 890
366 443
248 271
307 145
623 673
650 874
536 866
293 18
528 256
677 727
118 365
73 406
720 675
696 872
166 345
851 903
949 98
448 735
706 833
594 111
515 496
203 38
342 181
972 259
903 553
120 560
653 814
440 145
326 957
97 460
659 651
79 401
603 879
483 172
778 926
320 313
422 113
110 117
214 48
530 575
227 464
169 344
326 325
773 965
769 718
47 885
530 236
61 418
889 181
554 529
170 41
607 806
794 43
373 653
534 96
107 319
778 192
650 312
746 941
326 106
42 357
183 11
654 793
549 363
815 679
318 831
199 797
955 737
42 82
858 8
967 568
668 486
830 800
821 362
593 396
418 276
367 736
438 278
507 727
796 730
196 184
387 869
369 556
651 858
770 706
55 693
641 968
114 146
142 882
950 308
540 182
213 691
245 310
97 409
698 160
30 8
180 844
462 592
57 905
350 630
830 953
325 364
59 877
301 173
207 893
100 525
648 193
835 117
47 181
257 289
319 565
414 260
796 135
461 851
30 790
54 456
22 378
290 156
782 453
311 147
954 911
885 170
778 252
577 674
82 537
55 83
478 431
106 651
675 8
624 54
943 314
762 694
465 197
701 322
44 931
55 778
792 64
50 969
503 413
143 727
3 434
990 707
194 137
62 377
912 590
840 659
637 108
403 696
561 604
864 859
544 747
112 668
499 549
979 264
638 750
590 412
538 415
586 634
32 790
799 416
565 889
285 448
542 332
425 61
561 904
76 459
702 195
171 326
322 888
531 779
17 515
224 771
400 982
765 342
467 392
477 980
658 130
775 248
246 953
30 325
215 649
244 698
488 278
731 442
716 619
188 912
532 695
21 941
123 590
637 3
249 762
715 669
2 45
383 780
196 27
250 748
879 938
363 260
822 892
402 606
770 813
21 168
715 589
358 632
974 372
390 495
534 879
108 163
865 500
563 817
629 912
908 592
30 257
150 281
612 83
426 285
499 715
927 626
460 896
763 17
90 426
953 656
587 880
352 765
249 731
379 997
27 734
581 977
973 218
931 1
519 185
870 443
103 674
459 714
471 413
168 670
9 657
388 294
71 328
854 942
431 411
461 645
149 504
243 63
299 419
981 602
786 566
974 965
351 971
604 630
738 250
462 594
448 969
177 522
721 583
617 665
674 199
859 608
909 930
472 710
738 422
963 37
394 120
383 862
636 53
266 394
706 808
439 217
934 537
222 488
596 596
398 416
591 746
155 324
55 361
954 836
545 589
294 758
671 657
922 293
536 438
906 216
642 544
959 135
710 465
299 207
888 138
378 936
462 751
979 903
881 229
741 399
203 271
503 315
483 58
461 363
591 816
736 580
715 414
77 299
269 733
230 819
763 407
443 604
774 612
589 213
851 746
656 571
849 261
544 700
581 148
844 636
510 55
362 333
896 559
424 988
665 992
504 793
270 630
948 364
441 599
139 714
349 768
742 331
144 262
786 410
578 783
842 863
916 805
502 35
556 45
898 331
625 463
134 38
674 110
337 325
317 230
40 792
336 651
126 140
557 804
916 650
156 969
317 315
481 729
853 591
852 785
987 318
579 20
877 68
813 317
878 804
654 239
437 451
663 593
196 624
571 761
451 66
668 329
34 466
906 988
418 731
265 320
7 785
513 336
469 827
865 37
492 660
793 478
521 743
727 770
970 452
52 897
496 733
359 433
799 469
106 837
941 579
94 571
486 387
64 755
912 374
722 928
383 679
264 874
668 849
872 427
41 634
788 503
611 673
930 237
684 424
72 161
377 510
142 97
466 174
451 720
328 723
534 21
899 809
542 703
632 686
31 557
689 768
670 503
651 810
733 929
460 949
955 706
840 523
885 263
732 604
245 467
967 966
95 333
361 540
400 18
198 39
793 727
986 621
955 276
266 820
89 628
139 619
852 773
225 283
614 105
812 944
315 615
474 953
961 317
803 119
537 475
358 926
582 15
504 166
966 169
579 772
442 23
516 48
44 256
692 625
172 781
767 724
796 49
294 554
923 489
863 126
35 415
165 162
485 996
76 575
265 674
157 674
922 425
986 384
755 459
971 865
416 562
365 905
782 859
299 263
132 754
712 55
705 49
566 967
351 83
176 96
999 169
647 992
370 375
148 414
853 496
559 751
906 490
218 132
62 354
94 77
78 203
486 838
708 499
281 708
595 217
425 943
272 714
569 128
610 888
468 917
66 724
365 536
912 206
343 742
219 851
782 183
461 827
287 450
817 939
518 873
462 630
163 761
977 77
400 607
549 511
98 824
611 31
284 291
286 665
309 701
744 931
946 536
664 605
77 126
470 182
174 509
730 628
870 823
320 928
706 188
113 934
132 285
640 889
28 216
284 374
245 290
656 639
288 995
694 861
860 639
882 488
846 520
881 448
896 880
221 473
688 68
872 94
386 76
908 456
984 663
398 405
155 124
370 61
768 398
240 38
106 962
680 129
447 366
995 839
769 213
126 687
566 53
820 105
995 439
228 940
700 816
329 735
555 154
207 198
450 70
784 446
150 507
278 780
824 159
621 642
679 264
18 324
229 443
407 682
154 671
730 887
478 143
519 164
547 198
578 330
450 825
599 932
24 548
239 955
755 969
685 661
896 869
965 499
868 802
718 647
905 326
614 334
461 925
212 96
843 612
810 582
129 831
288 399
846 980
529 328
19 390
511 86
739 913
836 991
155 750
124 174
36 316
487 800
307 293
607 952
55 376
305 241
191 159
464 385
376 601
137 330
590 329
97 605
799 849
432 90
944 159
859 688
390 767
326 847
276 787
994 516
107 672
142 296
648 387
198 460
397 27
69 943
474 405
505 726
840 92
523 68
876 895
642 581
974 630
363 175
820 213
972 83
989 594
804 555
209 613
900 260
80 857
622 964
731 650
420 820
642 516
728 156
817 919
113 23
52 659
834 574
182 895
985 392
820 365
294 1000
529 697
322 350
548 482
936 615
88 245
833 389
708 406
874 794
545 6
304 641
283 877
960 719
512 38
550 984
968 615
523 525
784 766
153 244
902 406
25 404
117 267
860 869
388 847
342 746
75 169
758 832
62 339
810 706
828 268
142 168
13 94
674 528
59 677
82 552
542 656
814 557
535 981
246 278
417 394
582 998
725 19
150 869
273 409
774 827
714 346
244 70
65 772
449 990
615 585
398 858
907 491
292 497
761 576
378 642
718 186
927 312
517 145
596 879
697 221
459 2
464 835
15 31
664 177
455 630
282 179
452 449
253 34
280 883
294 410
395 522
267 33
310 207
153 105
268 574
308 587
869 870
153 487
923 155
657 73
59 569
501 561
285 547
695 524
955 409
169 2
815 378
425 119
887 201
878 331
303 31
405 43
693 508
939 651
988 816
142 794
646 167
851 643
331 87
720 57
681 389
716 612
527 558
584 578
350 371
145 951
451 988
859 130
596 943
184 965
477 1
899 458
744 37
778 322
56 759
451 443
941 538
391 948
197 621
175 84
462 335
284 65
268 257
917 93
115 330
240 157
769 828
109 89
849 371
102 697
381 479
35 352
450 668
973 789
666 995
263 281
545 825
274 418
465 246
920 402
212 770
198 960
625 486
385 124
841 125
244 184
281 207
986 900
537 336
691 458
376 205
724 440
868 687
11 91
233 93
472 738
373 319
184 839
306 334
730 761
34 941
933 932
655 518
390 171
257 110
463 489
776 914
620 281
987 419
403 627
752 516
880 664
474 547
282 429
504 380
655 664
185 18
233 93
862 697
621 770
417 450
105 728
215 592
784 333
815 806
965 995
834 451
507 372
700 568
843 634
374 141
333 530
901 623
965 932
707 152
849 604
893 323
328 153
948 588
474 731
238 452
171 721
930 307
461 11
372 980
116 22
801 442
218 78
524 154
148 125
415 29
2 759
47 447
259 329
705 32
137 629
530 814
34 647
487 733
754 305
529 692
337 282
279 762
112 215
400 322
98 367
301 146
47 664
796 730
732 493
278 576
1000 766
888 176
120 786
408 534
425 381
556 495
909 934
898 834
735 916
660 141
263 966
340 481
291 412
67 907
760 31
440 969
129 207
739 296
561 434
151 988
977 937
504 685
883 151
748 648
92 28
601 205
564 737
390 520
886 497
768 370
880 388
483 50
120 203
355 899
641 405
861 650
214 766
630 808
119 708
411 164
314 572
534 749
484 119
416 565
2 66
226 481
909 42
848 384
379 317
862 455
145 611
683 291
248 844
653 880
208 679
762 549
602 605
177 818
989 32
967 356
343 508
838 40
253 766
382 283
725 874
147 257
827 853
806 556
270 938
719 285
552 977
451 821
251 160
840 948
961 719
169 709
756 231
605 801
810 221
347 505
996 166
394 902
673 134
426 654
451 17
370 388
692 374
105 279
219 128
601 38
696 570
673 678
574 46
393 943
294 97
78 782
977 784
221 769
933 851
930 211
490 615
918 796
183 748
597 925
44 843
757 807
782 404
165 747
284 747
155 117
688 361
611 623
937 184
123 709
172 539
368 1
190 153
925 539
453 28
560 438
479 610
886 826
495 309
845 681
325 223
520 679
864 305
953 785
239 184
304 313
697 85
642 506
162 963
929 690
899 783
53 347
29 219
860 633
774 368
53 680
23 401
531 804
396 53
739 127
136 25
92 832
688 582
537 553
841 905
496 151
443 846
368 457
109 159
445 298
484 64
613 825
167 150
441 316
370 292
526 211
413 549
892 219
492 623
270 77
738 985
269 956
13 47
889 822
366 209
897 161
660 837
466 222
451 468
762 266
341 652
852 27
542 434
424 75
363 514
308 399
221 986
313 182
610 890
517 333
518 160
58 890
909 741
143 618
104 153
311 259
843 100
278 816
963 178
947 792
755 212
250 830
935 493
695 501
539 878
99 600
842 196
318 524
68 592
918 85
846 289
380 137
512 787
207 242
898 934
623 275
234 271
430 506
446 245
404 159
268 707
398 640
405 869
876 926
480 80
875 695
704 724
975 579
834 562
490 735
345 261
949 243
366 988
694 279
605 136
559 586
595 896
454 528
691 89
66 653
38 358
285 215
959 911
578 527
859 751
114 90
528 751
505 440
651 379
643 465
979 220
276 987
225 290
685 117
189 997
925 551
779 490
53 691
315 579
776 295
421 498
496 680
875 895
934 228
149 69
978 11
315 683
963 682
199 8
691 971
797 779
656 267
216 383
132 519
32 473
644 103
133 666
934 438
352 536
288 684
340 535
234 527
583 157
713 115
771 747
747 534
452 335
620 519
343 569
364 207
832 84
184 939
470 598
206 674
860 683
589 214
799 163
877 219
58 515
762 348
55 254
83 888
98 350
386 844
565 829
339 344
52 540
530 362
586 501
96 30
306 926
543 165
123 468
740 284
514 980
501 135
92 639
756 498
787 46
342 551
782 154
248 99
874 453
954 928
688 233
762 941
780 45
785 116
95 133
185 276
763 648
48 122
93 492
339 609
901 882
634 535
876 933
67 329
148 157
458 661
719 382
539 659
663 60
810 80
162 984
996 433
693 337
713 77
441 200
369 187
79 15
107 848
331 489
506 492
869 657
703 744
235 265
469 34
377 32
663 39
414 939
398 896
830 178
588 109
870 274
603 951
22 730
585 238
967 902
512 633
44 628
901 650
733 122
790 674
962 92
506 390
752 530
446 710
718 668
972 611
319 344
638 887
673 51
83 319
771 21
424 33
923 139
23 288
360 533
818 26
773 597
956 201
295 954
383 847
679 635
469 443
504 448
444 99
21 468
64 973
909 59
900 104
904 443
574 916
221 315
271 844
861 135
936 845
924 259
366 568
593 756
151 764
931 178
235 86
77 761
830 475
146 394
61 268
464 39
962 974
98 418
116 859
864 959
71 673
981 369
572 715
148 517
319 463
297 90
73 652
505 507
419 75
766 119
233 75
693 861
61 546
397 528
550 387
384 790
454 377
830 780
968 206
995 861
558 447
447 953
30 944
401 343
83 298
964 929
731 973
534 394
111 517
58 290
21 84
92 207
128 758
236 438
995 286
434 612
876 59
232 8
1 648
498 15
965 400
243 793
762 376
798 544
440 239
123 913
727 472
861 287
121 199
104 918
708 194
234 467
829 433
199 322
399 211
526 939
790 822
792 384
986 507
262 949
349 634
983 314
244 312
123 204
588 385
141 635
745 435
903 366
747 561
413 200
27 140
281 634
579 197
502 454
76 191
554 448
111 186
700 368
713 496
811 897
919 442
387 242
902 423
584 153
862 995
177 17
332 489
41 858
843 897
870 674
567 86
637 798
944 387
566 179
750 664
485 351
673 764
851 266
779 612
277 184
603 172
573 298
388 878
88 756
683 811
395 890
245 43
687 671
365 615
253 27
610 740
641 549
57 255
487 18
858 498
95 261
965 924
23 749
318 23
294 425
647 695
346 854
539 820
791 789
81 346
161 237
468 413
247 431
423 663
432 373
90 375
996 789
127 808
12 365
172 163
46 826
457 538
223 607
383 314
811 47
828 589
122 170
44 507
51 749
338 48
205 445
308 281
686 208
43 954
447 996
371 221
675 357
312 550
266 609
726 450
963 540
774 839
531 608
503 887
531 500
519 709
633 675
231 589
805 704
825 457
218 788
651 267
637 364
144 586
115 459
324 45
754 629
892 278
889 916
226 740
514 411
247 931
139 674
932 623
959 256
52 534
239 997
650 664
562 356
479 610
322 392
342 333
220 807
644 80
313 494
72 481
795 277
267 897
169 108
726 222
336 53
336 212
262 202
199 353
214 106
397 324
803 204
698 983
818 934
638 117
160 135
455 409
657 274
564 327
120 543
151 608
153 927
611 2
920 906
670 211
265 497
71 460
827 790
222 869
969 971
598 61
4 205
685 144
292 262
83 983
959 600
223 426
83 354
272 631
330 818
18 30
78 936
256 98
85 411
918 910
970 939
857 724
942 209
29 669
19 137
231 361
2 985
855 600
835 743
165 238
607 140
675 957
242 103
17 994
337 604
128 842
694 121
928 460
653 302
93 919
923 662
919 416
632 378
529 138
307 723
410 52
977 378
618 294
63 11
739 88
832 116
931 987
949 951
500 934
378 871
103 97
249 196
33 161
424 63
668 534
882 943
937 434
602 710
822 792
115 225
289 478
520 564
859 288
216 173
442 208
803 519
719 706
740 354
238 165
197 782
554 341
503 828
150 973
543 808
594 821
412 920
877 479
520 698
61 894
895 63
91 813
965 50
180 801
721 750
652 702
7 835
62 318
199 163
562 79
133 770
850 366
473 972
200 252
879 65
803 862
571 238
582 792
868 408
307 961
884 489
686 708
457 375
293 364
742 80
803 436
339 608
241 63
257 162
310 155
392 816
744 934
43 99
607 129
474 556
640 833
767 102
219 377
566 862
553 749
396 219
1 117
765 700
714 808
18 465
60 1000
87 933
957 523
74 25
620 421
268 560
37 663
506 320
521 734
113 708
201 549
637 916
641 929
895 271
341 218
139 92
80 624
46 455
273 282
360 924
117 125
695 706
367 130
803 720
835 632
154 948
403 871
215 655
11 173
445 743
432 520
878 688
529 119
994 465
196 184
51 982
267 783
53 955
583 656
40 946
214 137
664 800
505 883
620 975
692 249
354 891
857 726
156 782
431 925
499 817
908 602
446 697
715 97
840 576
698 243
826 932
484 488
763 597
843 85
979 12
198 141
19 773
403 590
312 466
573 335
456 971
343 207
520 494
597 983
61 196
235 164
577 346
9 347
512 655
244 716
879 469
883 82
401 896
948 436
857 397
435 372
160 763
227 953
672 207
422 612
683 599
366 23
295 788
831 24
915 418
479 216
509 847
360 163
674 450
94 148
422 475
700 320
451 217
551 76
963 55
980 956
615 560
325 712
699 616
221 614
591 890
263 455
205 711
944 25
742 408
45 427
560 986
284 500
537 733
314 587
213 274
305 280
109 54
968 56
108 483
150 106
527 733
525 933
206 539
756 186
810 342
17 290
885 79
92 140
813 391
587 757
968 752
296 153
935 830
767 920
650 452
416 722
317 108
67 111
958 915
463 421
302 479
966 78
477 89
316 788
871 215
624 763
851 183
551 187
660 538
959 704
897 656
781 205
404 533
110 810
101 104
297 447
886 670
855 276
193 677
61 717
658 771
330 82
91 814
759 37
443 788
941 246
542 231
604 341
19 955
707 298
170 352
149 200
589 962
671 267
631 224
257 774
140 108
972 469
584 296
245 383
27 766
184 757
690 74
662 202
16 5
684 696
407 130
95 150
573 14
488 912
724 717
791 938
286 25
424 357
851 184
982 226
951 733
456 801
569 913
227 673
834 346
802 343
970 734
743 358
581 226
823 279
344 161
771 888
370 984
192 549
996 55
293 405
880 530
994 270
853 37
301 750
434 273
608 297
584 299
254 347
357 692
799 822
368 335
416 408
31 108
584 697
100 641
914 161
507 2
169 263
330 455
255 665
804 958
986 182
312 868
760 636
545 93
99 669
56 808
183 142
597 956
186 457
229 316
711 756
997 762
953 864
266 717
534 571
258 901
670 17
1000 509
867 337
504 530
149 795
71 480
102 649
586 86
356 703
136 535
515 793
378 241
356 817
167 210
49 919
463 496
408 912
741 84
876 228
142 132
360 706
114 591
254 504
350 650
822 250
571 604
607 514
323 82
533 395
313 863
691 405
379 632
860 996
68 571
615 247
306 229
797 11
507 909
882 506
393 564
706 398
351 496
912 357
499 549
1000 326
459 190
139 820
501 748
499 381
134 130
432 288
734 237
91 84
327 5
948 915
646 578
250 928
731 132
652 305
643 452
596 343
179 165
422 694
363 33
474 349
410 824
195 492
802 451
833 806
878 876
900 138
693 373
524 525
860 172
850 925
274 566
163 343
183 354
970 463
331 274
959 302
862 15
253 637
895 567
97 230
851 187
774 163
134 277
274 746
766 639
814 278
912 744
209 559
431 784
67 160
895 357
864 278
971 299
792 719
49 882
318 351
924 505
490 544
913 227
211 431
474 75
742 69
638 768
757 713
408 334
745 735
404 750
994 855
104 684
392 935
44 822
805 439
172 652
466 657
58 974
362 653
964 424
677 533
60 639
741 753
627 132
270 974
702 360
148 66
442 164
278 136
983 462
908 381
585 346
702 209
301 646
508 411
852 523
452 783
323 666
385 140
676 936
950 64
485 471
612 248
88 8
370 826
297 113
22 618
323 728
179 176
698 174
312 785
277 30
981 409
330 569
22 835
425 948
352 959
792 616
214 891
970 368
269 170
46 26
512 207
797 853
164 766
300 668
629 158
116 870
285 269
826 497
276 698
367 924
501 455
181 380
419 620
803 405
140 968
334 596
215 527
347 514
592 3
922 548
544 804
50 572
858 57
32 316
936 450
319 768
695 352
502 180
905 699
787 56
491 991
283 893
161 180
769 340
345 283
427 847
468 505
963 402
384 283
314 779
828 639
846 226
446 824
457 667
986 42
240 124
197 121
479 296
904 390
172 514
50 679
932 409
194 773
143 540
647 978
393 784
740 256
162 410
410 5
269 992
698 226
883 765
850 881
308 522
102 403
566 550
166 803
938 389
775 795
747 471
854 440
336 748
110 662
662 627
43 469
593 38
795 464
362 438
588 162
534 14
778 861
135 333
893 631
154 743
162 238
563 71
231 383
155 731
590 387
709 417
177 157
344 412
29 540
637 734
149 473
969 152
752 677
433 22
107 405
352 736
327 660
865 466
248 203
990 234
380 124
636 89
652 890
53 541
555 535
321 718
450 208
716 614
196 188
705 702
374 951
531 557
111 531
985 34
32 632
460 876
67 650
583 435
8 212
203 779
793 526
614 202
165 754
891 915
526 704
796 794
859 480
295 54
116 777
865 614
763 151
860 513
553 925
753 839
602 911
153 510
775 31
203 405
724 121
160 470
796 763
228 410
781 961
28 496
711 408
403 734
771 229
919 324
995 865
439 596
614 98
853 123
405 706
115 345
355 159
977 148
86 479
624 609
131 631
933 822
678 444
557 413
692 801
316 838
96 718
592 730
40 647
480 831
788 579
413 504
130 374
57 20
273 794
22 37
336 341
557 940
117 306
76 780
572 63
684 384
972 822
808 11
601 852
775 244
316 474
695 422
939 321
472 987
538 839
413 862
468 90
257 147
147 379
269 734
110 84
203 434
250 947
987 468
68 985
114 662
684 164
389 698
769 466
198 293
181 907
792 288
330 432
580 946
356 926
321 202
760 544
156 147
544 522
254 545
644 187
632 281
500 403
10 367
564 981
969 535
77 555
661 460
63 229
698 174
496 761
756 739
763 594
543 302
604 441
742 560
226 378
825 692
331 383
459 752
806 701
918 390
784 263
507 163
770 777
375 219
196 351
102 337
57 303
555 145
856 550
824 859
133 976
158 174
830 149
69 825
832 145
729 770
934 326
547 563
643 834
487 792
923 403
542 927
983 657
202 599
426 197
140 100
865 407
821 741
512 581
819 379
410 491
606 533
757 360
37 114
911 814
443 380
445 372
290 810
686 438
336 174
157 887
308 250
522 26
45 727
556 121
943 568
86 279
169 80
99 372
740 839
651 936
2 223
49 776
302 949
702 314
471 340
534 167
763 43
940 901
909 350
432 131
897 276
886 563
371 139
51 403
983 368
594 43
236 916
402 835
260 135
130 739
58 105
816 514
920 899
399 13
612 178
68 970
431 610
761 411
14 311
844 726
784 763
902 801
135 320
455 700
319 154
462 244
234 609
788 970
353 339
292 425
662 69
383 963
709 146
233 683
45 2
534 261
11 348
638 485
582 397
349 192
817 756
953 710
452 49
541 524
361 460
932 787
284 484
833 158
174 116
216 243
203 141
246 723
393 180
472 503
165 527
153 749
78 316
628 491
736 92
787 961
243 421
579 410
992 478
78 609
201 443
446 134
25 247
249 998
95 632
221 205
284 825
717 920
736 132
818 937
437 480
826 929
910 868
66 918
537 372
673 319
391 319
549 937
440 321
442 35
786 43
850 990
868 746
640 862
10 229
356 590
740 502
64 967
495 788
790 158
996 730
513 846
566 918
312 892
744 960
114 167
404 140
664 792
701 651
882 794
999 682
393 198
680 56
305 689
408 201
115 453
822 538
699 141
68 760
952 266
604 321
534 553
98 798
791 846
483 963
885 897
985 301
828 423
572 202
719 279
377 704
239 883
540 994
848 188
372 272
798 120
188 473
107 449
741 241
871 743
322 605
539 710
583 443
916 306
177 833
557 572
737 122
932 928
212 440
940 13
525 629
846 242
64 571
816 702
388 609
593 271
25 408
298 439
112 858
265 386
86 934
467 53
193 887
328 400
968 232
688 843
321 807
295 827
894 488
459 432
166 391
330 772
27 570
227 432
212 413
591 83
470 631
1000 196
957 577
792 253
113 305
396 692
891 431
739 960
615 900
83 644
20 456
529 760
389 34
419 925
197 67
633 226
831 801
672 950
287 336
472 710
568 36
401 224
811 718
358 140
911 182
221 447
178 280
878 334
376 736
959 523
767 505
702 405
724 30
984 121
701 677
859 688
866 736
787 478
259 746
113 532
464 942
962 703
783 607
337 120
274 412
822 677
283 292
125 281
762 777
458 332
523 340
421 544
294 897
66 239
433 610
79 338
661 165
295 228
765 645
735 555
659 56
310 852
448 318
464 948
561 368
928 470
277 940
299 212
18 627
415 425
450 393
317 130
179 510
282 486
410 403
786 374
659 868
691 74
660 339
581 516
248 255
531 247
252 160
154 513
768 4
766 301
717 791
450 650
339 201
263 481
287 145
883 717
243 315
261 808
726 274
304 62
352 296
366 946
640 606
391 182
538 331
649 473
723 998
998 551
741 728
946 982
799 459
432 842
694 454
815 46
289 816
252 869
478 764
782 890
469 35
832 806
519 188
99 33
867 525
390 68
1 193
195 495
318 19
815 773
691 879
419 914
661 717
415 876
453 228
564 465
840 823
229 456
907 571
368 28
840 188
899 179
766 986
365 169
486 769
151 995
244 536
728 931
933 828
653 368
666 435
241 854
770 321
226 497
404 307
292 978
296 500
918 13
820 559
168 289
268 663
723 321
747 321
496 932
15 726
906 160
343 963
91 751
343 672
673 926
201 974
699 280
956 495
798 359
762 758
425 571
597 987
379 907
24 343
6 556
433 917
692 286
701 524
141 260
312 84
584 422
621 108
897 745
377 755
298 778
680 637
231 697
249 213
771 715
673 286
567 938
61 942
240 794
517 346
4 73
521 882
221 970
941 82
257 48
253 381
86 584
102 430
532 381
283 40
436 123
554 30
723 624
703 943
397 129
359 251
491 577
145 713
546 125
300 584
720 1
997 702
806 859
172 584
278 201
634 878
300 965
506 702
508 660
591 941
604 873
285 468
940 920
11 89
115 655
761 209
787 61
580 346
138 579
9 92
10 748
99 760
642 144
985 724
371 136
858 152
630 184
623 226
739 797
800 327
496 264
742 685
297 581
830 59
66 171
538 416
889 587
655 925
725 604
285 37
781 206
380 488
682 120
688 670
80 321
671 647
110 628
140 667
873 41
629 386
782 782
220 782
112 652
278 258
329 919
649 690
133 340
652 982
278 960
828 458
772 641
465 364
238 367
96 435
622 654
231 320
383 392
887 60
924 642
17 499
909 669
886 723
329 593
817 963
616 513
330 404
862 764
997 184
307 1000
903 362
166 647
551 194
665 972
282 650
778 677
90 857
497 617
672 791
586 576
249 632
824 532
962 882
103 878
805 739
507 803
882 527
642 762
411 224
151 483
406 276
438 215
715 655
384 468
731 120
575 95
119 407
750 709
50 759
697 223
100 799
196 834
143 527
697 610
574 667
788 364
47 754
939 889
663 420
187 45
573 866
900 100
938 124
999 808
647 101
324 880
625 565
95 654
681 178
682 338
16 248
894 772
51 188
310 735
942 421
797 760
274 242
54 979
4 958
25 439
315 380
244 771
33 250
821 79
559 331
770 488
299 21
165 742
556 325
688 819
674 396
487 170
722 754
737 687
996 625
627 425
980 841
263 233
279 639
213 901
791 731
254 173
582 924
126 991
346 68
818 624
817 318
599 890
894 58
221 711
243 73
308 625
868 370
943 208
271 490
691 487
788 125
310 228
678 212
813 157
675 429
885 50
430 954
20 138
52 48
257 398
587 262
76 800
298 612
236 420
337 258
565 192
199 690
852 977
881 181
838 935
78 507
877 955
917 495
606 452
265 134
416 562
876 563
732 785
715 795
208 950
515 620
898 103
414 615
413 685
357 369
962 258
553 71
470 432
166 740
194 696
423 58
833 691
265 475
764 83
471 821
861 499
671 670
20 318
366 543
281 196
757 436
514 317
850 294
989 735
386 230
323 15
834 498
456 281
883 523
465 580
609 323
51 570
674 127
126 606
686 204
721 298
551 534
872 716
290 581
633 870
886 83
42 523
152 980
76 739
24 354
890 486
413 968
951 311
455 545
250 46
31 845
404 8
416 102
593 494
768 308
461 819
900 51
926 418
532 221
312 164
571 750
619 930
224 747
524 154
125 993
255 439
89 821
438 303
845 818
127 956
469 151
627 415
594 96
729 889
991 564
10 793
686 571
44 625
788 448
978 809
191 721
114 20
346 263
183 919
998 788
168 10
398 485
723 588
168 145
248 448
121 182
23 646
663 626
446 487
914 504
63 636
761 858
170 611
889 513
202 572
682 246
287 792
400 756
798 974
671 798
618 413
584 334
149 382
428 193
929 820
32 962
536 668
612 544
448 530
696 989
341 95
742 378
800 184
398 222
443 228
656 809
918 510
853 503
507 699
254 754
701 530
227 780
182 893
157 429
228 771
814 683
461 825
744 145
512 934
828 6
835 105
11 930
437 709
110 508
338 96
961 39
545 227
277 156
457 963
966 257
830 146
903 107
885 116
556 493
363 385
79 913
293 776
224 227
285 302
461 528
314 328
459 262
841 579
362 420
130 394
46 102
289 197
834 415
379 191
893 102
405 484
380 445
428 605
804 90
489 217
269 524
364 439
277 635
97 491
66 303
882 714
491 270
424 873
627 528
747 559
407 199
12 337
360 726
159 516
490 848
913 984
750 540
127 54
603 107
570 974
759 983
345 274
183 790
986 740
141 135
673 716
400 567
718 162
826 142
186 89
11 670
452 652
30 563
994 818
116 348
887 52
940 312
29 945
5 395
672 663
264 416
283 836
350 477
282 88
523 864
655 103
722 970
247 752
540 5
963 524
839 933
784 120
429 805
977 365
708 465
973 203
170 51
9 876
83 255
526 555
663 660
863 123
70 226
606 52
830 901
950 672
504 323
874 949
294 611
585 449
18 372
628 758
971 970
807 184
590 376
927 271
76 197
882 812
854 443
865 124
458 742
621 244
570 483
396 815
501 306
203 572
448 252
791 546
43 145
401 236
143 253
116 596
661 598
950 995
298 670
794 308
186 138
717 528
69 286
907 323
779 905
504 722
343 215
266 96
840 331
285 729
548 115
126 690
130 639
304 234
796 109
226 799
417 557
430 73
137 954
664 482
213 658
869 425
808 892
956 140
551 4
682 515
492 686
992 581
275 634
214 863
267 704
836 399
161 724
355 113
29 167
561 90
584 147
351 462
670 507
644 788
662 773
972 280
944 826
476 379
327 420
642 491
218 755
866 155
516 581
468 880
948 833
960 394
652 928
204 16
654 128
266 875
358 816
329 107
983 256
655 104
294 669
869 141
338 82
828 334
270 208
71 34
324 946
762 509
730 131
337 976
449 447
914 342
928 565
233 117
713 270
622 232
842 459
840 226
503 502
308 257
497 204
538 377
826 549
369 203
222 532
340 378
854 963
466 831
626 7
939 32
895 731
938 781
635 568
70 911
896 162
637 636
161 636
843 891
196 716
161 487
577 820
733 727
51 773
270 571
647 317
595 223
999 60
713 321
264 69
267 513
463 906
636 131
632 71
785 262
246 88
446 77
899 525
296 420
382 852
879 945
972 694
949 23
145 478
818 654
503 934
510 283
556 605
806 65
467 683
307 643
841 967
377 76
818 163
408 829
903 502
901 715
77 40
371 420
426 734
313 7
20 503
986 408
243 12
925 873
244 758
385 946
176 327
857 969
160 934
346 52
305 974
362 492
267 870
108 466
153 312
749 16
341 696
992 218
386 631
462 943
287 704
350 556
649 176
404 79
192 406
204 906
848 801
533 459
107 387
220 694
860 415
119 626
609 960
708 214
336 503
198 601
173 527
197 16
64 386
886 793
255 230
418 297
440 66
597 353
450 640
318 584
747 123
440 854
379 220
460 653
453 296
45 908
46 579
694 413
214 993
844 9
509 136
584 152
664 819
180 589
877 627
919 839
406 653
76 661
238 867
669 471
717 556
747 148
548 1000
628 534
316 531
402 740
353 683
294 442
855 831
644 627
731 641
462 911
246 637
539 506
612 917
390 596
474 609
743 281
839 286
432 318
92 212
912 133
328 705
167 291
438 875
77 528
3 552
374 865
684 194
549 230
873 531
777 7
193 857
860 329
893 391
408 795
143 845
246 287
461 312
788 313
11 75
218 500
226 952
169 349
189 185
610 394
26 525
753 920
187 951
457 17
912 203
732 814
639 832
302 156
492 57
506 951
708 382
277 60
709 447
507 783
239 467
125 867
763 174
389 122
699 647
210 900
481 329
811 237
368 329
633 250
561 239
192 730
321 145
475 797
258 653
84 342
481 630
874 84
882 931
282 90
691 368
178 637
624 804
594 590
902 601
91 330
901 419
880 800
15 946
808 69
323 26
295 818
67 787
64 80
750 354
526 297
316 886
324 515
934 516
647 210
170 153
167 574
215 619
405 48
98 831
410 199
341 965
710 801
820 696
774 160
962 183
281 976
208 278
813 545
63 750
566 797
20 563
497 192
560 24
343 245
279 318
229 414
943 484
134 969
656 402
564 961
88 709
320 268
255 284
179 834
20 71
664 494
645 796
716 188
996 809
807 46
130 92
918 330
146 298
687 595
75 68
704 506
2 265
720 395
554 84
223 859
778 422
732 581
62 899
824 453
816 491
766 736
237 446
658 240
374 622
306 183
219 40
409 800
712 883
272 699
866 822
225 987
192 350
766 695
583 215
25 310
871 341
318 133
698 438
448 776
713 623
647 173
447 42
602 630
27 461
395 191
1 433
607 768
310 7
406 1
439 872
600 269
570 418
573 301
294 691
525 342
643 936
313 43
361 986
818 695
633 632
837 983
357 557
734 282
886 56
854 215
973 150
998 416
426 185
937 491
384 27
109 133
813 243
979 562
637 350
94 843
398 261
920 401
164 469
644 31
183 519
64 633
605 662
732 137
584 893
121 69
354 218
994 740
355 217
883 377
534 266
272 197
852 304
680 72
393 252
710 933
666 655
460 747
165 520
358 292
436 126
230 868
578 40
817 590
194 554
589 398
83 181
769 219
527 434
214 280
535 86
180 537
557 502
723 682
210 952
984 365
981 103
145 507
457 253
345 601
302 287
404 906
158 392
267 214
165 857
845 857
393 240
9 371
112 706
44 275
410 719
205 668
324 489
997 650
508 795
379 914
49 540
415 317
121 538
254 742
844 219
324 604
752 770
163 838
897 842
548 460
67 243
806 802
458 439
890 403
779 374
291 196
249 176
748 256
909 290
582 512
969 180
713 706
762 372
420 46
853 529
42 224
599 224
581 756
492 944
796 3
618 649
521 913
238 995
833 747
588 22
93 102
337 632
774 829
751 531
949 871
53 317
729 540
628 663
749 57
752 130
229 575
946 153
121 214
191 509
831 829
987 678
375 586
595 165
426 692
277 502
135 312
1000 908
716 814
689 744
20 426
622 436
613 344
925 641
478 615
95 50
842 25
81 752
325 229
606 726
739 319
642 812
36 199
823 841
294 676
294 214
221 435
510 901
301 728
163 496
963 20
108 369
767 822
417 298
813 914
135 899
862 226
860 228
340 886
550 413
619 610
794 491
504 332
998 694
548 497
629 672
908 377
981 459
758 957
144 441
81 576
848 667
191 124
216 607
527 691
321 198
620 597
775 414
125 607
62 835
494 364
212 826
763 215
793 530
142 672
823 661
571 687
588 335
448 747
170 767
949 752
597 197
897 987
683 842
431 330
988 971
873 642
565 578
271 540
687 425
17 918
426 507
279 494
564 230
190 444
945 708
172 758
712 807
604 689
872 859
991 346
758 96
361 255
906 16
282 472
362 605
881 998
30 182
733 381
278 323
806 520
198 897
691 826
846 815
823 624
589 908
928 528
374 472
793 797
618 433
181 845
414 767
712 479
297 274
69 827
880 257
866 888
601 512
707 415
333 923
906 412
248 334
507 228
591 170
219 197
375 875
152 705
930 680
467 125
882 715
546 319
377 859
678 622
898 670
608 712
299 147
48 448
337 387
342 728
779 896
72 833
600 989
894 636
264 323
780 494
199 986
780 34
235 78
500 19
220 842
599 861
538 600
122 666
546 944
399 214
287 609
717 772
90 140
182 58
555 377
932 924
262 522
307 258
141 871
492 491
408 826
101 894
391 453
625 663
206 495
118 623
912 142
99 732
67 449
126 373
223 668
324 421
639 486
582 138
175 173
186 301
350 718
420 614
634 33
914 398
153 244
140 38
484 339
540 34
862 189
320 826
235 194
860 855
62 482
650 581
674 554
897 950
916 582
155 755
759 896
91 531
962 108
128 252
246 266
21 80
39 745
898 430
96 201
31 154
533 235
85 457
806 672
930 659
777 9
949 452
220 717
850 418
432 312
94 182
356 302
52 231
493 588
293 253
378 372
626 667
991 416
840 375
358 600
480 479
400 715
263 453
434 311
595 401
779 391
465 444
529 832
667 795
5 143
904 205
377 966
37 406
963 58
174 961
701 235
197 19
931 308
716 793
603 9
615 238
55 122
435 686
937 653
158 173
184 268
584 15
640 878
394 760
303 922
547 279
125 547
734 918
938 285
495 371
70 484
616 584
390 258
9 14
80 749
748 915
245 72
547 884
983 29
652 615
568 567
812 951
173 187
379 705
393 392
451 174
51 986
287 961
758 856
295 203
106 954
105 272
596 62
231 219
882 82
367 350
722 393
328 162
473 25
779 117
142 779
24 681
551 870
298 285
910 414
944 232
143 386
233 170
163 352
112 526
652 150
223 43
954 883
692 632
140 54
5 255
793 63
773 783
150 521
234 922
535 151
267 4
369 970
152 531
129 312
310 418
585 16
849 323
346 923
287 962
754 235
857 333
560 462
583 491
507 883
530 562
692 54
531 413
941 878
933 758
854 738
247 674
29 260
827 957
446 906
600 277
665 49
248 822
999 665
586 284
336 889
405 927
596 807
77 748
531 569
841 993
360 994
30 364
803 93
823 848
744 830
143 207
668 20
923 983
671 738
875 348
96 466
580 996
422 20
295 938
360 214
3 349
868 212
752 73
236 54
843 186
914 839
12 923
880 170
471 664
878 611
477 788
126 270
331 790
869 20
556 93
808 176
354 687
701 555
486 605
688 610
465 41
104 363
804 527
858 462
255 274
890 215
455 185
345 801
929 28
923 488
541 426
841 530
504 209
968 196
24 510
616 807
936 336
949 410
23 548
881 611
494 723
408 779
805 944
717 600
488 844
985 231
778 467
185 75
453 389
884 327
972 792
535 803
68 133
834 788
880 540
609 911
978 647
782 488
256 485
578 652
89 734
124 919
283 537
621 926
178 619
150 837
941 917
761 861
196 962
339 923
848 297
318 829
252 163
770 581
609 127
513 255
415 407
502 753
735 221
427 904
49 334
376 738
591 83
121 995
554 56
519 978
328 785
447 928
42 693
11 159
841 440
829 486
955 809
690 817
409 523
331 711
511 134
831 84
106 63
528 387
706 228
309 397
820 450
946 510
918 721
653 497
932 456
903 612
968 565
581 710
459 612
181 930
856 371
386 402
695 303
353 960
208 443
469 563
220 386
817 886
820 740
666 372
965 187
317 764
147 545
728 176
936 730
508 326
518 349
416 389
957 484
309 714
190 639
550 295
785 984
799 828
468 757
110 117
453 441
998 515
141 76
539 914
148 869
124 229
625 764
365 172
320 410
903 948
966 835
156 174
128 395
247 801
597 750
973 451
931 672
981 14
525 940
297 26
484 654
854 59
674 935
728 723
5 843
335 975
863 173
724 655
956 22
897 952
735 508
143 724
660 368
141 725
803 61
459 689
671 820
538 568
81 507
614 337
389 471
70 198
198 318
901 535
699 455
165 659
666 971
547 426
856 902
579 95
404 770
750 794
73 484
141 173
236 354
150 428
599 281
729 2
79 341
601 781
237 673
754 124
103 948
66 916
366 399
82 733
736 287
117 68
612 417
987 509
260 53
802 194
133 833
17 573
849 478
712 964
713 420
707 907
503 17
385 724
945 641
941 491
240 543
484 176
712 840
9 520
931 760
745 705
763 465
585 115
194 143
568 574
269 717
501 976
863 498
262 264
863 790
495 841
196 464
779 470
978 179
34 320
276 868
365 383
309 348
675 590
1000 41
630 501
620 554
371 275
31 78
740 912
296 998
526 654
965 378
426 565
586 516
272 911
861 4
713 938
181 834
812 771
829 151
787 583
790 283
103 222
952 125
25 168
489 424
23 207
98 412
428 299
600 351
918 267
118 779
979 372
44 386
627 408
783 23
218 590
521 820
533 645
6 149
39 787
99 578
140 615
391 162
574 988
887 879
257 436
433 88
33 265
671 191
827 535
223 798
83 90
245 50
539 149
783 281
310 969
363 540
113 763
369 243
444 822
196 205
640 590
481 8
195 571
291 495
880 906
29 194
706 746
586 8
940 122
180 319
147 168
601 136
157 135
105 807
911 672
202 454
453 553
276 784
790 862
9 63
795 723
338 257
918 636
347 538
993 374
231 825
129 640
561 958
884 883
571 138
559 610
882 515
955 879
62 842
864 180
803 642
755 751
186 609
470 896
849 12
51 159
673 715
276 813
892 129
609 897
788 671
35 616
489 923
236 431
895 308
806 291
124 417
530 595
976 978
957 24
982 510
663 743
980 166
633 611
353 507
327 495
828 746
82 165
389 532
941 933
145 47
20 864
545 797
21 216
600 231
6 508
809 318
756 874
899 53
823 221
50 616
27 281
537 644
415 350
672 931
542 398
74 583
141 697
747 630
24 459
256 505
918 74
764 750
793 864
444 572
483 992
79 484
416 719
418 436
133 328
43 234
275 980
734 284
711 668
95 279
823 292
132 756
467 759
116 53
269 160
210 858
614 982
428 779
119 481
714 454
593 445
107 902
570 593
772 518
266 192
864 326
695 166
237 766
949 302
221 275
815 128
356 166
350 267
179 589
529 155
230 726
814 56
804 178
611 822
583 553
755 289
345 63
565 288
218 500
299 387
282 605
52 404
909 75
29 803
879 350
650 158
393 163
799 894
23 523
346 748
458 508
140 926
325 411
994 382
589 547
199 186
648 171
77 158
387 193
896 462
588 214
640 283
454 823
157 503
423 103
301 615
94 566
669 531
992 366
595 990
141 514
406 165
410 470
702 486
676 176
499 547
939 150
515 15
698 327
431 745
616 808
108 852
811 870
860 161
935 697
934 97
385 854
697 250
548 645
769 434
43 700
389 613
811 7
860 370
577 735
444 228
897 283
958 8
987 148
580 459
752 437
617 208
550 669
939 483
949 192
186 97
161 737
901 236
763 332
118 756
372 681
896 683
683 200
816 63
254 58
996 317
703 374
21 781
480 956
531 714
965 556
785 417
238 733
463 974
334 416
706 390
808 891
134 183
227 307
725 966
254 878
929 348
664 955
612 768
266 952
638 235
648 942
232 160
989 129
27 272
216 698
614 817
468 435
549 969
194 968
421 804
660 555
81 598
217 45
472 175
918 659
80 595
608 142
536 505
83 317
472 310
444 468
230 596
727 412
852 532
901 629
209 413
634 186
453 971
32 983
746 968
501 300
937 518
910 950
151 592
737 470
67 83
313 783
654 42
571 528
61 830
932 333
17 409
420 210
357 325
843 469
715 753
969 707
596 924
879 943
105 179
199 772
959 331
233 173
518 224
480 715
367 304
936 642
216 436
193 329
744 358
387 973
306 900
100 968
648 326
528 422
215 490
733 956
628 716
428 381
936 269
879 714
875 243
969 660
693 231
428 118
986 533
858 130
547 869
889 914
940 176
19 14
752 222
183 85
382 614
685 327
368 841
439 924
813 920
576 508
250 67
323 884
107 370
809 718
942 519
611 428
141 121
140 178
72 818
48 311
392 788
582 477
349 893
39 193
391 469
571 297
300 283
221 843
636 388
851 667
359 466
385 134
996 41
658 555
198 78
981 206
561 419
850 193
862 198
630 945
918 325
289 979
582 572
222 136
401 949
393 748
76 331
965 483
299 803
801 279
700 467
114 679
924 829
230 920
623 888
62 57
798 846
384 230
376 370
723 499
342 336
929 577
889 210
683 915
907 995
643 46
543 813
515 792
916 649
376 811
775 695
101 656
506 736
19 490
993 642
528 680
910 384
876 823
350 93
266 468
798 805
542 389
431 260
674 726
254 568
601 358
29 607
828 743
482 781
102 487
298 910
279 915
278 216
150 751
953 119
540 338
621 811
809 807
537 872
327 30
389 938
331 103
453 853
239 472
535 648
112 817
728 495
625 140
566 830
819 468
686 224
416 233
842 911
814 611
886 584
14 385
225 420
882 821
209 630
434 475
537 562
857 533
941 82
392 760
767 226
966 394
11 89
20 175
397 801
630 450
726 495
38 209
774 66
664 280
205 4
475 41
559 461
185 68
235 321
883 606
636 528
267 520
715 954
105 970
435 376
850 497
837 351
548 355
626 74
612 343
186 319
284 588
69 888
740 301
793 297
685 950
88 173
805 399
473 261
386 896
551 707
936 150
290 600
895 43
135 53
695 57
90 947
977 789
142 888
499 553
261 855
754 709
854 268
193 38
243 639
419 995
460 897
643 916
381 817
679 80
667 221
793 788
772 308
21 120
908 768
68 611
828 653
143 47
445 428
386 226
893 911
279 935
738 919
649 517
507 470
841 363
695 929
237 923
853 37
158 308
989 490
41 884
382 430
663 261
856 316
553 193
871 680
622 53
791 515
783 44
180 918
771 203
205 662
205 415
377 243
780 297
988 875
186 987
508 700
619 531
577 899
85 156
896 432
497 623
905 688
705 944
350 28
199 908
226 694
125 864
221 453
875 474
804 148
483 98
70 34
625 410
237 799
339 339
995 308
335 129
259 602
556 28
954 202
745 686
121 893
931 348
156 453
408 61
618 273
993 271
515 820
917 366
394 543
14 303
5 864
385 59
373 570
87 839
152 756
21 892
87 955
501 899
287 42
628 433
802 462
255 859
8 714
245 324
878 901
165 336
644 687
349 104
963 150
302 474
34 435
83 536
562 91
47 538
325 438
568 745
659 75
408 203
868 664
608 241
551 758
583 79
429 891
437 711
990 942
186 325
287 482
800 647
391 20
923 83
55 985
227 150
627 893
930 488
529 232
548 552
485 225
971 591
516 457
827 898
545 89
656 922
761 939
794 533
867 183
197 320
374 403
180 329
884 823
724 818
27 218
242 252
496 617
560 698
112 267
811 357
496 46
285 469
870 796
194 630
150 987
708 571
347 422
870 435
545 137
823 594
475 847
358 832
577 667
478 432
902 619
82 103
179 777
671 761
74 188
439 959
774 103
964 813
64 546
22 556
382 371
13 432
565 294
68 284
226 702
399 994
908 804
761 587
370 926
334 278
278 147
670 918
65 770
647 18
311 861
571 584
670 993
426 805
1000 190
244 693
949 985
337 845
185 437
641 216
10 638
490 907
68 942
1 208
750 782
902 738
875 913
357 439
862 608
284 997
627 809
454 164
711 509
593 370
81 734
598 193
186 221
861 416
782 231
179 554
207 905
188 38
360 512
709 117
68 854
212 522
556 330
199 860
567 138
974 13
181 783
341 449
978 75
849 637
20 621
791 776
237 349
661 552
253 789
829 971
833 857
744 50
498 634
29 687
173 858
517 195
854 567
704 535
21 602
682 339
837 363
114 519
367 718
187 407
500 711
298 726
311 31
358 518
640 283
835 944
249 273
168 25
35 273
560 122
917 93
760 231
300 473
110 790
939 178
484 4
779 869
224 570
639 180
223 224
554 680
89 823
754 684
481 212
325 129
376 682
353 263
648 122
937 561
69 304
674 266
716 401
619 834
230 888
743 824
975 423
144 291
752 375
410 911
715 502
270 535
126 903
933 469
688 516
351 103
522 1000
659 346
757 418
411 411
772 116
363 679
403 946
390 382
516 244
625 572
921 473
217 144
774 53
304 304
107 980
847 860
804 412
391 482
201 128
800 616
399 100
650 216
22 87
236 960
858 446
427 949
757 694
571 75
830 977
726 91
434 29
618 85
735 640
573 797
749 257
930 647
456 168
460 192
460 764
315 281
553 302
623 30
446 940
935 910
329 23
541 310
133 886
105 852
568 695
527 365
116 247
192 795
135 802
624 615
278 484
274 500
565 548
704 948
901 191
847 899
268 983
879 781
977 960
758 380
640 759
665 44
9 575
404 786
338 610
553 892
118 133
959 505
367 812
230 883
298 883
435 719
706 419
23 88
219 142
881 529
242 253
107 501
400 878
521 31
192 12
755 928
671 234
634 556
214 12
348 923
923 217
565 378
452 242
807 943
264 987
20 348
386 946
28 38
729 43
712 915
670 473
933 797
971 295
484 188
949 550
934 202
740 6
139 671
967 438
832 535
234 957
417 1000
667 61
777 422
956 724
429 635
414 294
614 547
317 176
482 630
320 498
422 619
624 456
996 351
360 24
964 272
626 116
363 614
530 554
386 797
985 106
52 871
943 383
359 733
11 356
117 645
686 566
799 670
593 536
977 740
670 836
740 784
986 315
863 620
574 275
925 436
325 531
275 322
29 357
268 227
210 186
316 542
267 658
755 203
871 527
695 993
551 578
751 585
575 413
151 875
374 156
478 353
335 188
119 237
589 106
269 504
430 538
607 787
398 434
582 94
231 830
23 634
594 844
645 920
861 378
673 451
899 589
251 558
730 509
881 642
71 188
769 927
299 431
956 91
572 312
942 358
146 201
692 791
369 245
872 518
495 483
110 314
386 927
529 617
77 385
648 535
872 604
349 61
829 859
29 77
462 851
203 550
988 304
931 97
491 949
423 843
937 422
963 46
277 824
855 376
470 967
904 802
171 995
419 776
765 613
862 131
128 119
778 893
589 365
570 327
244 376
978 247
164 793
465 446
528 181
444 983
811 968
964 440
326 481
500 613
991 538
918 518
617 831
872 954
588 775
815 67
92 598
540 947
577 405
535 368
588 340
902 419
930 919
506 651
536 826
849 80
716 861
72 191
331 960
966 853
380 382
438 734
191 832
631 888
92 980
681 53
208 82
394 892
250 569
749 506
606 273
265 932
991 360
718 693
947 810
365 234
169 269
383 244
460 339
633 561
219 132
183 536
667 776
493 703
756 223
817 921
606 399
223 938
298 827
227 810
849 969
380 495
807 104
736 684
287 375
531 483
346 42
136 68
332 595
41 903
193 63
822 524
567 664
383 581
469 850
103 158
137 85
183 52
182 982
544 537
902 20
774 937
402 580
94 869
497 288
965 395
695 733
386 65
940 723
485 946
931 89
532 698
977 721
47 654
404 689
637 111
260 111
783 768
228 518
536 962
177 89
868 206
505 55
588 828
727 932
715 98
670 975
439 139
81 296
768 21
33 200
103 593
33 856
960 260
367 950
56 751
266 277
9 827
256 870
884 611
645 192
9 242
489 81
619 184
740 253
465 837
812 498
145 61
84 435
435 766
650 388
330 463
876 175
923 543
567 174
341 315
765 445
196 966
352 723
439 512
555 787
668 94
953 12
153 885
21 962
914 695
283 66
922 702
494 712
862 2
741 315
229 581
168 700
415 785
984 492
46 224
56 647
522 794
249 445
13 266
582 118
490 607
561 819
682 520
77 895
274 721
134 708
870 970
472 767
694 579
782 219
568 635
945 982
157 312
408 678
686 54
55 974
228 307
437 106
7 31
742 219
352 733
437 732
931 512
632 587
357 932
168 366
524 684
786 498
774 347
158 440
290 388
469 913
973 113
237 835
233 312
820 599
470 953
883 809
689 544
633 927
734 271
638 464
885 419
425 110
631 113
858 739
67 773
49 185
268 887
326 960
999 395
698 607
80 385
494 990
926 580
273 109
100 625
832 833
661 111
544 982
148 535
100 800
919 946
446 19
84 523
451 722
509 234
1000 274
269 170
443 932
811 587
837 415
800 670
404 523
50 673
969 746
739 171
195 699
620 164
334 878
427 52
115 765
187 580
662 950
908 459
847 75
632 539
772 790
16 183
369 178
346 282
320 989
31 737
107 8
992 621
417 644
908 505
192 19
856 44
700 90
911 479
223 200
543 971
515 191
538 374
532 174
411 187
44 801
447 910
374 678
933 770
648 603
639 850
579 747
810 101
456 25
462 503
273 799
794 653
583 227
576 861
622 901
989 164
424 406
316 781
396 731
245 685
436 777
596 274
898 438
655 728
634 209
91 312
174 681
500 508
327 149
894 54
401 700
874 80
378 22
394 866
541 803
117 272
716 813
912 586
789 846
376 988
842 689
808 208
642 731
615 830
850 618
670 446
798 899
49 845
825 42
923 243
364 963
485 138
433 33
714 492
441 33
623 376
924 359
360 82
370 742
530 605
352 210
950 494
862 2
928 392
462 545
82 976
425 589
944 131
48 530
99 771
503 724
803 360
270 989
963 721
129 18
802 192
564 918
774 38
257 967
933 419
636 124
168 362
813 842
455 747
882 815
591 897
146 498
56 915
38 907
852 299
996 773
421 249
566 177
712 304
927 677
204 707
229 183
298 244
787 879
75 443
506 283
663 446
28 789
974 279
235 205
718 317
124 500
380 270
409 199
250 960
425 9
958 913
40 607
157 35
980 880
760 344
472 168
827 984
9 537
822 124
339 138
912 396
9 970
536 598
869 450
433 898
192 154
422 73
811 945
691 214
497 96
134 858
766 926
255 854
61 389
967 480
337 595
936 781
876 485
964 234
303 56
69 790
999 875
234 719
795 505
591 601
107 287
184 538
447 516
851 113
884 994
105 965
603 316
515 606
979 113
261 362
589 993
741 513
475 541
304 682
122 254
282 79
733 944
601 944
18 676
955 149
266 548
765 695
779 213
579 387
150 868
626 320
337 756
685 483
726 535
438 132
110 480
222 872
588 428
954 565
14 470
734 562
939 182
74 946
635 524
24 399
724 181
256 417
852 742
177 421
691 486
347 809
152 123
54 99
382 359
580 537
49 800
911 177
19 273
529 994
393 912
460 943
854 874
100 871
20 326
56 637
317 539
94 103
676 657
948 794
401 877
331 596
531 953
416 861
735 255
701 100
381 958
468 682
487 760
748 949
619 345
556 970
383 916
882 836
138 733
573 986
545 142
307 27
807 916
511 132
363 957
795 580
202 936
43 424
269 386
965 219
453 657
624 799
741 270
183 512
561 369
549 368
335 147
337 749
420 97
370 177
213 417
860 926
177 211
298 276
774 600
368 256
930 948
322 288
87 2
109 291
804 57
265 793
933 107
999 48
589 194
715 137
325 474
604 991
923 161
14 138
696 858
84 663
862 959
694 149
247 913
289 466
872 313
95 97
956 260
706 352
262 991
771 22
282 393
240 934
813 148
528 64
671 777
265 575
265 414
978 396
890 429
791 526
821 51
725 267
849 242
113 968
108 303
497 40
824 975
420 389
657 108
509 341
355 683
833 683
258 241
22 595
771 182
343 47
313 19
156 227
130 556
937 149
810 517
814 834
824 759
520 237
385 748
433 917
678 868
567 107
844 541
697 674
839 553
214 236
733 751
23 565
222 351
524 879
208 942
514 647
250 338
485 967
267 899
954 559
458 48
66 600
565 467
266 882
556 920
70 76
963 686
55 762
252 191
17 44
735 837
781 601
985 31
627 435
657 448
476 74
190 405
195 561
925 695
684 248
459 328
283 799
571 497
322 388
901 536
843 395
877 192
353 148
84 80
915 452
902 865
675 912
865 797
958 804
560 218
338 559
918 312
446 264
682 417
905 1
906 69
456 335
706 77
164 796
422 514
180 982
192 661
477 405
587 566
456 739
321 941
197 575
167 153
119 618
962 328
604 187
901 905
660 640
468 503
278 94
410 675
330 206
750 9
375 982
474 997
689 131
425 722
530 814
630 551
828 328
404 572
289 254
767 591
513 576
713 268
172 924
666 774
883 222
344 398
33 855
371 491
730 249
623 60
195 176
380 914
895 822
539 50
323 939
512 252
659 223
538 224
145 515
903 34
579 530
565 514
292 823
982 44
177 128
540 959
537 698
925 729
777 889
833 926
125 963
420 681
853 75
854 34
759 473
892 672
130 293
767 148
311 828
464 568
909 958
101 119
484 94
35 281
941 902
907 964
94 317
894 916
785 549
8 835
82 269
805 175
939 892
940 369
841 947
362 800
914 230
423 574
587 886
502 951
828 436
244 915
345 582
818 987
239 178
949 369
495 269
410 98
794 729
123 394
201 520
203 383
581 913
61 347
482 738
990 79
979 221
818 832
588 175
769 522
206 146
480 273
649 784
164 62
720 593
911 727
954 427
38 159
869 679
626 649
418 807
98 132
368 773
238 766
971 745
895 273
618 235
753 352
697 621
12 662
192 581
238 277
356 9
46 288
141 458
567 892
940 654
266 79
53 215
535 788
855 670
28 405
711 12
65 635
734 681
652 390
427 821
729 82
910 486
750 595
732 351
572 153
214 808
211 897
755 936
776 431
44 71
152 121
571 75
201 604
564 532
58 414
360 923
908 27
7 170
141 26
44 295
390 58
232 907
618 781
631 418
439 974
184 568
922 761
813 22
663 33
220 61
292 57
296 832
977 434
326 573
201 535
166 821
578 939
575 49
209 972
309 337
598 937
105 504
54 46
779 837
641 694
756 861
418 332
479 5
964 769
367 504
614 673
427 93
827 421
472 168
906 965
947 345
377 47
967 250
695 784
93 455
232 691
664 134
667 832
750 29
196 894
386 296
667 271
599 39
748 672
488 906
399 50
125 905
920 75
122 267
593 692
150 213
529 964
489 520
470 123
387 189
282 43
213 918
628 539
788 452
94 681
432 559
738 974
4 246
193 335
370 793
994 607
773 897
911 450
711 633
293 376
143 191
922 296
33 894
341 397
671 577
516 28
773 576
546 969
590 522
72 490
202 627
309 802
222 462
963 786
127 608
664 302
844 715
679 597
250 921
173 606
982 875
61 116
152 415
18 631
142 226
130 570
576 382
488 593
186 130
323 50
760 793
936 327
597 238
515 157
527 205
269 646
695 852
781 979
341 949
298 418
229 367
834 202
980 987
799 942
1 644
458 818
334 411
372 104
233 189
712 465
535 356
161 616
658 413
663 766
142 899
495 678
370 699
52 285
334 805
451 187
823 289
776 355
109 683
246 905
32 643
247 554
800 321
221 776
120 249
367 321
206 290
627 445
337 342
444 144
420 169
839 632
479 121
106 276
294 709
253 7
597 823
820 674
57 40
920 523
107 291
245 908
638 843
473 492
261 357
7 565
71 146
766 423
302 290
932 206
473 391
108 696
821 39
347 848
498 722
735 695
225 702
442 874
632 2
51 542
163 200
820 954
702 758
944 807
431 620
756 953
865 93
670 337
586 549
787 46
347 584
237 895
729 785
422 283
973 775
674 624
190 704
201 889
786 774
177 474
801 66
634 227
871 473
555 821
380 197
394 156
176 291
73 697
753 64
343 237
203 282
186 315
240 201
494 720
640 531
67 619
326 797
37 350
991 719
925 511
752 85
895 641
643 412
362 588
851 21
205 204
664 1
307 664
507 469
85 156
117 614
706 782
280 130
433 351
200 36
568 268
142 746
66 185
748 416
3 517
767 477
702 673
107 183
844 259
644 60
186 607
157 576
410 840
225 439
994 404
772 414
312 290
703 261
583 2
437 596
171 249
921 408
561 190
759 49
296 258
628 486
980 566
895 986
55 256
832 500
686 699
456 867
473 537
524 74
945 409
760 6
409 127
421 451
49 242
892 361
967 483
377 451
770 787
441 780
768 11
528 330
532 148
423 204
839 509
280 958
432 365
476 763
317 312
214 94
610 507
184 37
319 981
291 173
638 703
66 721
978 882
305 282
480 841
450 2
954 660
360 44
919 554
990 385
577 572
328 773
665 466
607 75
646 314
912 647
340 414
993 913
543 850
955 718
459 75
111 303
618 738
587 87
535 893
501 280
790 120
738 676
269 508
515 196
992 502
222 875
540 435
818 853
792 921
950 424
722 230
14 448
355 562
714 876
863 258
896 484
794 453
377 56
302 292
179 483
656 776
28 917
209 615
477 791
74 914
654 870
439 607
929 867
771 27
599 128
412 240
1000 821
235 343
375 139
775 108
790 398
629 328
617 372
458 683
424 648
907 28
641 132
85 3
750 310
328 386
30 654
854 726
11 859
347 364
399 362
851 323
965 908
557 243
505 612
692 163
895 314
112 758
377 936
638 788
155 653
486 893
833 472
474 578
347 171
187 416
745 92
525 555
387 662
258 968
794 243
59 136
222 527
896 280
651 322
418 180
312 777
511 505
498 397
154 418
368 353
255 330
531 36
960 807
125 567
498 645
387 458
331 720
124 902
151 788
719 471
915 58
889 678
175 739
691 996
8 982
427 127
936 723
847 343
212 121
796 910
544 441
22 444
254 970
894 411
292 807
201 946
992 893
956 852
894 248
609 139
717 352
59 363
969 87
492 987
232 360
504 304
643 650
905 721
789 611
578 367
896 516
728 248
347 957
79 95
439 527
303 823
50 959
154 482
737 345
135 958
482 544
481 99
606 215
851 4
464 665
922 244
567 328
256 22
976 124
433 376
463 181
226 971
758 523
738 12
604 866
472 263
356 952
401 921
735 336
551 548
834 438
884 333
847 406
246 910
733 977
456 657
733 114
171 231
350 488
965 997
69 977
191 299
58 412
197 834
526 202
697 428
435 304
810 679
549 109
194 64
514 911
667 845
19 236
217 933
124 830
784 733
434 105
4 691
716 835
518 622
535 391
159 947
759 824
659 285
474 580
2 63
221 937
793 489
524 166
832 473
320 120
15 442
886 134
608 531
461 300
263 156
188 293
451 996
130 142
149 697
850 138
943 529
185 943
324 154
636 800
86 82
349 259
956 657
366 418
104 603
588 650
528 274
795 305
419 160
373 971
254 960
581 784
767 323
998 428
837 876
856 251
162 948
111 167
281 285
777 792
63 922
709 869
999 927
503 646
782 307
428 981
775 621
889 537
176 731
6 428
965 744
630 234
630 253
249 504
592 148
216 632
417 641
984 268
330 299
779 706
839 356
871 187
201 143
604 344
503 107
241 132
170 648
576 562
56 819
640 62
491 256
200 602
826 249
696 371
836 575
705 548
314 524
768 523
329 911
978 673
166 273
160 961
7 117
57 450
341 180
914 752
132 308
920 588
315 579
661 928
479 385
957 422
561 83
27 220
321 477
653 190
747 442
273 231
901 823
917 519
337 589
38 669
362 705
23 435
261 188
702 904
55 958
42 154
207 140
784 690
502 211
715 67
220 107
588 184
986 257
954 829
413 480
607 220
745 541
386 135
983 178
420 573
681 230
14 771
406 261
840 630
533 797
770 489
963 929
287 471
420 126
189 1000
305 99
763 801
383 332
689 151
670 730
558 181
679 776
445 114
776 854
742 894
695 635
190 222
45 414
145 123
208 547
125 720
694 110
571 708
546 320
533 318
70 229
30 469
987 719
881 486
348 276
426 900
431 817
767 33
729 856
576 845
691 412
480 712
21 773
993 160
752 341
887 915
883 571
200 644
92 166
428 712
720 978
108 118
86 33
680 258
420 29
299 286
69 324
42 752
774 542
742 688
145 767
515 681
341 811
488 531
637 172
952 362
303 324
77 992
184 893
703 960
869 278
544 897
676 484
397 133
863 947
770 98
39 249
944 80
992 741
685 123
818 724
104 17
368 660
208 261
400 39
577 517
381 635
816 14
560 251
397 300
293 635
888 6
308 965
913 677
98 944
292 736
798 509
971 461
561 776
462 174
642 759
782 827
800 344
350 997
467 835
355 212
678 750
23 39
283 317
880 302
384 282
925 374
158 771
832 465
155 54
280 478
554 612
185 256
837 4
267 234
394 484
956 178
7 830
248 506
873 126
866 71
130 701
323 771
336 320
437 765
325 404
155 985
811 880
924 226
463 270
723 559
270 579
854 258
133 177
999 975
617 731
172 565
958 525
310 241
728 430
613 538
231 263
564 837
397 195
973 170
282 182
723 627
159 556
692 801
835 447
435 560
759 380
14 410
167 748
757 492
119 36
299 720
406 66
81 219
717 808
656 516
814 822
226 118
68 73
87 470
343 661
514 435
81 585
474 427
56 250
572 561
551 859
45 882
996 512
518 11
485 333
306 212
418 167
672 567
364 496
903 55
676 869
326 1
453 900
455 177
96 447
196 355
900 361
171 758
623 870
681 804
985 147
81 915
182 398
883 777
426 826
112 259
847 602
468 674
251 842
123 342
852 983
647 743
84 304
911 517
905 926
166 363
890 330
663 550
626 260
158 680
28 135
737 232
935 812
98 126
464 784
565 797
600 50
998 579
108 606
265 352
710 476
210 393
675 496
784 921
850 732
170 543
75 564
939 736
879 890
273 419
562 884
782 225
349 349
616 857
868 268
393 671
153 602
521 823
251 946
790 391
426 536
599 630
825 269
534 573
719 296
686 27
368 392
654 4
40 264
17 898
789 318
173 70
252 555
157 570
260 221
791 309
795 762
438 525
928 793
213 819
47 468
867 807
934 774
437 90
626 12
287 621
181 788
758 450
273 741
31 387
859 228
140 769
687 951
837 167
506 5
370 291
412 114
525 938
