1000 2526895
10000
739 974
785 507
104 105
651 765
672 766
994 688
550 181
58 875
255 303
224 820
338 23
600 485
241 128
555 430
44 266
382 494
55 414
169 565
933 842
706 765
104 751
873 56
183 266
607 376
529 601
543 181
692 103
435 851
962 810
134 16
407 341
710 491
957 752
269 2
527 498
879 792
350 987
367 422
120 766
935 696
983 794
645 208
726 667
698 63
438 805
634 67
30 147
672 14
485 136
694 642
750 345
748 383
425 648
677 449
891 826
479 30
240 432
657 457
871 748
626 544
306 568
924 552
456 450
365 271
507 545
160 699
118 430
163 193
66 816
40 898
118 849
721 503
955 414
525 328
312 791
857 758
307 345
684 403
740 997
51 393
166 980
201 436
175 416
792 266
373 584
729 617
256 192
888 307
443 262
761 690
284 240
828 914
550 560
905 284
985 651
24 144
447 6
491 522
791 745
435 2
986 996
30 350
473 614
841 339
43 751
960 340
813 965
157 390
356 14
510 826
834 534
485 972
283 792
419 781
254 973
824 697
295 161
586 49
636 814
808 86
604 216
41 179
104 54
718 849
608 682
286 783
69 220
627 599
154 587
710 405
393 39
76 198
420 450
478 253
782 649
228 630
157 55
78 482
669 308
3 1000
755 791
837 431
991 316
698 606
785 609
98 18
973 927
725 517
294 567
671 694
182 936
143 416
153 100
79 788
643 856
378 282
159 636
710 198
756 205
267 206
681 490
519 487
353 312
551 353
884 539
170 159
437 578
344 154
941 711
198 743
46 203
276 161
296 59
878 565
793 168
388 356
423 522
787 726
382 571
415 625
670 713
563 692
666 252
254 965
673 184
995 96
4 620
809 99
786 708
357 91
991 424
318 120
920 45
718 332
714 346
996 725
437 949
10 614
860 710
868 326
127 77
27 807
827 482
696 579
484 546
769 61
574 100
753 328
768 847
486 886
498 457
952 543
969 885
202 347
604 991
570 393
977 397
256 882
421 152
504 778
40 268
659 698
166 257
959 754
785 814
361 865
593 406
569 200
693 43
734 435
669 719
756 225
46 338
529 218
396 836
768 962
160 620
634 436
481 422
909 688
308 229
540 440
664 628
925 754
89 301
386 583
296 920
276 685
856 20
444 271
212 103
687 196
418 839
971 488
922 752
239 680
20 379
226 496
356 540
917 664
516 974
176 67
153 638
151 161
50 963
666 324
137 441
835 740
521 389
86 481
246 954
535 838
316 870
710 605
358 698
773 7
19 66
634 344
99 945
982 343
394 166
973 633
773 625
527 763
403 805
216 141
344 462
421 264
998 743
767 452
612 432
409 777
961 756
192 933
931 811
423 659
937 452
823 765
38 297
945 325
634 100
27 859
938 933
472 531
513 899
447 660
293 962
201 883
461 667
807 274
298 50
646 332
294 225
915 766
22 284
477 404
782 435
876 869
274 937
725 681
771 336
103 930
533 967
916 784
214 362
901 357
320 171
407 339
659 546
745 435
871 837
36 357
844 923
518 479
797 303
563 687
89 639
864 548
284 430
588 780
306 458
311 573
19 158
566 484
375 943
15 587
328 137
600 50
138 400
401 665
93 345
75 773
706 688
943 136
409 258
752 634
420 475
338 509
692 440
671 641
820 180
550 495
797 814
32 649
206 473
308 850
951 211
314 758
50 324
527 313
825 785
643 623
407 150
440 825
270 746
648 319
556 213
545 394
13 240
713 284
594 750
84 129
341 918
742 679
192 245
837 87
768 245
933 369
193 165
681 304
952 243
917 974
222 136
190 83
567 628
203 50
31 705
671 892
832 571
107 937
605 876
727 946
885 760
36 394
190 856
420 324
280 31
445 381
751 153
693 592
571 874
638 941
45 541
875 714
709 867
294 302
845 561
133 819
415 793
955 796
32 25
851 365
469 467
488 15
697 444
224 37
248 233
742 380
219 806
724 660
581 920
120 922
705 902
610 703
170 441
301 4
205 715
209 386
696 908
288 800
958 283
246 270
125 819
704 314
49 488
996 248
747 410
958 499
77 527
647 712
300 697
654 653
269 464
878 915
182 636
710 348
399 851
775 123
337 311
217 692
63 844
454 631
557 112
323 44
493 602
791 213
51 324
525 198
927 294
209 381
62 96
363 796
576 46
490 43
970 19
179 937
491 125
876 576
959 799
139 754
871 421
246 62
830 219
402 911
394 122
840 637
623 91
970 868
84 854
128 76
982 343
170 440
235 814
942 827
746 149
366 203
642 288
598 73
88 856
306 976
510 235
591 255
186 150
88 331
965 684
436 337
104 307
906 54
428 635
750 523
830 604
54 114
675 439
412 710
733 550
485 252
754 450
717 520
651 792
113 512
120 854
215 241
298 478
170 875
232 157
535 805
610 683
455 888
416 638
121 963
752 458
956 43
322 554
448 721
855 731
425 129
623 623
507 133
449 517
901 731
567 789
473 781
814 874
420 400
159 24
691 219
255 415
368 915
747 324
226 751
626 364
699 882
471 273
887 689
303 868
958 136
858 330
678 934
85 739
372 155
619 253
476 738
78 85
319 906
91 752
461 568
870 649
790 351
189 268
12 813
684 982
232 812
662 342
454 256
910 483
508 347
8 891
671 583
32 962
665 584
757 422
860 859
59 358
668 248
717 174
304 16
608 365
612 545
80 976
657 164
595 425
458 433
907 235
136 298
288 310
184 805
519 233
258 123
576 287
21 728
746 601
704 195
816 322
215 343
680 117
940 268
547 927
343 475
891 727
488 300
547 348
745 176
655 463
701 150
187 671
703 675
456 170
851 218
199 523
837 607
791 880
795 189
495 407
80 862
961 882
120 292
465 203
878 496
392 220
520 424
864 510
636 406
773 607
192 339
500 344
353 849
296 700
994 982
860 945
955 652
416 44
874 133
544 380
643 417
378 124
75 370
978 625
233 852
652 609
164 78
762 335
457 530
880 771
368 75
66 428
407 800
986 184
860 162
825 703
376 464
866 153
810 502
356 507
299 711
316 920
325 17
889 307
828 434
677 610
159 566
747 852
232 996
340 983
533 86
436 180
585 279
350 182
933 322
334 621
949 361
272 371
307 534
442 853
539 616
33 675
427 33
883 279
390 628
966 210
622 758
606 973
42 893
423 49
947 556
954 963
96 379
472 776
929 755
197 86
378 1000
373 774
861 246
400 266
144 1
362 317
321 291
498 69
411 585
684 884
37 515
697 253
369 366
327 968
812 24
933 934
431 953
692 719
273 14
167 314
498 560
779 98
310 990
439 52
906 343
553 158
888 267
661 39
24 776
399 513
703 723
802 840
730 664
384 522
92 965
78 744
410 892
478 351
857 256
567 368
715 877
972 830
740 600
501 780
302 748
267 957
956 239
614 853
623 590
347 509
140 939
819 202
194 717
568 856
9 495
500 498
198 451
369 165
978 549
823 18
26 353
984 708
845 960
636 277
511 411
602 105
245 284
952 310
548 512
77 425
412 220
986 197
836 848
174 462
27 388
369 187
761 555
248 809
945 726
857 701
966 294
696 109
506 456
333 339
994 442
546 30
938 307
33 179
879 272
830 817
208 848
254 879
449 892
198 916
682 896
119 907
945 621
281 659
676 90
925 823
358 303
607 682
460 525
159 955
115 570
68 544
26 709
899 102
678 577
49 755
441 849
383 830
690 770
953 956
723 336
220 502
741 565
274 54
65 215
456 559
837 341
457 952
774 220
281 215
356 739
438 458
388 774
329 528
873 36
804 605
718 75
692 442
412 860
415 923
274 817
629 931
905 249
392 337
49 375
40 819
232 702
722 184
31 669
716 462
467 689
947 493
874 832
31 399
516 735
902 816
924 312
921 910
390 423
738 395
204 772
263 963
552 789
621 146
325 462
5 590
985 298
354 911
377 564
42 108
151 302
823 175
574 259
428 179
530 195
376 212
549 332
809 677
559 902
182 3
66 215
170 666
227 419
145 307
531 498
173 73
228 944
679 503
672 339
590 342
744 957
107 572
837 730
879 984
193 203
95 303
761 454
162 398
314 210
595 502
261 643
515 619
954 371
286 517
58 885
845 818
657 870
317 794
550 392
423 735
108 460
243 152
706 997
612 76
61 668
95 241
59 981
509 200
935 868
22 329
152 90
223 884
442 851
46 365
773 939
192 50
31 156
128 483
878 708
241 178
971 731
396 545
888 871
27 630
31 75
29 662
691 787
555 645
77 512
59 729
71 428
443 485
342 519
728 289
659 427
410 666
507 35
276 380
28 733
357 992
899 927
319 623
196 562
901 484
8 571
131 169
646 989
766 146
239 860
502 965
650 95
409 246
694 722
870 516
235 591
532 694
869 565
584 114
236 560
89 494
205 868
651 209
969 157
852 785
221 920
934 601
578 169
282 685
756 772
290 311
592 443
608 32
605 595
240 56
606 464
891 316
551 702
833 826
388 851
643 832
260 525
9 541
351 804
889 981
788 69
971 74
128 41
138 822
850 714
368 534
971 631
451 369
718 658
487 497
153 878
814 155
241 73
683 980
716 72
709 241
455 553
223 429
7 525
351 516
47 843
860 122
123 218
306 630
386 857
1 672
871 762
563 743
401 223
753 773
838 253
855 479
555 605
45 977
539 833
910 545
867 372
603 724
324 667
802 54
672 125
177 447
630 147
663 993
470 530
356 65
903 832
153 620
348 464
103 801
469 447
60 84
154 19
642 701
695 908
949 714
550 336
239 946
266 88
439 716
789 158
324 677
752 159
419 796
40 218
107 11
46 232
517 104
299 370
92 762
428 121
918 519
574 730
163 311
264 18
170 194
145 363
357 745
267 187
842 583
312 1000
48 787
936 572
699 632
508 112
646 561
827 344
857 144
443 203
207 786
130 640
423 11
48 6
330 182
272 830
555 134
316 265
923 609
98 830
279 491
87 735
749 247
71 792
613 192
684 746
367 376
657 983
361 75
905 466
756 917
630 112
795 802
877 354
219 883
673 621
695 364
129 159
364 897
158 716
988 652
465 108
108 720
88 727
377 418
564 359
335 236
616 821
576 374
137 144
82 855
667 363
994 879
154 954
218 549
298 783
293 889
892 411
723 210
641 192
892 148
12 80
902 46
952 237
243 669
93 116
579 464
83 741
720 494
281 669
59 192
542 57
118 231
903 874
69 182
486 529
986 269
308 367
982 300
42 241
171 850
698 637
840 125
920 724
751 963
423 646
413 193
175 487
848 843
377 599
673 531
410 582
606 25
393 767
695 814
793 224
903 633
915 787
511 889
158 179
249 743
606 662
557 446
58 300
855 149
695 958
933 295
500 843
982 128
27 200
188 653
85 654
679 54
713 971
687 607
157 105
811 148
315 204
475 602
771 32
543 963
885 562
333 278
869 252
547 902
907 512
921 973
55 379
461 491
506 535
808 155
411 306
1000 301
65 376
527 504
166 533
822 667
831 515
976 380
917 815
766 735
688 735
901 873
501 220
741 479
26 996
376 405
741 16
224 884
828 738
382 994
626 347
449 878
778 32
778 872
993 181
503 272
834 301
364 712
248 647
656 109
705 217
900 979
214 611
199 384
197 777
779 362
388 509
207 500
586 312
951 939
912 2
640 854
744 564
60 715
896 974
331 770
182 745
622 723
737 733
30 756
542 33
93 401
542 666
999 201
78 764
120 899
552 127
894 929
89 595
939 700
510 725
688 308
961 907
789 787
921 648
467 585
140 308
332 141
117 493
657 659
418 59
315 939
505 753
957 389
979 52
787 3
909 585
513 105
595 615
227 910
138 766
668 971
86 506
331 698
979 617
680 700
739 524
37 181
323 94
501 432
335 774
273 62
359 930
235 145
710 236
942 470
946 345
354 82
441 250
869 427
526 50
551 678
421 845
838 876
795 708
56 618
454 367
942 906
493 55
151 482
295 88
808 374
266 285
219 569
974 802
749 853
284 731
30 713
79 862
298 975
237 312
484 661
371 139
958 384
241 660
851 139
537 275
697 367
894 83
138 887
41 653
828 433
249 296
846 658
813 334
341 499
629 739
614 109
853 391
414 831
846 916
69 783
665 801
442 415
781 451
740 828
989 456
910 549
824 95
943 802
72 78
754 211
806 693
644 55
122 658
609 746
120 325
111 51
757 529
252 78
35 375
267 670
125 755
58 398
902 701
126 689
941 563
335 953
363 554
130 888
859 973
872 275
761 310
631 175
551 874
631 538
336 947
551 366
741 993
740 229
441 60
131 115
448 706
888 978
697 995
888 14
232 359
629 939
829 468
217 261
469 215
421 136
810 278
362 645
596 334
918 356
538 145
683 169
507 32
525 977
360 324
707 337
119 172
667 633
907 237
937 514
108 737
191 587
15 621
60 840
648 755
276 315
977 335
50 734
736 129
459 923
565 250
756 721
67 195
689 63
448 958
551 715
777 503
249 962
610 449
720 112
313 335
436 277
645 841
88 981
745 16
772 277
628 296
633 976
675 904
299 562
717 689
698 89
224 141
158 389
372 761
607 791
740 623
152 320
282 220
52 740
868 605
682 678
381 509
624 127
245 903
608 630
169 135
543 718
151 805
217 971
895 841
469 638
64 688
66 706
203 584
62 124
515 226
408 20
597 342
603 289
297 678
443 343
786 435
221 934
833 907
12 366
819 631
836 902
66 977
789 640
360 355
18 980
550 881
63 10
633 864
391 337
110 913
3 640
798 48
867 919
357 922
964 10
10 357
191 44
556 584
473 968
2 972
679 641
329 472
427 26
667 271
729 872
284 88
143 212
459 802
738 370
531 812
912 826
877 903
730 861
516 440
432 963
717 461
475 11
719 511
781 101
462 422
566 117
360 752
845 164
246 968
14 972
971 211
357 789
68 993
800 19
37 129
82 219
826 561
359 314
233 7
568 200
50 272
670 849
344 570
506 525
940 65
617 267
483 175
91 854
576 943
306 692
138 22
278 34
153 893
591 626
509 690
307 660
436 656
917 430
988 176
395 754
133 374
143 100
800 181
796 466
232 507
326 984
270 743
134 82
1 306
996 215
975 107
483 884
607 600
336 826
454 815
27 199
115 699
249 688
89 565
947 970
940 173
543 736
355 125
162 871
118 846
180 399
915 591
209 947
63 754
448 990
40 466
644 956
604 167
581 573
937 950
281 553
530 213
968 297
562 77
122 399
541 998
249 644
609 778
720 524
270 451
458 92
119 463
813 853
527 874
304 914
355 308
795 680
821 521
927 908
208 507
493 39
515 71
976 22
583 948
598 331
480 907
135 356
926 482
25 111
436 67
527 270
450 87
857 616
445 681
591 142
704 6
502 88
461 169
887 736
738 465
274 979
583 74
717 604
799 658
865 185
783 18
648 475
416 435
872 206
857 474
262 938
778 44
894 866
592 689
318 879
610 887
253 548
429 242
760 461
73 432
813 449
748 870
399 204
162 403
100 191
839 339
882 637
467 7
734 965
254 736
913 118
665 592
808 131
370 583
953 329
465 234
19 866
262 623
534 495
118 511
579 959
842 165
851 992
475 465
497 699
831 416
824 412
716 579
918 822
248 117
568 96
548 531
214 941
450 710
722 184
617 419
226 811
539 996
688 6
116 618
96 321
721 296
993 45
963 340
547 959
230 842
726 106
660 549
512 583
676 968
626 277
643 600
346 737
175 225
478 464
753 1
954 394
440 270
319 932
627 824
338 100
4 743
242 661
140 583
984 225
127 397
507 74
147 38
664 460
560 421
890 837
344 156
37 281
481 470
423 641
616 540
848 495
158 168
679 657
654 907
534 998
183 643
366 901
374 201
341 171
154 391
627 31
332 442
513 65
915 980
205 609
921 12
842 343
477 687
605 81
933 21
863 137
997 846
956 159
218 544
786 447
120 125
166 329
915 472
914 960
379 671
15 333
621 445
18 205
145 42
242 949
387 86
552 922
706 438
891 232
294 58
841 437
562 141
839 786
597 435
136 116
222 442
825 224
873 758
67 486
581 19
892 36
97 37
728 995
456 1
51 470
899 297
863 765
432 899
379 220
735 372
575 623
618 317
956 596
856 989
370 915
818 905
164 321
756 893
691 52
379 795
187 852
844 194
143 940
467 229
208 544
23 396
578 272
91 869
768 181
767 788
133 342
850 170
745 645
190 767
40 803
981 191
964 131
684 669
737 772
66 155
305 727
711 933
626 955
909 643
663 547
475 765
997 202
416 640
3 913
773 928
568 358
651 484
876 624
771 824
855 737
517 913
673 870
984 902
664 628
53 520
369 482
61 788
47 354
870 477
300 274
659 231
631 269
261 11
611 109
871 257
838 199
98 753
852 30
844 540
622 621
893 461
986 606
309 160
321 13
602 517
426 358
125 292
850 314
478 648
452 712
595 150
374 329
515 337
730 167
466 327
920 857
411 886
835 797
87 862
218 237
716 2
55 157
882 592
917 350
43 446
416 209
342 616
319 16
849 137
994 304
107 194
598 457
440 152
927 926
453 378
184 999
334 787
329 101
293 137
558 746
453 27
350 301
582 165
310 270
228 940
908 222
320 92
169 369
220 48
951 561
20 152
312 788
106 90
892 101
825 635
629 623
438 913
901 854
551 159
504 127
392 573
914 32
741 825
608 335
86 884
127 791
7 140
612 283
423 349
11 389
582 666
169 849
345 11
386 336
900 103
247 837
742 68
439 71
18 214
54 730
204 520
750 809
256 477
112 919
122 387
549 80
554 311
471 70
47 606
741 602
50 801
985 303
588 803
493 206
543 116
603 253
930 965
477 96
873 278
478 17
496 452
801 105
891 275
602 306
106 818
393 97
172 317
233 669
987 713
756 982
525 271
366 71
869 204
923 234
174 433
136 60
974 259
195 214
684 458
442 750
381 702
420 398
160 251
817 190
69 648
480 374
917 700
915 848
762 957
193 138
882 21
687 465
448 639
972 279
439 500
960 810
184 925
442 314
138 219
250 849
676 17
109 755
912 561
360 89
150 642
326 445
367 52
510 695
70 172
49 357
356 201
977 315
35 718
664 866
890 398
60 713
834 406
45 319
381 395
419 664
833 157
178 384
753 340
980 388
72 557
980 243
154 670
447 205
906 63
774 1
351 141
943 601
433 227
77 340
286 682
682 855
449 998
459 166
649 475
130 315
464 862
524 983
623 7
774 140
944 647
434 279
452 551
728 333
392 978
800 190
985 533
462 654
934 867
427 616
983 279
503 634
381 265
874 283
614 559
520 480
706 20
905 19
772 965
97 40
176 82
732 517
291 313
327 983
5 481
40 283
336 603
462 279
787 109
120 548
662 179
339 343
780 267
18 355
541 716
975 591
391 126
146 921
720 266
914 352
998 830
517 916
20 839
898 386
408 545
315 539
758 251
371 949
58 399
670 975
227 718
339 734
266 812
965 604
793 92
932 235
540 601
731 242
876 32
828 803
537 768
583 324
327 168
32 422
310 553
296 477
859 531
285 40
321 38
773 835
936 732
521 63
111 754
651 273
123 269
415 918
426 122
282 794
506 426
571 730
918 730
752 906
422 357
459 874
188 117
920 504
758 541
147 372
973 268
508 28
510 584
421 198
288 173
772 2
832 591
866 170
513 469
168 524
985 684
641 917
814 587
930 316
275 793
153 576
781 85
669 615
396 108
477 991
812 476
856 720
299 375
352 126
5 195
246 162
178 666
582 914
538 237
438 171
212 422
97 321
182 963
580 237
763 212
139 248
664 120
389 652
671 468
599 616
977 169
235 881
689 602
520 676
192 651
399 609
530 593
861 243
346 608
852 426
888 492
813 399
762 157
589 236
968 863
912 603
772 203
555 429
857 856
379 161
776 406
275 139
653 655
342 998
987 308
622 387
66 454
950 711
224 894
112 212
611 441
354 644
828 199
324 575
221 814
306 844
488 562
726 867
295 693
817 562
294 913
9 305
713 90
347 307
61 198
81 187
50 553
719 198
762 759
121 388
454 782
151 350
929 411
920 215
225 328
764 721
423 631
919 635
912 398
579 863
380 512
960 417
190 755
711 260
842 324
967 221
518 109
869 562
316 687
798 222
701 660
769 752
621 137
758 266
585 581
837 26
884 388
24 64
838 71
904 872
650 949
805 84
926 885
699 585
154 321
56 21
895 958
679 456
407 311
172 970
11 277
754 667
35 384
294 163
757 554
596 363
784 39
113 95
16 778
393 396
243 387
323 915
53 147
930 437
797 8
306 628
643 796
896 314
989 933
509 143
359 496
85 580
44 60
403 972
944 893
107 985
167 288
178 421
617 17
898 175
491 601
156 270
398 512
121 592
865 65
612 406
79 366
381 354
523 876
622 482
16 898
463 606
713 339
870 796
37 112
83 404
24 537
150 554
160 975
537 673
361 271
278 437
66 533
816 339
22 122
610 516
687 739
462 190
491 858
863 464
73 232
712 879
287 202
191 647
988 17
997 426
406 510
695 972
335 479
254 119
633 107
753 69
548 20
543 719
228 197
728 83
730 234
809 791
263 212
298 560
981 537
414 172
188 765
320 461
474 170
218 675
805 469
10 815
714 596
454 193
911 682
341 403
310 253
299 118
600 32
639 138
905 186
516 912
945 854
688 892
86 308
376 846
351 486
847 290
522 891
926 415
833 954
441 165
598 153
497 828
682 57
440 822
911 173
48 397
853 512
991 877
853 12
980 662
530 503
503 422
695 382
484 669
236 363
968 899
536 589
638 916
799 483
638 146
853 426
180 687
83 40
870 518
426 195
304 343
841 545
163 939
247 109
271 500
414 751
46 311
609 186
615 937
616 575
923 410
87 103
835 245
500 328
88 790
472 740
643 723
281 466
549 31
974 530
250 762
20 1000
750 958
248 257
38 508
786 993
323 266
787 242
272 891
154 951
162 874
893 211
38 691
339 138
696 163
309 233
160 693
560 305
896 774
491 317
995 551
786 691
478 11
159 336
489 581
585 59
528 995
545 386
596 699
292 516
174 714
474 666
219 295
924 103
178 49
384 156
369 509
615 421
41 903
777 944
145 999
653 42
562 708
626 283
546 859
475 287
341 363
5 233
234 361
146 878
15 814
751 438
852 799
381 343
45 568
979 768
384 87
667 224
319 966
445 803
841 966
333 155
221 23
137 614
291 494
483 995
245 569
866 424
792 932
499 405
325 605
342 889
815 871
714 724
45 810
764 612
235 998
291 871
951 855
76 522
11 599
207 835
248 356
816 128
968 550
378 553
758 54
631 13
917 826
416 622
52 777
183 150
140 485
708 847
935 451
50 858
547 868
630 511
97 400
835 618
722 44
20 122
75 335
918 813
320 463
934 412
713 817
977 538
772 651
35 434
748 234
6 514
736 859
596 741
868 816
716 922
783 43
658 933
69 214
637 889
862 914
325 276
337 128
967 629
774 155
338 160
422 195
447 219
485 810
863 884
216 372
718 885
193 81
456 291
725 544
714 680
692 159
259 185
364 258
785 845
442 90
661 56
139 970
129 32
228 553
613 540
60 543
640 553
454 985
908 794
27 848
238 206
923 42
168 569
659 200
458 673
116 78
933 16
99 82
138 760
867 969
596 136
187 889
100 297
774 957
214 605
822 14
59 686
255 193
23 18
485 408
157 653
904 918
170 368
754 287
148 493
753 432
95 804
744 290
848 194
491 566
798 449
323 572
229 123
215 121
529 472
307 128
797 468
274 693
175 556
487 465
678 748
720 950
674 772
527 335
737 497
276 216
396 253
322 743
985 86
337 48
764 485
368 457
613 432
741 528
939 592
160 392
763 405
391 694
524 743
771 332
861 117
753 837
554 995
548 883
945 860
732 775
993 39
406 644
857 85
952 335
178 754
674 81
71 768
699 391
554 884
85 550
63 849
869 554
337 636
601 268
62 228
885 266
755 409
947 139
798 251
761 454
160 144
263 782
387 303
985 805
955 459
837 159
787 21
291 734
507 445
419 714
996 659
108 839
678 291
304 421
962 5
857 874
939 487
473 865
971 871
813 177
477 886
711 769
210 666
677 914
769 31
659 684
882 640
919 460
68 337
828 715
126 715
455 105
650 865
161 180
763 16
850 782
478 889
916 568
390 277
529 506
271 715
367 283
672 86
318 337
561 184
466 993
719 361
475 715
380 236
461 141
503 969
861 78
687 296
947 526
198 293
119 383
196 122
115 103
820 217
62 840
989 706
235 630
809 121
900 562
436 874
756 315
202 935
934 209
404 289
733 508
156 619
68 824
741 527
747 326
725 520
8 428
329 759
108 760
861 886
974 174
362 591
640 810
348 204
735 110
48 656
715 115
259 353
494 382
467 754
691 912
819 722
294 312
380 893
950 82
390 616
121 398
584 881
558 626
183 734
597 542
561 89
977 575
416 67
4 614
137 494
493 432
35 912
796 489
164 669
548 526
880 815
526 942
699 55
233 388
855 213
72 520
395 331
151 544
490 984
465 929
505 280
423 867
941 433
130 614
222 143
912 99
29 569
399 776
805 585
674 60
788 164
533 957
868 137
157 213
835 724
570 633
128 460
207 82
724 95
449 785
994 55
210 604
942 536
289 799
785 163
920 62
57 673
52 321
948 218
761 532
260 114
809 784
150 416
472 621
663 287
448 764
887 372
68 146
375 119
635 994
812 312
49 652
200 788
732 938
78 224
972 889
266 628
129 261
318 896
485 599
53 572
889 87
620 461
542 656
87 508
854 367
688 901
187 420
74 824
104 845
758 764
617 801
373 855
716 195
888 378
865 399
313 903
331 473
115 888
608 804
864 59
300 624
33 136
653 30
45 404
645 43
590 975
7 746
860 175
616 860
834 921
440 518
338 643
212 837
245 216
142 20
216 877
673 832
730 853
967 522
383 108
175 655
555 63
426 526
471 769
16 975
685 868
724 993
696 558
149 865
576 243
982 327
37 286
945 597
886 512
936 438
687 174
273 385
371 18
920 491
556 587
525 531
367 898
310 489
643 812
129 152
350 703
755 806
484 904
585 48
357 560
138 534
32 617
79 364
789 292
118 571
993 101
788 963
977 955
915 257
164 238
295 621
942 774
629 131
643 255
860 481
785 648
858 184
577 95
89 377
241 621
911 485
665 173
311 458
453 886
22 694
904 826
667 939
150 984
510 182
874 573
783 319
422 901
988 278
846 636
482 318
954 324
256 877
586 32
113 62
973 565
632 944
492 105
119 999
723 153
756 386
565 736
349 122
214 94
611 60
456 917
391 327
108 884
288 439
720 494
245 303
318 678
228 226
345 322
715 834
899 405
413 67
870 716
328 795
508 819
804 275
248 369
195 927
282 858
446 739
802 17
559 685
139 160
226 248
493 974
537 360
818 246
800 636
568 902
266 249
931 907
836 911
443 463
134 207
494 700
632 775
91 757
871 471
946 916
194 400
838 821
277 81
184 33
392 16
263 496
640 72
557 124
663 408
788 740
321 136
611 181
939 958
532 880
146 170
129 489
668 682
20 952
989 689
881 191
147 522
447 874
108 398
844 454
86 377
47 670
32 547
217 797
636 322
334 693
561 810
918 938
191 69
828 481
460 212
17 202
594 374
995 283
346 150
29 142
416 213
334 458
827 814
287 793
218 222
134 338
598 200
212 564
944 716
255 892
166 890
58 113
629 470
901 252
513 203
198 412
808 101
164 839
717 721
1000 588
302 388
341 920
82 57
200 860
641 91
42 214
23 145
716 71
923 248
947 673
410 676
461 876
883 674
534 734
638 974
195 581
725 548
955 85
15 900
888 969
553 318
190 894
498 499
385 719
312 685
668 803
651 845
562 161
272 108
699 226
693 805
540 127
705 159
168 46
533 592
402 431
197 761
142 453
521 134
578 993
213 826
941 477
243 367
22 356
717 391
543 268
738 153
25 820
691 529
526 265
888 73
720 118
745 106
879 3
714 432
946 442
571 157
937 255
923 955
595 100
616 162
495 49
225 232
264 153
512 27
819 420
742 910
856 681
732 907
443 828
885 406
918 681
345 557
767 276
135 359
7 288
143 778
208 545
692 150
511 657
703 38
535 424
821 837
364 173
772 976
230 48
86 187
991 829
214 982
15 543
463 794
509 147
958 123
661 312
320 258
319 711
658 59
142 704
303 397
337 886
882 982
843 156
448 296
37 330
783 393
602 156
67 799
62 243
374 668
809 113
202 582
560 722
82 665
648 188
238 31
984 137
384 210
611 186
151 727
944 858
398 868
539 160
669 790
494 687
254 305
436 736
272 500
300 111
1000 1000
421 508
84 318
476 335
430 798
166 994
984 697
276 329
147 29
791 693
460 108
397 366
964 717
607 755
897 849
950 442
145 84
515 854
167 736
781 885
259 840
50 669
453 251
958 849
493 423
752 397
833 73
829 68
887 495
5 710
71 539
468 645
22 113
348 312
86 882
905 891
260 753
468 167
816 653
622 785
860 952
477 669
197 355
126 520
793 495
997 17
583 188
368 472
769 54
173 328
847 471
523 513
611 487
695 637
527 851
138 422
90 83
722 864
132 350
314 263
362 138
755 719
641 891
749 20
27 688
121 943
210 118
730 325
728 602
862 483
318 660
176 559
205 168
674 196
168 400
399 151
783 510
173 86
186 401
706 483
250 702
215 846
937 678
163 851
299 944
820 803
58 448
811 639
262 129
434 767
204 313
571 3
351 419
475 86
103 635
803 631
913 299
221 96
24 716
469 278
750 942
843 851
909 109
70 562
356 289
290 163
622 924
180 566
697 428
630 486
896 157
595 471
457 417
959 612
999 232
759 816
895 765
297 126
675 259
904 553
96 467
88 399
862 228
399 247
379 586
189 375
128 537
107 310
188 111
59 816
272 927
899 924
520 816
139 176
937 609
222 142
107 594
394 603
564 984
735 220
301 318
966 55
231 571
758 435
608 28
760 102
942 26
269 981
751 646
940 206
795 437
677 945
387 46
720 880
562 673
682 497
318 332
273 904
124 489
735 254
340 998
685 165
672 734
329 821
893 761
220 851
483 814
814 718
600 196
503 504
391 257
920 610
73 773
334 611
399 982
309 195
454 488
529 246
753 573
542 743
378 520
838 318
364 725
243 76
918 99
235 192
958 398
77 730
560 462
433 794
641 763
295 189
52 559
876 993
329 711
621 261
249 203
545 203
952 487
417 159
246 638
536 901
841 403
994 385
303 412
963 61
415 500
537 696
316 683
995 738
839 57
931 87
969 61
733 280
340 465
293 644
121 984
498 752
456 908
165 701
450 885
124 125
87 251
816 621
161 198
956 419
67 940
329 356
907 345
662 849
595 437
615 141
304 223
697 172
959 377
3 688
615 424
300 421
841 745
377 29
362 716
594 938
528 729
846 921
908 732
660 75
621 43
137 879
39 511
901 994
979 628
877 714
116 885
341 195
869 985
761 133
855 190
870 119
52 785
222 103
774 105
885 821
117 959
449 639
655 509
734 888
808 847
431 589
655 114
53 379
542 649
294 178
413 587
140 514
983 127
186 324
740 965
9 224
393 284
589 610
711 816
194 739
751 232
498 287
399 79
278 136
878 311
633 561
417 738
32 730
796 996
709 996
66 633
246 497
893 248
428 953
287 943
781 798
269 225
504 675
813 751
933 30
932 66
836 871
202 886
200 443
416 384
966 798
882 786
770 307
351 457
475 387
543 827
797 155
474 657
159 565
953 360
331 391
988 937
794 543
113 656
16 927
1 798
841 350
525 474
446 983
643 43
996 758
373 640
754 388
85 62
199 497
449 255
615 932
937 455
395 401
740 11
749 736
559 40
7 510
304 93
140 1000
390 193
981 537
828 524
893 82
902 816
633 801
853 591
773 687
254 363
597 865
903 652
42 604
583 776
515 857
745 665
127 64
964 244
69 107
550 585
16 45
171 422
741 539
104 54
402 711
499 540
369 936
681 197
639 405
530 693
362 897
719 974
800 599
266 72
492 693
366 859
383 460
652 886
67 972
778 809
214 745
809 344
170 696
240 740
351 504
345 867
855 668
773 208
7 507
15 796
840 131
802 910
675 53
882 647
881 207
184 331
577 735
300 859
306 787
756 612
854 71
869 920
379 418
728 759
24 581
116 493
369 742
210 486
981 608
223 444
65 161
588 765
845 522
218 321
632 794
708 955
164 961
24 476
209 932
258 960
983 657
559 725
695 950
916 154
115 691
574 161
794 994
949 219
157 171
479 558
841 879
116 893
679 701
464 979
184 783
422 774
476 353
312 234
698 381
379 936
842 872
884 717
681 254
307 503
891 922
365 685
410 440
952 386
253 898
585 647
881 749
778 816
793 963
138 824
696 651
242 43
442 109
747 218
842 734
7 640
46 449
935 409
235 241
71 336
383 298
163 452
394 953
302 85
513 756
893 46
684 242
182 65
942 1
937 70
776 406
473 587
602 919
97 390
778 955
396 849
407 869
105 205
3 770
407 425
86 269
562 781
855 337
668 596
613 200
68 351
382 471
94 138
927 338
650 479
538 312
400 430
37 537
157 947
925 576
714 833
761 997
226 490
193 48
893 264
946 115
101 822
779 925
86 522
128 327
72 955
941 778
141 190
822 308
778 356
709 575
983 573
74 354
639 828
48 631
350 583
690 407
210 253
388 581
740 764
10 719
630 202
230 598
844 361
472 913
783 768
648 503
847 676
786 566
969 318
529 572
132 944
501 881
56 656
166 439
474 960
20 409
361 150
198 367
483 938
185 258
699 497
48 250
804 668
823 635
697 203
265 4
707 316
739 391
949 403
169 663
736 55
129 912
776 307
159 932
174 923
817 525
779 543
517 113
213 492
591 306
121 145
438 410
883 981
112 997
742 854
480 984
252 288
593 415
665 86
764 554
555 54
799 582
638 983
184 9
777 751
916 710
928 678
403 808
923 647
288 836
817 571
530 388
334 483
758 402
962 217
610 414
370 759
930 243
720 784
698 839
84 89
703 881
145 120
866 259
996 370
261 123
357 953
659 612
600 219
272 133
635 676
481 591
74 67
757 850
26 911
470 288
651 82
759 42
654 382
631 258
449 960
224 343
625 650
782 343
218 56
488 166
730 380
18 384
511 643
642 448
77 465
85 420
837 767
643 577
230 504
841 853
386 274
780 625
331 825
53 460
246 748
2 278
382 84
253 279
492 21
43 331
857 142
486 186
478 140
701 822
704 869
154 43
889 379
686 833
233 145
405 791
213 94
137 154
891 510
131 402
169 777
307 519
31 916
406 717
662 1000
821 462
31 746
293 916
769 362
904 212
241 108
755 499
574 558
345 768
633 214
269 317
804 174
865 124
256 586
914 289
877 790
890 127
108 868
127 528
245 286
838 168
913 205
696 988
290 610
254 885
614 708
71 277
703 531
396 107
963 127
906 580
579 544
188 491
833 887
680 952
39 344
322 355
565 810
417 898
956 638
712 246
7 665
891 608
968 161
673 829
654 535
664 854
279 388
712 626
700 110
531 930
790 950
566 25
253 810
648 912
799 760
158 422
516 418
364 769
170 602
48 617
861 69
562 251
439 166
629 724
409 548
964 65
169 623
242 622
841 192
357 244
616 532
114 362
894 567
860 858
535 805
369 858
911 730
523 744
838 719
406 306
972 414
49 292
184 622
810 608
109 729
791 839
600 673
64 95
335 204
747 785
323 26
645 538
98 434
951 112
774 629
797 230
686 373
764 560
704 988
129 97
918 22
352 858
479 294
964 840
224 811
100 74
292 71
933 980
641 414
117 730
706 134
352 897
613 581
639 826
966 663
635 899
625 639
750 404
203 72
860 541
770 388
74 11
822 778
165 59
774 937
599 395
760 725
264 854
964 841
790 897
749 965
636 366
202 572
337 279
374 525
702 756
241 327
223 635
918 268
409 994
121 900
524 580
936 101
361 478
321 545
571 532
278 957
224 756
402 250
723 72
438 518
210 709
761 317
495 629
692 267
348 527
519 998
655 396
598 47
408 385
243 889
920 247
294 925
181 816
710 23
628 963
481 934
564 487
259 188
497 362
325 822
492 760
658 595
864 940
614 856
221 358
901 2
40 452
326 117
216 678
373 507
876 774
238 796
234 675
112 441
401 39
337 373
711 564
963 178
856 458
394 943
335 960
151 273
5 977
173 838
616 963
182 704
949 11
730 900
498 945
116 216
723 302
358 169
518 357
745 938
974 699
700 122
448 961
388 738
312 444
826 540
527 981
900 709
744 406
9 131
407 90
159 515
477 253
990 166
118 654
358 602
101 624
498 428
821 780
407 758
68 558
627 267
550 947
918 993
766 805
744 958
758 912
265 231
891 884
677 45
609 573
392 666
277 663
679 164
652 389
830 785
649 724
556 635
823 835
761 414
47 190
890 794
325 210
965 517
582 4
481 391
372 683
637 658
786 65
178 665
891 477
120 241
511 19
303 900
877 317
720 692
222 605
284 108
388 407
104 630
787 779
540 618
248 945
3 821
398 973
409 41
34 664
463 762
528 40
476 341
417 260
674 195
766 629
441 138
362 121
790 973
72 360
688 870
856 604
432 325
19 313
80 453
422 720
376 143
227 896
751 573
174 282
475 987
210 488
275 175
767 289
92 244
691 948
684 343
200 509
585 925
543 628
795 400
78 668
479 663
739 511
194 225
419 190
95 410
51 688
970 882
802 186
321 746
406 533
432 109
728 147
327 538
712 559
335 410
548 869
960 22
57 663
217 371
198 950
166 609
536 687
147 719
548 37
119 294
86 227
988 342
914 256
123 900
215 130
496 350
961 739
311 526
419 878
488 717
816 980
179 653
213 541
763 725
255 374
299 123
81 323
138 657
41 84
953 902
624 570
920 517
39 244
869 467
959 530
447 812
223 220
203 796
36 670
687 667
824 473
759 789
653 962
794 787
831 704
559 605
335 221
786 152
994 966
998 692
957 52
211 433
343 699
352 386
720 957
17 390
831 475
587 212
994 809
730 802
197 495
688 900
244 626
210 762
77 817
422 424
679 816
70 818
814 435
36 698
184 117
300 723
58 134
381 422
291 541
896 18
534 310
183 715
694 244
621 187
552 56
475 561
996 738
344 852
236 615
148 229
219 971
941 926
657 632
205 882
221 680
512 392
817 836
245 276
522 268
770 919
401 386
450 225
272 263
101 511
458 367
731 153
463 250
982 113
130 368
458 771
62 15
455 165
842 66
479 512
385 23
859 281
83 574
269 63
650 993
718 386
571 696
158 63
217 966
978 783
600 577
88 789
151 586
492 834
422 721
962 228
567 836
447 410
651 367
756 409
61 623
830 398
307 913
25 142
242 555
142 573
186 463
990 772
615 342
643 461
252 882
507 240
673 825
506 182
791 648
373 865
508 125
564 884
994 179
730 856
916 496
735 744
811 376
150 509
238 332
420 321
355 129
564 939
605 645
673 446
403 306
564 108
934 434
72 329
124 605
387 130
970 5
838 572
144 421
567 270
486 698
39 571
541 233
179 342
643 101
227 573
898 68
625 472
975 736
223 26
382 76
638 973
257 675
117 298
864 401
547 721
642 178
264 888
471 820
679 470
703 76
221 757
261 257
644 666
889 925
422 921
946 912
24 953
408 862
604 669
460 330
881 727
900 587
888 466
482 756
642 804
827 903
920 413
58 19
489 78
729 31
822 635
318 801
968 276
502 773
43 586
121 319
39 485
992 973
418 197
391 33
732 762
253 261
613 120
318 931
46 481
659 955
487 10
984 450
423 86
136 127
14 594
198 931
854 137
871 576
994 76
729 838
535 597
727 467
598 971
302 730
42 786
926 557
664 702
344 18
238 849
589 938
752 216
159 638
743 261
478 115
665 222
426 432
616 461
951 25
303 769
966 925
357 576
361 205
593 622
766 349
676 428
34 433
607 350
700 522
167 700
273 771
107 975
856 700
787 223
830 106
434 456
844 420
881 726
223 648
199 230
661 969
775 426
926 590
162 641
844 501
24 109
213 167
549 144
13 878
209 853
616 86
614 34
466 671
809 144
900 200
38 157
239 189
256 316
61 218
71 469
936 838
430 622
123 725
733 457
793 243
636 728
783 340
416 284
177 236
383 209
786 789
135 254
176 778
136 321
885 621
483 726
101 472
961 281
35 29
466 304
993 884
707 1000
576 13
241 483
75 257
270 380
344 600
551 364
854 418
608 732
453 740
58 120
260 887
647 408
20 741
641 261
133 779
620 218
132 837
333 434
670 807
192 326
656 554
326 117
156 546
557 847
667 449
810 627
249 409
795 406
980 13
795 446
220 471
204 189
341 982
472 223
681 283
710 791
565 226
203 150
742 703
337 506
903 663
143 915
696 815
870 214
998 608
55 684
882 40
642 711
485 45
955 296
622 262
296 111
686 157
813 912
150 209
803 612
927 327
171 804
643 89
314 418
10 735
87 199
717 433
73 364
523 405
95 855
289 608
823 527
36 388
80 649
772 910
744 274
466 475
520 424
673 216
783 205
29 569
897 223
712 814
421 2
432 269
457 285
758 321
378 440
127 418
313 808
305 376
986 106
592 864
763 26
482 50
637 620
274 670
899 913
891 735
78 859
396 593
88 882
925 51
828 322
692 464
746 617
920 956
168 114
970 559
993 575
204 25
490 187
197 409
916 525
501 269
814 880
215 990
759 143
509 618
317 57
185 577
633 399
999 273
213 79
876 934
826 115
458 569
627 212
912 22
756 258
867 715
601 70
176 852
351 196
791 379
650 407
864 537
656 839
14 651
67 430
551 749
279 179
39 882
453 984
721 584
571 55
865 871
98 368
887 316
74 939
381 262
810 839
63 180
872 586
436 303
727 228
164 61
506 748
494 845
340 363
282 857
244 502
609 63
601 753
836 484
484 128
113 833
419 512
728 572
66 54
691 89
572 477
403 459
646 40
867 804
112 75
472 809
278 373
502 344
413 752
6 710
987 935
12 230
755 95
919 462
389 605
539 318
94 859
755 869
235 658
407 233
477 367
453 710
674 575
542 778
63 456
38 481
414 951
376 991
893 5
830 485
922 339
256 670
395 969
799 269
922 742
423 402
663 492
895 96
910 468
647 720
322 999
573 90
734 853
1000 907
248 95
134 577
708 194
584 191
383 121
863 175
846 967
997 550
375 224
337 546
514 701
265 39
396 967
375 896
254 509
597 115
546 251
647 70
90 463
39 54
121 207
772 725
601 426
606 6
663 20
769 994
167 684
406 453
354 548
727 162
52 954
301 496
118 537
255 65
353 232
826 415
573 12
794 158
849 453
805 831
703 387
631 128
440 270
828 258
432 974
544 947
497 843
130 64
829 212
178 689
285 667
23 561
631 409
588 869
642 406
457 545
751 796
595 595
618 867
709 634
255 116
84 745
226 814
779 316
248 237
931 977
36 762
107 667
846 690
310 628
318 339
341 684
823 236
934 760
934 496
406 346
507 361
503 919
441 220
919 143
748 829
839 425
763 175
737 754
292 898
995 671
254 163
645 939
554 720
447 553
453 512
406 608
726 259
539 799
630 320
892 972
979 296
842 618
199 794
983 681
691 50
866 65
688 28
218 865
595 468
382 380
425 974
633 191
105 408
269 485
92 640
653 87
652 514
739 177
123 373
384 815
432 819
943 510
146 771
840 350
384 216
566 916
694 373
409 240
442 440
783 958
712 421
578 898
22 847
357 425
199 69
266 146
802 892
241 157
748 323
133 761
632 868
668 54
476 191
543 717
436 244
481 393
828 777
60 790
21 81
962 664
767 137
831 674
18 867
480 289
613 677
649 472
71 582
238 146
908 479
270 173
469 494
627 944
150 243
335 262
869 286
653 408
830 490
307 6
854 361
26 221
758 349
262 740
357 931
682 319
441 212
566 904
123 475
702 910
995 569
747 965
760 558
580 225
571 764
722 317
48 833
875 98
895 633
29 99
143 191
105 472
268 321
409 328
480 943
588 309
85 350
49 106
502 160
129 379
871 862
420 121
708 522
620 292
377 403
327 993
956 779
222 826
683 174
147 166
573 646
547 398
221 375
561 802
677 541
213 479
357 597
194 202
639 217
727 441
646 386
66 609
394 244
499 762
394 603
665 697
960 270
767 580
677 182
904 911
951 77
860 694
629 676
410 78
547 891
255 177
903 486
721 649
490 689
501 769
456 606
735 394
195 946
508 696
164 500
659 667
736 154
186 205
128 180
267 361
599 447
55 460
474 634
742 852
1000 120
561 740
667 872
254 272
113 586
678 904
76 593
389 284
917 741
915 816
248 392
257 626
114 776
176 121
31 745
333 480
135 326
828 270
707 354
407 408
378 390
288 114
267 936
133 762
820 898
658 689
909 736
957 883
491 907
991 516
716 727
599 801
628 138
411 23
703 113
232 822
737 181
967 892
109 608
10 782
49 241
741 892
216 551
932 215
593 323
606 96
84 314
657 182
159 538
288 904
174 369
80 311
382 335
307 303
684 245
588 512
51 828
502 448
575 221
12 782
885 763
290 187
294 767
9 183
90 542
530 802
498 736
471 686
102 295
987 881
56 642
845 257
526 370
110 558
955 678
560 43
10 829
467 799
918 889
408 776
982 832
647 401
399 301
716 451
152 753
105 918
710 154
190 947
993 874
748 17
847 602
478 699
324 875
944 315
937 14
24 923
94 62
244 911
940 258
152 695
314 89
90 766
812 612
303 504
130 754
295 53
404 144
592 550
997 225
940 697
508 352
611 362
719 950
808 923
543 134
393 707
294 479
154 145
176 923
639 855
872 6
2 723
14 265
926 365
913 804
250 630
956 149
123 778
548 930
790 970
733 428
446 544
76 360
256 578
811 67
136 328
146 219
864 44
99 857
724 311
140 30
568 460
848 453
829 592
237 866
214 867
146 56
289 322
305 286
479 354
461 167
414 894
500 228
186 584
636 446
437 376
494 680
552 870
264 359
120 738
145 304
506 174
820 853
949 692
968 669
515 829
999 64
677 680
854 283
27 780
47 827
630 160
813 340
290 49
913 713
78 491
3 766
891 217
846 566
56 102
827 615
755 356
395 999
943 263
578 966
4 900
44 372
329 409
855 13
94 392
841 339
315 603
265 466
497 77
17 141
448 94
387 940
732 178
349 475
926 1000
881 56
716 871
291 956
542 391
889 66
995 786
736 588
500 967
988 378
316 511
770 895
976 505
286 246
248 927
224 313
666 805
178 353
960 129
903 360
370 376
301 769
471 724
127 917
636 491
758 766
614 713
174 926
88 988
337 258
323 883
18 923
129 822
480 658
750 881
534 633
815 536
70 80
398 986
569 775
543 79
335 985
244 256
505 481
36 562
996 979
795 276
285 67
325 280
560 720
777 740
935 585
958 269
215 483
841 217
960 176
804 427
45 44
221 648
317 550
303 888
837 431
762 14
110 738
580 203
579 102
365 473
835 869
931 159
360 388
966 50
327 874
248 905
666 723
666 52
104 308
826 987
985 752
429 591
318 852
366 906
149 741
551 637
311 550
252 28
822 150
961 910
325 941
56 959
97 955
747 547
788 348
356 530
714 206
505 203
609 784
93 229
575 798
946 262
129 295
983 203
750 423
712 501
287 285
610 238
546 843
505 549
843 837
361 605
283 688
857 219
487 793
253 527
762 166
866 910
977 150
726 170
386 853
130 687
511 674
76 264
665 616
947 643
237 36
233 789
784 914
231 7
99 331
825 900
539 995
179 956
178 623
878 438
13 530
371 928
421 142
990 352
577 894
272 42
415 95
743 988
74 111
620 924
933 368
280 827
67 111
356 536
100 7
99 597
603 627
678 721
279 616
833 31
278 533
393 764
86 667
541 463
328 645
84 754
346 271
178 347
438 119
918 817
622 157
728 398
308 102
530 397
542 61
691 262
552 717
81 832
935 942
532 59
533 316
955 866
810 733
302 821
247 324
444 528
285 93
494 216
261 775
780 719
471 932
314 593
954 283
559 406
834 779
668 775
689 757
167 164
75 92
942 230
284 234
353 140
259 463
207 431
581 657
272 724
179 445
241 613
876 603
553 946
463 720
928 704
871 289
38 201
789 730
550 77
92 469
321 330
19 185
777 230
525 681
850 897
636 629
602 55
315 32
14 735
991 899
963 577
162 904
386 337
483 543
393 674
545 390
701 741
689 501
333 307
706 316
248 710
232 896
820 573
528 540
939 196
628 924
666 421
569 63
876 588
152 917
617 158
875 76
31 196
222 934
1000 10
400 536
587 36
691 306
781 251
794 175
949 552
78 8
514 528
690 799
805 334
880 787
412 355
210 810
766 508
913 293
155 201
979 487
343 154
219 97
362 429
213 447
33 386
190 118
589 230
836 722
92 22
995 170
425 304
726 930
531 376
943 495
730 996
222 747
731 134
584 432
541 654
283 815
457 732
750 786
86 6
877 87
544 686
165 303
132 462
861 356
93 119
471 240
815 169
134 569
550 335
347 438
561 648
469 423
615 612
86 224
8 175
989 11
492 246
111 308
23 438
996 388
657 364
563 201
501 274
981 645
385 20
760 196
27 254
787 832
330 183
308 3
637 708
580 259
380 888
143 884
619 660
621 965
479 342
334 344
294 838
803 79
931 947
344 120
432 960
891 91
591 326
706 411
261 406
185 773
36 841
764 712
865 850
16 525
179 763
169 56
14 820
845 780
964 915
86 720
323 142
38 777
773 145
898 616
62 842
605 239
446 370
788 822
494 237
969 891
370 947
735 22
689 921
70 145
633 383
127 896
901 97
790 280
456 549
550 896
497 765
968 912
728 336
288 930
115 529
161 793
763 407
101 264
549 670
502 440
734 580
485 694
36 173
354 777
249 813
742 297
701 504
902 160
493 703
701 187
404 735
438 347
754 681
274 418
361 651
129 242
740 50
241 528
91 63
982 24
564 386
424 209
927 401
384 792
491 188
540 413
153 797
965 859
189 849
70 893
403 56
798 82
567 890
104 736
946 626
309 496
501 511
439 631
484 546
615 890
186 553
769 879
320 117
163 819
232 473
247 614
106 636
787 698
713 821
911 862
464 753
424 738
701 366
577 694
983 295
428 175
747 113
820 233
945 958
852 198
243 276
906 430
923 669
617 803
327 954
282 34
834 944
493 173
852 631
371 116
825 302
289 518
157 279
917 917
816 725
400 193
45 860
154 907
62 412
836 867
710 555
805 527
221 741
857 733
393 84
720 763
695 359
170 68
381 37
635 973
93 709
39 155
507 541
494 256
146 397
717 101
874 639
487 874
855 494
424 373
5 240
481 539
684 348
637 941
596 52
52 475
320 2
282 942
498 942
700 870
307 159
431 460
897 4
130 348
504 255
438 924
417 518
491 793
827 603
775 248
216 490
242 119
560 476
75 985
991 398
560 391
266 452
698 975
891 630
364 222
428 293
197 117
858 604
114 405
750 871
642 241
739 624
207 686
782 157
950 138
899 884
80 639
983 868
310 681
339 337
942 263
152 281
543 576
550 796
301 43
620 349
740 404
333 871
530 657
817 982
260 609
52 556
727 879
645 725
644 321
815 791
679 43
758 292
131 274
186 466
836 419
570 409
639 908
84 238
583 204
286 216
959 665
158 366
231 244
238 565
770 129
692 731
459 601
813 218
969 322
842 955
723 738
835 281
234 980
369 745
478 970
184 153
993 851
389 625
253 971
629 263
591 486
718 768
172 473
926 746
168 736
449 308
954 781
180 574
412 331
190 269
855 585
590 239
198 446
593 799
93 829
556 301
401 280
398 660
227 662
228 798
854 864
519 80
383 803
607 574
875 445
935 948
679 402
965 377
477 145
213 698
675 740
885 112
813 157
498 9
373 397
497 891
673 872
711 289
166 909
775 372
748 728
32 129
984 520
897 755
441 224
581 551
959 119
432 969
725 41
954 944
955 229
791 994
886 171
707 340
755 919
943 750
678 957
9 469
762 83
707 47
845 224
616 537
196 666
842 53
594 432
550 909
326 512
139 974
974 438
609 791
679 846
676 649
862 510
775 305
421 342
915 932
859 493
501 509
25 244
352 656
784 563
864 388
557 41
638 961
636 425
160 301
957 400
319 191
697 988
957 116
112 243
499 573
225 167
339 413
2 600
815 431
929 247
630 253
401 228
636 861
762 29
79 65
139 444
522 558
741 289
997 598
154 947
886 39
864 785
626 642
348 17
976 464
886 87
54 461
377 592
788 984
179 868
57 291
513 245
461 386
205 420
643 482
155 871
119 907
487 611
378 702
558 403
872 676
680 59
572 306
448 819
139 32
815 401
751 664
186 776
755 924
615 824
267 867
735 234
17 634
717 316
446 786
946 734
245 386
113 732
718 166
192 917
569 173
473 333
658 279
579 197
779 812
337 113
511 922
478 958
217 741
152 791
724 984
569 677
203 404
456 464
25 470
149 893
978 231
907 238
525 224
648 982
216 988
969 807
300 260
671 579
540 853
984 169
860 842
117 597
408 740
341 175
252 572
834 498
857 944
942 187
305 716
633 712
199 497
480 425
716 340
785 849
313 777
738 255
163 657
313 758
704 226
139 685
856 346
543 863
159 380
129 292
681 375
399 65
590 832
784 184
97 469
441 123
228 199
556 765
240 56
873 427
644 604
171 973
595 881
130 568
298 37
208 50
924 266
772 814
739 287
32 818
668 244
338 92
515 660
608 675
923 521
796 93
547 292
783 850
275 402
677 676
685 97
582 847
928 562
195 895
700 711
571 566
50 135
411 425
786 222
66 865
340 447
536 12
686 901
850 188
96 631
334 889
899 440
703 427
819 960
176 213
862 957
781 711
944 597
380 823
407 75
238 314
902 597
586 492
662 607
633 316
392 618
931 958
846 782
415 656
65 948
934 758
392 70
787 234
709 407
565 613
292 337
516 378
119 630
230 693
541 946
454 276
367 360
431 517
55 355
712 914
870 128
367 566
167 199
140 215
790 590
179 868
115 86
250 429
956 218
699 235
436 952
150 328
293 275
168 229
294 285
700 653
889 98
226 791
632 15
341 239
9 247
543 39
910 34
937 959
772 635
476 828
797 129
380 590
531 375
94 199
865 720
12 837
629 73
718 181
348 819
231 979
904 10
939 185
707 165
257 16
599 670
91 425
691 319
325 186
408 436
88 60
893 306
700 375
411 531
212 945
554 202
491 152
358 538
824 496
521 975
338 510
528 576
166 979
297 477
137 860
45 983
266 226
823 574
352 514
740 696
472 491
567 149
712 660
852 1000
309 714
415 297
134 624
234 194
130 222
363 750
724 343
427 853
859 55
588 931
559 775
688 731
491 958
319 463
392 117
295 776
252 545
904 190
113 434
200 292
731 193
189 648
679 733
812 178
674 24
791 125
2 812
849 637
87 326
958 879
64 88
258 70
136 75
719 769
53 586
772 247
776 283
334 409
888 535
444 499
502 646
587 967
390 736
518 891
34 371
637 805
817 13
273 413
787 71
667 708
55 245
233 665
704 522
770 499
530 140
265 460
593 827
571 625
593 827
691 293
887 524
126 930
288 266
668 924
220 788
769 653
822 487
90 871
264 550
338 915
854 302
20 406
690 226
544 82
742 878
293 415
849 944
52 643
484 244
343 624
89 548
77 613
610 569
72 507
908 431
399 541
365 34
916 24
438 721
940 787
677 129
326 548
389 889
964 878
704 819
702 937
34 989
653 538
432 283
307 338
780 144
762 339
135 299
250 203
755 238
750 539
196 512
340 533
164 788
87 251
487 934
237 864
496 465
128 241
966 243
764 141
669 805
410 92
309 175
217 132
174 822
519 719
323 985
791 222
768 421
570 150
973 411
171 993
672 671
624 919
317 110
641 725
347 826
460 35
90 777
822 949
463 738
356 527
425 151
36 315
154 43
916 145
718 288
918 923
736 774
351 531
598 2
635 639
143 649
207 324
681 511
81 446
678 57
54 799
175 862
419 48
22 98
367 829
486 121
803 113
461 658
173 102
848 739
723 706
859 699
131 939
58 211
840 847
553 942
469 94
22 832
759 711
934 370
635 767
14 740
622 608
795 318
259 443
150 574
177 841
711 383
334 223
809 918
129 617
310 801
476 603
71 624
125 139
232 9
547 509
331 472
624 730
648 378
319 95
262 840
770 299
283 956
420 923
683 870
641 228
39 350
682 894
511 104
312 913
949 477
625 461
624 983
245 40
871 611
735 693
78 900
977 397
748 760
756 23
143 49
850 630
484 562
374 469
466 667
332 275
180 895
241 280
408 133
134 806
892 720
20 713
960 282
689 323
138 702
998 966
333 589
768 116
100 779
53 704
494 252
350 291
127 250
808 453
180 793
79 208
560 283
480 940
178 612
975 438
94 185
18 968
30 975
594 367
455 924
819 360
305 731
90 423
91 358
117 776
134 923
911 826
628 996
21 274
179 850
632 277
708 308
309 110
63 278
580 940
115 540
392 553
286 420
202 82
987 22
931 565
284 828
688 212
987 907
304 902
889 502
312 489
834 595
623 529
553 415
326 761
324 452
133 209
148 943
210 124
545 446
647 77
390 663
720 772
122 878
960 783
508 571
322 176
958 733
208 894
769 573
274 760
674 113
978 19
14 866
774 891
17 135
138 305
474 909
596 219
113 63
912 205
60 632
748 664
449 590
436 228
973 451
540 470
309 569
232 855
600 190
98 151
978 259
245 587
855 51
99 345
405 94
422 90
13 315
218 723
409 983
692 318
894 630
351 304
126 238
421 138
313 350
457 219
937 673
678 202
751 399
731 350
578 636
32 458
780 868
822 909
820 98
106 587
940 484
390 430
544 877
913 943
787 617
655 632
626 1
629 899
594 974
237 105
636 423
909 897
624 248
581 866
793 268
722 321
781 810
173 252
958 471
590 361
150 728
401 376
637 775
269 603
397 892
519 402
838 866
985 687
927 265
710 481
382 679
416 975
871 579
620 479
830 442
466 789
743 119
944 222
878 41
41 104
344 320
108 380
886 471
879 779
676 840
639 779
860 796
129 691
209 521
60 912
5 317
635 105
987 975
800 878
641 476
910 459
976 266
669 165
519 910
952 948
125 345
353 897
155 35
996 753
706 113
135 701
192 168
793 7
268 717
832 975
307 38
651 720
738 200
261 805
996 178
760 285
657 900
754 120
616 521
82 480
374 147
803 457
44 29
686 790
51 171
345 414
513 200
330 468
172 109
212 511
551 134
200 463
749 590
196 720
495 952
358 116
442 28
32 536
324 370
965 376
106 621
77 122
116 758
456 140
237 805
490 640
334 990
763 956
523 372
941 223
759 39
369 737
382 262
379 894
808 750
927 869
930 548
670 51
156 935
846 812
382 818
463 318
569 39
863 746
940 484
19 434
716 146
195 979
969 654
958 437
163 583
669 920
529 244
100 665
505 670
783 422
938 563
368 404
932 959
180 536
389 346
116 566
446 856
898 565
636 866
146 112
407 779
844 309
826 828
308 401
11 291
956 37
182 775
793 461
572 917
516 178
142 746
666 245
263 888
744 748
492 933
723 501
20 374
133 260
865 286
961 591
841 638
270 545
349 812
791 925
838 249
831 338
180 237
547 99
5 833
95 277
543 851
394 795
590 565
11 27
792 492
42 261
692 802
659 466
784 775
495 878
812 360
413 574
809 858
758 56
599 573
569 992
397 52
816 244
992 343
535 475
403 504
197 687
16 51
786 586
524 844
499 130
882 969
137 317
744 5
735 94
808 995
809 840
922 768
374 643
127 238
688 949
307 271
630 721
428 589
942 352
489 145
197 792
50 727
137 168
676 221
564 169
761 369
765 279
167 50
854 224
20 69
207 240
621 132
202 98
432 119
54 552
51 337
187 110
588 267
205 927
638 422
697 886
743 138
527 186
994 388
440 34
192 470
118 480
122 272
695 454
207 164
215 577
290 736
726 170
51 524
405 792
362 477
557 931
445 955
101 55
465 109
186 377
822 523
920 795
975 880
217 403
752 72
739 673
5 614
303 765
747 757
640 47
834 66
511 468
57 523
109 570
20 771
780 986
697 38
105 876
341 434
238 974
69 815
662 773
218 425
850 905
165 971
731 255
910 279
853 825
157 685
556 980
698 854
649 971
235 436
181 989
10 622
496 572
199 260
905 996
656 259
618 367
883 648
744 427
263 377
394 127
277 512
782 545
567 814
74 761
798 819
819 387
397 368
175 153
345 374
664 780
134 274
371 892
828 43
126 574
303 294
345 526
556 589
655 25
587 36
114 705
248 876
584 248
550 730
992 236
253 197
640 157
381 114
218 892
94 150
374 328
529 972
604 831
522 373
308 558
812 643
932 328
343 475
602 316
818 12
505 836
699 717
958 119
120 491
840 749
195 159
617 74
927 94
3 776
38 705
139 938
191 670
686 539
896 508
657 334
965 646
400 418
224 679
57 488
100 508
739 683
315 72
831 849
268 750
824 916
210 677
380 633
724 901
537 364
625 557
610 138
770 716
471 291
541 259
708 25
792 826
483 569
564 919
937 499
575 7
271 853
210 756
542 943
843 291
654 810
652 547
703 939
63 829
643 429
961 728
368 943
272 330
24 826
30 67
540 142
168 375
723 687
429 937
72 873
626 544
816 584
944 763
37 430
372 621
24 710
257 85
486 375
704 738
585 185
903 578
834 425
609 607
169 768
597 273
173 321
442 810
37 205
666 336
381 125
261 714
172 171
272 2
172 550
866 260
7 223
560 863
648 686
731 260
227 969
551 316
332 192
190 233
523 97
605 942
832 7
97 253
905 889
844 867
213 911
124 714
339 890
617 787
861 239
150 182
115 39
587 678
225 636
618 123
824 147
150 716
328 668
383 882
991 342
170 312
892 449
267 883
341 411
129 257
396 439
9 682
722 679
968 233
775 691
291 337
637 804
579 33
847 339
432 954
42 421
533 238
113 795
991 505
456 380
929 127
582 396
961 791
699 211
219 978
691 755
737 685
823 587
768 688
970 218
814 175
815 317
877 125
416 434
172 416
665 188
44 113
850 747
728 886
733 61
717 481
928 173
755 758
804 753
496 864
432 477
207 444
291 250
789 804
312 368
95 884
865 191
947 346
793 611
702 204
245 717
767 953
778 933
90 585
715 736
770 796
370 544
70 30
750 85
445 648
822 483
67 139
932 133
414 738
359 390
111 232
381 20
57 1000
289 986
352 763
360 60
995 218
607 499
238 317
695 11
798 980
268 181
912 102
845 254
58 747
827 550
506 288
433 583
789 585
192 264
811 713
856 755
608 755
402 261
463 935
488 14
390 823
631 458
835 829
886 184
514 590
680 186
807 386
744 881
938 136
904 374
336 889
680 158
226 483
57 344
355 268
640 980
943 699
183 399
192 579
343 255
204 882
700 34
781 551
861 702
990 435
632 285
521 459
692 948
998 435
540 996
106 977
578 246
807 852
166 561
374 370
984 994
493 761
226 882
32 143
655 577
557 514
880 57
787 20
523 17
294 412
5 438
191 275
455 31
190 165
156 490
73 595
688 969
307 590
949 592
776 963
858 694
595 393
869 32
500 21
191 229
421 171
712 224
534 913
152 331
22 12
243 132
891 404
106 206
725 936
152 12
448 871
185 634
605 984
340 231
208 363
674 338
109 321
65 616
493 444
388 285
483 711
337 86
271 618
907 165
595 960
352 598
9 618
295 441
819 655
645 994
169 984
362 897
283 660
761 114
467 171
158 235
980 386
86 209
564 649
809 79
142 614
776 223
563 979
847 906
885 555
397 765
659 435
257 554
305 966
727 835
9 829
628 558
253 448
161 222
623 874
664 601
698 198
110 754
77 723
238 401
111 465
123 748
525 869
59 343
607 562
25 243
413 607
201 564
65 665
93 999
8 514
911 608
320 239
972 333
767 164
102 852
470 544
821 993
764 815
36 112
706 704
944 309
51 539
770 265
334 28
83 54
891 73
691 943
147 255
597 913
400 368
569 291
680 404
710 571
199 642
993 880
918 407
2 588
111 173
854 752
517 483
700 295
10 180
338 797
735 64
22 230
804 991
943 546
71 227
922 847
866 793
81 323
919 552
126 788
754 852
363 56
844 488
689 380
948 4
866 290
500 600
730 544
39 137
578 322
941 248
226 804
863 636
481 718
730 634
377 671
979 761
779 30
388 609
369 607
30 945
55 420
904 933
795 576
32 920
776 695
290 352
722 857
718 300
322 372
873 539
232 237
586 964
442 49
545 315
909 555
495 227
16 374
124 696
541 16
812 615
268 200
735 110
711 843
983 858
223 819
236 216
674 19
693 847
868 385
381 339
466 651
973 773
523 648
857 310
430 56
318 700
278 980
427 819
238 813
271 879
382 530
93 687
71 934
625 257
191 307
396 295
942 131
377 668
519 757
86 864
893 830
362 779
178 46
363 983
334 709
196 960
574 186
491 79
55 387
368 666
312 324
103 13
324 561
852 173
561 955
920 6
202 28
474 559
590 446
779 426
430 285
754 521
421 164
524 347
577 196
455 349
811 829
854 759
272 407
487 6
828 466
854 31
484 684
45 572
191 294
187 564
431 377
837 796
910 89
325 526
169 671
910 3
79 805
524 548
413 285
505 838
394 849
516 581
304 148
351 502
587 153
346 635
420 872
129 541
162 284
564 578
987 11
44 493
267 321
720 155
996 290
378 99
34 444
828 243
607 527
552 582
665 358
484 571
935 831
740 790
566 147
693 55
997 543
711 880
79 941
348 865
753 67
967 699
657 815
433 194
178 708
524 577
38 93
577 97
198 131
284 916
323 402
205 911
500 524
651 938
479 969
971 312
353 515
142 214
287 701
309 780
644 622
799 997
79 495
955 740
701 415
787 26
503 846
303 544
679 959
616 309
572 401
71 675
856 804
490 663
539 494
502 340
515 790
505 863
549 387
659 341
78 907
72 308
418 97
396 24
765 162
2 503
391 597
911 936
678 801
503 485
11 420
170 114
502 510
419 670
570 289
133 833
874 868
747 890
958 188
470 925
539 251
859 878
204 334
416 341
226 672
893 879
538 871
72 374
295 852
146 312
549 589
571 932
808 975
51 341
573 341
117 582
48 768
440 484
126 439
717 408
315 840
635 6
228 747
162 190
612 535
963 184
10 927
830 834
845 905
676 498
811 545
398 125
679 499
651 968
923 433
291 40
297 726
437 974
598 645
200 597
815 433
490 260
624 891
735 140
338 249
311 391
74 281
557 215
500 918
931 595
205 257
746 565
154 901
503 427
558 963
601 767
367 83
731 394
308 756
62 933
701 218
182 733
400 385
406 740
418 804
489 153
430 717
60 12
717 70
552 490
186 556
454 113
796 484
45 86
348 185
281 660
22 334
738 936
593 84
21 71
776 170
947 287
124 860
40 869
202 214
293 759
271 541
766 297
148 668
284 860
22 739
667 221
846 428
970 523
142 646
695 279
40 646
89 721
482 924
826 406
11 714
991 705
876 209
588 774
764 487
223 479
542 27
811 786
54 701
877 557
525 904
420 573
112 169
800 391
958 570
773 388
668 516
960 475
376 435
631 825
642 80
197 497
935 557
524 101
808 450
533 294
863 317
500 548
281 187
362 80
438 781
885 708
946 871
430 333
169 319
541 711
332 816
163 732
439 642
835 232
166 974
687 964
995 544
412 649
949 422
835 163
170 646
78 770
160 262
588 547
396 745
671 439
285 53
883 806
118 754
862 358
607 759
990 386
715 691
263 932
561 582
30 980
471 771
849 330
106 110
268 399
858 96
647 17
334 382
940 999
499 319
196 567
699 763
499 698
850 104
189 835
740 536
867 578
443 364
177 149
765 796
626 599
437 835
773 834
589 910
468 464
570 445
192 827
712 667
877 388
574 770
295 106
276 693
951 608
678 263
905 312
1000 244
935 618
167 692
310 28
176 532
404 86
173 331
604 629
762 402
215 871
794 841
95 39
93 986
208 28
909 298
250 677
901 660
603 145
664 939
954 291
469 594
808 701
152 28
98 490
500 255
795 23
747 27
248 630
58 711
243 955
239 547
266 957
17 627
566 795
676 378
390 689
718 867
130 974
515 442
583 813
649 956
475 844
792 567
362 508
668 902
890 922
46 323
550 512
496 965
49 388
59 344
298 814
727 543
91 445
825 547
822 562
345 678
96 583
781 39
562 73
724 355
2 174
849 541
459 635
161 5
613 154
611 289
781 873
264 700
887 573
360 975
141 442
890 769
583 801
262 441
52 46
317 69
468 686
292 899
87 327
951 685
910 944
635 736
561 347
772 660
727 136
591 104
20 161
204 882
171 117
53 899
297 30
42 990
879 819
771 292
155 105
315 774
443 907
1 97
96 791
534 315
519 814
258 360
625 127
310 971
633 45
619 368
650 63
426 40
805 206
640 141
187 70
663 795
537 989
545 236
869 964
185 604
179 796
165 124
187 792
937 845
299 217
390 99
974 28
746 170
87 936
698 712
537 185
895 80
146 777
579 912
794 197
824 748
8 249
206 278
177 817
467 295
586 237
591 600
756 88
185 984
319 637
204 519
864 629
610 587
466 449
645 626
129 448
642 927
492 412
93 909
171 923
367 197
791 697
115 192
216 250
628 812
4 479
515 686
328 60
672 828
246 292
524 288
674 2
982 237
77 901
54 444
895 165
63 120
617 275
382 19
321 562
964 442
799 109
877 233
670 289
526 813
968 540
172 749
181 291
955 518
182 866
241 421
28 444
454 433
884 767
490 424
113 701
545 505
722 783
873 554
230 476
341 452
361 422
820 880
819 662
638 634
371 971
730 867
464 900
743 89
19 621
287 667
603 927
116 696
61 46
95 559
761 871
459 862
327 210
533 907
179 783
859 239
504 629
143 873
618 212
322 601
873 69
8 810
625 833
192 910
502 387
515 860
700 262
185 326
672 787
714 54
70 638
401 590
299 734
758 298
715 822
989 488
156 738
242 315
710 319
732 681
707 8
309 896
620 471
956 659
783 260
696 56
800 179
961 981
687 836
111 644
837 760
861 91
780 754
34 755
752 316
232 580
745 56
943 270
541 803
656 561
307 701
11 156
542 607
344 299
115 569
23 195
79 33
492 612
763 854
122 48
597 297
546 221
332 140
416 77
109 965
729 329
203 773
732 457
621 765
825 261
570 543
768 509
198 629
979 943
550 439
458 919
473 115
74 324
652 56
43 363
268 826
136 416
40 481
457 533
545 787
114 169
901 628
540 633
940 198
942 200
640 386
27 974
719 151
938 656
155 861
290 841
401 31
247 193
235 998
537 196
166 937
88 781
928 751
610 250
710 255
83 995
593 541
119 905
618 643
423 573
271 735
526 884
334 271
88 643
251 444
778 162
572 494
906 137
237 672
703 321
364 951
709 538
229 172
903 158
121 756
223 90
737 806
617 971
269 356
321 548
847 679
988 72
866 827
240 686
112 915
79 604
379 639
456 486
691 487
294 796
561 429
468 377
689 394
784 995
246 539
976 167
512 629
607 425
738 854
379 25
468 839
774 209
53 105
636 867
628 9
732 330
995 932
593 69
385 377
885 869
419 294
785 123
571 731
422 833
508 904
756 440
415 6
628 330
686 382
81 804
353 622
718 754
852 672
768 832
298 739
505 835
225 573
280 502
756 811
855 413
271 112
933 688
57 632
759 851
553 17
426 183
643 22
709 721
143 421
403 837
773 489
1 826
873 161
479 276
471 761
677 279
464 517
392 688
603 556
773 656
761 444
580 112
865 301
133 263
781 833
673 270
700 489
363 472
260 810
721 100
428 212
218 948
366 476
347 244
466 144
527 579
625 736
332 732
890 947
682 971
974 751
675 575
140 237
703 188
476 213
820 911
327 511
760 120
43 840
808 793
617 76
811 406
121 559
286 753
963 7
627 636
668 446
614 707
559 244
51 315
731 838
130 822
154 728
361 328
553 803
304 894
958 599
307 540
599 88
780 126
592 209
648 118
737 657
47 36
653 211
601 540
127 364
431 337
348 581
423 73
744 85
992 468
476 343
411 735
955 954
299 216
600 50
456 559
486 771
643 848
644 404
163 126
771 914
980 742
453 597
215 514
151 752
471 68
887 338
354 196
994 485
49 771
171 202
414 384
865 224
470 247
504 335
246 794
459 426
304 984
634 211
369 173
98 633
140 423
695 909
807 971
874 91
621 424
695 485
276 989
997 873
545 148
89 480
347 562
536 909
339 779
757 763
527 78
873 443
661 525
215 652
249 490
159 429
912 652
753 89
146 865
280 658
654 167
533 969
181 903
130 370
882 105
341 250
876 425
431 180
305 776
840 393
426 814
990 52
640 393
634 547
245 809
981 532
297 784
700 614
912 953
365 894
10 443
813 961
535 831
676 171
116 486
132 301
600 829
547 207
739 933
155 379
820 321
624 306
337 71
358 220
139 418
690 891
60 645
244 748
878 619
548 905
356 129
893 426
92 498
960 35
944 143
495 38
73 872
843 248
103 618
431 878
212 355
509 781
857 824
865 880
266 179
770 967
129 482
282 52
894 61
885 5
481 891
234 470
881 544
760 663
737 372
17 816
940 39
456 699
666 332
416 90
669 963
631 598
999 526
630 799
204 444
80 938
326 468
744 371
459 746
665 142
46 161
331 182
345 857
844 263
625 127
75 507
625 96
497 741
960 675
495 929
182 759
648 9
591 546
972 669
688 653
19 35
425 407
22 271
813 277
312 351
683 422
995 157
436 440
23 116
236 694
890 648
867 403
790 565
852 163
464 853
80 790
102 129
780 622
616 59
909 401
93 525
84 708
566 627
980 493
866 398
125 577
904 628
336 599
695 836
243 260
361 250
598 459
899 621
261 140
706 611
574 641
918 728
595 695
228 861
569 548
24 722
807 898
981 801
31 901
392 689
46 706
471 570
331 608
788 386
964 962
261 501
79 725
10 112
115 277
933 229
358 878
57 79
535 606
116 560
513 754
124 751
635 284
911 48
717 692
789 25
31 389
801 77
580 6
332 647
390 729
759 385
426 559
839 185
825 490
71 805
124 700
114 674
908 736
795 761
394 253
342 307
430 59
207 723
503 894
709 940
65 672
653 912
378 965
315 390
253 727
159 232
949 571
68 925
257 209
260 470
404 120
370 919
258 562
11 788
638 151
696 747
336 412
690 206
546 636
204 368
533 961
521 711
659 281
425 585
509 59
861 498
545 953
764 183
871 559
426 804
962 944
528 463
250 364
336 486
757 166
930 875
507 135
806 341
935 440
315 554
121 723
931 429
864 854
367 528
736 838
671 319
963 56
114 488
161 201
769 488
355 932
31 798
559 46
659 432
137 256
350 256
200 885
844 863
214 556
786 593
604 332
353 125
600 846
335 874
573 717
811 279
126 216
339 327
895 760
39 304
377 801
637 746
277 183
405 582
566 840
621 538
86 719
831 887
608 718
385 458
553 359
695 383
429 959
970 611
350 248
849 109
80 166
368 712
388 148
86 60
250 789
658 417
664 292
162 92
348 454
963 16
57 693
720 137
736 786
530 823
516 130
21 29
19 301
248 978
833 302
15 451
298 804
764 333
110 935
622 356
389 68
728 251
994 994
439 341
6 462
726 748
453 717
437 28
450 47
686 369
575 164
822 854
583 185
470 827
377 161
775 858
161 396
647 230
184 862
638 535
249 411
394 286
479 232
532 477
100 576
831 134
839 894
588 724
105 225
293 487
196 505
727 185
486 927
468 816
18 157
172 723
43 376
177 558
689 158
655 525
668 252
204 586
555 835
450 317
217 323
68 883
249 269
677 381
360 33
111 731
884 629
471 161
373 525
692 419
898 552
858 848
846 263
90 859
258 726
788 420
327 660
112 966
930 44
564 851
155 872
351 329
959 612
849 123
580 398
458 521
837 134
399 270
241 980
143 715
36 107
859 957
746 671
153 813
556 944
624 111
880 29
315 112
432 561
742 467
498 723
406 107
472 181
609 506
696 599
575 431
639 317
308 915
212 241
866 940
159 711
876 187
324 448
664 502
806 392
572 359
487 312
827 474
805 128
668 200
112 139
295 744
323 469
409 835
486 982
245 588
745 659
55 225
659 872
115 14
513 818
758 47
263 521
936 880
251 644
86 608
905 750
57 248
900 227
542 928
40 913
710 74
100 453
962 358
97 393
18 2
217 126
547 837
846 96
688 515
229 210
5 840
269 128
472 912
911 586
27 794
640 997
130 141
166 916
997 361
526 600
921 453
672 613
427 789
54 483
7 649
482 38
774 471
781 416
528 348
555 83
67 854
594 801
738 201
268 762
796 801
133 539
646 59
835 89
248 70
142 510
103 857
64 806
757 411
503 62
232 593
933 928
253 782
644 565
310 622
222 669
208 963
657 151
919 373
540 980
108 335
149 67
440 253
211 247
938 672
286 881
271 278
397 105
28 969
109 1000
185 554
50 535
422 345
922 461
645 669
929 356
396 158
152 683
724 383
818 327
376 103
877 210
921 139
122 362
100 447
935 717
431 890
611 145
236 578
284 216
67 690
169 968
269 542
856 551
333 159
292 261
750 663
847 602
823 713
669 313
590 74
542 429
138 274
297 469
879 230
882 368
665 498
302 493
353 914
831 488
803 62
802 614
628 755
873 652
77 469
200 850
860 584
14 678
314 402
206 759
904 636
867 478
537 986
769 88
913 361
206 241
900 412
637 577
684 589
400 602
403 74
705 567
471 270
645 708
810 14
584 331
113 299
376 635
413 462
459 602
911 176
844 582
25 531
699 443
360 962
846 610
606 582
738 406
998 900
411 123
30 113
355 333
741 838
776 39
592 140
552 876
772 333
273 52
494 674
812 526
369 459
866 807
64 601
318 935
445 386
395 597
917 292
178 475
716 168
950 173
744 98
914 730
275 430
101 500
10 601
232 394
36 231
754 40
555 106
312 833
617 776
175 113
707 272
678 245
92 776
430 459
92 603
223 938
648 855
797 963
559 448
792 623
687 161
309 842
25 87
591 222
619 568
604 869
447 32
604 398
343 154
146 811
696 204
900 460
454 978
333 544
675 988
157 810
107 710
372 83
890 275
393 978
909 472
414 81
517 404
458 794
313 41
363 531
827 849
375 907
462 353
932 368
679 784
960 376
105 592
988 487
212 266
5 810
510 47
564 906
258 543
924 78
125 610
506 879
101 384
586 62
985 919
391 840
322 70
624 609
132 968
365 39
831 745
829 516
600 353
135 874
476 392
774 171
759 820
227 106
882 171
500 217
84 49
20 767
448 464
894 289
654 988
188 335
729 15
775 760
455 93
853 544
787 879
366 395
70 159
159 373
712 922
85 922
515 171
752 979
289 219
46 135
991 101
862 323
535 511
743 520
982 102
855 531
9 527
754 260
974 617
410 782
952 843
258 355
445 512
679 277
932 632
167 100
88 409
701 636
52 698
615 198
231 403
787 830
446 208
123 662
520 95
919 427
184 667
478 124
781 209
875 441
240 596
895 868
942 599
45 739
146 858
75 991
56 955
18 203
454 412
530 676
983 966
115 884
497 476
105 534
797 721
255 900
63 411
90 89
790 874
662 867
716 762
41 860
681 293
889 721
23 884
136 216
670 755
680 356
570 11
197 3
575 275
217 141
295 550
465 129
529 470
855 112
214 969
478 932
160 927
975 454
203 577
896 197
485 385
195 33
221 670
203 864
306 268
979 737
797 237
564 780
428 375
361 154
876 113
847 403
961 160
596 364
133 884
478 619
285 998
832 438
673 807
336 76
661 7
927 854
502 687
864 741
265 567
70 731
260 346
405 110
823 445
527 596
350 700
806 960
32 375
473 647
872 370
421 495
935 882
656 188
409 873
194 926
168 208
525 90
89 497
265 917
786 502
157 72
281 451
432 119
494 409
889 273
243 61
465 5
174 409
466 21
557 631
469 716
200 890
303 637
615 340
730 402
228 805
17 737
410 834
363 196
767 539
109 993
735 479
194 582
195 860
686 230
372 624
918 760
214 526
357 29
835 903
924 353
897 205
314 857
5 493
822 412
234 256
271 387
429 577
854 74
313 68
715 783
183 874
53 465
233 494
908 133
159 112
641 499
686 541
306 83
811 764
790 827
45 870
647 708
92 560
178 255
573 608
790 617
305 794
195 35
41 869
90 809
855 596
485 242
844 429
232 252
581 890
328 128
212 571
999 661
327 146
84 359
824 166
330 867
685 519
647 598
98 396
346 294
965 237
271 592
55 874
995 521
932 292
555 83
828 625
770 874
824 892
769 53
795 647
421 621
747 409
142 440
38 960
500 286
876 530
949 259
416 661
1000 173
444 216
441 550
56 14
291 911
599 400
409 339
560 903
670 596
254 391
761 984
300 856
875 305
182 590
289 343
58 506
185 361
246 783
408 285
891 583
370 637
771 75
824 820
499 946
408 910
505 744
823 287
750 659
397 627
517 530
949 735
847 632
127 507
350 895
285 230
951 331
128 820
918 989
181 113
872 460
152 914
471 512
95 386
577 562
452 149
996 873
823 62
106 233
557 675
882 208
33 717
198 384
802 338
234 435
431 822
833 661
101 762
715 966
195 754
332 585
334 984
78 478
273 415
571 48
339 668
52 75
354 201
885 641
315 445
827 405
518 903
599 931
539 789
413 535
70 449
639 827
242 47
793 770
395 886
795 361
804 302
428 326
271 317
2 606
432 258
820 247
218 476
588 58
162 473
24 908
798 413
287 665
972 896
636 205
907 203
582 672
390 897
618 316
154 456
6 863
437 10
949 796
63 553
832 11
255 25
389 785
706 578
406 293
3 20
339 203
359 373
523 792
826 48
823 908
919 81
803 282
467 244
164 646
894 207
590 530
418 945
528 485
79 89
75 970
594 637
972 53
73 444
962 307
110 324
412 672
98 516
900 384
689 464
708 690
190 131
782 289
73 541
540 975
507 820
649 830
624 738
690 797
33 769
47 379
848 655
730 640
369 926
569 625
63 978
803 129
512 963
517 203
415 220
409 824
395 581
821 104
492 71
530 131
398 352
278 653
377 141
511 456
392 348
792 197
715 663
361 212
223 288
496 756
446 958
767 643
163 635
171 5
547 825
556 899
839 38
131 346
433 338
713 649
15 154
422 687
405 819
680 591
921 267
226 38
920 715
658 80
886 852
202 438
575 927
928 904
410 265
970 379
667 744
431 174
22 522
701 773
590 258
324 30
801 848
148 267
205 78
55 696
542 308
774 798
218 521
428 475
667 513
41 379
564 509
971 483
370 828
281 924
602 146
387 764
578 114
255 228
313 15
304 988
145 421
96 301
105 265
994 835
252 766
743 406
249 4
859 788
484 195
120 421
630 458
14 435
211 504
444 29
793 933
241 475
397 532
895 8
475 342
758 428
964 136
467 164
893 393
496 764
77 212
63 648
646 731
976 314
161 307
15 82
884 139
21 837
415 25
613 769
264 558
540 324
956 633
896 706
694 204
37 953
234 383
55 266
500 450
623 761
180 149
16 68
336 470
474 589
933 215
190 394
570 199
729 58
825 897
946 210
834 12
9 420
520 52
851 947
448 163
954 419
164 946
578 299
762 144
255 767
638 756
66 237
702 349
577 600
857 578
192 542
279 624
693 940
680 492
998 684
243 797
298 148
295 359
803 540
156 658
119 618
920 197
728 964
504 871
575 10
660 564
853 282
989 350
49 48
228 845
643 74
232 355
60 689
426 940
871 633
367 737
896 982
987 987
152 776
598 842
229 142
168 286
442 155
206 580
295 768
707 718
81 242
31 653
392 667
861 214
39 860
911 573
408 198
579 406
616 844
591 976
937 286
123 802
591 137
671 473
240 369
66 601
318 99
66 576
554 418
16 992
277 553
267 616
638 402
808 592
702 742
727 157
492 170
984 474
157 693
284 890
884 969
897 144
551 19
935 155
482 959
682 387
738 290
503 137
754 411
895 897
332 377
610 626
655 295
139 21
840 302
61 479
752 666
823 299
519 45
787 793
323 589
483 56
322 556
915 544
169 253
65 803
611 209
42 284
540 637
97 57
716 344
976 983
479 473
96 221
228 658
804 259
718 581
47 417
769 213
294 250
586 747
919 31
268 678
582 334
441 141
735 147
118 299
169 757
564 789
41 297
817 178
164 269
258 64
28 18
9 797
922 381
846 724
925 623
523 253
279 859
769 447
541 88
251 48
835 284
414 897
654 312
790 560
495 675
876 826
191 436
91 257
397 325
171 816
904 999
587 139
165 613
716 794
138 21
43 932
890 84
13 346
902 551
510 724
377 573
399 223
964 970
710 960
854 617
245 57
330 611
885 82
138 60
402 29
503 908
996 99
804 161
324 409
922 685
846 287
116 769
172 707
573 309
912 341
58 352
845 557
218 7
120 228
254 950
573 746
480 65
741 247
911 874
272 250
403 400
803 201
509 664
608 677
692 972
429 702
685 4
483 979
77 461
114 615
169 764
118 860
664 797
59 483
139 95
853 919
205 833
931 448
37 588
173 891
671 644
413 993
314 113
339 482
509 688
926 556
105 15
975 247
358 147
32 11
591 39
302 201
515 453
526 267
301 343
435 500
948 449
665 73
903 488
200 116
217 606
781 889
566 120
711 601
730 932
857 461
29 420
898 777
227 877
170 610
695 968
850 186
400 521
503 200
3 939
31 259
399 361
727 80
371 576
292 96
294 167
988 453
778 13
7 228
231 211
410 718
642 419
126 405
847 458
923 146
648 362
633 26
916 190
570 466
613 323
371 711
649 443
930 800
781 45
678 466
224 693
558 873
641 113
654 859
304 722
81 372
279 386
534 937
378 193
589 119
161 966
852 405
580 182
5 626
220 308
896 392
236 714
890 142
993 530
350 104
442 996
78 94
33 951
187 783
309 702
903 203
71 730
960 72
756 86
421 672
225 955
938 56
357 620
942 812
121 204
272 932
342 830
378 39
610 690
837 791
382 869
259 136
545 347
972 889
471 247
748 249
701 353
957 899
525 804
597 375
817 686
205 737
996 783
949 150
992 209
347 915
70 572
566 511
457 144
236 75
78 878
934 916
492 64
857 791
224 260
975 437
963 909
220 641
935 20
946 100
253 976
749 696
510 142
687 97
453 696
979 354
407 360
476 329
383 678
109 745
883 214
59 788
805 810
293 134
310 318
956 648
865 755
552 238
36 373
803 254
521 716
637 591
157 179
145 603
415 7
456 174
611 277
204 256
942 374
939 511
374 36
754 102
532 745
143 434
158 920
824 581
265 759
792 867
434 50
400 763
769 801
981 141
29 100
274 414
512 143
366 571
646 299
515 129
890 728
438 895
842 749
523 537
788 205
553 8
320 196
674 660
336 285
795 586
724 671
356 846
585 15
861 327
103 597
433 882
368 228
247 356
167 103
620 215
518 287
298 76
882 269
18 681
264 404
627 479
705 333
274 206
121 867
455 971
535 445
933 504
944 767
452 528
716 365
44 466
918 281
583 493
574 529
499 109
303 948
666 966
535 22
482 130
721 961
623 541
538 252
739 341
5 455
892 595
38 268
26 684
918 504
247 976
949 473
212 225
36 863
486 487
784 481
860 170
236 441
621 968
844 786
655 994
3 120
908 470
251 27
877 396
100 367
733 999
240 695
761 641
720 346
781 487
272 331
4 784
621 633
524 444
147 919
379 520
415 745
119 390
387 182
81 659
923 191
871 511
486 560
155 408
832 963
917 531
606 120
44 27
415 12
912 790
629 494
709 739
330 861
508 898
761 522
85 653
735 983
596 616
899 201
917 919
731 121
950 452
956 950
951 804
94 799
416 872
331 849
318 61
584 786
124 888
487 31
29 677
155 811
159 522
80 739
568 116
402 971
378 440
709 226
102 681
989 65
107 285
14 788
829 876
121 585
12 156
78 978
584 855
134 721
604 386
273 475
171 324
530 168
205 192
581 509
470 679
47 62
587 338
440 698
622 228
231 386
415 33
188 59
426 444
66 491
715 829
74 326
735 747
899 973
722 352
591 342
112 811
748 803
147 611
281 515
706 908
782 480
102 342
132 464
166 520
495 701
199 991
811 750
349 472
695 402
621 859
105 718
589 948
735 473
94 486
942 526
810 259
618 243
526 376
351 226
153 210
317 273
742 411
805 81
302 980
441 664
885 674
643 883
161 437
489 127
48 744
345 645
151 347
232 666
271 753
11 88
15 274
234 414
340 409
168 478
962 718
787 133
356 578
214 387
609 224
779 504
157 556
558 930
259 481
73 98
859 487
146 470
482 160
288 81
833 139
353 385
601 259
819 327
956 624
972 31
817 314
498 273
538 955
225 202
832 631
32 251
995 586
569 957
376 417
669 998
973 741
221 662
513 89
689 310
354 85
574 57
929 167
521 863
538 594
623 809
417 609
508 65
723 249
181 584
499 164
961 900
103 116
81 161
926 935
928 96
862 582
134 418
267 634
590 607
563 99
94 109
997 838
834 361
803 524
536 91
796 351
527 673
518 782
519 629
238 672
704 400
54 629
637 482
879 600
536 37
489 408
227 311
844 54
523 644
549 647
25 891
788 732
582 536
987 739
988 490
244 323
252 210
242 976
861 782
157 734
219 571
445 403
516 863
927 128
420 223
106 296
436 330
155 746
144 252
726 387
319 407
793 393
748 231
867 788
615 1
649 788
136 225
637 587
994 439
832 482
439 266
126 316
268 369
467 33
376 636
992 153
708 354
339 804
763 8
544 235
473 885
145 708
732 740
556 69
491 218
20 403
407 178
214 37
23 846
235 114
736 192
1000 102
998 453
754 497
222 448
964 172
354 342
558 929
898 836
543 147
733 104
672 315
66 540
6 517
975 686
804 315
877 861
33 940
958 632
541 560
474 869
54 513
512 786
255 815
822 663
475 371
965 807
388 300
121 192
464 983
513 270
349 810
566 508
991 159
508 619
938 816
467 82
341 998
302 513
642 23
522 172
302 922
933 333
93 405
278 533
896 340
775 384
299 403
679 899
569 19
771 78
498 380
788 489
731 320
83 353
341 869
576 225
673 917
100 74
770 386
810 44
963 450
686 234
466 537
46 984
818 434
842 287
12 852
87 231
907 637
934 939
588 903
988 97
84 138
515 27
864 475
254 353
79 966
311 353
519 11
773 969
242 250
483 941
633 979
4 835
629 964
365 253
389 404
164 282
677 991
952 874
206 365
636 787
846 965
584 515
349 289
675 939
660 375
811 295
490 604
21 18
649 437
763 787
516 360
679 541
205 49
961 427
