1000 629924
10000
40 45
93 470
478 1
294 171
365 240
296 354
400 140
400 186
327 325
416 76
472 152
56 358
8 445
357 419
468 205
439 143
128 75
296 274
396 347
419 179
299 260
471 270
384 353
31 79
183 161
12 477
162 32
356 103
395 486
411 65
409 211
423 322
36 397
425 134
82 390
480 366
87 230
27 335
233 441
173 207
52 130
278 426
391 99
57 14
279 485
193 18
84 209
275 275
39 62
377 480
142 483
403 182
483 46
387 53
39 451
419 427
67 206
368 10
367 160
330 492
343 92
301 354
225 241
139 299
184 366
374 478
350 94
228 150
27 153
52 73
479 366
81 19
253 433
369 112
52 464
495 170
422 210
52 285
415 260
441 205
270 298
26 335
33 389
245 316
495 295
127 227
251 255
80 25
480 1
96 34
260 44
476 262
86 113
454 414
280 176
245 445
390 39
169 212
348 403
287 86
26 175
433 81
172 246
254 359
264 287
381 9
11 208
364 18
91 285
197 422
274 363
36 4
287 449
477 132
145 355
173 109
472 373
311 306
460 148
475 293
351 256
79 132
351 469
449 231
258 413
233 154
156 278
292 161
194 456
381 465
378 370
204 114
304 408
106 499
153 441
34 420
148 170
280 224
90 351
353 488
10 269
91 432
36 483
6 128
159 130
5 341
41 163
428 306
224 95
171 347
7 19
237 167
444 384
147 125
204 209
137 424
54 157
44 140
148 176
467 305
410 185
319 478
124 459
261 459
210 428
387 389
39 199
49 289
370 100
73 232
224 358
494 318
285 115
430 63
326 154
30 479
306 75
118 182
145 119
377 263
432 452
232 390
491 354
299 351
93 283
219 253
196 250
406 189
58 44
262 201
90 79
114 2
219 84
316 18
206 175
54 290
147 262
255 366
272 47
357 180
67 494
122 397
407 242
390 270
440 92
268 40
112 83
475 448
317 109
343 162
471 406
258 191
307 288
314 131
290 96
329 293
316 264
185 149
111 142
74 480
38 100
303 378
108 467
84 271
264 107
197 265
3 117
4 153
257 147
435 57
312 80
427 316
288 17
197 448
387 192
161 454
36 262
79 261
18 84
425 492
61 229
242 155
92 240
53 441
440 458
134 27
388 422
266 464
131 417
498 280
5 57
327 232
351 34
33 192
196 49
27 96
23 60
481 355
101 175
40 50
16 266
100 315
471 392
253 28
409 408
178 451
206 131
5 400
284 72
291 21
259 438
153 57
471 256
23 62
85 139
343 383
204 411
474 207
387 360
370 188
483 94
312 408
187 387
113 327
181 126
479 221
27 186
305 360
2 209
101 416
38 470
347 426
199 61
105 120
55 432
356 231
433 282
212 155
171 130
67 296
70 169
406 291
342 171
304 104
246 411
227 382
260 100
201 419
86 163
485 97
108 288
223 27
259 492
474 201
380 34
14 367
97 80
475 308
318 61
332 309
91 96
281 221
190 330
114 52
125 86
371 93
379 196
366 127
290 372
99 32
386 344
188 333
409 200
421 486
167 281
212 219
163 178
309 223
201 315
216 270
264 321
70 497
132 364
368 284
135 105
363 63
480 135
5 465
320 193
211 4
451 240
292 279
264 317
201 36
188 297
121 161
341 105
10 360
464 413
440 108
364 185
313 34
397 228
99 4
221 31
342 126
237 441
164 423
225 57
451 117
361 399
225 54
157 339
457 377
454 264
303 212
349 331
68 224
500 484
142 341
107 114
461 322
468 152
238 427
390 192
259 325
213 63
81 338
213 140
231 479
381 369
190 224
55 334
55 129
231 476
470 42
135 255
307 120
48 434
315 438
117 242
128 163
84 22
333 240
105 219
292 323
37 353
438 179
274 405
299 114
486 257
414 15
361 176
196 270
482 111
252 414
100 358
222 460
327 500
129 82
126 468
145 222
18 122
410 16
449 324
468 142
458 238
439 47
326 291
398 137
353 191
293 420
16 78
409 12
214 314
132 128
287 169
452 4
63 328
386 170
360 217
91 80
289 240
276 199
427 120
252 317
373 130
248 374
51 441
495 262
17 470
215 171
38 233
448 472
302 101
333 412
209 202
122 450
308 304
189 499
365 20
412 379
35 188
48 347
431 475
42 51
195 387
1 324
109 170
12 389
316 311
455 208
117 108
375 136
477 78
392 341
235 285
385 435
167 219
214 420
71 334
101 271
497 188
170 432
349 309
224 266
174 102
27 134
429 280
278 178
149 389
176 122
145 491
225 241
108 428
4 42
325 366
451 219
89 424
126 306
352 240
279 301
482 416
382 85
486 461
466 275
396 250
309 447
234 415
450 150
438 15
46 404
169 307
432 3
2 500
143 420
237 64
432 169
481 310
322 114
142 77
280 495
449 159
73 344
400 171
154 251
15 67
239 91
117 25
115 89
90 400
390 498
35 39
54 401
330 113
381 54
364 413
268 49
388 18
80 422
353 462
492 181
43 327
292 96
54 75
186 402
86 433
439 150
80 253
480 75
239 484
271 58
43 454
147 419
414 231
156 135
205 352
160 395
379 496
124 470
163 394
125 81
8 446
494 102
371 82
334 441
85 151
85 88
345 131
167 471
276 437
412 293
387 363
236 376
187 223
308 60
227 118
273 260
47 464
408 253
284 410
91 118
128 140
366 233
404 169
494 131
2 79
28 5
369 307
489 30
333 364
238 432
247 452
467 157
198 198
312 259
95 481
464 145
424 95
222 72
491 242
174 132
350 62
450 128
359 497
324 433
183 368
397 228
22 289
407 24
297 493
268 250
387 418
412 269
415 433
166 455
88 406
393 123
69 35
500 90
270 340
472 120
229 246
387 51
188 66
460 150
183 284
188 49
275 106
13 306
171 292
396 319
217 164
1 217
309 477
359 288
295 424
384 234
418 29
463 296
440 200
358 80
434 101
236 343
75 59
143 194
467 278
250 221
468 480
165 97
130 138
290 166
440 248
279 255
406 393
281 3
76 282
389 259
171 308
234 209
189 214
47 40
469 233
73 397
133 384
351 220
222 313
284 436
464 87
336 197
303 279
289 286
205 125
227 431
397 192
476 240
181 8
256 357
326 199
444 412
113 403
362 194
296 113
64 405
263 31
351 318
281 314
361 92
387 170
188 250
302 91
317 285
239 24
203 266
74 467
62 75
324 370
494 399
498 47
208 334
201 50
478 478
161 244
296 499
284 394
493 4
363 362
71 305
176 367
81 280
389 104
151 453
16 267
205 19
296 106
440 320
329 124
61 234
69 1
166 259
19 458
418 225
351 313
225 299
338 180
181 108
388 96
189 120
138 283
230 486
35 221
176 147
198 486
246 26
499 311
495 401
368 417
41 290
199 376
350 288
232 117
6 204
183 33
75 108
195 99
249 345
271 36
192 240
8 390
100 100
97 415
142 485
27 99
175 371
121 99
425 351
306 282
100 235
448 107
117 6
271 47
305 338
124 30
143 175
75 294
315 149
108 408
87 102
230 389
340 426
303 31
72 66
159 29
451 383
145 106
27 144
496 90
375 52
244 331
415 354
463 497
225 251
428 263
314 351
210 392
107 9
315 22
237 352
26 119
489 157
120 55
415 91
3 293
194 390
29 311
438 12
427 232
398 191
297 193
341 492
80 312
323 73
52 257
54 132
68 136
472 244
205 141
448 27
5 183
343 197
278 255
439 189
110 118
279 184
114 237
405 15
374 488
96 389
215 484
166 128
496 113
73 249
362 430
96 150
456 291
499 269
308 377
352 309
382 61
454 315
253 463
102 78
82 413
293 456
21 237
420 46
386 198
275 31
141 394
140 469
329 283
278 253
181 202
120 151
32 228
251 144
111 69
391 419
353 212
140 248
107 231
261 360
418 447
294 449
241 378
217 407
169 151
87 309
157 11
259 122
279 202
237 481
159 477
67 454
266 430
244 86
364 306
159 28
385 475
334 228
170 328
261 34
68 1
464 191
48 209
263 281
259 72
327 262
72 490
12 110
288 79
27 168
498 235
416 307
146 94
290 57
143 225
123 49
482 264
396 434
130 53
254 208
52 179
184 387
94 332
207 358
451 150
14 36
140 53
483 131
339 22
291 302
378 15
88 485
30 320
240 275
159 291
493 160
262 443
284 272
159 54
92 153
81 362
26 497
211 487
85 398
83 314
40 129
437 475
317 435
497 82
50 176
207 36
465 256
463 476
236 414
151 467
215 474
76 203
87 126
377 318
12 11
268 481
74 7
307 486
491 420
76 390
265 447
77 385
464 296
339 290
477 247
211 487
381 39
166 291
417 176
107 293
195 2
467 216
298 479
182 293
305 336
60 334
148 84
145 3
338 35
12 393
159 53
195 32
185 148
253 227
460 246
382 177
88 210
398 80
115 481
228 40
447 477
172 343
19 144
123 135
202 43
170 302
76 477
471 480
435 73
409 177
99 419
471 3
288 169
294 133
278 95
142 423
206 181
320 142
170 284
152 16
66 88
93 209
241 226
445 353
266 232
226 225
452 393
17 260
393 244
401 374
385 117
500 438
142 151
373 65
375 174
82 187
454 122
489 294
263 192
325 165
151 442
477 425
495 20
158 232
490 329
212 234
392 236
179 96
92 388
69 73
127 435
129 397
138 283
226 46
278 269
326 88
301 357
106 474
363 124
301 302
213 337
367 496
150 109
17 238
482 260
405 61
284 25
465 391
390 143
296 8
393 338
97 249
143 273
153 288
419 201
75 139
340 146
453 151
325 493
307 135
266 472
164 95
454 373
370 353
146 355
262 93
168 167
229 231
427 223
82 471
122 17
28 225
13 394
287 215
131 195
500 497
391 75
420 185
261 73
166 347
108 55
236 4
285 92
434 158
472 265
481 245
55 13
61 34
118 48
412 290
51 434
129 96
89 38
396 58
353 395
432 11
2 366
300 79
316 428
367 47
235 482
249 389
459 411
83 51
286 377
321 9
69 446
223 205
200 425
491 410
313 488
407 251
250 498
203 293
239 310
172 336
74 458
406 352
162 326
292 243
496 337
367 373
370 120
248 113
364 500
477 388
108 69
325 492
105 410
186 8
437 500
43 341
376 31
183 296
206 383
30 385
57 378
398 446
259 163
214 182
69 63
452 105
395 230
116 76
326 203
496 368
283 264
231 332
446 289
180 474
112 50
401 392
161 477
55 262
180 75
71 208
377 62
5 336
287 161
49 273
49 99
245 186
299 241
154 123
19 287
384 259
469 369
251 332
337 161
78 468
245 236
171 306
308 29
280 152
157 225
145 101
191 318
396 135
388 224
208 68
377 496
127 60
331 489
109 412
403 211
273 368
22 120
478 299
20 190
158 15
479 281
68 491
152 335
409 474
437 348
317 322
47 33
297 387
248 141
232 352
390 154
67 481
349 212
335 399
223 46
12 119
448 38
120 237
439 396
454 397
487 336
435 179
474 270
484 272
341 228
45 454
285 53
264 67
212 459
51 306
333 321
378 286
410 177
74 163
149 364
202 485
468 360
415 450
38 241
36 42
360 103
262 78
46 58
58 153
387 356
131 396
415 10
292 418
370 168
429 188
236 244
160 30
133 341
73 422
78 102
79 134
189 129
473 404
188 279
71 4
298 232
110 364
143 166
37 471
251 457
464 238
219 496
192 336
9 191
287 429
286 128
253 188
23 28
494 138
310 209
358 441
333 385
242 88
164 128
147 129
181 54
331 173
393 396
433 160
59 388
112 340
183 73
228 119
1 144
352 474
340 442
274 211
31 450
285 309
342 145
318 236
484 234
322 397
207 194
250 256
485 436
375 101
146 500
72 243
86 38
42 171
168 205
332 375
207 149
132 437
405 1
351 407
311 163
290 10
388 55
278 185
160 99
10 289
487 416
12 206
259 210
252 18
24 467
440 142
219 113
211 300
382 200
150 158
189 14
408 375
289 398
152 328
350 449
296 262
306 361
115 334
22 106
19 136
39 324
284 93
316 131
67 64
313 144
304 365
146 8
92 81
496 227
401 69
382 262
41 476
224 237
61 359
171 279
16 443
47 402
51 112
345 414
137 12
165 483
415 7
114 222
212 52
446 358
150 169
294 327
242 150
85 302
120 2
413 313
284 319
146 59
398 343
274 356
489 145
130 202
11 55
128 63
193 288
149 431
335 63
124 192
406 464
381 385
343 150
135 339
324 304
300 480
372 278
495 290
155 474
121 319
335 465
301 181
383 121
486 283
170 251
325 490
83 290
432 129
332 157
45 63
252 18
16 389
287 87
183 298
143 180
415 124
348 32
254 311
63 447
55 398
211 35
20 106
211 363
180 308
437 170
362 38
425 252
41 415
2 128
406 87
296 295
323 77
158 496
459 426
222 270
78 438
41 363
13 21
183 314
108 455
445 262
132 378
76 54
39 7
432 457
468 417
361 189
364 403
482 250
21 187
354 462
437 289
263 125
21 184
125 88
139 105
289 135
377 176
112 71
398 116
100 292
333 184
45 453
359 13
197 42
479 490
299 217
134 203
346 489
107 366
73 467
344 348
353 296
247 357
289 481
408 422
311 314
114 280
259 420
437 455
279 492
34 175
180 205
106 297
423 449
375 35
417 134
173 381
201 258
216 235
105 333
264 209
440 92
337 472
372 348
84 159
477 127
104 72
285 181
473 146
91 266
382 93
30 72
378 97
451 220
94 339
290 234
483 134
14 411
310 217
76 202
7 102
322 460
328 46
208 118
45 247
113 9
224 355
399 272
367 48
221 483
266 429
324 493
474 268
336 21
104 297
360 449
59 175
9 175
94 105
343 384
8 86
324 308
303 349
453 367
17 360
335 144
185 125
3 28
380 358
56 172
120 29
157 31
106 402
203 319
210 282
71 367
315 394
155 478
169 92
169 395
143 413
212 453
340 161
142 488
330 417
492 49
116 405
343 97
299 139
334 250
66 186
356 177
124 311
491 388
161 127
278 2
78 479
325 159
500 7
338 272
168 218
90 373
68 203
429 494
6 115
111 390
214 103
292 107
330 98
312 231
348 418
435 263
136 364
75 69
342 219
87 137
75 123
246 242
46 152
154 486
28 23
465 347
377 351
479 276
365 153
293 133
119 141
312 221
118 371
60 319
345 119
358 141
315 248
141 17
139 33
262 121
284 210
174 434
110 11
362 395
158 379
32 280
347 170
490 436
68 429
159 384
347 217
270 258
354 110
125 29
327 328
488 461
70 221
423 4
151 171
9 273
346 396
441 133
12 133
331 245
74 342
275 444
35 237
319 15
492 160
155 9
87 82
18 215
372 471
338 101
397 302
483 151
380 329
319 271
309 407
201 41
178 179
451 151
75 191
308 336
429 228
256 164
252 379
343 32
426 399
42 294
223 391
159 258
412 198
79 18
378 494
478 45
38 209
97 481
474 247
463 274
172 415
184 71
220 483
254 243
323 393
350 342
166 360
85 74
335 29
72 115
125 487
184 202
258 135
107 349
216 381
234 149
380 395
8 486
384 327
90 282
275 192
82 31
113 76
269 89
114 19
30 393
226 277
323 149
319 393
489 227
49 414
202 370
421 479
178 25
123 269
352 445
239 162
291 376
266 499
339 279
309 273
301 171
351 305
28 132
325 414
301 419
458 24
403 209
128 271
193 310
374 334
99 123
496 96
442 348
68 136
44 63
324 205
141 427
342 497
351 82
94 447
231 156
155 411
382 275
156 391
251 234
167 217
265 113
61 200
7 44
181 3
55 195
343 148
44 90
289 386
370 476
172 135
361 309
123 45
429 137
395 263
58 115
489 98
14 210
344 112
216 351
39 481
279 192
234 276
239 320
105 40
113 185
39 421
355 332
17 238
41 457
320 346
379 430
257 498
44 126
18 229
253 407
482 110
354 375
222 136
289 465
234 211
48 273
76 233
368 48
56 481
481 118
446 344
463 133
278 167
176 279
52 48
468 42
203 254
85 495
199 249
468 442
393 263
421 236
38 335
458 30
40 239
239 394
254 245
288 52
385 461
231 98
217 129
397 257
490 493
414 188
473 80
267 41
489 365
290 245
466 340
304 400
195 176
18 89
83 176
49 86
255 422
248 317
292 308
107 59
33 148
128 144
268 352
357 224
145 106
319 198
388 377
95 358
142 318
18 131
151 286
32 200
251 364
490 266
96 1
401 403
173 397
196 66
3 19
372 406
307 192
226 176
323 290
46 91
165 424
175 316
217 200
330 253
242 105
289 209
412 67
65 325
443 430
283 439
376 355
412 93
272 233
284 170
69 457
429 280
277 218
474 228
182 377
1 491
50 278
63 109
119 498
404 186
350 100
88 255
273 281
447 462
358 114
433 426
322 180
207 189
216 154
55 189
223 320
481 202
217 86
42 278
14 273
308 254
386 247
391 321
464 285
298 326
229 47
268 80
467 142
449 196
161 383
205 400
336 396
380 321
455 218
15 376
92 320
140 216
414 148
63 268
64 448
182 325
406 478
181 292
341 11
197 42
100 382
180 79
351 98
398 493
128 468
447 24
380 179
477 261
436 31
311 45
341 410
360 492
487 118
236 231
245 213
77 163
425 92
186 14
187 5
236 127
332 499
468 170
135 39
349 117
14 39
493 388
19 271
246 4
174 214
369 79
155 256
497 250
200 125
273 275
284 44
457 166
428 217
498 169
262 179
300 492
57 384
260 380
161 234
101 129
395 51
452 420
469 284
223 246
299 38
354 474
266 165
262 213
241 343
190 371
129 376
61 23
286 231
301 39
180 376
487 50
203 111
454 285
82 227
161 305
45 457
300 484
424 252
134 40
343 223
4 212
29 422
402 419
82 477
128 288
497 182
351 22
330 157
22 254
264 105
198 322
121 4
377 356
360 21
494 159
190 17
62 251
115 62
141 304
214 54
453 20
202 403
105 453
150 374
271 447
488 446
104 352
444 333
476 451
415 398
31 485
408 485
81 261
316 222
73 242
403 4
23 271
303 199
424 248
81 43
427 432
244 124
274 475
350 349
20 320
472 67
300 482
288 426
151 432
143 257
385 456
163 10
152 314
364 388
341 73
221 3
258 40
46 133
146 261
498 185
154 98
440 236
397 233
366 392
406 493
77 57
56 136
349 457
346 380
469 445
433 186
260 441
180 427
236 108
365 125
229 121
267 496
130 358
128 462
392 260
394 290
480 306
393 138
166 417
14 311
57 277
64 490
461 258
336 2
356 312
362 246
342 445
314 220
323 49
31 267
428 410
61 97
40 261
248 3
438 408
464 168
44 238
409 482
218 439
300 54
159 47
131 369
104 141
136 35
119 152
235 331
64 261
416 349
85 243
288 418
166 319
262 264
361 211
379 273
452 313
73 174
32 84
55 165
134 450
14 346
152 267
36 483
352 127
201 165
224 176
470 425
157 360
495 398
240 10
412 54
392 167
415 308
6 247
114 113
268 104
440 331
410 473
307 471
354 69
470 101
63 405
118 214
44 191
157 469
384 452
382 395
406 41
98 384
485 172
277 468
337 418
400 3
112 134
192 340
353 176
104 106
110 375
358 44
421 267
324 95
214 399
270 274
315 76
181 292
424 17
239 355
206 109
143 369
216 407
499 225
137 89
274 31
205 356
153 259
51 202
295 291
163 315
253 246
313 424
400 109
195 338
54 213
102 311
87 74
471 455
57 456
359 341
13 279
405 208
466 499
62 170
279 105
117 475
433 130
3 301
305 104
153 282
46 66
459 266
294 99
179 210
24 18
71 168
195 370
462 95
172 205
209 137
237 485
317 190
437 458
166 403
382 125
437 36
139 374
173 362
38 114
242 174
15 444
392 467
312 100
461 281
432 138
250 486
282 367
8 491
129 367
412 42
245 303
240 162
361 482
396 478
398 35
348 437
268 105
136 436
423 17
417 446
144 53
443 470
295 116
183 38
122 381
6 14
374 126
368 61
429 469
361 337
429 385
192 205
476 303
304 229
167 447
4 266
43 284
455 5
209 500
408 331
273 246
454 195
78 20
355 278
292 72
129 366
454 127
243 224
372 433
99 486
189 31
76 317
434 396
265 418
364 95
332 123
210 57
233 460
175 128
102 445
461 30
211 411
113 130
224 119
459 116
237 162
134 302
410 260
3 110
325 98
75 409
330 310
411 15
77 30
24 368
431 64
355 243
441 135
141 391
54 266
420 212
308 229
425 134
57 494
319 192
122 372
120 14
76 325
51 210
437 335
379 96
30 229
194 256
96 460
226 263
286 111
211 390
407 326
90 93
146 354
301 284
439 82
471 349
446 399
357 162
88 50
243 401
426 159
210 169
415 316
308 62
147 204
254 92
135 122
178 336
282 254
129 291
427 42
396 452
199 457
296 303
424 361
394 154
19 301
156 332
206 488
24 496
14 44
339 89
196 449
188 156
129 469
476 464
123 178
500 213
254 106
331 495
347 283
149 420
102 75
106 298
46 99
62 244
140 285
256 386
257 477
429 404
400 202
498 344
139 193
170 137
167 223
453 182
218 233
284 136
156 24
255 312
368 484
339 347
491 267
377 149
259 119
396 157
5 121
402 358
244 8
255 54
76 199
155 313
43 164
278 383
349 101
106 289
407 44
267 68
226 392
203 286
258 394
58 151
260 101
422 284
223 128
124 451
213 160
445 433
6 121
442 206
37 242
72 324
349 199
39 275
345 322
356 256
14 425
442 220
213 113
181 200
57 196
117 124
126 178
42 308
427 280
149 130
47 268
177 111
93 345
242 156
147 357
13 320
356 176
195 19
471 462
409 424
345 440
76 111
206 14
490 130
379 308
411 223
461 189
282 3
177 377
412 3
167 455
374 229
102 61
204 404
386 247
69 423
302 250
466 103
488 24
364 229
471 56
284 382
406 16
471 19
425 195
13 338
97 222
125 164
240 324
6 94
468 61
16 57
386 342
259 6
54 164
159 495
135 85
301 370
428 206
124 440
308 173
134 162
397 83
278 385
322 104
95 401
364 57
328 135
470 386
265 96
340 256
55 140
84 1
346 459
38 190
305 336
165 379
5 317
212 468
277 361
311 316
430 467
350 255
483 70
85 368
71 121
256 268
303 282
324 288
328 97
12 227
196 109
17 132
2 299
346 334
430 25
207 145
52 195
359 315
17 126
45 241
346 387
119 90
335 302
221 156
107 440
168 217
207 22
495 64
390 413
99 17
217 427
358 363
291 410
11 352
368 295
400 16
252 64
90 232
339 248
495 263
156 326
307 263
220 256
141 470
144 334
459 14
304 63
351 162
252 99
477 62
11 468
495 313
398 263
67 17
187 37
244 89
33 489
209 155
210 30
110 118
206 162
40 321
327 283
404 301
152 50
169 370
500 29
483 27
38 114
354 437
354 481
415 397
27 73
331 112
399 334
434 282
38 104
221 359
255 142
246 489
96 453
189 303
444 440
224 302
282 149
34 301
140 95
452 100
383 301
336 84
70 7
183 172
82 452
493 128
90 435
135 392
98 87
96 395
2 95
149 467
335 82
216 200
406 401
176 53
281 337
436 367
18 241
166 159
341 86
9 291
213 169
265 377
81 430
294 479
222 282
499 428
141 328
220 36
23 467
205 423
339 169
182 472
238 496
341 37
70 285
72 295
61 458
245 48
436 36
56 180
448 198
123 486
31 280
108 144
83 104
350 176
491 185
381 474
125 408
439 112
88 496
373 206
399 497
36 482
69 348
320 436
79 174
191 7
344 17
322 498
26 174
291 272
370 461
39 246
76 84
297 123
48 96
418 379
33 21
260 185
247 309
335 73
282 115
176 252
216 444
295 228
310 53
77 78
471 249
479 484
470 232
353 202
117 293
54 159
468 241
33 329
68 156
28 110
106 459
303 393
47 165
31 376
224 302
27 128
34 2
48 450
98 173
323 281
289 448
28 442
68 266
11 401
280 331
310 201
476 392
50 179
313 134
91 452
431 428
335 54
356 244
366 94
123 427
52 368
310 175
268 131
170 267
397 218
282 476
405 428
174 278
484 468
378 256
330 442
170 77
80 472
27 353
327 203
397 163
137 149
229 325
19 476
76 167
62 334
343 487
101 325
222 436
383 329
201 63
212 354
408 176
312 382
467 439
90 326
286 471
473 409
228 45
204 452
186 470
142 68
37 404
374 398
156 371
88 351
354 374
444 344
465 274
466 329
496 237
379 166
34 234
171 179
163 69
63 408
142 137
264 88
3 41
87 281
114 187
194 323
62 473
466 80
457 272
416 376
185 385
446 51
412 253
123 11
430 354
97 64
239 365
94 140
291 406
271 416
80 163
190 262
433 64
341 355
347 45
368 254
187 433
439 358
42 498
399 344
440 28
93 149
258 26
110 484
389 85
302 352
281 290
445 341
125 177
329 124
29 9
484 393
499 424
492 315
70 94
463 234
71 308
359 188
216 230
435 149
111 218
485 255
443 92
321 374
108 273
90 51
430 240
368 86
139 396
441 257
109 72
379 152
13 320
380 148
252 269
371 256
19 21
102 155
195 412
420 47
379 324
198 99
27 15
384 494
481 234
411 11
233 140
322 158
151 190
279 378
422 367
170 160
32 352
124 225
450 24
419 444
81 499
360 485
498 255
423 119
491 199
372 12
92 332
22 18
422 91
126 233
297 464
141 210
253 359
96 453
487 365
25 285
310 95
154 85
274 397
362 184
305 219
254 174
442 28
204 256
7 497
69 323
407 205
323 486
305 156
375 152
136 389
117 331
82 405
83 427
32 476
319 263
288 424
423 302
438 403
158 69
477 209
234 179
363 338
313 175
166 87
220 33
320 199
434 450
152 327
393 35
40 413
486 122
86 340
429 265
482 344
341 113
456 178
5 66
449 206
246 395
71 248
463 234
65 123
458 253
130 232
284 480
464 137
253 120
58 246
424 428
178 7
434 488
66 472
432 313
39 170
40 390
57 99
290 243
348 384
249 275
14 93
401 413
377 224
43 255
378 162
241 102
23 249
323 258
21 109
180 173
402 135
476 303
324 37
321 477
112 351
336 73
168 27
185 394
376 106
331 466
438 116
151 394
111 435
441 172
293 312
106 377
482 263
181 315
121 418
453 291
121 314
105 107
223 438
334 222
197 349
427 462
130 175
467 491
362 64
374 410
124 395
369 497
493 29
10 186
359 287
73 446
191 111
447 433
254 152
317 293
475 35
462 392
34 278
358 489
255 157
344 145
366 243
244 292
56 155
224 20
483 390
174 33
431 201
446 283
227 458
416 66
472 115
466 47
124 130
360 294
100 126
483 275
379 433
485 274
10 410
168 283
406 304
109 334
364 219
432 205
246 304
186 129
118 106
492 250
334 481
474 351
94 105
39 75
409 308
304 465
454 403
214 241
397 251
9 479
29 257
384 122
38 342
148 177
264 475
193 159
170 56
190 429
277 172
217 357
375 338
315 156
203 217
126 221
242 192
332 308
437 36
128 295
467 496
410 55
127 224
259 47
103 28
292 248
133 127
303 325
33 449
459 397
434 278
430 163
224 359
47 133
488 470
79 400
101 32
334 418
325 58
446 340
52 474
263 398
434 353
292 362
114 261
445 460
243 354
27 432
201 15
392 169
1 17
20 486
460 430
456 474
64 163
338 490
168 169
143 226
366 302
49 235
152 13
17 351
339 422
348 166
366 279
227 296
411 328
478 390
370 283
389 343
487 442
181 155
95 225
165 210
96 160
321 377
477 451
311 97
437 294
219 406
339 249
99 141
225 466
161 80
399 487
74 353
449 483
146 138
41 254
189 46
490 165
57 48
121 397
198 11
61 377
7 409
251 161
76 306
329 389
366 374
211 231
350 380
482 486
153 453
390 421
350 463
19 44
439 79
138 32
167 291
27 103
259 56
5 340
480 158
218 30
466 27
319 329
130 404
63 162
340 116
117 85
161 258
2 415
298 265
336 344
48 15
193 423
215 402
455 288
439 380
137 160
497 407
389 185
122 223
376 46
318 129
490 173
399 466
358 214
67 153
290 113
375 266
472 464
216 478
77 397
82 118
497 243
382 428
299 483
205 472
282 190
102 252
167 470
25 47
32 467
224 233
383 309
366 121
140 395
480 192
272 193
178 194
119 221
64 88
82 258
264 309
389 11
421 325
96 489
189 319
277 32
443 77
308 123
125 434
409 455
490 477
74 357
496 294
221 62
222 262
267 62
107 433
479 39
192 224
319 343
58 361
283 319
477 150
484 276
355 359
375 343
457 127
109 398
429 467
412 477
480 480
25 429
356 107
163 246
454 326
47 397
196 91
320 454
181 414
132 392
350 460
110 352
101 47
406 82
471 239
121 279
89 496
378 322
432 36
176 131
176 81
375 344
317 4
448 80
101 443
323 426
455 299
52 189
309 4
19 439
176 282
107 122
24 272
227 159
403 424
123 223
436 163
130 340
376 399
283 192
62 22
476 493
496 285
112 195
321 39
219 211
109 335
417 237
316 222
95 221
43 163
437 251
488 147
62 489
333 269
282 60
212 81
222 465
452 234
1 423
31 388
193 436
95 342
463 74
437 186
299 435
205 39
304 343
73 378
265 68
125 85
116 185
398 428
1 314
402 347
74 214
238 245
482 378
483 259
158 77
320 82
37 344
441 350
354 283
214 189
490 392
484 456
72 130
422 178
9 371
486 86
235 341
239 131
219 452
125 256
376 129
136 108
27 235
378 314
418 350
148 74
33 276
424 47
394 441
494 130
425 387
152 251
130 411
364 386
193 108
386 77
58 378
46 65
426 157
415 75
133 456
4 262
321 336
103 305
70 190
64 397
204 237
201 500
105 1
33 393
7 22
274 35
188 352
457 484
409 148
268 474
110 331
426 310
247 470
45 356
25 140
396 483
387 481
491 121
224 1
335 155
259 417
278 263
39 290
109 326
205 126
84 109
315 303
346 4
132 316
139 342
11 205
224 9
225 181
211 213
199 77
490 367
305 377
247 135
195 414
239 445
297 277
413 252
94 341
81 240
476 4
132 37
451 207
450 51
439 352
323 310
15 323
166 67
425 22
383 22
227 488
8 213
489 102
53 276
133 135
273 57
34 467
175 397
269 226
425 388
443 470
154 20
436 2
389 407
32 97
476 78
193 352
4 151
481 68
420 173
179 315
130 289
464 112
39 210
28 126
316 300
148 44
11 213
259 318
195 348
279 215
144 470
7 125
147 393
292 19
203 421
231 172
92 273
284 341
24 336
179 132
378 475
357 394
84 424
288 22
266 198
24 283
86 267
402 379
186 476
443 6
72 198
283 231
414 74
443 433
40 168
269 238
333 392
111 232
473 375
23 264
345 73
313 101
190 85
443 110
493 184
429 473
453 331
106 289
452 73
191 14
480 431
337 44
105 105
276 374
419 113
10 218
122 206
73 184
497 351
41 63
434 87
101 278
338 275
301 55
341 30
240 364
239 476
186 71
353 165
126 473
20 481
57 24
185 81
228 30
77 200
104 270
193 277
260 328
52 367
264 269
294 66
440 20
258 21
68 138
84 98
358 228
489 22
386 251
105 275
463 127
95 58
435 127
408 425
270 205
456 350
311 28
175 65
61 175
442 264
367 411
35 354
177 497
236 434
93 493
30 156
49 488
166 106
29 238
149 171
354 146
16 244
500 47
96 50
300 321
475 7
6 336
456 204
394 80
11 145
441 275
399 80
39 205
69 188
141 80
387 180
363 438
243 237
312 447
118 473
142 393
470 283
342 294
93 227
160 325
213 439
3 239
322 281
185 386
185 125
190 436
484 67
163 481
230 1
412 204
129 152
225 366
456 10
37 473
370 475
438 229
378 136
53 123
431 74
291 234
77 462
427 303
133 193
108 381
487 316
339 462
73 46
328 296
400 46
406 209
349 212
266 49
450 385
338 101
445 171
225 49
90 106
218 62
15 54
123 217
97 423
266 247
466 177
83 19
459 208
246 99
232 254
288 90
405 272
284 494
216 288
8 81
162 333
340 430
487 411
40 479
346 381
312 132
431 492
288 153
148 247
394 372
154 486
90 185
33 344
248 203
103 153
19 71
31 466
14 122
198 491
444 381
384 6
422 160
318 90
400 300
459 327
268 478
461 329
221 115
256 160
441 19
182 421
345 282
462 275
123 333
12 266
357 347
274 69
403 100
65 435
65 169
286 205
360 97
200 497
262 60
322 261
383 60
372 192
37 378
113 392
128 377
255 223
169 115
172 12
408 332
393 63
357 29
77 206
26 396
183 385
437 374
132 486
255 247
187 229
52 327
356 244
189 69
362 143
262 486
388 449
24 289
326 344
421 4
351 263
39 226
383 129
175 13
73 275
52 368
196 7
35 386
433 429
323 72
408 127
13 98
451 118
258 425
447 33
412 478
465 328
269 298
80 394
433 163
478 250
6 481
29 177
313 154
356 474
146 491
218 238
472 297
168 432
384 170
201 55
103 86
205 212
300 318
388 361
85 190
244 175
5 147
476 7
15 435
339 108
159 221
466 198
295 294
254 420
54 402
208 385
306 359
316 238
420 254
204 39
484 21
377 73
208 282
50 418
202 391
81 284
287 262
432 485
45 494
284 136
94 191
174 332
32 208
258 168
314 456
56 446
316 16
119 39
326 214
2 30
356 228
390 166
375 21
453 396
247 350
96 375
201 93
107 433
96 118
276 302
487 178
489 214
74 370
237 360
114 359
122 17
376 158
141 196
170 462
204 158
492 353
437 464
413 473
367 103
44 171
138 499
398 81
492 134
451 359
374 161
36 493
300 33
207 317
376 281
275 244
261 324
166 213
349 442
210 60
218 380
40 314
361 227
32 428
54 138
383 319
166 468
420 365
51 97
284 350
332 275
421 452
482 119
409 496
99 491
291 318
326 455
214 188
16 218
245 310
133 457
181 171
85 476
48 273
442 451
116 128
182 281
448 107
28 484
413 156
173 286
379 362
289 477
248 469
420 358
318 329
129 444
297 212
27 141
386 162
126 349
487 173
72 89
122 104
199 177
197 96
460 265
443 346
42 393
423 169
457 62
231 433
277 403
73 41
16 111
485 140
266 215
449 408
268 204
221 232
496 261
218 125
132 328
491 481
285 102
445 87
387 400
445 185
500 79
440 265
31 422
224 297
60 308
431 271
436 447
339 397
427 285
333 478
226 445
321 452
26 415
353 152
246 450
500 385
104 149
383 344
306 33
121 230
486 164
61 92
156 325
88 464
68 162
310 488
74 419
487 6
231 408
71 474
329 492
115 149
366 14
249 360
137 37
222 58
404 428
117 221
162 117
242 420
422 410
354 387
293 61
278 75
331 54
234 354
106 456
274 408
257 30
358 30
435 304
403 477
170 328
48 109
334 138
417 329
339 121
11 471
177 202
312 275
265 79
123 381
119 235
60 360
299 420
485 401
302 442
151 70
283 482
351 249
16 452
301 347
287 136
24 23
382 28
444 450
84 307
481 259
115 157
456 267
66 441
367 86
69 386
413 269
306 3
20 81
456 128
21 282
286 146
63 138
113 354
53 213
56 384
10 456
274 463
172 135
135 420
249 95
32 38
465 304
291 235
444 69
312 24
83 61
221 51
465 424
240 230
392 343
435 415
218 190
497 404
380 453
244 460
344 274
471 308
350 371
284 260
446 147
127 249
184 487
270 496
13 199
321 27
466 335
478 84
193 495
168 356
301 349
471 133
281 192
74 11
424 319
439 61
406 44
225 378
409 474
415 413
260 107
463 193
23 157
129 73
46 156
465 181
489 296
245 104
74 191
199 258
247 253
474 89
203 13
212 38
374 211
28 206
271 333
44 364
335 411
139 289
62 51
275 478
47 235
72 230
54 124
136 487
442 51
13 382
48 175
146 136
450 458
417 139
95 213
20 263
167 183
101 24
463 206
51 110
262 357
27 107
95 156
218 230
400 446
467 404
318 179
328 306
174 416
67 456
448 274
37 159
166 500
85 477
467 203
152 77
79 490
286 101
257 339
39 420
122 85
271 367
331 321
242 105
136 427
386 416
308 216
374 429
465 75
202 284
383 492
307 366
232 350
133 400
77 6
365 345
346 215
135 123
124 254
329 476
216 431
175 335
214 254
439 108
283 384
442 335
51 417
16 298
350 381
239 114
478 394
172 49
42 175
489 428
3 251
333 451
376 51
396 164
151 246
341 361
486 115
458 282
18 116
386 344
389 226
412 304
126 231
173 376
484 111
468 58
346 227
232 107
459 157
168 454
241 144
98 52
67 392
242 245
172 261
391 401
346 180
145 366
307 268
76 340
458 34
486 195
479 351
311 80
423 57
39 445
125 293
240 445
291 8
403 311
126 169
113 203
399 424
374 112
416 406
356 300
429 157
464 117
157 193
481 460
149 130
285 174
392 258
245 187
370 265
123 83
18 45
134 353
141 87
306 221
186 34
42 460
122 153
131 155
458 94
442 245
474 173
249 367
335 230
390 139
74 377
415 240
376 422
268 302
229 454
67 420
176 305
316 49
238 21
109 169
470 207
117 12
250 142
422 33
60 208
313 151
354 485
176 313
435 461
421 35
184 267
383 494
495 281
339 252
45 299
363 127
150 138
147 348
322 117
188 13
218 237
75 37
401 107
482 316
234 172
445 1
336 239
213 217
408 286
318 154
76 236
194 137
229 132
388 343
60 242
107 261
493 453
8 327
343 194
344 215
236 62
457 184
82 227
178 179
158 183
302 14
462 244
287 479
198 101
202 336
235 290
207 404
324 183
489 141
96 86
184 235
28 132
265 150
398 335
183 129
442 242
177 497
455 63
296 328
263 119
438 4
284 339
132 275
222 308
338 231
227 377
129 134
381 307
130 214
307 293
266 394
286 44
385 50
15 311
129 163
66 176
67 380
231 16
382 2
286 172
82 16
34 492
33 18
49 137
383 22
267 168
178 203
474 472
292 297
124 191
130 47
103 499
364 97
248 428
91 444
208 236
203 232
442 174
144 23
23 169
207 382
91 168
281 488
110 262
355 197
27 351
419 377
246 18
66 228
298 469
189 276
31 195
165 173
159 59
250 311
95 304
188 150
237 450
16 199
394 298
465 341
296 149
50 432
380 305
155 71
41 324
104 94
50 116
252 476
105 58
318 249
112 113
447 359
192 348
490 15
373 456
252 143
473 243
116 382
496 371
263 446
197 79
458 265
317 64
400 37
320 222
74 181
375 138
13 473
259 390
161 110
376 331
294 276
239 308
63 297
201 161
151 142
363 454
476 89
202 356
352 323
374 462
3 395
34 373
221 432
389 195
59 235
36 380
20 487
44 243
186 254
42 161
249 158
185 371
70 318
67 355
230 206
487 445
162 204
109 432
282 304
251 354
248 453
30 403
277 116
210 148
246 15
374 310
263 167
492 179
317 462
24 226
434 467
167 416
197 165
284 471
455 213
277 308
110 439
269 463
215 187
467 28
240 465
25 144
101 341
67 145
315 250
42 51
86 329
454 372
372 142
116 220
153 65
298 144
434 123
102 58
204 359
220 230
344 397
322 72
156 386
200 432
80 192
90 205
126 461
38 433
465 289
46 298
144 23
437 375
17 440
288 128
357 426
283 375
31 153
252 234
38 135
344 374
411 145
281 82
148 245
317 307
206 374
256 308
440 362
164 335
126 96
127 175
152 495
341 480
25 249
202 53
432 460
141 203
38 337
113 19
139 16
24 455
229 388
220 305
81 446
128 279
316 53
435 193
389 361
460 190
436 312
292 399
418 476
243 30
472 176
169 308
121 433
80 386
240 5
100 122
454 264
166 413
131 261
177 238
489 234
141 118
157 157
269 103
419 346
119 306
405 401
426 81
367 282
78 474
32 485
107 215
478 207
85 446
477 413
150 363
335 473
256 446
288 79
169 217
118 209
403 323
63 212
259 109
64 180
231 321
188 415
213 95
251 247
150 443
377 201
452 205
170 155
241 99
12 425
486 474
110 288
446 439
98 182
81 357
122 248
367 141
370 494
165 158
434 424
401 365
403 173
275 419
412 299
112 342
128 271
27 487
500 26
234 79
87 314
423 412
43 252
388 433
73 327
134 439
36 104
311 131
374 327
45 410
283 247
464 454
263 129
126 140
481 36
41 483
439 359
272 115
216 299
294 287
169 397
281 255
448 213
336 119
342 431
404 479
420 497
339 374
338 456
80 66
483 497
218 286
243 183
145 134
130 27
243 317
31 255
297 84
188 307
158 21
91 207
248 483
368 217
299 457
389 474
94 18
391 85
295 448
128 79
75 22
95 83
171 163
415 472
258 249
498 472
33 248
459 158
103 339
199 286
309 33
456 351
54 291
196 425
479 212
251 431
218 360
153 11
53 98
335 154
314 289
13 100
488 272
411 433
251 220
181 241
196 99
300 461
236 322
315 157
275 458
164 128
354 388
57 269
490 479
384 16
43 401
27 336
338 173
172 283
436 345
322 415
127 376
388 289
145 192
338 271
45 446
274 276
228 421
462 387
121 292
36 44
30 266
41 481
478 452
368 334
332 102
205 183
242 45
100 168
193 426
310 486
181 139
246 69
34 191
65 126
433 40
431 264
56 397
459 297
36 126
453 138
251 234
74 480
153 86
435 287
459 452
236 293
250 149
19 312
271 3
69 380
41 18
301 268
129 187
339 167
314 320
498 8
54 258
244 4
112 103
450 400
251 182
266 51
254 148
226 201
473 339
387 20
334 43
155 20
192 268
490 384
375 273
300 352
81 17
151 327
339 401
109 224
268 207
293 159
61 270
310 314
389 13
71 371
451 252
41 210
394 343
456 390
124 40
411 166
497 283
243 79
24 441
375 433
201 120
140 400
202 389
478 378
43 442
493 280
367 435
407 145
458 463
97 473
345 98
26 420
459 403
265 33
30 34
297 205
371 81
440 410
451 432
329 142
13 183
478 297
97 421
51 278
90 185
90 419
248 389
470 342
161 288
383 101
93 341
196 11
454 37
10 356
297 369
271 382
28 290
488 327
339 260
150 238
232 434
392 237
294 105
50 20
484 349
197 173
287 81
156 138
218 126
271 208
394 231
235 465
409 57
72 240
86 345
227 386
234 32
360 296
183 353
243 275
129 47
220 16
345 413
79 485
326 255
345 62
431 78
57 225
226 235
95 286
481 26
381 122
429 389
313 471
466 58
90 113
313 149
97 70
89 19
483 253
208 240
404 445
42 271
276 85
495 88
19 331
390 58
133 196
371 179
45 8
474 268
82 33
60 350
415 489
432 47
168 182
239 345
380 341
175 9
417 291
186 18
401 98
285 299
443 236
38 12
351 106
270 129
131 446
493 62
96 330
397 354
231 33
133 217
255 135
222 408
417 460
173 408
337 394
31 16
185 491
41 272
112 101
66 314
95 128
54 373
367 132
292 206
381 397
276 314
12 57
262 208
293 334
62 253
425 473
85 400
19 482
307 332
382 201
448 455
218 81
301 170
105 364
334 10
300 214
113 122
188 53
25 365
66 280
254 242
51 201
203 333
366 142
219 297
349 215
384 19
488 328
273 408
406 353
235 192
3 282
312 36
342 293
374 115
461 365
110 328
412 368
447 392
241 353
227 88
473 209
240 407
399 430
140 363
150 344
321 119
345 170
142 292
359 25
249 158
492 270
21 322
386 241
321 233
51 425
346 128
476 121
147 424
372 446
4 491
74 433
460 39
368 305
482 462
118 133
40 119
492 63
58 423
221 211
10 25
233 436
273 213
485 111
408 271
416 88
230 230
286 39
252 80
194 318
281 162
379 267
461 372
429 411
245 195
209 305
428 158
192 125
17 48
197 15
457 488
379 174
314 150
305 55
416 29
203 88
255 334
26 83
478 3
187 13
180 319
296 105
71 255
181 89
202 389
96 114
89 390
259 446
321 322
223 28
24 127
104 368
292 455
1 409
162 496
116 437
304 274
407 357
335 269
138 155
478 199
437 70
297 126
445 12
436 490
128 81
446 427
456 343
356 293
348 297
494 302
494 357
486 168
88 260
7 459
408 191
496 346
34 474
216 492
496 254
169 76
399 256
316 260
284 177
445 359
53 249
374 322
483 356
223 368
82 239
485 429
273 20
189 168
494 35
162 500
468 96
61 76
320 200
56 322
459 219
174 164
494 207
461 477
377 262
405 440
249 44
407 373
131 20
447 318
152 294
499 117
164 59
231 94
283 398
13 63
184 277
173 117
481 314
461 68
112 91
131 370
230 27
168 212
240 235
401 317
193 472
193 196
353 144
365 411
34 54
383 410
118 462
174 416
428 402
189 440
298 24
415 140
43 100
212 97
197 64
236 476
375 315
267 141
296 242
271 352
161 308
487 454
243 307
354 496
398 500
110 396
434 43
312 104
387 337
289 234
42 367
308 351
142 478
287 475
350 425
472 482
462 402
104 51
490 260
160 306
62 317
210 228
433 192
280 250
347 44
161 410
352 157
353 227
134 89
186 236
345 63
40 481
2 376
439 169
469 193
464 302
9 254
144 157
18 83
375 322
396 454
365 50
401 131
265 144
235 131
133 264
489 293
72 279
367 434
176 295
254 377
113 332
167 393
440 100
442 359
326 318
104 264
33 14
331 298
430 365
73 136
171 483
391 142
44 150
433 225
285 477
426 264
314 411
296 109
471 479
134 484
36 482
95 184
406 182
33 285
494 248
347 395
301 178
278 345
350 199
415 19
446 23
258 16
300 336
100 274
126 481
327 246
277 304
90 414
389 38
297 429
318 282
67 192
293 66
449 75
98 274
445 331
492 364
436 336
463 325
441 108
152 454
412 376
104 425
373 375
199 142
21 357
314 379
324 373
444 489
358 279
185 184
185 478
400 398
344 155
341 495
418 137
252 75
165 359
254 464
378 325
466 83
402 418
382 260
299 134
179 210
497 210
153 354
390 412
377 18
275 200
236 59
41 82
6 278
470 23
173 395
152 85
33 341
141 53
156 146
281 110
357 363
399 316
145 119
370 462
360 58
34 18
444 11
353 489
436 300
366 436
190 343
232 393
387 38
34 374
413 155
276 78
345 19
89 292
249 403
344 3
354 52
36 202
314 372
423 141
268 374
248 483
18 190
368 273
10 210
427 478
469 143
366 59
477 119
491 110
179 113
89 17
332 324
73 472
214 157
312 74
225 37
496 462
42 150
323 141
376 471
216 461
366 172
233 175
169 389
171 252
146 458
268 31
250 173
285 80
308 376
357 105
171 474
166 242
318 286
263 247
442 305
136 410
467 57
202 154
25 345
19 426
35 89
125 224
446 116
296 80
125 285
212 237
442 110
457 151
357 163
391 272
314 442
178 23
220 45
214 199
253 245
432 206
41 23
232 100
260 417
70 284
332 225
94 3
215 259
264 49
308 236
84 341
450 228
383 170
150 145
386 16
120 373
473 341
244 223
142 422
30 188
342 416
243 144
189 418
299 44
172 216
324 410
324 482
133 4
4 389
362 446
412 152
266 4
341 174
169 231
268 333
240 354
253 469
384 19
338 411
151 399
274 480
127 444
28 453
24 233
351 193
453 464
361 168
96 384
291 106
313 288
463 78
145 474
105 64
29 305
127 164
299 51
111 189
285 408
396 433
88 46
277 321
198 160
219 76
334 227
176 21
463 320
318 210
51 343
447 370
294 431
261 52
213 131
32 387
102 377
52 289
225 254
341 373
243 286
50 126
363 261
184 2
310 19
401 485
276 217
212 245
344 400
278 243
189 405
122 26
376 164
159 439
149 395
290 470
52 127
215 348
398 213
9 258
12 152
458 403
254 94
177 340
440 124
102 379
394 389
231 161
32 8
236 188
236 295
38 332
121 140
252 354
431 322
194 8
278 156
262 10
323 1
97 169
190 284
185 394
32 325
64 118
291 139
66 487
24 209
359 170
379 401
481 219
305 189
164 244
252 392
196 103
65 400
210 453
280 32
478 202
55 467
382 302
153 237
218 450
161 83
217 305
51 391
449 237
99 297
138 146
445 248
179 346
465 311
50 387
88 106
196 222
204 466
452 96
346 446
437 197
388 416
476 462
393 34
392 379
33 36
312 210
128 51
104 362
378 52
295 187
429 218
375 7
409 428
412 11
223 104
65 25
471 368
480 1
379 177
142 21
21 207
194 110
11 344
360 247
336 96
30 265
166 174
370 479
85 381
181 363
48 48
357 136
377 53
93 379
428 279
64 299
370 475
461 43
331 186
193 94
78 222
485 1
21 153
39 275
41 63
250 489
403 446
2 83
103 40
421 358
470 267
154 347
334 94
485 79
338 240
215 168
174 360
121 356
435 157
426 209
270 74
191 155
416 480
223 45
253 307
20 274
310 252
338 115
86 214
412 41
412 391
331 348
56 424
476 446
105 461
440 464
133 51
141 248
368 498
112 300
428 274
292 471
265 312
27 389
291 497
409 222
337 289
407 384
221 312
255 254
224 357
316 167
474 405
79 201
395 251
423 360
495 293
123 21
23 161
295 167
472 225
389 427
328 430
358 143
117 369
451 120
66 107
17 200
463 47
424 37
164 349
105 177
235 189
422 375
52 101
118 251
496 82
370 90
185 177
307 114
200 172
78 327
167 96
48 342
391 68
6 71
112 142
439 470
475 427
384 465
322 134
378 119
463 382
459 8
394 104
446 125
106 313
267 163
273 498
497 108
476 330
178 279
178 321
318 436
336 371
346 492
57 133
314 63
28 170
180 425
26 61
91 76
429 352
494 448
18 59
417 258
135 295
319 190
189 442
284 180
30 385
230 116
260 488
111 496
299 475
215 423
299 465
97 392
477 316
54 480
184 178
287 141
244 96
30 500
61 291
320 96
72 131
262 419
437 432
179 463
46 59
341 362
431 246
74 256
312 329
270 141
270 30
268 77
420 246
154 206
36 413
367 466
229 275
203 174
32 106
155 40
247 483
293 27
18 364
24 244
205 434
53 178
266 368
195 455
360 368
209 299
359 349
407 212
319 113
491 60
332 350
96 52
331 27
218 124
174 350
392 116
345 384
177 343
166 402
266 177
3 161
104 265
412 241
457 132
92 399
118 146
14 431
367 281
246 205
19 145
226 38
453 473
463 417
407 101
68 314
153 413
84 129
100 235
343 114
455 104
168 189
59 296
74 412
452 205
10 66
130 196
72 261
102 19
412 474
495 96
278 212
324 374
24 330
369 278
29 96
160 375
20 41
454 144
449 178
397 432
210 181
380 474
448 156
406 480
352 434
70 201
483 83
131 467
496 186
249 20
145 105
429 112
129 150
235 127
181 76
467 171
399 138
463 431
149 474
277 316
357 363
200 272
371 401
311 419
310 59
285 243
332 468
104 25
297 257
412 426
267 432
83 357
49 24
280 387
233 18
306 483
235 442
452 105
238 292
120 313
227 193
172 243
493 402
377 422
272 153
201 215
230 329
306 388
475 165
164 254
41 464
453 316
277 326
424 59
164 2
480 417
432 309
424 141
455 82
355 233
300 354
362 387
344 86
480 13
281 409
114 332
38 41
479 297
86 146
204 260
394 405
480 193
46 355
453 42
442 306
192 170
407 362
337 420
464 228
369 205
479 102
194 56
43 323
384 427
23 121
465 169
271 349
58 136
446 245
446 380
95 320
471 43
32 26
427 432
224 280
214 371
482 239
157 277
492 100
387 55
295 34
219 53
242 421
357 32
390 86
323 238
41 134
497 143
292 388
76 416
30 432
314 194
351 349
355 284
240 255
32 213
142 221
103 52
384 126
310 325
259 120
472 108
343 179
264 54
448 414
270 305
78 352
105 223
170 387
87 52
370 401
338 170
447 406
14 360
265 47
316 423
200 232
170 275
199 289
496 268
207 334
23 32
494 157
131 368
152 315
153 252
78 212
355 63
337 280
233 354
223 398
420 363
114 264
373 184
455 253
222 399
109 154
413 396
239 392
228 413
437 409
499 321
213 401
387 410
305 200
231 279
454 148
244 439
213 44
186 275
253 393
321 265
317 232
248 356
339 394
43 323
398 278
473 327
466 337
463 456
200 366
281 429
313 165
462 400
484 353
10 59
134 430
469 437
438 421
147 392
171 20
16 175
165 250
207 214
61 45
427 260
191 130
486 138
268 405
299 9
378 113
489 474
146 140
465 100
184 264
110 338
6 488
331 40
25 386
203 148
321 433
183 33
61 173
214 339
165 324
104 48
102 433
315 15
395 319
296 386
384 363
99 304
291 178
328 454
285 59
365 257
397 391
136 208
141 87
143 64
417 30
283 473
63 427
157 265
446 159
184 48
451 123
32 150
211 32
483 304
72 414
207 299
185 202
266 213
387 11
426 252
160 215
17 463
98 252
401 178
221 500
287 188
19 59
424 2
76 189
403 284
209 269
171 465
208 453
124 235
155 467
17 25
14 161
106 370
239 374
253 41
237 484
365 84
73 339
128 22
73 26
407 96
176 121
58 469
427 56
73 459
278 291
479 208
405 309
391 100
291 113
471 230
339 243
51 27
262 126
377 82
242 3
261 296
92 342
83 161
105 495
113 162
404 47
64 415
319 296
387 166
154 304
330 369
187 72
269 377
181 316
124 441
437 343
16 225
496 433
112 446
139 403
13 24
152 192
104 53
196 153
418 132
491 176
469 114
374 96
325 472
166 215
179 431
195 310
212 111
446 141
110 19
215 121
241 118
229 255
224 32
322 190
158 451
243 419
278 81
442 114
35 426
431 394
395 307
255 17
166 7
175 306
17 207
215 194
94 433
146 439
132 285
9 386
210 249
90 425
304 153
214 85
146 398
120 344
317 46
239 444
102 64
356 334
333 315
35 398
477 483
217 427
76 108
483 230
253 390
290 40
474 137
207 72
1 200
154 266
198 268
466 170
103 85
149 443
59 389
131 369
335 450
165 455
321 469
143 336
199 134
19 320
484 162
378 161
458 3
426 259
173 209
7 331
366 306
479 407
246 467
26 496
101 169
141 317
448 87
405 162
150 29
456 359
107 284
162 17
456 110
177 298
491 489
120 417
207 380
35 429
84 140
224 498
298 24
392 88
386 248
64 26
499 117
201 373
302 459
169 198
492 161
380 486
420 152
498 44
255 201
197 115
221 366
62 171
17 499
446 235
70 92
325 393
353 404
177 340
142 376
415 90
439 196
394 132
101 476
415 366
310 254
232 409
116 470
170 283
221 305
432 104
213 93
218 416
2 255
63 411
59 138
30 167
492 240
73 170
79 130
154 246
11 86
277 337
308 114
418 308
130 317
228 464
402 27
305 440
56 302
298 158
329 290
294 217
114 428
476 463
309 226
140 86
463 435
48 168
332 87
111 257
162 384
359 142
168 116
265 58
386 445
96 70
485 74
34 500
363 116
347 426
489 292
222 143
310 41
350 149
326 148
126 201
328 99
179 242
370 488
27 40
74 113
252 185
209 397
163 450
490 87
226 109
412 367
94 239
100 55
247 182
491 160
191 69
15 449
363 367
284 106
119 379
3 431
499 317
454 399
431 74
64 478
284 441
477 303
495 201
393 226
116 56
26 241
279 46
465 25
208 352
252 252
317 42
402 311
472 243
211 54
152 50
187 480
472 421
379 353
122 249
88 342
187 215
354 288
469 88
446 103
308 414
464 361
408 139
457 495
32 314
236 263
408 342
304 217
355 357
332 488
107 279
167 5
117 287
386 348
244 332
473 368
162 27
277 247
72 203
239 298
121 116
286 70
102 270
472 58
395 305
121 118
410 392
346 303
190 18
405 408
1 3
120 138
306 247
285 76
439 23
106 183
347 351
238 274
399 1
283 136
440 201
64 76
497 201
93 136
345 364
187 383
218 271
71 26
386 273
144 447
372 205
96 353
22 485
40 201
89 262
396 490
224 318
265 496
384 182
290 266
33 219
80 291
386 307
217 279
217 452
491 376
7 226
47 454
111 225
224 248
170 299
500 43
181 351
45 123
178 472
335 262
46 88
182 384
430 137
75 32
491 365
374 22
100 339
92 293
310 155
140 97
95 385
228 36
126 389
90 382
402 102
205 232
193 405
377 274
153 129
439 208
141 395
251 358
216 2
149 95
481 295
61 219
435 71
185 57
212 417
30 403
185 360
292 270
473 252
72 18
325 96
363 209
48 126
332 349
322 204
481 230
282 490
140 137
169 478
494 198
469 228
240 464
477 315
399 140
7 85
62 10
262 211
242 357
206 487
328 449
321 154
161 283
280 469
46 477
123 296
391 258
279 4
435 268
267 113
284 98
333 209
482 465
284 221
141 450
58 210
110 268
378 48
333 154
306 25
443 152
431 135
228 393
492 117
257 246
73 84
369 302
303 474
481 14
299 163
363 77
186 370
401 237
247 268
54 207
227 455
17 331
324 191
61 488
163 141
458 175
269 199
381 337
494 174
191 310
10 483
308 146
112 493
296 292
136 343
447 478
346 335
177 478
59 126
178 474
443 423
327 140
147 182
175 189
360 482
106 3
170 238
242 211
296 500
41 104
148 43
193 423
303 487
477 265
247 354
173 149
7 436
9 495
73 484
227 440
377 271
267 51
438 474
333 58
398 346
188 381
154 452
118 491
272 100
388 145
348 334
336 498
372 8
134 77
476 81
472 449
499 267
52 97
130 231
339 231
213 342
103 251
159 78
450 462
99 78
272 417
430 291
300 2
443 386
272 61
96 53
319 97
252 345
477 398
280 189
346 201
436 139
484 233
174 261
419 165
61 356
308 491
80 308
77 250
92 30
14 17
121 194
261 137
479 225
412 208
105 215
297 120
337 114
405 246
320 128
351 431
172 389
96 283
186 436
437 216
16 201
466 361
189 174
258 408
345 330
387 250
158 66
455 109
473 334
130 441
151 344
40 369
370 54
480 340
441 115
442 496
17 427
220 132
267 197
476 160
190 273
273 174
464 444
405 335
448 271
66 206
314 118
220 77
407 497
286 385
430 190
20 200
276 68
56 310
12 236
461 124
433 128
115 447
83 270
48 406
206 59
279 54
298 231
325 114
208 448
334 232
291 452
173 98
110 48
299 436
67 360
7 235
115 279
257 99
331 65
500 369
417 86
463 19
352 139
147 379
498 81
379 84
249 224
272 233
58 326
203 125
40 458
467 166
118 469
376 390
285 420
479 1
112 233
116 41
351 211
94 304
184 415
227 489
246 328
405 255
110 54
457 256
147 319
419 347
386 244
491 262
292 402
402 82
332 490
239 325
152 418
344 285
219 248
286 111
257 250
248 52
426 148
125 87
44 5
428 167
419 408
213 267
73 352
120 174
131 342
47 10
335 422
206 279
119 355
204 223
495 56
318 212
335 345
248 267
244 310
92 459
310 308
417 386
177 402
311 240
436 395
255 122
85 142
181 303
174 419
146 121
163 257
399 338
1 60
343 457
422 313
153 314
164 112
336 422
138 310
321 417
223 406
60 102
375 200
373 56
384 262
292 254
235 217
151 248
438 304
115 97
308 13
73 319
350 479
101 474
431 118
157 404
69 491
469 194
377 452
85 85
480 467
266 237
342 36
342 106
423 123
288 300
308 360
387 71
348 16
212 284
246 162
187 317
458 307
485 498
267 136
56 284
279 111
278 38
371 352
164 377
461 180
150 166
216 233
432 72
253 144
357 395
179 481
349 386
140 153
305 173
216 287
320 114
433 176
471 225
122 228
305 459
497 252
37 124
124 12
153 346
356 71
400 117
69 247
58 50
118 336
479 404
213 387
351 240
206 207
370 71
110 19
64 67
180 377
446 468
219 248
218 170
497 149
467 435
407 319
238 193
70 36
172 263
453 4
496 155
250 208
440 212
266 428
356 411
222 14
260 113
143 211
383 109
25 142
163 223
251 186
33 242
438 376
37 1
168 396
311 335
326 366
242 239
369 433
398 253
450 24
422 163
151 315
326 133
75 36
410 75
235 493
101 429
54 2
355 266
500 255
290 99
318 174
43 210
499 397
302 357
148 397
231 115
158 464
465 54
208 142
204 400
48 425
193 186
51 68
300 367
273 466
415 206
178 350
106 182
96 291
277 215
66 486
468 98
215 405
96 40
10 439
379 121
236 30
234 259
168 497
158 101
129 473
311 344
358 227
242 391
486 378
315 406
449 239
82 239
122 262
99 306
455 245
29 1
214 315
247 181
158 52
16 275
73 350
108 224
417 196
338 405
109 50
71 481
499 265
325 74
212 113
75 335
355 56
411 457
314 341
57 48
242 3
89 197
498 71
165 19
266 301
345 223
64 433
270 168
378 448
454 28
306 413
172 156
412 357
342 19
358 4
3 369
242 117
487 307
311 495
158 286
396 419
324 334
243 50
109 132
116 445
219 352
379 292
172 441
23 433
308 281
38 439
421 33
392 364
190 136
71 288
372 401
476 72
214 229
28 139
124 30
157 189
46 491
312 283
147 207
365 126
18 401
405 183
174 498
84 46
436 17
72 313
232 156
292 292
148 397
277 174
223 120
229 130
186 163
332 277
283 68
49 251
221 438
425 329
301 364
393 381
96 426
445 137
217 244
301 210
41 56
252 74
441 312
325 100
257 7
470 240
74 366
367 195
39 80
341 252
249 38
298 232
78 456
28 388
287 19
90 132
193 242
330 347
353 154
461 460
420 223
87 224
316 110
257 38
435 20
184 31
47 285
194 195
14 362
28 182
215 431
197 261
11 123
467 153
164 91
169 426
279 493
312 195
411 408
337 384
290 275
283 252
136 115
261 120
331 269
170 219
418 23
247 425
129 448
360 454
298 146
400 234
371 302
366 241
375 416
93 192
99 282
124 476
46 45
275 483
169 407
389 236
139 193
432 323
94 111
164 460
239 105
29 50
303 354
92 388
353 487
323 83
172 201
293 461
63 303
134 372
125 209
345 393
452 100
215 128
347 204
384 97
316 86
93 409
159 319
210 485
492 405
149 133
276 474
71 366
10 232
126 281
8 89
74 182
46 490
451 480
63 329
283 241
397 276
205 472
481 482
239 359
25 150
438 40
28 326
98 336
426 454
460 192
245 323
145 336
455 219
481 302
66 22
442 409
405 63
141 329
295 336
430 241
460 462
282 466
143 444
42 242
30 224
117 204
166 408
423 141
156 356
469 182
500 83
341 334
183 139
466 354
83 173
452 257
403 2
197 294
337 464
267 485
204 249
284 69
164 286
217 448
334 29
333 115
186 428
48 2
398 475
464 133
275 170
393 409
459 402
326 443
430 265
133 398
160 348
50 372
377 316
139 250
488 70
135 267
308 126
468 227
432 13
361 401
500 122
456 186
98 26
105 344
306 46
476 422
458 100
366 400
363 171
376 3
416 216
69 174
124 165
50 314
213 460
485 303
335 403
424 61
401 150
88 328
446 460
33 127
101 129
131 454
71 295
122 242
221 306
247 6
383 111
463 340
202 244
82 332
459 34
218 37
402 91
156 28
310 364
328 420
302 191
330 205
441 422
473 34
74 96
6 166
205 463
450 462
286 23
272 98
148 267
349 7
283 149
455 311
77 348
338 370
439 469
421 24
444 31
249 42
295 419
345 410
180 60
56 320
149 325
57 265
404 72
270 292
200 138
60 364
477 123
129 168
404 198
478 144
43 225
439 16
78 478
340 442
157 435
362 86
378 417
64 54
412 472
291 227
330 144
68 332
2 298
16 496
103 85
345 157
400 444
212 88
26 350
44 243
71 440
285 433
233 161
492 325
66 39
468 83
230 208
148 221
388 111
348 279
42 394
410 360
133 280
494 415
363 437
67 350
299 358
5 475
206 380
144 179
403 106
173 353
479 453
268 240
461 391
231 49
396 128
94 329
58 161
148 304
432 460
203 226
465 6
20 322
77 348
499 12
68 68
387 423
369 223
71 457
274 165
151 7
488 314
26 304
303 126
439 47
407 363
466 469
157 261
370 187
24 483
25 86
129 42
78 420
493 401
42 249
387 237
488 346
69 128
207 66
352 275
191 415
279 162
232 145
395 409
220 351
173 320
1 102
498 258
333 483
35 242
308 294
14 44
80 396
449 211
227 190
315 496
218 336
487 484
333 258
73 356
315 90
495 341
352 78
241 68
115 170
250 184
294 453
459 3
283 232
240 462
235 411
104 423
79 272
392 65
347 216
130 370
109 302
32 114
182 207
474 314
467 112
6 449
26 37
68 112
383 313
85 78
113 318
98 359
480 35
342 197
220 391
455 54
100 334
348 235
304 125
18 382
363 215
115 365
174 314
413 107
466 273
309 190
27 430
14 210
457 413
307 252
215 364
365 18
235 214
80 144
353 264
382 476
156 62
114 432
151 355
25 407
132 178
95 472
225 363
21 480
377 147
362 229
128 154
167 49
192 494
205 215
144 129
440 286
154 485
194 165
413 296
128 214
490 302
392 314
67 345
164 284
90 207
161 71
369 216
242 142
458 425
493 456
370 393
312 278
337 140
191 74
263 172
281 360
308 170
28 81
459 368
243 210
163 221
470 252
162 68
217 98
473 141
406 149
459 458
91 2
43 213
140 86
414 401
191 153
477 21
490 233
326 397
21 162
246 482
294 354
270 266
330 31
243 183
7 435
467 435
137 417
184 303
9 415
468 177
246 150
165 124
9 472
27 393
47 235
326 240
428 166
126 91
87 394
393 33
450 187
115 454
80 192
79 180
294 169
374 231
466 422
479 127
366 443
130 307
92 376
171 65
355 277
84 132
118 188
52 334
264 214
198 113
103 28
234 241
350 143
486 291
326 137
112 251
445 99
51 84
368 141
57 316
458 58
483 248
498 451
458 295
380 80
223 259
289 432
240 384
115 72
119 394
417 253
437 52
103 84
134 433
447 27
329 3
325 140
410 48
453 394
420 159
488 453
123 110
312 405
290 458
455 239
181 353
89 480
95 45
23 221
449 394
224 128
120 417
2 38
181 161
332 229
317 157
92 319
369 68
143 30
123 175
114 5
421 452
101 314
430 68
463 338
378 77
495 461
160 455
217 128
157 108
281 307
487 302
323 91
217 453
97 70
402 342
280 230
192 217
481 135
75 267
350 40
475 466
449 391
67 30
288 320
333 20
378 418
418 372
55 407
392 417
398 175
167 205
306 73
451 31
101 97
311 142
474 72
317 162
434 422
279 175
197 42
380 52
146 454
27 80
479 283
215 86
154 253
461 411
432 294
204 324
491 426
38 10
106 254
42 179
210 271
481 154
432 371
319 244
305 407
161 225
15 59
301 263
196 444
57 435
483 345
165 311
491 418
409 287
348 365
448 291
416 32
197 334
356 203
281 224
499 438
91 484
108 174
390 464
317 67
351 113
57 315
223 359
204 169
129 145
493 256
272 114
69 395
126 216
457 311
13 269
97 260
182 459
132 264
162 399
179 289
288 432
20 487
53 278
113 397
69 35
341 328
295 13
201 153
139 181
95 395
466 333
50 338
433 364
178 38
397 157
16 173
421 205
62 8
426 495
240 222
178 435
472 229
466 218
189 142
109 293
198 12
293 362
498 61
103 409
215 19
144 56
381 484
494 234
177 475
271 125
423 83
374 332
52 297
73 423
7 386
192 433
339 54
36 224
196 211
100 292
128 478
155 96
63 212
470 472
142 415
326 240
114 380
448 230
164 359
161 112
406 416
50 93
138 428
85 224
190 79
203 110
454 449
159 30
157 328
33 25
40 424
218 365
301 456
234 369
186 64
372 377
454 297
102 466
338 166
366 460
365 196
334 421
128 296
417 446
141 48
152 105
382 498
106 480
203 82
387 222
491 162
386 489
449 131
319 250
183 375
101 18
446 132
96 425
188 52
350 389
391 441
144 84
171 27
70 22
119 6
356 271
338 175
26 188
238 429
363 251
41 477
57 429
319 408
481 122
255 88
401 39
52 79
352 489
294 247
358 200
153 436
437 239
404 254
43 355
493 353
285 379
129 349
16 382
63 4
100 228
108 386
159 466
27 18
359 457
380 30
387 130
409 137
418 244
2 55
103 209
381 211
476 390
34 69
332 274
447 56
134 175
291 382
42 499
122 221
83 422
266 233
383 88
271 101
349 130
490 120
310 340
124 274
497 227
134 220
226 155
447 156
130 358
304 402
354 159
382 104
435 207
8 109
196 489
48 74
212 263
48 42
78 331
136 171
312 201
451 301
51 190
207 74
276 428
489 339
227 93
41 339
305 162
473 53
279 359
477 313
28 177
23 407
378 328
409 173
268 276
250 253
290 380
217 380
174 261
203 376
393 375
272 242
71 318
187 344
117 411
21 331
367 188
383 220
11 145
167 126
134 282
157 379
328 417
92 484
65 484
77 174
358 166
209 355
74 439
55 284
26 10
57 263
419 225
428 137
124 436
272 108
154 199
217 164
297 88
99 28
337 97
73 359
329 390
346 5
234 309
124 158
18 57
22 303
201 494
459 315
11 241
269 101
91 236
222 70
394 173
253 20
23 229
154 349
203 469
447 232
213 361
378 338
407 487
11 258
452 373
393 238
183 44
324 344
453 458
437 298
2 461
440 418
195 266
295 203
452 359
162 264
29 7
350 60
109 450
397 37
286 56
382 110
50 315
313 322
498 275
459 376
74 228
77 134
12 160
19 123
192 258
453 195
64 451
45 462
204 386
238 499
258 266
491 481
344 15
127 24
206 66
238 184
489 112
12 251
74 339
137 119
396 241
152 329
349 265
338 276
44 200
61 108
468 302
371 15
244 328
196 268
39 93
419 135
92 339
421 499
125 483
330 105
165 20
280 284
455 485
489 260
195 141
50 426
311 98
347 21
86 185
305 481
397 414
145 26
183 162
2 153
428 335
284 59
354 479
469 154
424 167
268 113
443 169
163 106
387 340
362 186
468 136
140 224
80 38
449 279
287 115
341 25
111 420
409 340
147 37
297 279
255 56
91 221
446 219
221 225
87 164
25 467
98 406
300 138
451 109
91 297
374 64
425 40
268 164
372 196
255 492
173 40
274 463
161 8
8 479
161 68
41 364
389 206
249 59
33 123
370 418
360 464
393 5
255 80
133 56
404 305
82 173
140 292
310 380
344 66
168 156
191 470
377 399
426 222
221 396
329 108
56 168
252 173
457 151
27 446
342 463
458 343
90 65
154 173
174 262
369 249
361 317
478 449
392 171
12 219
18 221
185 200
433 365
55 317
137 121
461 6
415 287
407 466
56 236
344 276
419 235
372 169
489 463
481 472
461 80
213 238
174 471
274 479
307 437
8 226
488 260
320 104
251 38
392 361
497 6
240 67
355 352
388 203
55 498
247 413
241 155
407 197
4 167
118 87
146 288
19 46
79 60
44 389
228 223
447 155
101 118
396 258
118 117
158 145
131 129
447 492
414 291
218 297
270 118
255 197
365 250
298 494
138 455
303 436
345 498
193 207
497 247
400 424
125 214
255 21
439 291
302 315
172 67
249 102
321 480
111 325
36 207
283 415
75 183
496 176
447 214
263 61
56 283
78 447
351 438
391 56
219 74
339 304
482 289
481 469
108 471
260 84
120 31
485 463
120 428
328 61
383 25
500 337
258 84
215 345
13 408
233 383
229 147
281 393
414 495
327 39
471 328
119 459
269 238
446 251
456 339
58 348
444 181
43 356
456 39
212 317
178 418
357 313
42 141
42 82
268 59
445 499
50 46
414 159
286 25
318 66
16 63
469 357
323 104
142 413
243 90
16 142
204 336
91 320
167 435
39 447
469 284
60 350
110 333
24 271
303 349
244 202
164 67
219 93
104 471
243 62
271 336
239 471
398 82
58 177
75 159
392 349
478 142
155 155
312 22
309 315
312 375
96 101
245 247
496 310
396 496
407 36
192 409
247 327
427 177
453 119
65 95
33 224
305 415
246 422
488 233
97 349
333 403
169 115
98 73
341 347
146 192
399 496
304 218
65 130
34 176
493 420
474 13
157 340
406 104
216 273
76 304
402 301
326 340
450 338
198 253
67 325
70 159
305 164
82 193
106 144
83 78
404 228
104 114
25 80
109 245
286 15
417 24
266 79
65 216
71 110
333 224
257 343
257 407
276 310
134 28
149 445
357 213
476 268
245 333
420 218
241 350
198 196
224 170
37 474
214 385
65 328
423 211
292 197
293 92
419 313
218 238
176 229
249 133
257 77
144 419
192 499
153 204
428 341
105 388
145 75
309 54
360 149
469 478
346 48
78 362
331 471
159 380
22 326
453 148
58 26
104 445
428 382
59 470
77 466
403 377
222 332
388 284
344 175
361 360
131 130
161 65
292 25
143 43
243 452
180 80
209 465
270 474
264 88
91 359
426 124
265 299
293 166
101 90
95 389
139 205
237 222
256 137
191 496
452 247
257 299
180 270
267 405
46 165
149 1
304 249
306 499
288 267
477 95
394 271
139 413
184 490
20 495
134 147
223 163
226 18
291 402
91 106
249 223
20 31
69 277
316 301
430 73
140 111
267 428
246 388
177 309
171 354
485 18
109 438
268 459
290 190
2 133
115 423
13 448
148 309
186 257
388 408
190 423
474 227
152 378
318 180
73 228
283 266
141 23
159 123
84 385
195 139
387 492
283 87
367 167
281 224
6 442
331 416
242 476
140 227
263 127
52 189
160 41
252 51
182 368
1 69
469 62
293 295
155 83
274 62
305 97
172 346
289 55
259 446
28 395
467 233
341 95
295 187
6 234
145 495
232 22
230 87
269 311
59 275
195 202
242 373
138 402
337 138
447 396
133 163
91 205
26 25
25 144
421 483
394 423
414 309
314 493
130 382
44 11
176 16
344 164
183 467
377 343
148 429
75 174
122 229
275 191
108 270
362 498
450 42
173 171
93 235
402 367
378 439
89 449
173 306
128 113
481 88
424 405
80 359
26 429
262 405
335 293
264 380
276 221
41 22
387 365
499 282
125 222
170 322
333 182
258 280
121 303
405 169
475 390
342 201
13 77
158 201
267 159
129 264
396 413
136 417
485 359
155 450
476 108
28 335
133 391
353 106
378 251
156 270
132 371
327 195
486 491
84 441
446 379
228 228
345 44
257 108
450 392
137 434
4 412
473 308
143 456
409 162
323 5
257 397
21 422
118 101
354 452
445 100
26 237
256 137
281 383
488 196
453 105
222 417
12 71
269 496
248 160
265 489
420 424
224 39
62 493
105 193
86 470
488 31
314 154
346 272
436 121
175 292
47 209
278 440
434 444
16 444
250 295
143 9
218 93
245 470
400 13
55 359
79 499
267 360
74 461
375 457
237 193
254 451
276 13
495 462
496 197
308 491
276 31
416 364
446 256
191 342
120 153
425 41
21 28
282 240
182 148
180 67
280 316
150 360
382 336
222 123
119 241
403 357
317 122
199 452
257 43
264 446
75 469
36 323
52 347
309 58
102 127
145 431
336 86
433 434
27 414
197 245
214 398
428 8
393 343
440 108
215 408
248 67
295 141
277 44
233 72
314 144
241 63
365 225
443 354
335 493
479 308
116 205
335 311
299 32
429 227
340 347
305 155
147 398
461 337
432 194
347 323
113 166
303 99
302 359
93 187
19 125
197 105
468 496
447 148
487 344
420 312
135 95
165 406
294 351
6 207
388 72
491 159
385 145
66 153
279 462
21 284
72 96
86 55
432 423
287 417
276 254
197 483
422 306
19 435
323 292
421 468
416 260
259 114
285 475
429 26
153 105
469 345
430 411
45 235
268 431
496 402
58 254
15 99
154 483
375 240
471 121
403 306
122 112
500 9
78 253
144 361
16 479
463 465
254 114
373 10
28 450
374 326
111 326
410 187
121 271
392 160
456 428
9 478
414 281
212 73
375 150
462 115
96 23
481 28
30 177
401 389
424 238
497 428
284 179
150 486
219 385
450 67
461 114
332 144
312 123
428 407
156 204
14 418
249 453
473 495
109 130
412 2
446 241
28 254
444 247
244 108
52 323
46 379
419 218
128 369
462 69
425 330
403 215
119 481
488 442
439 176
146 252
99 351
185 287
95 348
104 271
95 33
326 70
283 308
430 381
367 59
206 158
60 405
430 215
324 224
198 416
343 396
297 95
194 296
272 126
346 15
13 207
180 345
480 464
328 384
131 219
31 40
183 292
389 185
90 397
436 305
45 327
258 474
104 218
375 305
9 148
3 460
129 186
102 296
77 314
15 240
260 32
453 151
423 470
270 137
79 146
272 250
280 180
226 210
355 35
378 211
144 369
490 382
451 92
115 247
434 211
322 312
165 334
95 51
128 347
453 300
444 58
224 466
468 472
389 350
289 26
210 414
358 204
232 342
303 427
397 125
41 95
206 273
142 157
385 137
242 347
101 221
214 387
465 312
292 165
123 409
472 105
381 228
243 162
124 439
229 238
264 21
53 24
420 414
24 199
432 345
184 500
334 282
218 461
236 125
110 150
307 364
365 484
180 349
229 83
413 414
16 104
109 242
345 489
489 292
490 81
66 493
447 10
491 216
498 210
370 413
85 125
286 294
119 392
143 452
490 432
94 34
155 258
269 242
374 31
294 270
469 406
484 135
24 289
234 115
328 410
82 498
277 136
227 497
144 357
153 320
71 227
267 370
376 27
169 163
225 101
160 133
388 379
392 11
228 330
230 495
321 480
473 256
442 470
245 20
458 396
2 38
395 240
12 384
299 109
243 369
310 7
277 377
108 344
357 336
346 99
84 397
187 291
340 56
151 346
152 448
342 200
322 409
335 321
331 258
200 170
358 397
111 171
384 463
172 236
472 293
159 172
11 469
231 245
410 429
42 451
413 290
361 386
371 285
480 133
180 423
131 201
7 362
457 283
451 184
206 329
107 464
386 12
415 135
490 355
188 409
344 436
273 417
500 500
67 395
19 487
410 383
387 215
26 320
269 494
280 82
117 423
39 232
198 359
6 498
93 291
290 322
275 33
334 394
267 48
482 239
180 55
81 238
463 149
295 185
120 295
15 121
385 201
294 226
491 98
128 358
174 455
119 462
287 475
19 293
424 276
472 197
309 448
36 358
165 488
117 469
259 114
14 311
435 241
41 306
400 414
438 292
110 46
428 397
271 341
16 285
443 141
404 78
487 40
222 3
17 368
344 120
360 258
282 383
70 106
293 453
346 370
435 286
151 366
479 74
322 442
191 47
54 35
147 329
151 304
61 261
479 69
401 146
154 16
297 120
156 324
164 487
357 365
269 255
171 320
279 425
357 294
99 252
105 146
303 264
116 353
128 289
310 128
383 383
236 22
345 308
407 333
358 233
214 24
284 320
275 219
415 240
203 404
281 188
351 495
43 147
500 118
243 350
255 338
498 252
452 370
121 324
223 97
158 449
249 488
45 386
465 468
401 223
271 316
222 196
126 467
75 208
489 90
378 465
494 382
305 67
48 162
303 365
106 464
41 452
463 339
414 450
51 182
155 174
145 34
476 464
78 201
261 445
207 345
417 183
482 500
24 48
16 351
11 245
146 482
78 256
28 243
366 207
246 470
350 262
238 283
490 365
189 15
279 425
452 390
248 433
97 337
59 184
41 265
58 389
37 45
243 197
309 82
422 448
152 124
153 7
107 432
332 275
257 115
12 353
93 308
92 83
269 384
470 232
440 36
127 42
233 459
474 102
276 159
179 140
142 267
173 365
330 175
232 40
52 380
186 170
346 479
62 82
328 55
234 265
414 233
279 333
46 198
163 464
204 53
98 417
46 1
469 13
115 284
372 58
92 178
277 300
322 83
39 408
209 474
467 100
241 417
402 373
484 372
62 28
45 74
449 43
222 104
125 26
138 331
448 443
448 461
189 201
107 71
246 19
37 496
305 235
195 496
292 56
452 324
221 414
384 368
309 151
140 79
387 254
444 423
428 297
280 155
118 316
84 410
453 304
60 353
442 93
115 175
112 448
133 277
403 370
105 166
76 413
258 139
116 129
137 259
258 212
95 411
354 420
380 320
32 469
340 49
136 245
121 487
316 23
218 199
306 173
145 39
177 310
359 451
125 372
186 336
386 338
266 49
114 436
33 226
177 182
56 218
73 94
478 491
326 29
168 477
38 475
38 95
295 250
244 91
113 221
414 426
4 177
201 194
418 148
51 267
410 206
20 102
257 297
427 386
2 402
488 266
31 395
77 212
290 431
439 406
481 254
99 444
391 425
99 143
68 358
450 360
448 100
106 273
389 11
6 83
197 64
355 268
251 287
190 212
280 123
262 493
244 118
222 286
321 114
192 337
442 457
341 493
465 393
185 301
457 500
465 379
125 158
493 134
158 448
232 85
72 282
76 155
178 152
465 463
353 480
135 197
375 10
17 391
250 124
442 297
264 174
236 59
255 13
88 57
176 42
297 338
453 185
261 327
382 391
68 236
329 477
174 105
266 415
432 421
342 60
240 258
233 390
266 244
485 441
263 34
399 234
433 456
288 181
44 220
122 494
313 143
40 168
262 370
182 427
129 399
223 166
6 356
320 399
240 369
488 446
238 332
274 202
357 296
99 423
60 321
225 140
184 104
256 480
323 210
267 340
38 143
407 173
413 228
148 287
85 151
417 212
498 95
13 338
382 437
209 11
290 438
349 138
237 114
228 175
109 459
390 325
15 277
194 78
480 404
287 106
483 278
298 166
326 36
425 426
285 48
274 153
37 408
86 137
387 20
206 370
218 116
379 39
23 172
393 317
5 42
292 414
66 296
83 6
488 314
250 367
440 450
255 279
256 234
467 287
236 195
328 183
312 170
96 413
459 405
118 156
323 137
260 379
137 56
314 312
415 470
300 129
341 93
451 33
157 108
111 136
225 497
129 7
156 32
40 73
49 169
166 247
30 395
92 426
233 387
79 70
444 193
238 441
473 299
188 100
262 376
443 134
230 147
317 90
52 430
462 169
52 17
215 457
469 23
143 266
414 446
34 53
19 38
248 322
170 331
50 402
284 453
62 420
170 448
94 39
448 85
13 77
194 12
265 319
80 212
93 40
407 373
137 136
180 246
264 221
292 189
223 82
91 6
398 304
119 114
153 250
66 12
293 236
224 211
161 348
355 164
210 291
141 339
460 240
107 45
387 376
280 396
50 171
124 457
118 176
135 332
478 23
268 106
246 482
354 18
28 319
313 235
119 455
305 258
442 365
479 211
405 2
83 193
132 482
212 336
59 264
316 2
66 295
213 269
127 244
89 381
442 100
414 127
177 302
269 102
325 334
46 436
123 303
480 498
155 5
1 225
20 423
39 281
348 276
188 11
390 227
33 251
24 481
81 34
168 303
36 178
384 200
77 78
340 446
305 128
311 393
137 6
140 3
257 82
496 283
440 378
498 329
217 51
278 101
281 31
152 356
168 94
86 329
19 259
251 88
474 64
22 168
388 287
432 369
423 182
244 464
326 176
486 298
340 280
177 481
135 445
489 58
132 293
6 229
86 263
13 448
338 97
53 302
477 450
139 362
110 369
423 307
340 4
494 283
200 57
320 363
432 31
475 206
461 337
252 322
353 441
344 360
231 25
450 462
98 475
299 100
91 114
132 474
464 251
219 107
388 420
15 167
313 249
22 358
251 232
7 253
458 307
46 238
133 381
219 152
35 281
111 76
190 281
164 330
364 57
113 76
25 372
234 451
383 138
198 420
129 180
339 160
261 498
497 11
65 410
28 434
84 134
108 447
226 330
171 75
146 435
59 286
407 227
274 224
193 448
360 398
213 62
335 300
358 142
300 144
455 143
114 490
316 325
294 17
177 386
260 453
19 78
201 266
39 165
77 411
80 225
164 86
108 458
156 268
355 255
162 181
251 273
178 242
142 497
375 164
378 447
221 291
376 261
302 73
7 415
372 106
306 447
405 199
190 303
108 30
197 334
149 110
24 136
478 263
255 163
477 331
218 213
57 22
326 362
230 210
9 497
16 256
408 194
47 148
371 111
305 49
489 115
163 246
476 318
438 4
193 367
497 188
47 323
61 431
451 370
143 165
449 21
55 171
490 149
65 432
347 132
361 306
363 179
452 310
310 171
102 412
126 190
150 294
424 55
499 8
465 91
305 416
470 47
168 262
20 355
395 63
65 9
305 110
281 95
446 44
360 284
30 193
30 351
43 190
470 420
366 82
270 69
209 354
239 231
388 392
152 365
101 397
151 343
90 457
346 199
486 417
428 15
410 397
150 416
56 328
150 128
247 244
498 463
186 221
369 462
314 305
312 191
445 428
250 68
497 379
357 461
81 429
345 414
124 108
333 434
358 259
424 97
376 408
403 452
4 210
457 268
428 395
95 477
109 170
292 235
491 184
396 272
252 34
374 281
238 39
180 108
183 442
264 466
433 357
105 353
466 210
481 207
27 289
187 480
478 230
296 436
117 332
285 161
384 324
461 407
375 467
457 50
41 254
225 17
193 354
414 377
55 291
399 342
143 375
393 4
49 254
329 25
86 149
196 364
162 290
291 100
383 311
198 500
101 262
490 477
434 434
312 127
20 17
149 63
165 100
318 75
24 62
137 471
335 457
83 140
444 318
185 353
130 46
369 363
113 50
349 212
228 495
176 243
84 253
4 320
235 294
76 359
353 336
389 225
476 416
138 470
284 439
478 345
79 430
188 206
324 490
131 410
316 341
491 84
101 393
195 62
77 160
70 48
478 124
459 298
446 44
413 443
191 175
470 289
422 484
281 229
330 394
59 425
123 226
2 19
366 248
56 302
20 275
33 234
159 135
342 175
412 461
391 191
59 397
80 422
80 21
12 4
209 367
294 17
203 409
23 199
437 184
25 127
112 85
284 123
271 227
32 52
273 490
439 405
388 464
231 57
223 258
285 221
276 178
245 226
185 70
65 54
128 90
393 229
415 435
240 262
348 435
282 297
44 281
290 53
355 357
29 129
83 125
72 203
39 96
335 110
422 333
445 254
75 90
130 424
318 498
70 449
217 90
387 339
112 170
154 54
181 289
181 268
460 443
174 410
209 317
53 147
5 167
423 195
5 8
120 83
90 497
118 414
320 283
24 193
50 383
344 341
214 334
13 304
202 321
178 374
271 324
461 25
156 334
167 65
133 211
435 177
311 12
136 144
436 3
58 71
67 217
141 416
186 112
484 183
15 318
384 44
328 250
113 403
399 286
391 231
242 391
301 404
322 15
95 185
372 85
324 111
36 383
18 208
79 200
5 92
367 328
87 294
232 156
324 415
183 164
269 245
217 439
331 54
274 213
217 407
109 411
203 304
446 165
101 42
157 343
184 494
336 175
17 42
374 112
262 274
151 465
424 172
317 94
262 6
328 80
58 474
218 247
280 394
5 321
58 202
19 46
380 425
208 240
272 110
277 373
356 51
256 215
48 24
243 49
204 261
492 99
342 106
127 481
202 118
424 470
324 227
45 79
122 126
382 401
8 34
441 433
83 90
140 153
38 117
116 440
117 175
348 330
285 282
61 195
425 96
302 246
204 283
267 243
75 37
419 54
282 414
47 61
301 375
423 93
334 492
69 217
204 141
222 413
92 236
198 165
500 363
111 238
210 177
91 213
183 166
460 225
436 129
199 444
166 437
42 135
126 436
268 429
80 231
268 2
22 311
136 318
186 12
334 176
198 326
438 166
365 466
162 423
199 306
295 210
292 133
331 429
179 100
451 416
409 23
469 129
487 366
306 12
239 323
177 407
436 272
287 458
141 49
454 148
34 449
88 457
378 339
159 372
92 274
160 311
232 479
116 136
127 75
208 482
243 398
496 283
102 394
139 190
86 398
435 135
374 277
271 96
55 319
483 321
437 436
86 104
418 480
197 443
242 297
244 495
283 103
130 370
306 213
306 138
451 156
24 367
394 380
152 183
108 400
18 84
463 125
109 418
467 180
278 400
55 229
482 369
111 131
39 80
20 83
308 405
354 258
355 135
55 452
191 397
257 120
159 92
79 10
59 379
306 423
212 277
488 312
311 445
131 136
471 23
132 347
221 447
485 43
337 31
121 128
138 252
352 144
49 135
107 386
208 257
79 328
173 438
135 181
340 71
77 376
138 23
188 205
25 364
81 332
418 446
230 124
352 154
343 369
400 208
288 443
212 15
369 133
216 59
96 367
135 75
390 49
195 468
172 270
274 190
351 16
231 371
338 297
386 13
434 486
151 455
292 456
491 389
38 310
274 226
219 67
107 441
393 462
431 449
28 6
483 406
407 467
34 444
53 365
233 8
8 204
204 233
27 34
216 55
496 212
480 473
134 26
444 500
403 73
111 51
433 159
163 88
368 85
243 485
137 162
143 283
399 439
153 397
259 488
209 360
433 334
377 160
491 226
101 94
121 349
106 404
224 382
194 446
423 272
170 184
408 382
339 258
136 324
193 117
367 78
427 144
4 75
169 391
309 296
309 420
258 424
247 457
282 482
219 383
338 383
389 48
290 201
350 154
123 302
57 301
227 143
92 100
298 410
174 5
21 158
337 60
299 416
12 357
380 71
441 377
256 479
454 185
251 80
342 85
326 390
223 87
476 176
50 74
59 477
316 64
299 187
265 143
218 446
126 139
252 472
391 496
155 114
426 298
446 317
238 423
96 253
378 211
249 450
226 242
44 476
460 456
110 308
249 465
110 279
221 144
151 217
246 346
294 345
23 123
295 257
386 452
210 40
13 428
71 218
464 362
164 268
500 440
187 135
261 284
79 84
393 171
226 41
328 282
431 470
445 290
147 136
58 437
40 320
19 71
100 407
319 266
482 438
261 334
182 252
62 14
301 139
412 11
108 195
397 420
54 237
176 389
459 257
320 281
199 135
221 483
85 52
152 139
487 52
270 307
127 71
303 257
301 291
223 190
208 7
100 318
92 59
91 411
137 298
200 275
416 353
496 287
364 54
419 33
13 160
333 331
333 344
417 92
29 314
264 25
292 286
350 471
117 242
349 437
156 119
291 56
466 173
274 26
172 193
182 203
340 313
309 494
489 156
469 217
22 212
276 423
500 136
124 42
48 83
456 39
298 120
299 320
470 5
273 94
224 224
229 271
45 390
173 320
47 168
434 261
211 371
434 366
269 25
268 79
307 371
200 19
41 291
412 163
301 11
287 418
50 33
463 125
448 54
115 390
338 340
362 311
491 160
444 259
425 58
342 142
216 456
51 277
444 347
395 482
319 355
218 69
46 493
426 446
212 258
390 84
462 63
419 103
19 93
25 481
476 86
5 35
346 65
25 303
359 408
189 332
397 296
229 61
473 214
81 356
284 301
387 481
201 201
326 217
485 413
169 402
456 381
40 201
